object_id,percentage,hex
001020bd00b149970f78,0, #C7C7B6
001020bd00b149970f78,9, #5E5333
001020bd00b149970f78,14, #3E321B
001020bd00b149970f78,3, #B8AF84
001020bd00b149970f78,62,#15120C
001020bd00b149970f78,2, #979784
001020bd00b149970f78,8, #917F4D
0011d6be41612ec9eae3,9, #221811
0011d6be41612ec9eae3,3, #A19372
0011d6be41612ec9eae3,58,#3E392D
0011d6be41612ec9eae3,14, #625234
0011d6be41612ec9eae3,2, #8B7E5D
0011d6be41612ec9eae3,8, #806839
0011d6be41612ec9eae3,3, #B3A888
00133be3ff222c9b74b0,75,#F6F6EF
00133be3ff222c9b74b0,5, #9F9D8F
00133be3ff222c9b74b0,8, #7F7D6F
00133be3ff222c9b74b0,3, #D1CFBE
00133be3ff222c9b74b0,4, #5B594C
00133be3ff222c9b74b0,0, #414034
00133be3ff222c9b74b0,2, #B8B6A7
0017be8caa87206532cb,18, #C1A68E
0017be8caa87206532cb,15, #776546
0017be8caa87206532cb,13, #968D7A
0017be8caa87206532cb,25,#F0EFE8
0017be8caa87206532cb,19, #D5CEB7
0017be8caa87206532cb,7, #4C3724
001fa7a1c48acb8a2ec1,46,#2B2215
001fa7a1c48acb8a2ec1,3, #9E8D60
001fa7a1c48acb8a2ec1,13, #11100A
001fa7a1c48acb8a2ec1,0, #B8AF8E
001fa7a1c48acb8a2ec1,7, #64583B
001fa7a1c48acb8a2ec1,21, #53442A
001fa7a1c48acb8a2ec1,6, #716B53
0026e030a0209b834b3e,8, #ADA89F
0026e030a0209b834b3e,3, #413E37
0026e030a0209b834b3e,22,#F2EEE3
0026e030a0209b834b3e,15, #8F8A81
0026e030a0209b834b3e,21, #5B574E
0026e030a0209b834b3e,14, #CDC8BD
0026e030a0209b834b3e,15, #767269
003a628b7e381d284697,14,#F8F6EE
003a628b7e381d284697,2, #413F38
003a628b7e381d284697,15, #A59F95
003a628b7e381d284697,20, #858076
003a628b7e381d284697,32, #D3CCBC
003a628b7e381d284697,13, #5E5B52
003b386ec21ca47dc206,13, #BBB5A8
003b386ec21ca47dc206,45,#E4DECF
003b386ec21ca47dc206,3, #32312A
003b386ec21ca47dc206,12, #807B71
003b386ec21ca47dc206,8, #9D988C
003b386ec21ca47dc206,16, #57544A
005143d648d06d8adde3,84, #EBE7D8
005143d648d06d8adde3,0,#FEFEFC
005143d648d06d8adde3,8, #C6C2B1
005143d648d06d8adde3,2, #797565
005143d648d06d8adde3,0, #585546
005143d648d06d8adde3,3, #9A9689
0057772cbfc1010d7312,23, #352813
0057772cbfc1010d7312,9, #837859
0057772cbfc1010d7312,4, #C7AB5C
0057772cbfc1010d7312,1, #9E9E90
0057772cbfc1010d7312,6, #55492F
0057772cbfc1010d7312,3, #D6C9A5
0057772cbfc1010d7312,49,#0A0804
005a6412c1d6eff9da90,1, #4D4A43
005a6412c1d6eff9da90,12, #7C776D
005a6412c1d6eff9da90,34, #E2DDCC
005a6412c1d6eff9da90,18, #9D968B
005a6412c1d6eff9da90,4,#FDFBF6
005a6412c1d6eff9da90,29, #BCB6A7
005ed2032b2856e856f8,0, #59544B
005ed2032b2856e856f8,5, #B6A67C
005ed2032b2856e856f8,3, #736E60
005ed2032b2856e856f8,3, #F9F5E2
005ed2032b2856e856f8,0, #43403B
005ed2032b2856e856f8,2, #8F876F
005ed2032b2856e856f8,84,#CDC5B0
006421a3e38e81462d7c,3, #6C685D
006421a3e38e81462d7c,0,#FFFFFE
006421a3e38e81462d7c,61, #C5BBA3
006421a3e38e81462d7c,17, #ECE4D1
006421a3e38e81462d7c,1, #47443D
006421a3e38e81462d7c,15, #938E81
0070b81c272c4ba6bd14,6, #C6B8A4
0070b81c272c4ba6bd14,2, #918475
0070b81c272c4ba6bd14,73, #E2DDBF
0070b81c272c4ba6bd14,16, #F8F6E9
0070b81c272c4ba6bd14,0, #8798AE
0070b81c272c4ba6bd14,0,#54514C
00729dd41140851737da,11, #9E937D
00729dd41140851737da,15, #87795F
00729dd41140851737da,19, #BCAE91
00729dd41140851737da,21, #D3C8AC
00729dd41140851737da,9,#F0EDE2
00729dd41140851737da,22, #625542
007898ec2976b7da6a03,6,#F2ECE3
007898ec2976b7da6a03,6, #3F3D39
007898ec2976b7da6a03,27, #807B72
007898ec2976b7da6a03,16, #615C56
007898ec2976b7da6a03,23, #CDC5B8
007898ec2976b7da6a03,19, #A8A197
00815fc74c56fba4c9f0,18, #D1CCBB
00815fc74c56fba4c9f0,19, #6E6B5F
00815fc74c56fba4c9f0,10, #504E45
00815fc74c56fba4c9f0,2, #31312C
00815fc74c56fba4c9f0,28,#938F82
00815fc74c56fba4c9f0,7, #F2EFE1
00815fc74c56fba4c9f0,13, #B3AE9F
00846349f5eedc496cc4,24, #E3DECD
00846349f5eedc496cc4,11, #553E32
00846349f5eedc496cc4,4, #7C6A79
00846349f5eedc496cc4,5,#F9F8F7
00846349f5eedc496cc4,45, #CAC5AF
00846349f5eedc496cc4,7, #A59DA0
008498d30a0a399ed2a7,16, #2A281C
008498d30a0a399ed2a7,20, #887954
008498d30a0a399ed2a7,41,#514934
008498d30a0a399ed2a7,0, #A7925E
008498d30a0a399ed2a7,5, #7A6137
008498d30a0a399ed2a7,0, #BDAA7D
008498d30a0a399ed2a7,15, #929282
00888467e4d7da520386,3, #070F17
00888467e4d7da520386,34,#302D34
00888467e4d7da520386,31, #7A5834
00888467e4d7da520386,8, #D5C7A9
00888467e4d7da520386,0, #69818E
00888467e4d7da520386,0, #FAF3D4
00888467e4d7da520386,20, #B39A73
008c79c5c60e42e9e38a,0,#E0D284
008c79c5c60e42e9e38a,48, #18130A
008c79c5c60e42e9e38a,14, #AFA979
008c79c5c60e42e9e38a,10, #443D23
008c79c5c60e42e9e38a,11, #8B845B
008c79c5c60e42e9e38a,14, #635B3D
009094daa102920f2aa2,16, #84745C
009094daa102920f2aa2,10, #100F0E
009094daa102920f2aa2,14, #392D24
009094daa102920f2aa2,31,#6A5641
009094daa102920f2aa2,0, #EDEDE7
009094daa102920f2aa2,15, #D3D3C2
009094daa102920f2aa2,10, #ADA793
009194c7c406e70fcc73,15, #CCC6B2
009194c7c406e70fcc73,34, #767366
009194c7c406e70fcc73,31, #45443B
009194c7c406e70fcc73,0,#E5DFCA
009194c7c406e70fcc73,18, #A49F8D
009194c7c406e70fcc73,0, #F9F6E7
009c74da95bb44918462,9, #0B0E2F
009c74da95bb44918462,6, #CAC8C5
009c74da95bb44918462,0, #314F7A
009c74da95bb44918462,12, #838989
009c74da95bb44918462,0, #9D7617
009c74da95bb44918462,46,#F3F2EA
009c74da95bb44918462,24, #65403D
009cc381a550603d4042,6, #35312A
009cc381a550603d4042,17, #817867
009cc381a550603d4042,8, #BDB29B
009cc381a550603d4042,9, #A09787
009cc381a550603d4042,16, #544E43
009cc381a550603d4042,14, #F6F2E9
009cc381a550603d4042,26,#DBCFB8
00af690c350de8730119,10, #484342
00af690c350de8730119,0,#FEFBEE
00af690c350de8730119,36, #E7DDD3
00af690c350de8730119,8, #A49D95
00af690c350de8730119,24, #C1B9B0
00af690c350de8730119,19, #79716F
00b029290ec0125656a0,15, #595037
00b029290ec0125656a0,2, #894520
00b029290ec0125656a0,0, #BDAC6C
00b029290ec0125656a0,16, #211F11
00b029290ec0125656a0,3, #A28D50
00b029290ec0125656a0,8, #846D38
00b029290ec0125656a0,52,#46381D
00bae35332e069253ac5,25, #5C584D
00bae35332e069253ac5,34, #A9ABA8
00bae35332e069253ac5,11, #8E897F
00bae35332e069253ac5,6, #73746E
00bae35332e069253ac5,8,#CACDCA
00bae35332e069253ac5,13, #453729
00c1cdbf0a76c047557d,30,#AF8662
00c1cdbf0a76c047557d,18, #D7BD7D
00c1cdbf0a76c047557d,2, #EFDF9E
00c1cdbf0a76c047557d,19, #503E39
00c1cdbf0a76c047557d,4, #2D2323
00c1cdbf0a76c047557d,19, #785145
00c1cdbf0a76c047557d,4, #A1584A
00c662ae2f935e296061,3, #454A51
00c662ae2f935e296061,7,#F6F2E7
00c662ae2f935e296061,3, #C39D74
00c662ae2f935e296061,5, #827E72
00c662ae2f935e296061,80, #E3CA89
00c662ae2f935e296061,0, #AA6D54
00cd348d09e7d5bed69e,6, #C0AA70
00cd348d09e7d5bed69e,60,#453225
00cd348d09e7d5bed69e,2, #9E9CAA
00cd348d09e7d5bed69e,2, #C1C2D9
00cd348d09e7d5bed69e,27, #7D7065
00cd348d09e7d5bed69e,1, #EDEDFA
00cd348d09e7d5bed69e,0, #E9DBA6
00cdcebad9cf8f08dfe8,13, #ACA284
00cdcebad9cf8f08dfe8,33,#3B382A
00cdcebad9cf8f08dfe8,9, #796D54
00cdcebad9cf8f08dfe8,16, #211F19
00cdcebad9cf8f08dfe8,18, #61553C
00cdcebad9cf8f08dfe8,3, #CEC3A6
00cdcebad9cf8f08dfe8,5, #92866B
00cf45a1f5848cf2d958,39,#CEC8B8
00cf45a1f5848cf2d958,23, #9A9387
00cf45a1f5848cf2d958,3, #4F463B
00cf45a1f5848cf2d958,14, #B7AFA0
00cf45a1f5848cf2d958,7, #2D251A
00cf45a1f5848cf2d958,3, #EEEDE9
00cf45a1f5848cf2d958,8, #756D61
00d0e653494d5ae79349,26, #4E341E
00d0e653494d5ae79349,0, #916D4D
00d0e653494d5ae79349,0, #A8835E
00d0e653494d5ae79349,67,#22160D
00d0e653494d5ae79349,5, #6C593E
00d0e653494d5ae79349,0, #704C16
00d47d7a594eac994942,5, #837964
00d47d7a594eac994942,0, #645849
00d47d7a594eac994942,1, #251C11
00d47d7a594eac994942,19, #DFD6BE
00d47d7a594eac994942,3, #4B3E2F
00d47d7a594eac994942,51,#F7F4E8
00d47d7a594eac994942,18, #B8AF9A
00d601332278b5dad17e,38,#D2CAB6
00d601332278b5dad17e,31, #ACA28C
00d601332278b5dad17e,5, #7C725E
00d601332278b5dad17e,0, #42331E
00d601332278b5dad17e,1, #EFE9D8
00d601332278b5dad17e,12, #8F8571
00d601332278b5dad17e,9, #59574F
00ddae27ad7125e35626,16, #A8A08C
00ddae27ad7125e35626,3, #615849
00ddae27ad7125e35626,2, #1F1910
00ddae27ad7125e35626,38,#DAD4C0
00ddae27ad7125e35626,4, #887F6A
00ddae27ad7125e35626,34, #F7F5EB
00e22e3143f028d816be,30, #3C372D
00e22e3143f028d816be,32, #807A6F
00e22e3143f028d816be,7, #A9A8A5
00e22e3143f028d816be,6, #1A1812
00e22e3143f028d816be,4,#020201
00e22e3143f028d816be,18, #685B48
00e2e2af2714aa26c058,68, #D4CCB9
00e2e2af2714aa26c058,2, #FAF6EB
00e2e2af2714aa26c058,11,#7C776A
00e2e2af2714aa26c058,2, #37342D
00e2e2af2714aa26c058,6, #585348
00e2e2af2714aa26c058,8, #A49D8E
00e337899746e5de5831,20, #6F6D6A
00e337899746e5de5831,6, #93918D
00e337899746e5de5831,54, #433E3A
00e337899746e5de5831,7, #DDDCD2
00e337899746e5de5831,7, #B9B7AF
00e337899746e5de5831,3,#F7F7F5
00e7ad0e29f4a41e63b8,11,#5E5041
00e7ad0e29f4a41e63b8,13, #BBA482
00e7ad0e29f4a41e63b8,29, #847664
00e7ad0e29f4a41e63b8,10, #1A1417
00e7ad0e29f4a41e63b8,7, #3A302D
00e7ad0e29f4a41e63b8,27, #D5C0A7
00ec7f094af992f62fb6,8, #7B8C82
00ec7f094af992f62fb6,12, #403B2B
00ec7f094af992f62fb6,10, #826F5C
00ec7f094af992f62fb6,16, #AC9F88
00ec7f094af992f62fb6,1, #565B4B
00ec7f094af992f62fb6,47,#16130B
00ec7f094af992f62fb6,2, #764C3A
00fbbe631b69b6e7ead7,78, #261506
00fbbe631b69b6e7ead7,3, #68542E
00fbbe631b69b6e7ead7,12,#553518
00fbbe631b69b6e7ead7,0, #BDAC7D
00fbbe631b69b6e7ead7,3, #766D50
00fbbe631b69b6e7ead7,1, #98895F
00fe6fe2e57cf241cee0,13, #97937F
00fe6fe2e57cf241cee0,1, #DFDBC6
00fe6fe2e57cf241cee0,18, #7B7766
00fe6fe2e57cf241cee0,23, #BCB79B
00fe6fe2e57cf241cee0,8,#F7F6EB
00fe6fe2e57cf241cee0,35, #5B5646
00fe780f0b88065a8154,1, #B3A576
00fe780f0b88065a8154,52,#E3DCBD
00fe780f0b88065a8154,10, #857956
00fe780f0b88065a8154,6, #313021
00fe780f0b88065a8154,22, #564F32
00fe780f0b88065a8154,7, #C8BE96
010698c1fbc7fcff11a8,16, #CDC6B3
010698c1fbc7fcff11a8,6, #3E3A31
010698c1fbc7fcff11a8,19, #AFA891
010698c1fbc7fcff11a8,22, #857E6C
010698c1fbc7fcff11a8,21,#F1EDDA
010698c1fbc7fcff11a8,13, #5C5548
0106d9de2f9dbaa6c380,43,#3B3125
0106d9de2f9dbaa6c380,0, #BBBDC4
0106d9de2f9dbaa6c380,1, #D9CB8D
0106d9de2f9dbaa6c380,10, #A99469
0106d9de2f9dbaa6c380,38, #6D5A44
0106d9de2f9dbaa6c380,0, #120A06
0106d9de2f9dbaa6c380,5, #ECE8C5
0108d1513c51faa1e46c,4, #EBE5D3
0108d1513c51faa1e46c,6, #CEC5B3
0108d1513c51faa1e46c,55, #615952
0108d1513c51faa1e46c,19, #888078
0108d1513c51faa1e46c,8,#FCFBF7
0108d1513c51faa1e46c,5, #ACA59A
0109ea95b45d61c86a95,0,#75756E
0109ea95b45d61c86a95,30, #D8D3C3
0109ea95b45d61c86a95,12, #B3A592
0109ea95b45d61c86a95,0, #8D7D69
0109ea95b45d61c86a95,9, #9D8E7A
0109ea95b45d61c86a95,45, #C2BDAD
010db4a37e38f02d49ef,7, #3B403C
010db4a37e38f02d49ef,10, #302618
010db4a37e38f02d49ef,11, #6A3F28
010db4a37e38f02d49ef,31,#695743
010db4a37e38f02d49ef,14, #C3B58C
010db4a37e38f02d49ef,24, #AE9A63
010db4a37e38f02d49ef,0, #E5DAB9
011596145672eab69f14,0, #FEFEF8
011596145672eab69f14,0, #6B6968
011596145672eab69f14,5, #8D8681
011596145672eab69f14,0, #CA9B7E
011596145672eab69f14,4, #B8AB9E
011596145672eab69f14,82,#E9E2DA
011596145672eab69f14,5, #CEC6BB
011cddc266c0beda7e76,15, #A1A090
011cddc266c0beda7e76,8, #53564C
011cddc266c0beda7e76,27, #77786B
011cddc266c0beda7e76,8,#F9F7EC
011cddc266c0beda7e76,35, #D4CFBC
011cddc266c0beda7e76,4, #383A35
011f9f90b10c00780805,12, #C7D9C8
011f9f90b10c00780805,8, #DBE395
011f9f90b10c00780805,3, #49704B
011f9f90b10c00780805,39,#EFF2DF
011f9f90b10c00780805,1, #294641
011f9f90b10c00780805,19, #809468
011f9f90b10c00780805,14, #AEBE8B
0128e8dd0bb176e72e7b,0,#ECE5CE
0128e8dd0bb176e72e7b,38, #464536
0128e8dd0bb176e72e7b,13, #7A7857
0128e8dd0bb176e72e7b,23, #BCB58E
0128e8dd0bb176e72e7b,7, #D3CDB4
0128e8dd0bb176e72e7b,16, #9E9B71
012e4960cf03cc12fd79,5, #D0BE9B
012e4960cf03cc12fd79,36, #4E3F2E
012e4960cf03cc12fd79,9, #AB9366
012e4960cf03cc12fd79,23, #7D694C
012e4960cf03cc12fd79,25,#1F1A12
012e4960cf03cc12fd79,0, #F2E6C8
012f11dd648c1d522ae3,16, #7B7664
012f11dd648c1d522ae3,18,#BCB6A1
012f11dd648c1d522ae3,14, #5F5A4A
012f11dd648c1d522ae3,17, #E1DCC6
012f11dd648c1d522ae3,8, #989280
012f11dd648c1d522ae3,9, #3D3A2F
012f11dd648c1d522ae3,14, #F5F3E7
0133a7166542e02c1564,60, #15100B
0133a7166542e02c1564,8, #81745E
0133a7166542e02c1564,6, #BAA36A
0133a7166542e02c1564,13,#665439
0133a7166542e02c1564,9, #433220
0133a7166542e02c1564,1, #F0E5B3
01377a5d7623c7703917,1, #F9F6E2
01377a5d7623c7703917,2, #E5DCB4
01377a5d7623c7703917,33,#0B0804
01377a5d7623c7703917,25, #302513
01377a5d7623c7703917,12, #837955
01377a5d7623c7703917,12, #564C2E
01377a5d7623c7703917,13, #B5AC86
013ce5f3e29c6de7f86d,13, #575141
013ce5f3e29c6de7f86d,13, #918564
013ce5f3e29c6de7f86d,52,#6F6750
013ce5f3e29c6de7f86d,14, #41392B
013ce5f3e29c6de7f86d,5, #26231C
013ce5f3e29c6de7f86d,0, #ACA17C
01429677d183726f36fb,3, #1E2718
01429677d183726f36fb,17, #444833
01429677d183726f36fb,18,#F6F3D9
01429677d183726f36fb,10, #6B6B52
01429677d183726f36fb,32, #C0BDA4
01429677d183726f36fb,18, #8E8C73
0142e9fe6b370acf3087,2, #56553F
0142e9fe6b370acf3087,13, #493F23
0142e9fe6b370acf3087,2, #6E6D53
0142e9fe6b370acf3087,47,#221F13
0142e9fe6b370acf3087,1, #778894
0142e9fe6b370acf3087,13, #9BA094
0142e9fe6b370acf3087,18, #757D75
0143224ed3bcbeda6ec1,71,#F7F7F2
0143224ed3bcbeda6ec1,3, #848273
0143224ed3bcbeda6ec1,3, #696759
0143224ed3bcbeda6ec1,1, #47453A
0143224ed3bcbeda6ec1,9, #DBD7C1
0143224ed3bcbeda6ec1,10, #ACA998
01493ec0124e65d71ed2,10, #CBC7B6
01493ec0124e65d71ed2,8, #48473F
01493ec0124e65d71ed2,19, #6D6B62
01493ec0124e65d71ed2,38,#E7E5DD
01493ec0124e65d71ed2,1, #FEFEFE
01493ec0124e65d71ed2,9, #8C8A81
01493ec0124e65d71ed2,12, #ABA99E
014fa635e8796ff2fbc8,45,#EAE2D4
014fa635e8796ff2fbc8,9, #89837C
014fa635e8796ff2fbc8,12, #A7A197
014fa635e8796ff2fbc8,5, #C1BBB0
014fa635e8796ff2fbc8,5, #6E6862
014fa635e8796ff2fbc8,21, #464340
01502ae363a165ae098c,50,#522B15
01502ae363a165ae098c,5, #7A6F4F
01502ae363a165ae098c,35, #0F0D06
01502ae363a165ae098c,0, #9F997B
01502ae363a165ae098c,0, #95835F
01502ae363a165ae098c,6, #604E30
01569965fe1c8496c577,16, #DCD5BE
01569965fe1c8496c577,10, #897E6C
01569965fe1c8496c577,21, #5E544D
01569965fe1c8496c577,3, #9E988D
01569965fe1c8496c577,14, #362A25
01569965fe1c8496c577,25,#F5F3E9
01569965fe1c8496c577,7, #C0B69F
01580dea3c21c520b6da,17, #997E45
01580dea3c21c520b6da,4, #AA955F
01580dea3c21c520b6da,13, #66502B
01580dea3c21c520b6da,15, #4C371F
01580dea3c21c520b6da,28,#7D6433
01580dea3c21c520b6da,0, #BEAE79
01580dea3c21c520b6da,19, #292016
016c256c097f60002084,4, #5C594F
016c256c097f60002084,9, #FBFAF6
016c256c097f60002084,5, #959286
016c256c097f60002084,5, #C8C5B6
016c256c097f60002084,10, #AEAB9C
016c256c097f60002084,57,#E5E1D1
016c256c097f60002084,6, #817D71
01733fef3710fb738742,4, #313328
01733fef3710fb738742,18, #505043
01733fef3710fb738742,2, #FBF8E7
01733fef3710fb738742,15, #6A695A
01733fef3710fb738742,12, #B1AE9F
01733fef3710fb738742,16, #898778
01733fef3710fb738742,31,#DDDAC9
01749eb8b7bd770beb64,10, #6B6759
01749eb8b7bd770beb64,7, #F1F0E4
01749eb8b7bd770beb64,44,#BBB7A1
01749eb8b7bd770beb64,9, #191612
01749eb8b7bd770beb64,10, #3F3B35
01749eb8b7bd770beb64,8, #D5D2BD
01749eb8b7bd770beb64,9, #939081
0174d6ad4a90d94c0698,7, #CDC8B9
0174d6ad4a90d94c0698,28,#403F37
0174d6ad4a90d94c0698,18, #918E80
0174d6ad4a90d94c0698,25, #68675A
0174d6ad4a90d94c0698,10, #B0AC9D
0174d6ad4a90d94c0698,8, #EDE7D5
0174d6ad4a90d94c0698,1, #FDFBF3
01774d5e850dbb2b712d,80,#F9F7F1
01774d5e850dbb2b712d,1, #6D6656
01774d5e850dbb2b712d,1, #857D6C
01774d5e850dbb2b712d,5, #A7A090
01774d5e850dbb2b712d,0, #554E42
01774d5e850dbb2b712d,8, #E8DEC5
01774d5e850dbb2b712d,2, #D2C6AC
017d43681a8f7b356b01,1,#EBE2D2
017d43681a8f7b356b01,15, #4F432D
017d43681a8f7b356b01,2, #C7B9A3
017d43681a8f7b356b01,75, #15120D
017d43681a8f7b356b01,2, #94856C
017d43681a8f7b356b01,3, #7C6742
017f4fe7d662027d99d3,13,#F4F1E4
017f4fe7d662027d99d3,14, #9E9B89
017f4fe7d662027d99d3,10, #3B3C2E
017f4fe7d662027d99d3,12, #BCB7A5
017f4fe7d662027d99d3,21, #D9D4C0
017f4fe7d662027d99d3,27, #73725F
0187211c659160028eef,15, #D9D1BF
0187211c659160028eef,22, #C0B7A8
0187211c659160028eef,3, #3C3936
0187211c659160028eef,14, #7B746B
0187211c659160028eef,11, #5F5A54
0187211c659160028eef,6, #F6F0DC
0187211c659160028eef,25,#9A9286
018c987f9722d64862ea,23, #DCD7C8
018c987f9722d64862ea,20, #6A675D
018c987f9722d64862ea,32, #979388
018c987f9722d64862ea,6, #3B3933
018c987f9722d64862ea,13, #B7B2A6
018c987f9722d64862ea,2,#FAF8EA
0197ea0e455fc0cb9a94,2, #D1CABE
0197ea0e455fc0cb9a94,3, #8A847A
0197ea0e455fc0cb9a94,7, #4A453D
0197ea0e455fc0cb9a94,7, #6E6960
0197ea0e455fc0cb9a94,3, #A7A197
0197ea0e455fc0cb9a94,74,#F7F1E4
019ab0ba23bbb711c12b,13, #ADA685
019ab0ba23bbb711c12b,11, #8B805F
019ab0ba23bbb711c12b,9, #513A22
019ab0ba23bbb711c12b,22, #E2E1CF
019ab0ba23bbb711c12b,34,#CCC9AB
019ab0ba23bbb711c12b,7, #705E3E
019ab0ba23bbb711c12b,0, #F6F5E2
019ef39645a81828ad87,16, #837563
019ef39645a81828ad87,3, #9E9685
019ef39645a81828ad87,1, #E0DCC5
019ef39645a81828ad87,3, #C3BBA3
019ef39645a81828ad87,19, #221A17
019ef39645a81828ad87,2, #F6F6F0
019ef39645a81828ad87,53,#53463C
01a16cb1adb74770f318,0, #5E594E
01a16cb1adb74770f318,9, #F5EEDE
01a16cb1adb74770f318,9, #E0DAC9
01a16cb1adb74770f318,15, #8E887A
01a16cb1adb74770f318,35,#AFA899
01a16cb1adb74770f318,27, #CEC7B6
01a16cb1adb74770f318,2, #736D60
01a4ec2839e40df3b8ae,50, #9E9C87
01a4ec2839e40df3b8ae,3,#040402
01a4ec2839e40df3b8ae,12, #33362C
01a4ec2839e40df3b8ae,12, #191A13
01a4ec2839e40df3b8ae,7, #5B5A46
01a4ec2839e40df3b8ae,13, #7C7D68
01a8717dd8cf00a38992,42, #080807
01a8717dd8cf00a38992,6, #A79C85
01a8717dd8cf00a38992,28, #3B3224
01a8717dd8cf00a38992,12, #6A5942
01a8717dd8cf00a38992,3, #83755E
01a8717dd8cf00a38992,5,#C3BCA8
01aa0ccd36770ec7748f,21, #856E5D
01aa0ccd36770ec7748f,15, #5B4235
01aa0ccd36770ec7748f,7,#A79586
01aa0ccd36770ec7748f,23, #C1AF9B
01aa0ccd36770ec7748f,26, #D2C8B8
01aa0ccd36770ec7748f,5, #F4EDE1
01b06253e895fee1565c,6, #E3DFCA
01b06253e895fee1565c,10, #C4C1AD
01b06253e895fee1565c,39, #56554B
01b06253e895fee1565c,22, #82806F
01b06253e895fee1565c,5,#F6F4E9
01b06253e895fee1565c,14, #A29F8F
01b08bf9053e6c0114ba,1, #463427
01b08bf9053e6c0114ba,3, #9D8D64
01b08bf9053e6c0114ba,8, #A99D7F
01b08bf9053e6c0114ba,19, #848456
01b08bf9053e6c0114ba,27,#746C4A
01b08bf9053e6c0114ba,17, #C1B694
01b08bf9053e6c0114ba,22, #5E5135
01b95a5fa4545a90aeb0,2, #AFA77D
01b95a5fa4545a90aeb0,4, #997B55
01b95a5fa4545a90aeb0,4, #F8F7E6
01b95a5fa4545a90aeb0,3,#D3CFB0
01b95a5fa4545a90aeb0,44, #724B2D
01b95a5fa4545a90aeb0,40, #191307
01dafc3faf951c9dad7e,26, #574A38
01dafc3faf951c9dad7e,3, #E8D495
01dafc3faf951c9dad7e,6, #C8B270
01dafc3faf951c9dad7e,1, #A19F7F
01dafc3faf951c9dad7e,41,#1F2026
01dafc3faf951c9dad7e,21, #9F724E
01e00c641a96e5279870,1, #F6F7EF
01e00c641a96e5279870,13, #6D6048
01e00c641a96e5279870,0, #56462B
01e00c641a96e5279870,2, #AAA08A
01e00c641a96e5279870,1, #C4C0B3
01e00c641a96e5279870,41,#8D8167
01e00c641a96e5279870,38, #E3E2D9
01e2ba72e95045c61806,8, #C2BDB0
01e2ba72e95045c61806,26, #867F77
01e2ba72e95045c61806,18, #41372C
01e2ba72e95045c61806,0, #F4F3F1
01e2ba72e95045c61806,13, #655D54
01e2ba72e95045c61806,2, #DBDAD6
01e2ba72e95045c61806,29,#A49F93
01e761a6e6ff9481ddaf,0, #474343
01e761a6e6ff9481ddaf,2, #605B58
01e761a6e6ff9481ddaf,33,#F6EFDE
01e761a6e6ff9481ddaf,16, #A59E93
01e761a6e6ff9481ddaf,6, #7E7873
01e761a6e6ff9481ddaf,40, #D2CBBB
01e88b863973d4976445,15, #605247
01e88b863973d4976445,23, #CBC1AA
01e88b863973d4976445,6, #2D2924
01e88b863973d4976445,8, #A19785
01e88b863973d4976445,35,#F3F0E3
01e88b863973d4976445,10, #877863
01ec0b412b15ad585c6e,7, #7B7849
01ec0b412b15ad585c6e,10, #483D17
01ec0b412b15ad585c6e,1, #9F9B73
01ec0b412b15ad585c6e,3, #89865A
01ec0b412b15ad585c6e,21, #5F5E34
01ec0b412b15ad585c6e,8, #31230F
01ec0b412b15ad585c6e,46,#1C1209
01ece00117367c6a30a8,46, #E0D9CA
01ece00117367c6a30a8,9, #9C9687
01ece00117367c6a30a8,19, #726D5F
01ece00117367c6a30a8,6, #424036
01ece00117367c6a30a8,0,#FDF6E8
01ece00117367c6a30a8,17, #BBB4A6
01f3a92aae1b84967c22,12,#716A61
01f3a92aae1b84967c22,48, #4D4037
01f3a92aae1b84967c22,15, #EAE5DC
01f3a92aae1b84967c22,3, #BEB6A6
01f3a92aae1b84967c22,18, #201E1C
01f3a92aae1b84967c22,2, #9F9584
01f712c5f2b34c5380a1,20, #3B3733
01f712c5f2b34c5380a1,7, #AFA69B
01f712c5f2b34c5380a1,39, #D6CBBF
01f712c5f2b34c5380a1,9, #635D57
01f712c5f2b34c5380a1,12, #878077
01f712c5f2b34c5380a1,9,#F8F0EA
01f9d3e559b4afb367eb,27, #E1DBC7
01f9d3e559b4afb367eb,32, #6E6B5C
01f9d3e559b4afb367eb,9, #C5BFAC
01f9d3e559b4afb367eb,6,#FBF9E8
01f9d3e559b4afb367eb,4, #423F36
01f9d3e559b4afb367eb,20, #A19C8A
020583d049a24f5440cb,0, #C7B991
020583d049a24f5440cb,2, #9F8764
020583d049a24f5440cb,54,#1D1912
020583d049a24f5440cb,1, #B8A179
020583d049a24f5440cb,1, #7E6E54
020583d049a24f5440cb,34, #583D2C
020583d049a24f5440cb,4, #72553C
020664333282705ee3f0,21, #322F27
020664333282705ee3f0,19,#C0BBA6
020664333282705ee3f0,12, #928D7B
020664333282705ee3f0,29, #F1EEDA
020664333282705ee3f0,9, #4F4B41
020664333282705ee3f0,7, #6E6B5E
0217c27fb52ee20af328,10, #8C7B5D
0217c27fb52ee20af328,36,#AAA48C
0217c27fb52ee20af328,9, #615B48
0217c27fb52ee20af328,11, #463F33
0217c27fb52ee20af328,14, #CCC1AA
0217c27fb52ee20af328,17, #272620
0219d71e66b62f68f60c,13, #49504D
0219d71e66b62f68f60c,33, #241E1D
0219d71e66b62f68f60c,26, #897752
0219d71e66b62f68f60c,1, #B5B29F
0219d71e66b62f68f60c,14, #682D1C
0219d71e66b62f68f60c,10,#969280
0224c8635ae92634875c,10, #AAA189
0224c8635ae92634875c,7, #EAE4D4
0224c8635ae92634875c,0, #201A0B
0224c8635ae92634875c,0, #413822
0224c8635ae92634875c,57,#C3BEAA
0224c8635ae92634875c,5, #8B8574
0224c8635ae92634875c,19, #5E5B4F
022546f3500781e8a366,2, #6C685E
022546f3500781e8a366,4, #9B7F6B
022546f3500781e8a366,5, #D0BEAA
022546f3500781e8a366,9, #E5D8C7
022546f3500781e8a366,0, #4F4D47
022546f3500781e8a366,68,#F7F0E8
022546f3500781e8a366,8, #B1A390
0228d2f90f434940b94e,24, #352119
0228d2f90f434940b94e,4, #614F47
0228d2f90f434940b94e,16, #CFCCC4
0228d2f90f434940b94e,15, #EFEEEA
0228d2f90f434940b94e,31,#B2ACA3
0228d2f90f434940b94e,3, #918983
0228d2f90f434940b94e,3, #7B6E67
022bece67c3d7e14b631,8, #A0998A
022bece67c3d7e14b631,14, #BAB7AA
022bece67c3d7e14b631,32, #D7D5CA
022bece67c3d7e14b631,5, #7F715C
022bece67c3d7e14b631,1,#FCF7E3
022bece67c3d7e14b631,38, #53402C
0245de1a598b0feef883,0, #A99D74
0245de1a598b0feef883,0, #95885F
0245de1a598b0feef883,4, #8F7245
0245de1a598b0feef883,58,#281F10
0245de1a598b0feef883,4, #51573F
0245de1a598b0feef883,19, #0C0B07
0245de1a598b0feef883,12, #463B23
024dc4b02ffd381381dd,8, #736E64
024dc4b02ffd381381dd,6, #ADA69B
024dc4b02ffd381381dd,64,#E7DED0
024dc4b02ffd381381dd,8, #49453E
024dc4b02ffd381381dd,3, #CAC2B6
024dc4b02ffd381381dd,5, #8D877E
024dc4b02ffd381381dd,3, #FDFBF6
0250207ddbda64dc6420,0, #413B32
0250207ddbda64dc6420,5, #C8BFB2
0250207ddbda64dc6420,74,#F0E7DA
0250207ddbda64dc6420,5, #6A6459
0250207ddbda64dc6420,4, #544E44
0250207ddbda64dc6420,3, #A8A194
0250207ddbda64dc6420,6, #888276
0254a8aef0b9b9c0f70a,33,#564535
0254a8aef0b9b9c0f70a,1, #98907F
0254a8aef0b9b9c0f70a,9, #280E0F
0254a8aef0b9b9c0f70a,8, #8F7558
0254a8aef0b9b9c0f70a,19, #7B5536
0254a8aef0b9b9c0f70a,0, #B4AE9A
0254a8aef0b9b9c0f70a,27, #452118
02578adbc7e177d010a1,6, #A38265
02578adbc7e177d010a1,0, #544E44
02578adbc7e177d010a1,0, #A6684C
02578adbc7e177d010a1,74,#F2E8D8
02578adbc7e177d010a1,10, #C6B49C
02578adbc7e177d010a1,3, #B09B7F
02578adbc7e177d010a1,3, #6E6556
0259a3227d481c9cd530,17, #9A8B7E
0259a3227d481c9cd530,38, #D1CCBF
0259a3227d481c9cd530,3, #503F37
0259a3227d481c9cd530,21,#F1EBDF
0259a3227d481c9cd530,3, #7B6657
0259a3227d481c9cd530,15, #BAADA0
0259c68671084513a4de,28, #D8CFBC
0259c68671084513a4de,5,#FAF4E7
0259c68671084513a4de,9, #ABA494
0259c68671084513a4de,10, #898374
0259c68671084513a4de,31, #656055
0259c68671084513a4de,13, #3C3A33
025c3bf106e474865a7f,14, #B1A696
025c3bf106e474865a7f,2,#FAF5EC
025c3bf106e474865a7f,4, #736A5F
025c3bf106e474865a7f,12, #8F8679
025c3bf106e474865a7f,63, #DACBB9
025c3bf106e474865a7f,3, #4A433C
02622ac1d9dccf6fdb50,18, #F8F7F2
02622ac1d9dccf6fdb50,20, #E2DED0
02622ac1d9dccf6fdb50,8, #736C6A
02622ac1d9dccf6fdb50,21,#4D4545
02622ac1d9dccf6fdb50,12, #231E1C
02622ac1d9dccf6fdb50,9, #918B88
02622ac1d9dccf6fdb50,9, #BBB6AF
026c4a465c9608e66b8b,16, #C2B694
026c4a465c9608e66b8b,10, #ADA07C
026c4a465c9608e66b8b,0, #F2ECD3
026c4a465c9608e66b8b,27,#8F8466
026c4a465c9608e66b8b,21, #74684B
026c4a465c9608e66b8b,18, #DAD2B9
026c4a465c9608e66b8b,5, #564A34
026d8f287c8168cd3c1c,29,#8C8D72
026d8f287c8168cd3c1c,5, #C1BC9B
026d8f287c8168cd3c1c,9, #EEF1F2
026d8f287c8168cd3c1c,10, #CAD5E5
026d8f287c8168cd3c1c,1, #E4DAB7
026d8f287c8168cd3c1c,21, #4E4B3C
026d8f287c8168cd3c1c,23, #1E1B1A
02735354ba2363911775,0,#BFB89F
02735354ba2363911775,17, #0D0E09
02735354ba2363911775,56, #34251C
02735354ba2363911775,17, #6E5D42
02735354ba2363911775,2, #827964
02735354ba2363911775,6, #A99A75
0278a4065dd884e44584,2, #7B7167
0278a4065dd884e44584,10, #CBBDA4
0278a4065dd884e44584,2, #524D47
0278a4065dd884e44584,3, #A08E75
0278a4065dd884e44584,79,#F0E9D8
0278a4065dd884e44584,2, #B5A68F
027a4305a99a047f7ea6,83, #D0C1A4
027a4305a99a047f7ea6,5, #76634E
027a4305a99a047f7ea6,2, #523622
027a4305a99a047f7ea6,1,#F8F3DF
027a4305a99a047f7ea6,5, #A0937D
027a4305a99a047f7ea6,2, #301309
027ab4de7b4ceffddc9b,35, #4F331B
027ab4de7b4ceffddc9b,0, #C1A567
027ab4de7b4ceffddc9b,0,#5E5A51
027ab4de7b4ceffddc9b,0, #7D766A
027ab4de7b4ceffddc9b,62, #0C0B05
027ab4de7b4ceffddc9b,1, #9C681E
027b9778a22f4f518b98,23, #99978B
027b9778a22f4f518b98,13, #404039
027b9778a22f4f518b98,10, #C6C2B7
027b9778a22f4f518b98,25, #626258
027b9778a22f4f518b98,26, #E4E1D6
027b9778a22f4f518b98,0,#FEFEF6
0281c590c373bbdddd3b,3, #979485
0281c590c373bbdddd3b,21, #CCC9B6
0281c590c373bbdddd3b,1, #5E5B4D
0281c590c373bbdddd3b,58,#F1EEDF
0281c590c373bbdddd3b,3, #7E7B69
0281c590c373bbdddd3b,11, #B1AE9A
0281c590c373bbdddd3b,0, #3F3D31
02835bacf09e2f02749f,4, #615C55
02835bacf09e2f02749f,9, #B0A493
02835bacf09e2f02749f,1, #4B4744
02835bacf09e2f02749f,23, #DBC7AF
02835bacf09e2f02749f,9, #857D71
02835bacf09e2f02749f,48,#F4E5D2
02835bacf09e2f02749f,3, #FDF9F7
0295c7260f23163e03a3,23, #757265
0295c7260f23163e03a3,6, #4E4D40
0295c7260f23163e03a3,19,#F1F1E5
0295c7260f23163e03a3,18, #D0CDBD
0295c7260f23163e03a3,15, #B6B3A3
0295c7260f23163e03a3,15, #989586
0296a53cc117af96c859,5, #866B5B
0296a53cc117af96c859,1, #645540
0296a53cc117af96c859,54,#F5F1E2
0296a53cc117af96c859,0, #514126
0296a53cc117af96c859,11, #ACA084
0296a53cc117af96c859,26, #DBD3BA
0296a53cc117af96c859,0, #342613
0297c83876834f8ae7e8,9, #5F5D51
0297c83876834f8ae7e8,0, #3F3F37
0297c83876834f8ae7e8,7, #807C6D
0297c83876834f8ae7e8,17, #A19D8D
0297c83876834f8ae7e8,27,#F5F3EC
0297c83876834f8ae7e8,36, #CEC8B6
0298264debf59c85a0f1,10, #5B5652
0298264debf59c85a0f1,4, #E0DBD1
0298264debf59c85a0f1,20, #C6C0B7
0298264debf59c85a0f1,26,#A29E97
0298264debf59c85a0f1,12, #F4F2EA
0298264debf59c85a0f1,6, #746F69
0298264debf59c85a0f1,18, #85817B
02ae06ba1380750f394d,0, #958566
02ae06ba1380750f394d,36, #11110A
02ae06ba1380750f394d,0, #9B987B
02ae06ba1380750f394d,38,#2C2A1A
02ae06ba1380750f394d,4, #4B3E26
02ae06ba1380750f394d,2, #847659
02ae06ba1380750f394d,17, #736447
02bacfe951feceda64c6,8, #B09269
02bacfe951feceda64c6,14, #86643D
02bacfe951feceda64c6,20, #1D1607
02bacfe951feceda64c6,33,#534427
02bacfe951feceda64c6,1, #C6B68F
02bacfe951feceda64c6,7, #D9CBA8
02bacfe951feceda64c6,12, #EDE1C6
02c4a3c17bc9cb359a90,28, #7F7569
02c4a3c17bc9cb359a90,7,#E1DCCA
02c4a3c17bc9cb359a90,20, #342218
02c4a3c17bc9cb359a90,1, #C5BFAD
02c4a3c17bc9cb359a90,23, #A89F90
02c4a3c17bc9cb359a90,18, #5C4D41
02cc29d3458c02597c8d,0, #B0B3A3
02cc29d3458c02597c8d,1, #867965
02cc29d3458c02597c8d,94,#261E13
02cc29d3458c02597c8d,0, #919589
02cc29d3458c02597c8d,0, #BDA17C
02cc29d3458c02597c8d,0, #D1D1BA
02cc29d3458c02597c8d,3, #665841
02d314a674bd82d37c50,4, #9A894C
02d314a674bd82d37c50,17, #4C3821
02d314a674bd82d37c50,34,#6E6445
02d314a674bd82d37c50,2, #CCBA85
02d314a674bd82d37c50,20, #8A8A7C
02d314a674bd82d37c50,1, #B09E61
02d314a674bd82d37c50,18, #ABA796
02da5fc992a48b366053,4, #A29177
02da5fc992a48b366053,14, #1D1710
02da5fc992a48b366053,2, #715838
02da5fc992a48b366053,7, #554429
02da5fc992a48b366053,64,#3A2F20
02da5fc992a48b366053,4, #827458
02da5fc992a48b366053,1, #C7B08E
02e4a96bd9e3384ed214,55,#241A08
02e4a96bd9e3384ed214,41, #54421B
02e4a96bd9e3384ed214,0, #D3CCA3
02e4a96bd9e3384ed214,0, #9F7D44
02e4a96bd9e3384ed214,0, #AE9C74
02e4a96bd9e3384ed214,1, #786A42
02e4a96bd9e3384ed214,0, #4D5647
02e6f56ac1f4070baedf,21, #F1EEE4
02e6f56ac1f4070baedf,14, #68695E
02e6f56ac1f4070baedf,9, #ACAAA0
02e6f56ac1f4070baedf,23,#CFCBBB
02e6f56ac1f4070baedf,11, #8E8D83
02e6f56ac1f4070baedf,19, #3C3E34
02f39d0cd4073dfba07c,8, #C5B197
02f39d0cd4073dfba07c,21, #87735B
02f39d0cd4073dfba07c,19, #A99985
02f39d0cd4073dfba07c,7,#4F4236
02f39d0cd4073dfba07c,35, #DFCDBB
02f39d0cd4073dfba07c,7, #F9F2EB
02f78fab385710ef7cfa,14, #CCC296
02f78fab385710ef7cfa,15, #5E5941
02f78fab385710ef7cfa,24, #A8AB95
02f78fab385710ef7cfa,10, #848162
02f78fab385710ef7cfa,30,#7B97A2
02f78fab385710ef7cfa,3, #2B2E26
02f9b6ad0be1cb9af1b4,71,#E7E4DB
02f9b6ad0be1cb9af1b4,4, #9E927C
02f9b6ad0be1cb9af1b4,1, #786652
02f9b6ad0be1cb9af1b4,5, #D3CAB6
02f9b6ad0be1cb9af1b4,3, #BEB29C
02f9b6ad0be1cb9af1b4,7, #261C17
02f9b6ad0be1cb9af1b4,5, #544336
02ff534074297bfbf374,0, #332F2C
02ff534074297bfbf374,9,#F3EDDF
02ff534074297bfbf374,22, #7E776C
02ff534074297bfbf374,20, #A69F91
02ff534074297bfbf374,6, #4F4843
02ff534074297bfbf374,41, #CBC3B1
02ffb56929626c4cc8f2,11, #A9A192
02ffb56929626c4cc8f2,43,#E9E4D2
02ffb56929626c4cc8f2,3, #4E3F37
02ffb56929626c4cc8f2,22, #CEC5AE
02ffb56929626c4cc8f2,7, #706357
02ffb56929626c4cc8f2,4, #FAF8EF
02ffb56929626c4cc8f2,7, #908575
0300819e83a5d1a1c09d,4, #BCB39C
0300819e83a5d1a1c09d,42,#F7F4E4
0300819e83a5d1a1c09d,10, #DCD4BD
0300819e83a5d1a1c09d,14, #797261
0300819e83a5d1a1c09d,17, #4B483D
0300819e83a5d1a1c09d,9, #9D9683
030414b750ce308a3b93,44, #D4CFC1
030414b750ce308a3b93,26, #F7F4E5
030414b750ce308a3b93,6,#7D7A6E
030414b750ce308a3b93,4, #58574A
030414b750ce308a3b93,17, #AAA79A
030414b750ce308a3b93,1, #38382F
030960402a0ba0f7ad82,8, #665B49
030960402a0ba0f7ad82,0, #863E2A
030960402a0ba0f7ad82,1, #877962
030960402a0ba0f7ad82,0, #9E8D75
030960402a0ba0f7ad82,0, #AFA48E
030960402a0ba0f7ad82,26, #4C3727
030960402a0ba0f7ad82,61,#221813
03099c72abfce58dbd90,10, #B2B0A6
03099c72abfce58dbd90,8, #6B6B61
03099c72abfce58dbd90,38, #D6D2C8
03099c72abfce58dbd90,13, #8D8C81
03099c72abfce58dbd90,20,#F5F1E9
03099c72abfce58dbd90,8, #41433B
030d281a9615edccbc88,16, #908660
030d281a9615edccbc88,17, #947A42
030d281a9615edccbc88,9, #AA9156
030d281a9615edccbc88,15, #7B6236
030d281a9615edccbc88,31,#5D4A2E
030d281a9615edccbc88,2, #BEA66B
030d281a9615edccbc88,5, #302922
031387e06a2ad3a58f74,5, #AF9959
031387e06a2ad3a58f74,4, #CABB74
031387e06a2ad3a58f74,77, #1F1E14
031387e06a2ad3a58f74,4, #8F7A43
031387e06a2ad3a58f74,6,#71522B
031387e06a2ad3a58f74,1, #DDD7A2
0313f888549e2710a0b7,3, #2D2217
0313f888549e2710a0b7,13, #A49880
0313f888549e2710a0b7,2, #887C66
0313f888549e2710a0b7,41, #F6F4E7
0313f888549e2710a0b7,3,#5E5346
0313f888549e2710a0b7,37, #D4CCB9
03169bb8dd095e381572,11, #F8F6F2
03169bb8dd095e381572,10, #948F83
03169bb8dd095e381572,11, #BAB5A7
03169bb8dd095e381572,5, #7D776A
03169bb8dd095e381572,44,#DBD6C9
03169bb8dd095e381572,1, #3C392F
03169bb8dd095e381572,14, #5B574B
031bc6e8b33e43055acb,21, #8F8989
031bc6e8b33e43055acb,13, #433A38
031bc6e8b33e43055acb,0, #1E1411
031bc6e8b33e43055acb,0,#FEFDFB
031bc6e8b33e43055acb,31, #656161
031bc6e8b33e43055acb,31, #CAC6C3
0327691b9e7cc57ec78e,21, #EAE3CD
0327691b9e7cc57ec78e,5, #3E3026
0327691b9e7cc57ec78e,11, #615243
0327691b9e7cc57ec78e,10, #796A58
0327691b9e7cc57ec78e,11, #A89C86
0327691b9e7cc57ec78e,15, #8B7F6E
0327691b9e7cc57ec78e,24,#C9BFA6
0327cc3a2184522b79a5,0, #D8CC95
0327cc3a2184522b79a5,85,#2C2614
0327cc3a2184522b79a5,1, #907243
0327cc3a2184522b79a5,0, #C7B679
0327cc3a2184522b79a5,8, #5D4723
0327cc3a2184522b79a5,1, #AD975C
0327cc3a2184522b79a5,2, #7D5631
033e998fa8727ad3abd0,6, #938D7E
033e998fa8727ad3abd0,71, #EDDEC4
033e998fa8727ad3abd0,1,#FAF8EA
033e998fa8727ad3abd0,11, #C3B8A2
033e998fa8727ad3abd0,1, #393630
033e998fa8727ad3abd0,7, #676258
0344a850a8f1f61638ad,6, #776B50
0344a850a8f1f61638ad,33,#B0A994
0344a850a8f1f61638ad,0, #514C3F
0344a850a8f1f61638ad,54, #E0DBC8
0344a850a8f1f61638ad,4, #9D8E6E
0344a850a8f1f61638ad,0, #3B311D
034f4de121cb04f38696,39,#0C1013
034f4de121cb04f38696,3, #BFB4A4
034f4de121cb04f38696,6, #8E8887
034f4de121cb04f38696,4, #6C6160
034f4de121cb04f38696,3, #DDDCD8
034f4de121cb04f38696,32, #2F2727
034f4de121cb04f38696,11, #5C4642
0355a5ebb2869f3b00ab,12, #7F766B
0355a5ebb2869f3b00ab,8, #5D564D
0355a5ebb2869f3b00ab,3, #F8F5EA
0355a5ebb2869f3b00ab,1, #3E3833
0355a5ebb2869f3b00ab,44,#DBD1BF
0355a5ebb2869f3b00ab,17, #9E9689
0355a5ebb2869f3b00ab,12, #BCB2A2
035a35ed3a8af60ba654,5, #D4CDB7
035a35ed3a8af60ba654,23, #958F79
035a35ed3a8af60ba654,25,#F3EED6
035a35ed3a8af60ba654,11, #B6B09A
035a35ed3a8af60ba654,12, #7C7662
035a35ed3a8af60ba654,17, #64604E
035a35ed3a8af60ba654,4, #49473B
035b326df074f047b06a,3, #49483D
035b326df074f047b06a,15, #E3DCCD
035b326df074f047b06a,20, #69665B
035b326df074f047b06a,0,#FEFAEA
035b326df074f047b06a,25, #BFBAAE
035b326df074f047b06a,33, #908C81
0364cbbab875a9c3a7f9,27, #F7EDD8
0364cbbab875a9c3a7f9,19, #8B8478
0364cbbab875a9c3a7f9,4, #423D38
0364cbbab875a9c3a7f9,3, #655E56
0364cbbab875a9c3a7f9,20, #DACFBC
0364cbbab875a9c3a7f9,23,#B6AD9E
03651acb367c4fc61fc4,5, #716A60
03651acb367c4fc61fc4,6, #948F87
03651acb367c4fc61fc4,3,#F1EDE9
03651acb367c4fc61fc4,76, #34312B
03651acb367c4fc61fc4,3, #524E47
03651acb367c4fc61fc4,4, #C0BBB3
03665773597527ca303d,9, #7C6B48
03665773597527ca303d,13, #645537
03665773597527ca303d,24,#171714
03665773597527ca303d,5, #A4936B
03665773597527ca303d,46, #3C3428
03665773597527ca303d,0, #B3AD96
03698894115b526fe5c7,7, #241710
03698894115b526fe5c7,20, #BCB69B
03698894115b526fe5c7,10, #756653
03698894115b526fe5c7,9, #544232
03698894115b526fe5c7,9, #8D806A
03698894115b526fe5c7,13, #DBDCCC
03698894115b526fe5c7,29,#A79C80
03794388d468b894d3ce,16, #C1BEAC
03794388d468b894d3ce,20, #5F5E53
03794388d468b894d3ce,12, #828073
03794388d468b894d3ce,2, #414138
03794388d468b894d3ce,15, #A09E8F
03794388d468b894d3ce,10, #DAD6C2
03794388d468b894d3ce,21,#F5F2DC
037adfe4675523894d63,5, #A29783
037adfe4675523894d63,17, #5B534B
037adfe4675523894d63,44,#DCD7C4
037adfe4675523894d63,10, #796F61
037adfe4675523894d63,2, #BEB8A5
037adfe4675523894d63,18, #403832
037adfe4675523894d63,0, #F8F4E4
03802f7bda3dd633d2d3,20, #ADA896
03802f7bda3dd633d2d3,14, #373732
03802f7bda3dd633d2d3,22, #807E70
03802f7bda3dd633d2d3,5, #D5CEB4
03802f7bda3dd633d2d3,11,#F1EBD0
03802f7bda3dd633d2d3,26, #6F584B
0382a2cce648eed025d2,1, #A9A290
0382a2cce648eed025d2,43, #4D2F1E
0382a2cce648eed025d2,47, #6A5648
0382a2cce648eed025d2,1,#C6C3B7
0382a2cce648eed025d2,2, #140C04
0382a2cce648eed025d2,3, #8B7B67
03851df7129c8ae9a040,4, #312F2A
03851df7129c8ae9a040,9, #4F4C42
03851df7129c8ae9a040,14, #ABA490
03851df7129c8ae9a040,7,#F8F2E2
03851df7129c8ae9a040,47, #DBCFB5
03851df7129c8ae9a040,16, #756F5F
038a87be66007216ffea,13, #1F180E
038a87be66007216ffea,10, #615747
038a87be66007216ffea,31, #DDDDCA
038a87be66007216ffea,7, #41382B
038a87be66007216ffea,20,#847D6D
038a87be66007216ffea,15, #B6B19A
038d2917c137b9e2a2e3,9, #7F6B36
038d2917c137b9e2a2e3,51,#1A1810
038d2917c137b9e2a2e3,30, #4C3F24
038d2917c137b9e2a2e3,2, #A89B68
038d2917c137b9e2a2e3,0, #C6B67D
038d2917c137b9e2a2e3,7, #8C7F4D
0392eb3dcbe63546d441,0,#FBF5EA
0392eb3dcbe63546d441,43, #C9BEAA
0392eb3dcbe63546d441,16, #E3DDD3
0392eb3dcbe63546d441,6, #7A695C
0392eb3dcbe63546d441,26, #A0917C
0392eb3dcbe63546d441,5, #5D4E45
039b79b320f56cacbe2b,1, #C6A565
039b79b320f56cacbe2b,2, #A3884C
039b79b320f56cacbe2b,6, #786439
039b79b320f56cacbe2b,13,#212117
039b79b320f56cacbe2b,2, #854428
039b79b320f56cacbe2b,72, #423D26
03a3b03b7e6cb309302f,2, #6B6857
03a3b03b7e6cb309302f,7, #46453C
03a3b03b7e6cb309302f,87,#FAF5DE
03a3b03b7e6cb309302f,0, #B7B199
03a3b03b7e6cb309302f,1, #948F7B
03a3b03b7e6cb309302f,0, #CFC8B0
03a3b03b7e6cb309302f,1, #E7DEC4
03a4546268022b377943,9, #53503B
03a4546268022b377943,56,#CAC6B7
03a4546268022b377943,6, #A4946A
03a4546268022b377943,13, #827552
03a4546268022b377943,13, #C6B77E
03a4546268022b377943,0, #29261A
03aa9cf73f72bcef8273,26, #D0C9B4
03aa9cf73f72bcef8273,22, #807B6C
03aa9cf73f72bcef8273,9,#F6EFD9
03aa9cf73f72bcef8273,9, #ABA594
03aa9cf73f72bcef8273,28, #4B483E
03aa9cf73f72bcef8273,3, #2A2820
03ab459047edde60c0a1,13, #889B7D
03ab459047edde60c0a1,0, #9E542D
03ab459047edde60c0a1,8, #B1A66A
03ab459047edde60c0a1,4, #D1C586
03ab459047edde60c0a1,24, #6D4423
03ab459047edde60c0a1,15, #7F794D
03ab459047edde60c0a1,32,#1D1B0D
03adcef1ad437bb9ed6e,11,#F7F4EC
03adcef1ad437bb9ed6e,28, #5C5C4D
03adcef1ad437bb9ed6e,30, #D3CEBE
03adcef1ad437bb9ed6e,3, #2F3127
03adcef1ad437bb9ed6e,10, #ACA898
03adcef1ad437bb9ed6e,15, #8B897A
03b6ac340c1cac6f6ddf,5, #40281D
03b6ac340c1cac6f6ddf,14, #F2F2EE
03b6ac340c1cac6f6ddf,4, #564034
03b6ac340c1cac6f6ddf,13, #8F867B
03b6ac340c1cac6f6ddf,6, #6B5A4E
03b6ac340c1cac6f6ddf,9, #AFA89C
03b6ac340c1cac6f6ddf,46,#CFCCC2
03b7a2f6a62e9a38d05a,44, #CAC6B7
03b7a2f6a62e9a38d05a,2, #4A463B
03b7a2f6a62e9a38d05a,13, #857F72
03b7a2f6a62e9a38d05a,4, #6C6659
03b7a2f6a62e9a38d05a,14, #A6A091
03b7a2f6a62e9a38d05a,19,#F4F1E3
03c4765ca046ca27ba10,2, #EBD4A4
03c4765ca046ca27ba10,5, #8D7E5D
03c4765ca046ca27ba10,5, #B7A580
03c4765ca046ca27ba10,17, #61553F
03c4765ca046ca27ba10,1, #628577
03c4765ca046ca27ba10,40,#3F3826
03c4765ca046ca27ba10,26, #201C14
03c5022ddc41c7b9f99c,2, #E0DBCA
03c5022ddc41c7b9f99c,20, #8C7F6C
03c5022ddc41c7b9f99c,9,#F8F7F1
03c5022ddc41c7b9f99c,17, #624F3A
03c5022ddc41c7b9f99c,12, #B6B19F
03c5022ddc41c7b9f99c,37, #372B21
03cd93586b7f13abb261,12, #9F9B8D
03cd93586b7f13abb261,34,#E0DCC7
03cd93586b7f13abb261,16, #C0BBA7
03cd93586b7f13abb261,10, #48463B
03cd93586b7f13abb261,0, #F7F5E7
03cd93586b7f13abb261,24, #797466
03cf3902a2f83c8cb6d3,37,#CCC7B6
03cf3902a2f83c8cb6d3,24, #ABA28D
03cf3902a2f83c8cb6d3,4, #756B57
03cf3902a2f83c8cb6d3,5, #8E8570
03cf3902a2f83c8cb6d3,19, #EFEADA
03cf3902a2f83c8cb6d3,0, #372612
03cf3902a2f83c8cb6d3,7, #4A4841
03da42481aaf2378d552,0, #625541
03da42481aaf2378d552,0, #917D54
03da42481aaf2378d552,55,#261F15
03da42481aaf2378d552,0, #B3A37B
03da42481aaf2378d552,42, #0C0906
03da42481aaf2378d552,1, #403525
03def22c7341559dc031,4, #403830
03def22c7341559dc031,13,#959088
03def22c7341559dc031,5, #5E5347
03def22c7341559dc031,16, #CACECE
03def22c7341559dc031,12, #736E66
03def22c7341559dc031,47, #A2A6A3
03e12c1ed05edffcfcec,10, #787368
03e12c1ed05edffcfcec,1,#C4CECF
03e12c1ed05edffcfcec,6, #4C3B2A
03e12c1ed05edffcfcec,16, #615E55
03e12c1ed05edffcfcec,7, #8F8C82
03e12c1ed05edffcfcec,56, #AAB0AC
03e65c841a636e11f7aa,3, #785B4D
03e65c841a636e11f7aa,71, #50362B
03e65c841a636e11f7aa,1, #3D251B
03e65c841a636e11f7aa,0, #2F1B13
03e65c841a636e11f7aa,22, #674C3C
03e65c841a636e11f7aa,0,#1A0C09
03e98cbfcb3b7d437f4f,13, #706B61
03e98cbfcb3b7d437f4f,24, #A6A091
03e98cbfcb3b7d437f4f,11, #383530
03e98cbfcb3b7d437f4f,19,#D4C9B2
03e98cbfcb3b7d437f4f,15, #58544B
03e98cbfcb3b7d437f4f,15, #868276
03e9e2935be9ea36ac6d,1, #9B763E
03e9e2935be9ea36ac6d,44,#3D2B14
03e9e2935be9ea36ac6d,1, #AFA57B
03e9e2935be9ea36ac6d,0, #D8C981
03e9e2935be9ea36ac6d,0, #746E53
03e9e2935be9ea36ac6d,32, #5B4729
03e9e2935be9ea36ac6d,18, #121109
03eadcf7afc5cbb86930,15, #DBD8CC
03eadcf7afc5cbb86930,28,#F7F4EA
03eadcf7afc5cbb86930,17, #79796F
03eadcf7afc5cbb86930,13, #41423C
03eadcf7afc5cbb86930,15, #9F9D93
03eadcf7afc5cbb86930,9, #C1BEB4
03ec1631c8967709597a,17, #766B47
03ec1631c8967709597a,1, #D9CFAF
03ec1631c8967709597a,4, #908766
03ec1631c8967709597a,40,#080905
03ec1631c8967709597a,6, #B7AC8F
03ec1631c8967709597a,28, #3C3926
03ec1631c8967709597a,1, #F4F1E3
03ec498be62279630e32,65,#F4EFE3
03ec498be62279630e32,3, #867E72
03ec498be62279630e32,19, #BEB4A1
03ec498be62279630e32,4, #3B2F28
03ec498be62279630e32,4, #9D978A
03ec498be62279630e32,1, #64584D
03edb5fcb074f01c2bdc,51,#14130D
03edb5fcb074f01c2bdc,0, #AC9054
03edb5fcb074f01c2bdc,0, #7C592E
03edb5fcb074f01c2bdc,0, #5D4122
03edb5fcb074f01c2bdc,0, #762815
03edb5fcb074f01c2bdc,46, #372817
03edb5fcb074f01c2bdc,0, #927740
03f4477316211b89d1d0,39,#AEAC9F
03f4477316211b89d1d0,6, #949184
03f4477316211b89d1d0,12, #605C4E
03f4477316211b89d1d0,5, #7C796B
03f4477316211b89d1d0,32, #CBC9BA
03f4477316211b89d1d0,3, #E3E4D7
03f4477316211b89d1d0,0, #403A2B
03f9822727a528f43b46,30,#4A4C3A
03f9822727a528f43b46,10, #84897D
03f9822727a528f43b46,0, #B1B3B8
03f9822727a528f43b46,10, #777759
03f9822727a528f43b46,14, #5C6257
03f9822727a528f43b46,5, #26291F
03f9822727a528f43b46,26, #989DA4
03fcd08a8799d883017b,0, #FEFEFE
03fcd08a8799d883017b,13, #57544B
03fcd08a8799d883017b,3, #D3CFC3
03fcd08a8799d883017b,13, #7D7A6E
03fcd08a8799d883017b,3, #383730
03fcd08a8799d883017b,48,#ECE9DC
03fcd08a8799d883017b,17, #AEABA0
04069ee17986f7d240d9,3, #6D6959
04069ee17986f7d240d9,1, #524E42
04069ee17986f7d240d9,64,#E6DCC7
04069ee17986f7d240d9,13, #C2B69F
04069ee17986f7d240d9,3, #A29C8B
04069ee17986f7d240d9,8, #878170
04069ee17986f7d240d9,3, #FAF9F6
040c92158fae8fd97ce9,17,#242117
040c92158fae8fd97ce9,70, #6C5032
040c92158fae8fd97ce9,4, #A19674
040c92158fae8fd97ce9,0, #D1CCC1
040c92158fae8fd97ce9,0, #B5AA8F
040c92158fae8fd97ce9,7, #847B5F
0411b2b0f9c80a05d294,8, #766959
0411b2b0f9c80a05d294,16, #B0A790
0411b2b0f9c80a05d294,12, #968D7A
0411b2b0f9c80a05d294,0, #F3ECD8
0411b2b0f9c80a05d294,30,#C5C1AC
0411b2b0f9c80a05d294,28, #E1DBC5
0411b2b0f9c80a05d294,2, #5D4D3E
041c7df42d4d386d7e1b,8, #837F71
041c7df42d4d386d7e1b,9, #A6A292
041c7df42d4d386d7e1b,50,#F4F1E5
041c7df42d4d386d7e1b,9, #5C594E
041c7df42d4d386d7e1b,20, #CCC6B0
041c7df42d4d386d7e1b,1, #3F3D35
043157a654f78a85d61c,18, #E2DEC7
043157a654f78a85d61c,14, #B7AD8F
043157a654f78a85d61c,9,#91886F
043157a654f78a85d61c,26, #CEC5A7
043157a654f78a85d61c,12, #625A44
043157a654f78a85d61c,18, #F7F6E4
0432830c89e21a26e4a1,15, #6C645F
0432830c89e21a26e4a1,26, #B0A69A
0432830c89e21a26e4a1,34, #898078
0432830c89e21a26e4a1,4,#F7F3E6
0432830c89e21a26e4a1,5, #4A4442
0432830c89e21a26e4a1,13, #D0C6B8
0433da751021de5e9e9a,20, #28261F
0433da751021de5e9e9a,14, #B2B095
0433da751021de5e9e9a,12, #8D8A70
0433da751021de5e9e9a,24,#655C3C
0433da751021de5e9e9a,8, #787156
0433da751021de5e9e9a,15, #4E3E2E
0433da751021de5e9e9a,3, #D2CDAE
04388f9808ab69ab27bb,69,#0C0C0C
04388f9808ab69ab27bb,0, #C5C6BF
04388f9808ab69ab27bb,0, #EAEAE0
04388f9808ab69ab27bb,5, #5D5448
04388f9808ab69ab27bb,1, #9B988C
04388f9808ab69ab27bb,1, #8C765B
04388f9808ab69ab27bb,21, #2E241B
0438b003b6fe865a69cb,1, #403E31
0438b003b6fe865a69cb,9, #9F9985
0438b003b6fe865a69cb,0,#FEFEFD
0438b003b6fe865a69cb,10, #CAC2AA
0438b003b6fe865a69cb,71, #EBE4D1
0438b003b6fe865a69cb,7, #6A6653
043b6799c72db292f5cd,12, #6E6B62
043b6799c72db292f5cd,5, #504D45
043b6799c72db292f5cd,0, #3B3831
043b6799c72db292f5cd,12, #89857C
043b6799c72db292f5cd,18, #CECAC0
043b6799c72db292f5cd,20, #A7A39A
043b6799c72db292f5cd,30,#F2EEE4
044368f9eb22de6e35b5,3, #504E37
044368f9eb22de6e35b5,32, #1D1A10
044368f9eb22de6e35b5,39,#A7A894
044368f9eb22de6e35b5,5, #3C3620
044368f9eb22de6e35b5,0, #857D56
044368f9eb22de6e35b5,16, #848B7E
044368f9eb22de6e35b5,2, #69664D
04499db59a0352433192,5, #96856A
04499db59a0352433192,69, #DAD2BD
04499db59a0352433192,0,#F6EFD6
04499db59a0352433192,4, #B5AE9A
04499db59a0352433192,13, #3F3F37
04499db59a0352433192,5, #646255
044fed24785c38d9fffc,1, #68573F
044fed24785c38d9fffc,0, #593D1C
044fed24785c38d9fffc,0, #BCBAAC
044fed24785c38d9fffc,90,#120E09
044fed24785c38d9fffc,4, #373026
044fed24785c38d9fffc,1, #A19F90
044fed24785c38d9fffc,1, #887558
04566fb23b7765ccdc82,5, #F8F5E8
04566fb23b7765ccdc82,5, #BEBAAF
04566fb23b7765ccdc82,30, #6F6D64
04566fb23b7765ccdc82,36, #3B3A34
04566fb23b7765ccdc82,10, #A19E94
04566fb23b7765ccdc82,11,#DAD6C9
04593fa98dc0b3dac06a,37, #46433D
04593fa98dc0b3dac06a,15, #D5CFC2
04593fa98dc0b3dac06a,19, #98938A
04593fa98dc0b3dac06a,14, #706C64
04593fa98dc0b3dac06a,6, #BAB5A9
04593fa98dc0b3dac06a,6,#F4F1E8
045b49655b33d75904ea,1, #F3EED8
045b49655b33d75904ea,11, #6C5E52
045b49655b33d75904ea,2, #231815
045b49655b33d75904ea,19, #ADA091
045b49655b33d75904ea,8, #85786B
045b49655b33d75904ea,42,#D5CCBB
045b49655b33d75904ea,14, #443631
0460a58ea666de475c48,23, #3F3E36
0460a58ea666de475c48,2, #B8B5A5
0460a58ea666de475c48,10,#FBF9F2
0460a58ea666de475c48,9, #908F84
0460a58ea666de475c48,27, #6B6A5F
0460a58ea666de475c48,25, #E0DCCA
046227ed3a6110aae05f,6, #555449
046227ed3a6110aae05f,12, #A29E92
046227ed3a6110aae05f,14, #7A776B
046227ed3a6110aae05f,17,#C8C2B6
046227ed3a6110aae05f,3, #32322A
046227ed3a6110aae05f,44, #F2EDE1
0466ad2ca302513dd657,13, #D7D5CB
0466ad2ca302513dd657,2, #524031
0466ad2ca302513dd657,55, #BAB5A5
0466ad2ca302513dd657,18, #928B80
0466ad2ca302513dd657,6, #6E5E4E
0466ad2ca302513dd657,4,#F5F5F3
0468495c302acf1577d9,11,#8C8671
0468495c302acf1577d9,12, #676352
0468495c302acf1577d9,16, #F8F3DB
0468495c302acf1577d9,4, #434035
0468495c302acf1577d9,22, #DDD6BD
0468495c302acf1577d9,31, #B3AD96
046891498dc6e1f1d6be,38,#332A1F
046891498dc6e1f1d6be,2, #74664D
046891498dc6e1f1d6be,37, #10120E
046891498dc6e1f1d6be,1, #BDB79E
046891498dc6e1f1d6be,16, #5D4C32
046891498dc6e1f1d6be,1, #988668
046891498dc6e1f1d6be,2, #A89678
0478f765a643ba171d1e,44,#222113
0478f765a643ba171d1e,0, #9FA487
0478f765a643ba171d1e,9, #CDBC84
0478f765a643ba171d1e,10, #5F6033
0478f765a643ba171d1e,17, #424323
0478f765a643ba171d1e,11, #928B66
0478f765a643ba171d1e,5, #7B7A40
048142e294f07acddbf5,1, #897151
048142e294f07acddbf5,3, #4D3C2B
048142e294f07acddbf5,1, #6D5F46
048142e294f07acddbf5,0, #B89D73
048142e294f07acddbf5,93,#181510
048142e294f07acddbf5,0, #9F8865
0487c1db1d8c8ecdb6d6,3, #AB9E8F
0487c1db1d8c8ecdb6d6,14, #6F635C
0487c1db1d8c8ecdb6d6,4, #EAE4DB
0487c1db1d8c8ecdb6d6,7, #908078
0487c1db1d8c8ecdb6d6,55,#463731
0487c1db1d8c8ecdb6d6,0, #0F0F0F
0487c1db1d8c8ecdb6d6,13, #C6BDB2
0488491260eaad7d6564,72,#FAF8F3
0488491260eaad7d6564,14, #D8D3C6
0488491260eaad7d6564,1, #4E4A40
0488491260eaad7d6564,2, #7A7569
0488491260eaad7d6564,5, #B2AEA2
0488491260eaad7d6564,4, #959185
048cf43d0291e4ffbb11,70, #201B12
048cf43d0291e4ffbb11,0, #B19F77
048cf43d0291e4ffbb11,0,#998761
048cf43d0291e4ffbb11,0, #C5B792
048cf43d0291e4ffbb11,1, #7B6946
048cf43d0291e4ffbb11,27, #604628
048e882e4dd87da16dc2,15, #B0A692
048e882e4dd87da16dc2,1, #EEE5CD
048e882e4dd87da16dc2,15, #5D574A
048e882e4dd87da16dc2,1, #3D3931
048e882e4dd87da16dc2,45,#D6CCB5
048e882e4dd87da16dc2,13, #898170
048e882e4dd87da16dc2,7, #FAF8EA
049776afe6ce6bce4c03,3, #906E20
049776afe6ce6bce4c03,0, #CCC59B
049776afe6ce6bce4c03,2, #948250
049776afe6ce6bce4c03,1, #6F6945
049776afe6ce6bce4c03,0, #B4AE82
049776afe6ce6bce4c03,76,#262218
049776afe6ce6bce4c03,15, #5E4F28
049a32b09b55a295d574,6, #7F7B75
049a32b09b55a295d574,31, #CFC8B4
049a32b09b55a295d574,9, #251F1F
049a32b09b55a295d574,15, #55504E
049a32b09b55a295d574,26, #AFA792
049a32b09b55a295d574,9,#F1EBDA
04ac294556a179500458,36,#F8F6EF
04ac294556a179500458,6, #A39A83
04ac294556a179500458,49, #CABD9F
04ac294556a179500458,3, #867C66
04ac294556a179500458,1, #6E6654
04ac294556a179500458,2, #565043
04b65e6515d7cd6f1ae2,23, #433E33
04b65e6515d7cd6f1ae2,39, #D1C6A3
04b65e6515d7cd6f1ae2,11, #8F8263
04b65e6515d7cd6f1ae2,8, #AFA078
04b65e6515d7cd6f1ae2,4, #151A1B
04b65e6515d7cd6f1ae2,13,#6D634A
04b75779f781a8165bc8,15, #A79667
04b75779f781a8165bc8,2, #F5EAB7
04b75779f781a8165bc8,22, #736248
04b75779f781a8165bc8,9, #D1C38E
04b75779f781a8165bc8,15,#161112
04b75779f781a8165bc8,34, #42342E
04b7a75d22950679e496,14, #C2BBAF
04b7a75d22950679e496,0,#FEFCE7
04b7a75d22950679e496,20, #614D38
04b7a75d22950679e496,14, #A9A092
04b7a75d22950679e496,26, #DED9CF
04b7a75d22950679e496,23, #897C6C
04b7cbe29fdb7cc16089,23,#E9DBBF
04b7cbe29fdb7cc16089,21, #A89170
04b7cbe29fdb7cc16089,15, #C9C1AB
04b7cbe29fdb7cc16089,33, #776A57
04b7cbe29fdb7cc16089,0, #FEF8E2
04b7cbe29fdb7cc16089,5, #4B483E
04be3e1fbcad748d7be7,2,#E0DAC6
04be3e1fbcad748d7be7,13, #605C4D
04be3e1fbcad748d7be7,42, #353128
04be3e1fbcad748d7be7,23, #B5AB94
04be3e1fbcad748d7be7,7, #FBFAF3
04be3e1fbcad748d7be7,9, #86806B
04c35dde75a84b883803,8, #EBE4D7
04c35dde75a84b883803,3, #3A3733
04c35dde75a84b883803,12,#827C72
04c35dde75a84b883803,39, #C0B9AF
04c35dde75a84b883803,20, #5C574F
04c35dde75a84b883803,15, #A3998B
04c5d445aae37941fad8,7, #5A564F
04c5d445aae37941fad8,1, #3E3C38
04c5d445aae37941fad8,23, #C1B9AC
04c5d445aae37941fad8,38,#E9E0D3
04c5d445aae37941fad8,7, #8F8A7F
04c5d445aae37941fad8,11, #A29D92
04c5d445aae37941fad8,10, #79746B
04c6980ec742cdb14728,6, #A29789
04c6980ec742cdb14728,1, #C6B9A7
04c6980ec742cdb14728,43, #362B22
04c6980ec742cdb14728,14, #7D6C5A
04c6980ec742cdb14728,9,#F5F2EA
04c6980ec742cdb14728,25, #594839
04d8ebb5b31805e0d6e4,0,#FAF6E3
04d8ebb5b31805e0d6e4,4, #68624E
04d8ebb5b31805e0d6e4,48, #DFDAC7
04d8ebb5b31805e0d6e4,16, #B6AD94
04d8ebb5b31805e0d6e4,26, #36342F
04d8ebb5b31805e0d6e4,3, #90876D
04d9908cf32044e83ce7,12, #ACA498
04d9908cf32044e83ce7,11, #4E4945
04d9908cf32044e83ce7,20, #CDC5B6
04d9908cf32044e83ce7,5, #2B2725
04d9908cf32044e83ce7,27, #7D766E
04d9908cf32044e83ce7,22,#F6F2EA
04e508fa91cd39c4d377,30,#343023
04e508fa91cd39c4d377,7, #6C5E45
04e508fa91cd39c4d377,5, #ECE7BC
04e508fa91cd39c4d377,5, #908872
04e508fa91cd39c4d377,43, #090805
04e508fa91cd39c4d377,7, #C9BC99
04e81b7d844176291ab9,3, #665B3B
04e81b7d844176291ab9,3, #83764A
04e81b7d844176291ab9,61,#201C0D
04e81b7d844176291ab9,0, #A78E43
04e81b7d844176291ab9,0, #959278
04e81b7d844176291ab9,0, #BDA468
04e81b7d844176291ab9,29, #453A1E
04eb5f0ed4420efa5962,0,#CB120B
04eb5f0ed4420efa5962,3, #947F51
04eb5f0ed4420efa5962,1, #D1AE71
04eb5f0ed4420efa5962,21, #171404
04eb5f0ed4420efa5962,2, #F3DCA8
04eb5f0ed4420efa5962,71, #5D3E20
04f44015e694f743575c,21, #605B4E
04f44015e694f743575c,1,#F9F5EA
04f44015e694f743575c,36, #B1A998
04f44015e694f743575c,4, #353128
04f44015e694f743575c,17, #888070
04f44015e694f743575c,17, #DCD3BD
04fa5cfa1591e48693f4,21, #625C57
04fa5cfa1591e48693f4,7,#EAE3D0
04fa5cfa1591e48693f4,32, #A49E93
04fa5cfa1591e48693f4,9, #C8C2B4
04fa5cfa1591e48693f4,21, #817A73
04fa5cfa1591e48693f4,6, #484340
04fcb3d12fd90f619585,0, #5A564B
04fcb3d12fd90f619585,0, #7D7462
04fcb3d12fd90f619585,0, #393833
04fcb3d12fd90f619585,26, #D9CFB3
04fcb3d12fd90f619585,16, #C6B993
04fcb3d12fd90f619585,19, #A3997E
04fcb3d12fd90f619585,37,#F3F0E3
0505cbbc7176580cb9f7,5, #423E36
0505cbbc7176580cb9f7,6, #7F7A6F
0505cbbc7176580cb9f7,77,#AAA495
0505cbbc7176580cb9f7,4, #615C52
0505cbbc7176580cb9f7,5, #F9F9F4
0505cbbc7176580cb9f7,0, #E5E3D7
0505cbbc7176580cb9f7,0, #CEC9B7
050b4ac00b1c53d7d7f4,51,#7B866C
050b4ac00b1c53d7d7f4,10, #61715E
050b4ac00b1c53d7d7f4,15, #545A44
050b4ac00b1c53d7d7f4,13, #45432D
050b4ac00b1c53d7d7f4,3, #A9A67D
050b4ac00b1c53d7d7f4,4, #2E291A
050b4ac00b1c53d7d7f4,1, #CEC79D
0511345b93c987350b5c,23, #202C21
0511345b93c987350b5c,18,#070A07
0511345b93c987350b5c,10, #8F9887
0511345b93c987350b5c,12, #717C68
0511345b93c987350b5c,20, #364330
0511345b93c987350b5c,15, #505B46
0512813a8c5e8d6d8fdb,22, #E2DBC7
0512813a8c5e8d6d8fdb,0, #615D4C
0512813a8c5e8d6d8fdb,6, #A59E8C
0512813a8c5e8d6d8fdb,1, #848170
0512813a8c5e8d6d8fdb,5, #CBC3AE
0512813a8c5e8d6d8fdb,0, #736F5E
0512813a8c5e8d6d8fdb,63,#F7F6EE
0514b9f95aefd1f3a292,25, #A89F7D
0514b9f95aefd1f3a292,1,#E2DEC9
0514b9f95aefd1f3a292,9, #857D64
0514b9f95aefd1f3a292,0, #413D2E
0514b9f95aefd1f3a292,56, #C8C1A1
0514b9f95aefd1f3a292,6, #5D5845
051be11150e72c004c4e,0, #4A4538
051be11150e72c004c4e,17, #AB9D79
051be11150e72c004c4e,55,#BAAD8B
051be11150e72c004c4e,3, #C8BEA1
051be11150e72c004c4e,7, #837859
051be11150e72c004c4e,5, #665E47
051be11150e72c004c4e,10, #998B6B
051c1123b8e4f1b8301f,10, #585952
051c1123b8e4f1b8301f,12, #E6E7E9
051c1123b8e4f1b8301f,12, #797D73
051c1123b8e4f1b8301f,21, #373736
051c1123b8e4f1b8301f,14, #9FA09B
051c1123b8e4f1b8301f,0, #CDCCC3
051c1123b8e4f1b8301f,27,#1E1E1E
0523dabae26a70e415e2,13, #7B7C73
0523dabae26a70e415e2,14, #363532
0523dabae26a70e415e2,14, #ACA897
0523dabae26a70e415e2,31, #F0EEDB
0523dabae26a70e415e2,8,#D0CEBC
0523dabae26a70e415e2,18, #545653
052794a643f3c4241823,12, #6D685A
052794a643f3c4241823,19, #DFD7C5
052794a643f3c4241823,19, #F6F1E3
052794a643f3c4241823,2, #C5BFB0
052794a643f3c4241823,3, #ACA89B
052794a643f3c4241823,37,#434039
052794a643f3c4241823,4, #938E80
052c56fa227f313e87e9,10, #86837B
052c56fa227f313e87e9,24, #CAC4BB
052c56fa227f313e87e9,12, #A49F98
052c56fa227f313e87e9,46,#F7F1E9
052c56fa227f313e87e9,3, #6A6961
052c56fa227f313e87e9,1, #4E4E48
052d28b859f637941e11,8, #4E3C29
052d28b859f637941e11,4, #312116
052d28b859f637941e11,10, #695941
052d28b859f637941e11,37,#E1D1AF
052d28b859f637941e11,18, #B8AC90
052d28b859f637941e11,8, #81735A
052d28b859f637941e11,11, #9D9075
05321682b623233d465b,1, #433225
05321682b623233d465b,9, #F7F6F4
05321682b623233d465b,5, #816C55
05321682b623233d465b,22, #DDDCD4
05321682b623233d465b,24, #C4C4B8
05321682b623233d465b,34,#A0937A
05321682b623233d465b,2, #7B513E
0532ceb5913930b88ace,66, #3A3628
0532ceb5913930b88ace,5,#505C5F
0532ceb5913930b88ace,2, #A59257
0532ceb5913930b88ace,15, #121212
0532ceb5913930b88ace,8, #7B7143
0532ceb5913930b88ace,2, #C0AF75
05364942e958dd38a2d6,4, #634C22
05364942e958dd38a2d6,19, #BCB663
05364942e958dd38a2d6,54,#100D07
05364942e958dd38a2d6,9, #AD863B
05364942e958dd38a2d6,5, #3B2D14
05364942e958dd38a2d6,5, #8D6B2E
05364942e958dd38a2d6,0, #DED572
05380c6139687c777f28,8, #9F9C8F
05380c6139687c777f28,21, #C0BDB0
05380c6139687c777f28,6, #898678
05380c6139687c777f28,0, #2F2E28
05380c6139687c777f28,12, #676457
05380c6139687c777f28,7, #48463C
05380c6139687c777f28,42,#F1EEE7
053d4f9753b62af6b47d,19, #E6E0CB
053d4f9753b62af6b47d,0,#FDF9E3
053d4f9753b62af6b47d,25, #706E61
053d4f9753b62af6b47d,18, #959282
053d4f9753b62af6b47d,24, #484840
053d4f9753b62af6b47d,12, #C0BBA9
05466ab5fee1a87cb494,2, #4F4E46
05466ab5fee1a87cb494,4, #6B6B60
05466ab5fee1a87cb494,0, #2F2B24
05466ab5fee1a87cb494,10, #909085
05466ab5fee1a87cb494,32, #D9D7CA
05466ab5fee1a87cb494,13, #B7B5A9
05466ab5fee1a87cb494,35,#F9F8F4
0547c43a3bedbe89b56f,3, #47443A
0547c43a3bedbe89b56f,14, #F7F6EF
0547c43a3bedbe89b56f,35,#DFD9C3
0547c43a3bedbe89b56f,11, #847E6B
0547c43a3bedbe89b56f,16, #C0B9A4
0547c43a3bedbe89b56f,10, #9D9887
0547c43a3bedbe89b56f,8, #656051
05483d6c5b2c59bb021c,74,#1A1812
05483d6c5b2c59bb021c,4, #584B2D
05483d6c5b2c59bb021c,18, #393120
05483d6c5b2c59bb021c,0, #988752
05483d6c5b2c59bb021c,1, #756236
05483d6c5b2c59bb021c,0, #BDAE6F
05499b82fed96c6ec5fc,8, #858173
05499b82fed96c6ec5fc,6, #31302A
05499b82fed96c6ec5fc,5,#F8F4DE
05499b82fed96c6ec5fc,55, #DAD5C1
05499b82fed96c6ec5fc,9, #AEAA99
05499b82fed96c6ec5fc,14, #5E5C51
054b7cee6074fb3a4824,18, #A49E7D
054b7cee6074fb3a4824,8, #E1DEB2
054b7cee6074fb3a4824,7, #CABC7B
054b7cee6074fb3a4824,1, #BF835B
054b7cee6074fb3a4824,18,#555140
054b7cee6074fb3a4824,45, #867455
055ac6537be787fd7957,18, #757567
055ac6537be787fd7957,11, #B6B1A1
055ac6537be787fd7957,8, #999688
055ac6537be787fd7957,2,#FBF9F5
055ac6537be787fd7957,28, #DDD7C7
055ac6537be787fd7957,30, #3D3F35
0566f6da6101c7553e3d,18, #9C9586
0566f6da6101c7553e3d,0, #56574C
0566f6da6101c7553e3d,4, #D2D4D1
0566f6da6101c7553e3d,8, #767165
0566f6da6101c7553e3d,0,#424338
0566f6da6101c7553e3d,67, #AAAEAB
05678d74ce36df3475e0,4, #635F51
05678d74ce36df3475e0,75, #E3DCC3
05678d74ce36df3475e0,7, #928C7B
05678d74ce36df3475e0,1,#FAF8EC
05678d74ce36df3475e0,8, #BFB89F
05678d74ce36df3475e0,2, #3E3C31
0572368d6cbd204bc726,7, #797563
0572368d6cbd204bc726,51, #251A09
0572368d6cbd204bc726,8,#7A878E
0572368d6cbd204bc726,16, #4D3C1D
0572368d6cbd204bc726,12, #5C5239
0572368d6cbd204bc726,3, #A9ABA0
0572ef893ddb0fbc22e8,38, #CEC6AF
0572ef893ddb0fbc22e8,2, #3A3831
0572ef893ddb0fbc22e8,15, #A29B86
0572ef893ddb0fbc22e8,11, #7A7667
0572ef893ddb0fbc22e8,11, #59554A
0572ef893ddb0fbc22e8,20,#F4F1DD
0573ce39d15eb448554e,26, #AFAB8E
0573ce39d15eb448554e,14, #484A39
0573ce39d15eb448554e,32, #D7CFA7
0573ce39d15eb448554e,4, #888669
0573ce39d15eb448554e,16, #232319
0573ce39d15eb448554e,6,#696A52
05779c6d62f57edacacc,7, #857E70
05779c6d62f57edacacc,55,#CBC7B0
05779c6d62f57edacacc,11, #58483F
05779c6d62f57edacacc,17, #A69F8C
05779c6d62f57edacacc,3, #3B2922
05779c6d62f57edacacc,4, #71665A
05799fcdaf4051a79b06,6, #DDCCAE
05799fcdaf4051a79b06,5, #322F24
05799fcdaf4051a79b06,8, #AF9F81
05799fcdaf4051a79b06,25, #725F46
05799fcdaf4051a79b06,34,#937657
05799fcdaf4051a79b06,0, #994D34
05799fcdaf4051a79b06,19, #5A402E
057cd62bcdbe4a5242f9,5, #676457
057cd62bcdbe4a5242f9,11, #B3977C
057cd62bcdbe4a5242f9,7, #F7F7F0
057cd62bcdbe4a5242f9,14, #7B7A69
057cd62bcdbe4a5242f9,5, #CDC6AA
057cd62bcdbe4a5242f9,0, #B4745B
057cd62bcdbe4a5242f9,56,#E5DFC6
057d2edb3ca3f2186faa,6, #4E4C42
057d2edb3ca3f2186faa,33,#F4EFDC
057d2edb3ca3f2186faa,14, #928D7F
057d2edb3ca3f2186faa,5, #B0AB9C
057d2edb3ca3f2186faa,18, #CDC7B5
057d2edb3ca3f2186faa,20, #6A665B
057d2edb3ca3f2186faa,2, #302F29
0589556c4daf2b583c6d,31, #F0ECD5
0589556c4daf2b583c6d,11, #5E5F4E
0589556c4daf2b583c6d,12, #3B3D2F
0589556c4daf2b583c6d,28, #AEAA94
0589556c4daf2b583c6d,15,#81806C
0589556c4daf2b583c6d,1, #181C13
058cf17e851e1ab4fa54,5, #9B9588
058cf17e851e1ab4fa54,0, #362D28
058cf17e851e1ab4fa54,66,#F4EDDB
058cf17e851e1ab4fa54,6, #B7B2A4
058cf17e851e1ab4fa54,5, #7B7669
058cf17e851e1ab4fa54,2, #565148
058cf17e851e1ab4fa54,13, #D4CEBE
059037b8b0ba0c053dec,21, #765947
059037b8b0ba0c053dec,4, #BBB6AE
059037b8b0ba0c053dec,3, #A79D8F
059037b8b0ba0c053dec,32,#908270
059037b8b0ba0c053dec,6, #201712
059037b8b0ba0c053dec,30, #4A382F
059037b8b0ba0c053dec,1, #D6D4D1
05903f051dc4f2786541,10, #AAA390
05903f051dc4f2786541,7, #E7E2CD
05903f051dc4f2786541,41, #45443D
05903f051dc4f2786541,17, #797365
05903f051dc4f2786541,17, #D3C7AD
05903f051dc4f2786541,5,#FAFAF5
059d3f4c2f2c5b13ae15,8, #F2F2EF
059d3f4c2f2c5b13ae15,17, #D7D6CC
059d3f4c2f2c5b13ae15,1, #463021
059d3f4c2f2c5b13ae15,5, #837564
059d3f4c2f2c5b13ae15,5, #63503F
059d3f4c2f2c5b13ae15,8, #9E988D
059d3f4c2f2c5b13ae15,51,#BDBAAC
05a35c04d0b2bb001d8f,7, #68685D
05a35c04d0b2bb001d8f,26, #AFAC9F
05a35c04d0b2bb001d8f,10, #3E4038
05a35c04d0b2bb001d8f,40, #D5D1C5
05a35c04d0b2bb001d8f,10, #87867A
05a35c04d0b2bb001d8f,4,#F6F4EE
05a61adc8857ecc6264e,0, #E3D8A8
05a61adc8857ecc6264e,0, #CEBC85
05a61adc8857ecc6264e,93,#2C2412
05a61adc8857ecc6264e,1, #95855A
05a61adc8857ecc6264e,1, #766C47
05a61adc8857ecc6264e,1, #5A5332
05a61adc8857ecc6264e,1, #B49E6A
05a8b1a997eb28507d84,11, #B9B9B9
05a8b1a997eb28507d84,13, #707070
05a8b1a997eb28507d84,4, #DEDEDE
05a8b1a997eb28507d84,17, #141414
05a8b1a997eb28507d84,25, #8F8F8F
05a8b1a997eb28507d84,26,#414141
05a8b1a997eb28507d84,0, #F9F9F9
05abbb903b76a9f6f074,8,#F8F6F0
05abbb903b76a9f6f074,21, #6A543B
05abbb903b76a9f6f074,9, #A89B83
05abbb903b76a9f6f074,28, #887456
05abbb903b76a9f6f074,17, #453829
05abbb903b76a9f6f074,14, #D5CAAE
05b3abc4d506cc516827,11, #0D0E0D
05b3abc4d506cc516827,5, #A57748
05b3abc4d506cc516827,14, #AA9883
05b3abc4d506cc516827,5,#68645B
05b3abc4d506cc516827,25, #C7BFB2
05b3abc4d506cc516827,36, #573723
05b86f885c9a08711fc9,4, #32312A
05b86f885c9a08711fc9,24,#6A675C
05b86f885c9a08711fc9,18, #4C4B42
05b86f885c9a08711fc9,11, #A19C92
05b86f885c9a08711fc9,7, #EBE4D6
05b86f885c9a08711fc9,17, #C2BAAB
05b86f885c9a08711fc9,14, #88847A
05bced8cf14631fba609,4, #876838
05bced8cf14631fba609,8, #D0C699
05bced8cf14631fba609,60,#50461D
05bced8cf14631fba609,12, #E3E0C6
05bced8cf14631fba609,9, #B2A171
05bced8cf14631fba609,1, #262513
05bced8cf14631fba609,3, #A08254
05c5e73ecc47c1fde4bf,2, #3A2C22
05c5e73ecc47c1fde4bf,5, #978B73
05c5e73ecc47c1fde4bf,8,#F4F0EB
05c5e73ecc47c1fde4bf,7, #C1B69A
05c5e73ecc47c1fde4bf,65, #DAD1BE
05c5e73ecc47c1fde4bf,10, #715C3F
05cca4d2781c2b167a04,49, #D3CDB6
05cca4d2781c2b167a04,2, #101011
05cca4d2781c2b167a04,2,#F4F5F0
05cca4d2781c2b167a04,23, #746E62
05cca4d2781c2b167a04,7, #AFA68F
05cca4d2781c2b167a04,13, #363431
05cfc10f8631119dffd6,6, #8E7566
05cfc10f8631119dffd6,4,#F7F6F2
05cfc10f8631119dffd6,50, #D3C5B0
05cfc10f8631119dffd6,11, #A69787
05cfc10f8631119dffd6,19, #523933
05cfc10f8631119dffd6,7, #71584D
05db3f8de967557ce6b6,24, #31333A
05db3f8de967557ce6b6,8, #0E0C0B
05db3f8de967557ce6b6,1, #F9F2D0
05db3f8de967557ce6b6,4,#546794
05db3f8de967557ce6b6,51, #8E7B58
05db3f8de967557ce6b6,9, #D7C183
05dbfd63ea66d03874f0,21, #504F47
05dbfd63ea66d03874f0,15, #E7E1CC
05dbfd63ea66d03874f0,17, #747268
05dbfd63ea66d03874f0,19, #353430
05dbfd63ea66d03874f0,15, #BEB8A7
05dbfd63ea66d03874f0,11,#99968A
05dcbe8c5e2f934344b4,8, #8F713F
05dcbe8c5e2f934344b4,21, #0B0907
05dcbe8c5e2f934344b4,3, #B7AE93
05dcbe8c5e2f934344b4,5, #958A6C
05dcbe8c5e2f934344b4,36,#362D1E
05dcbe8c5e2f934344b4,20, #544D3B
05dcbe8c5e2f934344b4,3, #D9D7C4
05eb1d2edc5eb3fbebcf,64, #25262E
05eb1d2edc5eb3fbebcf,22, #584D48
05eb1d2edc5eb3fbebcf,1, #85786F
05eb1d2edc5eb3fbebcf,9,#080B11
05eb1d2edc5eb3fbebcf,0, #DFC199
05eb1d2edc5eb3fbebcf,0, #A99A8B
05eba20246240e5ea737,19, #96948C
05eba20246240e5ea737,6, #DAD7CC
05eba20246240e5ea737,19, #34342D
05eba20246240e5ea737,3, #BDBBB3
05eba20246240e5ea737,16, #58584F
05eba20246240e5ea737,12, #73726A
05eba20246240e5ea737,22,#F8F7F3
05f0be82bceeb3a61fc5,46, #6B6B63
05f0be82bceeb3a61fc5,0, #D4D2C5
05f0be82bceeb3a61fc5,9, #B8B6AB
05f0be82bceeb3a61fc5,25, #939288
05f0be82bceeb3a61fc5,17, #4E4D46
05f0be82bceeb3a61fc5,0,#323630
05f15f4d3728a80eaaa5,31, #9E9480
05f15f4d3728a80eaaa5,15,#84755C
05f15f4d3728a80eaaa5,0, #EDEBDF
05f15f4d3728a80eaaa5,50, #CCC3A6
05f15f4d3728a80eaaa5,1, #49443E
05f15f4d3728a80eaaa5,0, #1D1409
05f8831db2d54e49f397,10, #BDBAAE
05f8831db2d54e49f397,8, #9F9D91
05f8831db2d54e49f397,1, #303029
05f8831db2d54e49f397,5, #4E4D43
05f8831db2d54e49f397,9, #7A796D
05f8831db2d54e49f397,64,#EEE9DC
0601ca88917aac924e33,24, #191710
0601ca88917aac924e33,3, #867F5B
0601ca88917aac924e33,18, #6A5F3D
0601ca88917aac924e33,2, #AA925F
0601ca88917aac924e33,0, #D4C78D
0601ca88917aac924e33,0, #BDA971
0601ca88917aac924e33,48,#473B23
06098a2388b406454133,98, #E1DAC8
06098a2388b406454133,0,#595750
06098a2388b406454133,0, #9F7B4F
06098a2388b406454133,0, #AE9D88
06098a2388b406454133,0, #837F74
06098a2388b406454133,0, #BCB7AA
06238792ac69ae7ac1ca,9, #ACA492
06238792ac69ae7ac1ca,8, #8C897B
06238792ac69ae7ac1ca,8, #6C6B5D
06238792ac69ae7ac1ca,6, #F9F7E6
06238792ac69ae7ac1ca,1, #4D4D41
06238792ac69ae7ac1ca,57,#DCD9C7
06238792ac69ae7ac1ca,9, #C2BDA9
0625ae596466e72b7efb,0, #D9D7C2
0625ae596466e72b7efb,43,#14110A
0625ae596466e72b7efb,32, #3A2F16
0625ae596466e72b7efb,3, #BAB188
0625ae596466e72b7efb,5, #9D8D65
0625ae596466e72b7efb,14, #645A3B
062fbea3f75f6b835de5,12, #7C7666
062fbea3f75f6b835de5,0, #403523
062fbea3f75f6b835de5,11, #59564D
062fbea3f75f6b835de5,10, #EAE5D4
062fbea3f75f6b835de5,30,#D2CCBA
062fbea3f75f6b835de5,10, #A19883
062fbea3f75f6b835de5,25, #BEB49D
063163f4fd05d2d9b8bd,0, #2E352F
063163f4fd05d2d9b8bd,7, #9E9C8B
063163f4fd05d2d9b8bd,64,#F6F2E1
063163f4fd05d2d9b8bd,16, #C1BCA6
063163f4fd05d2d9b8bd,7, #797A6C
063163f4fd05d2d9b8bd,3, #51564C
06350bf9a220f7df2b5b,5, #808569
06350bf9a220f7df2b5b,3, #BAB082
06350bf9a220f7df2b5b,4, #E8E1CB
06350bf9a220f7df2b5b,6,#222018
06350bf9a220f7df2b5b,4, #B58648
06350bf9a220f7df2b5b,75, #4C4632
0635a20ecb2eeceed114,17, #836F39
0635a20ecb2eeceed114,27,#56462B
0635a20ecb2eeceed114,15, #372B1D
0635a20ecb2eeceed114,7, #1F1510
0635a20ecb2eeceed114,4, #BDB695
0635a20ecb2eeceed114,21, #928660
0635a20ecb2eeceed114,5, #D1CBAC
063939761a13505e8b67,14, #AAA49A
063939761a13505e8b67,18, #F4EEE0
063939761a13505e8b67,1, #4D423D
063939761a13505e8b67,6, #66564B
063939761a13505e8b67,13, #917769
063939761a13505e8b67,21, #E2DBCC
063939761a13505e8b67,24,#CCC4B5
063e7c9e93bfbfb9a4a7,26,#F5F2E5
063e7c9e93bfbfb9a4a7,12, #969184
063e7c9e93bfbfb9a4a7,4, #7B7667
063e7c9e93bfbfb9a4a7,26, #B9B4A6
063e7c9e93bfbfb9a4a7,28, #DEDACB
063e7c9e93bfbfb9a4a7,1, #555143
06469a7022e574fd01fa,15, #757A4A
06469a7022e574fd01fa,44, #4D5127
06469a7022e574fd01fa,7,#0B0C02
06469a7022e574fd01fa,23, #2E2C08
06469a7022e574fd01fa,6, #9E9E6E
06469a7022e574fd01fa,1, #BDBC8D
0647c9b75d38bf6d88f3,32, #46453C
0647c9b75d38bf6d88f3,1,#D5CC9D
0647c9b75d38bf6d88f3,16, #88876E
0647c9b75d38bf6d88f3,14, #B0AB83
0647c9b75d38bf6d88f3,17, #6A664F
0647c9b75d38bf6d88f3,18, #222422
064ef860f95423167731,18, #9C9789
064ef860f95423167731,7, #31302C
064ef860f95423167731,20, #F8F6ED
064ef860f95423167731,4, #BCB6A4
064ef860f95423167731,19, #5A584F
064ef860f95423167731,20,#DFD6BE
064ef860f95423167731,9, #7E796D
064fc8c5af6dc9b9a025,7, #766D65
064fc8c5af6dc9b9a025,6, #9C938A
064fc8c5af6dc9b9a025,5, #49413B
064fc8c5af6dc9b9a025,76, #CAC0B3
064fc8c5af6dc9b9a025,0,#FEFEFE
064fc8c5af6dc9b9a025,5, #EDE4DC
06524cb3bd4b067bc027,36,#756B62
06524cb3bd4b067bc027,31, #554C47
06524cb3bd4b067bc027,1, #C3BBA5
06524cb3bd4b067bc027,3, #FAF9F7
06524cb3bd4b067bc027,10, #A59B8A
06524cb3bd4b067bc027,15, #37312E
06524cb3bd4b067bc027,0, #D9D6C7
06539942f695e00a9181,6, #F5F1E2
06539942f695e00a9181,12, #B0A998
06539942f695e00a9181,19, #8D877A
06539942f695e00a9181,3,#D3CCB8
06539942f695e00a9181,17, #746E60
06539942f695e00a9181,41, #48453C
0656b4c350acde90f71b,10, #918263
0656b4c350acde90f71b,13, #483C27
0656b4c350acde90f71b,16,#050402
0656b4c350acde90f71b,33, #231A0D
0656b4c350acde90f71b,18, #C4BA9B
0656b4c350acde90f71b,9, #6C5C3E
065a799311ad9020b5c8,1, #9B9990
065a799311ad9020b5c8,18, #444340
065a799311ad9020b5c8,50, #D6D0BB
065a799311ad9020b5c8,0,#FDFDFD
065a799311ad9020b5c8,4, #282823
065a799311ad9020b5c8,23, #6F6B5F
065af8278e37e15a9717,6, #4C4A3F
065af8278e37e15a9717,20, #C3C0B2
065af8278e37e15a9717,41,#EEEBDF
065af8278e37e15a9717,9, #676459
065af8278e37e15a9717,3, #2B2921
065af8278e37e15a9717,18, #949186
065e894ec33cb872f9ee,7, #948F7F
065e894ec33cb872f9ee,4, #FCFAF0
065e894ec33cb872f9ee,40,#E7E3D1
065e894ec33cb872f9ee,5, #706C5D
065e894ec33cb872f9ee,17, #B0AA99
065e894ec33cb872f9ee,23, #CCC6B2
065e894ec33cb872f9ee,1, #4A473E
0664fcda814cb7078983,17, #3E3227
0664fcda814cb7078983,3, #A59B85
0664fcda814cb7078983,9, #6A5C4D
0664fcda814cb7078983,3, #857866
0664fcda814cb7078983,61,#E5E3CB
0664fcda814cb7078983,0, #FEFEF4
0664fcda814cb7078983,4, #CFC8A8
06652296686fd5c4899f,2, #B19366
06652296686fd5c4899f,0,#B2AA8A
06652296686fd5c4899f,9, #87734E
06652296686fd5c4899f,35, #3A2516
06652296686fd5c4899f,10, #695431
06652296686fd5c4899f,42, #100C0A
066c7adb38ab3a8140b9,40, #F6ECD6
066c7adb38ab3a8140b9,47, #E0D6C1
066c7adb38ab3a8140b9,2,#9D968C
066c7adb38ab3a8140b9,0, #847E72
066c7adb38ab3a8140b9,0, #67615A
066c7adb38ab3a8140b9,8, #C0B6A6
067278bd6f463d8c5bbc,0, #494439
067278bd6f463d8c5bbc,4, #878070
067278bd6f463d8c5bbc,48, #D3CBB6
067278bd6f463d8c5bbc,18, #ABA38E
067278bd6f463d8c5bbc,28, #F9F7EE
067278bd6f463d8c5bbc,0,#6D6656
0672dbc5f46db9dc10e0,7, #837F6A
0672dbc5f46db9dc10e0,48, #AAA895
0672dbc5f46db9dc10e0,6, #181817
0672dbc5f46db9dc10e0,16, #36352D
0672dbc5f46db9dc10e0,7, #D0CBB4
0672dbc5f46db9dc10e0,12,#595444
0673f3810fe96e0c175a,5, #705E4B
0673f3810fe96e0c175a,12, #999286
0673f3810fe96e0c175a,3, #5A4838
0673f3810fe96e0c175a,9, #F1F0EF
0673f3810fe96e0c175a,36,#BDAE92
0673f3810fe96e0c175a,15, #877660
0673f3810fe96e0c175a,16, #DAD3C5
067b50c06cfdb00de356,50,#0B0D08
067b50c06cfdb00de356,3, #524B3A
067b50c06cfdb00de356,2, #836D4C
067b50c06cfdb00de356,7, #753A1F
067b50c06cfdb00de356,36, #342C22
067b50c06cfdb00de356,0, #A08D6B
067b50c06cfdb00de356,0, #B5AB8C
067f74cd4be8b56771f3,13, #2A2521
067f74cd4be8b56771f3,11, #6C6048
067f74cd4be8b56771f3,5, #8C7B58
067f74cd4be8b56771f3,0, #D2B880
067f74cd4be8b56771f3,2, #AE976C
067f74cd4be8b56771f3,23, #4F4739
067f74cd4be8b56771f3,43,#070605
068654231b78cd20e90b,14, #382D28
068654231b78cd20e90b,3, #605247
068654231b78cd20e90b,21, #1C1412
068654231b78cd20e90b,37,#DDDFD2
068654231b78cd20e90b,10, #A2998B
068654231b78cd20e90b,8, #BFB9A9
068654231b78cd20e90b,3, #80786D
068679217a5747ac1161,0, #353924
068679217a5747ac1161,2, #AAA596
068679217a5747ac1161,86,#FBF8ED
068679217a5747ac1161,1, #5A5845
068679217a5747ac1161,6, #D3CDBB
068679217a5747ac1161,2, #847F6E
06905201c2635c4bb8cd,17, #5F5147
06905201c2635c4bb8cd,13, #D1C3AE
06905201c2635c4bb8cd,40, #3F3228
06905201c2635c4bb8cd,15, #AFA290
06905201c2635c4bb8cd,0, #E6DED4
06905201c2635c4bb8cd,13,#83786F
069aa635d67c31ff9420,5, #6F6852
069aa635d67c31ff9420,6, #918B77
069aa635d67c31ff9420,6, #FBF9F1
069aa635d67c31ff9420,49,#ECE3CC
069aa635d67c31ff9420,8, #B1A992
069aa635d67c31ff9420,21, #D2C8AE
069aa635d67c31ff9420,2, #494232
069bcb66321e6c24565e,11, #A7A397
069bcb66321e6c24565e,52,#EBE8DD
069bcb66321e6c24565e,0, #454037
069bcb66321e6c24565e,24, #CBC6B9
069bcb66321e6c24565e,7, #807B70
069bcb66321e6c24565e,0, #FEFEF4
069bcb66321e6c24565e,2, #5E594E
06a9dead5c5889b3bf2e,31, #928B79
06a9dead5c5889b3bf2e,28, #E5DAC4
06a9dead5c5889b3bf2e,25, #C1B69E
06a9dead5c5889b3bf2e,2,#FEFDF4
06a9dead5c5889b3bf2e,11, #615B4F
06a9dead5c5889b3bf2e,0, #39352E
06ac4602054c491cd96d,4, #38382D
06ac4602054c491cd96d,6, #C3BEAF
06ac4602054c491cd96d,12, #DFD9C9
06ac4602054c491cd96d,17, #797768
06ac4602054c491cd96d,31,#535246
06ac4602054c491cd96d,12, #F9F6EB
06ac4602054c491cd96d,15, #9F9C8C
06b1b04516ff6e51cd03,2, #BDAF90
06b1b04516ff6e51cd03,8, #D0C8B2
06b1b04516ff6e51cd03,1, #716651
06b1b04516ff6e51cd03,5, #968C78
06b1b04516ff6e51cd03,0, #514631
06b1b04516ff6e51cd03,0, #282115
06b1b04516ff6e51cd03,82,#F2EFE0
06b1da3ddff2059c2899,1, #79633B
06b1da3ddff2059c2899,0, #B2955B
06b1da3ddff2059c2899,11, #5A4523
06b1da3ddff2059c2899,85,#261D0E
06b1da3ddff2059c2899,0, #C2AD6F
06b1da3ddff2059c2899,0, #917745
06b6e6850666f98bf210,9, #C9C8CF
06b6e6850666f98bf210,22, #585759
06b6e6850666f98bf210,20, #242323
06b6e6850666f98bf210,0, #CB5449
06b6e6850666f98bf210,21, #949397
06b6e6850666f98bf210,25,#F3F1F1
06bcccab84b0553f6b33,0,#F3EED7
06bcccab84b0553f6b33,2, #CECAAA
06bcccab84b0553f6b33,28, #858754
06bcccab84b0553f6b33,22, #182219
06bcccab84b0553f6b33,2, #A5A586
06bcccab84b0553f6b33,43, #46523B
06bebde23d1c2fb7fc94,12, #605851
06bebde23d1c2fb7fc94,16, #797068
06bebde23d1c2fb7fc94,8, #C9C3B1
06bebde23d1c2fb7fc94,31,#F1EFE4
06bebde23d1c2fb7fc94,11, #413832
06bebde23d1c2fb7fc94,13, #9D9681
06bebde23d1c2fb7fc94,5, #1B130F
06c72da45262a3232f67,3,#F8F7EF
06c72da45262a3232f67,33, #D8D4C0
06c72da45262a3232f67,19, #5E5C4E
06c72da45262a3232f67,6, #AEAA97
06c72da45262a3232f67,16, #7C7B6A
06c72da45262a3232f67,19, #3C3A31
06c777100371ddfc645e,6, #ACAD9F
06c777100371ddfc645e,21, #26241F
06c777100371ddfc645e,14, #8E8D82
06c777100371ddfc645e,25,#4B4942
06c777100371ddfc645e,16, #6F6E66
06c777100371ddfc645e,0, #C8C8B9
06c777100371ddfc645e,14, #E3E1D2
06ca590d851454d54d0b,13, #F0EEE1
06ca590d851454d54d0b,4, #9F9785
06ca590d851454d54d0b,76, #CBC7B2
06ca590d851454d54d0b,3, #766A58
06ca590d851454d54d0b,0,#261D17
06ca590d851454d54d0b,2, #473A31
06cf965736a9cdfb3ff8,14, #797063
06cf965736a9cdfb3ff8,28,#F8F7ED
06cf965736a9cdfb3ff8,5, #322620
06cf965736a9cdfb3ff8,26, #51453E
06cf965736a9cdfb3ff8,10, #AEA68A
06cf965736a9cdfb3ff8,14, #D1CBB6
06e3996838ec216e9a3d,26, #837565
06e3996838ec216e9a3d,3, #2E2623
06e3996838ec216e9a3d,13, #53463F
06e3996838ec216e9a3d,43, #DAD3BC
06e3996838ec216e9a3d,0,#FEFEF7
06e3996838ec216e9a3d,12, #AFA491
06e6e115444d2aa47a63,7, #7D7B69
06e6e115444d2aa47a63,10, #E3DDC6
06e6e115444d2aa47a63,29,#F9F7EC
06e6e115444d2aa47a63,11, #A7A38F
06e6e115444d2aa47a63,10, #C9C4AD
06e6e115444d2aa47a63,14, #383830
06e6e115444d2aa47a63,15, #5F5E4F
06ed320c98e4fbcf2507,27, #686459
06ed320c98e4fbcf2507,4,#F3EEDE
06ed320c98e4fbcf2507,17, #ADA99C
06ed320c98e4fbcf2507,24, #D2CDC0
06ed320c98e4fbcf2507,20, #8C877B
06ed320c98e4fbcf2507,4, #3C3A33
06ef052d08481dc9509c,4,#F7F1E0
06ef052d08481dc9509c,9, #7B766B
06ef052d08481dc9509c,23, #C8C1B3
06ef052d08481dc9509c,23, #9F998D
06ef052d08481dc9509c,3, #545048
06ef052d08481dc9509c,35, #E1DACA
06ef6f015a6ace36d4bf,10, #79766B
06ef6f015a6ace36d4bf,16, #BAB5A8
06ef6f015a6ace36d4bf,8, #F5F1E9
06ef6f015a6ace36d4bf,32,#D7D1C4
06ef6f015a6ace36d4bf,13, #57554C
06ef6f015a6ace36d4bf,17, #989489
06ef6f015a6ace36d4bf,1, #393831
06f1780641fc3be064be,10, #878374
06f1780641fc3be064be,13, #4A473B
06f1780641fc3be064be,2, #302D24
06f1780641fc3be064be,13, #A9A495
06f1780641fc3be064be,23,#F4F1E6
06f1780641fc3be064be,21, #D4D0C0
06f1780641fc3be064be,14, #6B6658
06f24c0b5cbb892c2288,6, #9D9785
06f24c0b5cbb892c2288,10, #E4DEC8
06f24c0b5cbb892c2288,8,#F9F8E8
06f24c0b5cbb892c2288,39, #43433D
06f24c0b5cbb892c2288,13, #BEB8A5
06f24c0b5cbb892c2288,20, #747062
06f4f4a85a6eb4bdec48,23, #535247
06f4f4a85a6eb4bdec48,25, #CFCBBB
06f4f4a85a6eb4bdec48,24, #9E9B8C
06f4f4a85a6eb4bdec48,6,#F5F0DF
06f4f4a85a6eb4bdec48,16, #717063
06f4f4a85a6eb4bdec48,2, #36352D
06f54c1ab71f15923955,6,#F6F6EF
06f54c1ab71f15923955,10, #E2DAC4
06f54c1ab71f15923955,28, #A3896F
06f54c1ab71f15923955,0, #392F1B
06f54c1ab71f15923955,5, #615B58
06f54c1ab71f15923955,47, #C7BBA0
07037b07937c1aa44cd4,17,#B4AF95
07037b07937c1aa44cd4,19, #524437
07037b07937c1aa44cd4,4, #2F1F16
07037b07937c1aa44cd4,13, #756C5C
07037b07937c1aa44cd4,3, #968E77
07037b07937c1aa44cd4,40, #D2D3BA
070a627bde52d8b70e85,0, #B0B5BB
070a627bde52d8b70e85,14, #7C7967
070a627bde52d8b70e85,3, #D2BD76
070a627bde52d8b70e85,9, #E6E7E4
070a627bde52d8b70e85,6, #A89B6C
070a627bde52d8b70e85,29, #1B150E
070a627bde52d8b70e85,36,#56513B
070f0901ae2940c41115,11, #504D44
070f0901ae2940c41115,39,#F4F2EB
070f0901ae2940c41115,10, #959082
070f0901ae2940c41115,8, #757063
070f0901ae2940c41115,5, #BFB8A5
070f0901ae2940c41115,25, #DCD4C0
0710bd63840c11216368,18, #433A37
0710bd63840c11216368,14, #675D55
0710bd63840c11216368,10, #80756B
0710bd63840c11216368,21, #B3AB9A
0710bd63840c11216368,2, #F6F6F1
0710bd63840c11216368,9, #928A80
0710bd63840c11216368,22,#DCD8C5
07148184de6f3031608c,0, #484A44
07148184de6f3031608c,11, #A1A097
07148184de6f3031608c,14, #7E7E75
07148184de6f3031608c,7, #C4C3B9
07148184de6f3031608c,7, #5E5F56
07148184de6f3031608c,58,#F1F0E4
071e5c5cc16773e37d4f,64,#1A150C
071e5c5cc16773e37d4f,1, #817255
071e5c5cc16773e37d4f,2, #5E533C
071e5c5cc16773e37d4f,0, #9D8761
071e5c5cc16773e37d4f,2, #473623
071e5c5cc16773e37d4f,29, #32291D
071f950dc88bc3c72556,0,#FEFEFA
071f950dc88bc3c72556,8, #4B3628
071f950dc88bc3c72556,4, #E4DFCF
071f950dc88bc3c72556,53, #C6B99B
071f950dc88bc3c72556,20, #A3957B
071f950dc88bc3c72556,12, #746551
072192c749280eb38d0e,0, #8E7749
072192c749280eb38d0e,31,#1B1810
072192c749280eb38d0e,50, #413620
072192c749280eb38d0e,15, #5C4930
072192c749280eb38d0e,0, #A5905F
072192c749280eb38d0e,1, #7E5A38
0724b4f5088be49e3e42,3, #716152
0724b4f5088be49e3e42,3, #8C7D69
0724b4f5088be49e3e42,3, #523F33
0724b4f5088be49e3e42,9, #ABA18C
0724b4f5088be49e3e42,44, #F4F3EC
0724b4f5088be49e3e42,35,#D3CCB8
073551cba1106b5b706a,3, #D0C6B1
073551cba1106b5b706a,3, #EAE5D3
073551cba1106b5b706a,24, #6E5F53
073551cba1106b5b706a,7,#FAF9F5
073551cba1106b5b706a,7, #B5A794
073551cba1106b5b706a,53, #908272
073e1b4db815b57ae047,31, #F2F0E5
073e1b4db815b57ae047,9, #413D2F
073e1b4db815b57ae047,18,#CFCAB9
073e1b4db815b57ae047,10, #AFAA97
073e1b4db815b57ae047,18, #8A8474
073e1b4db815b57ae047,12, #6A6453
0742d6efa0b4e7df6cf1,25, #402E1E
0742d6efa0b4e7df6cf1,27,#171410
0742d6efa0b4e7df6cf1,20, #757053
0742d6efa0b4e7df6cf1,4, #94977E
0742d6efa0b4e7df6cf1,5, #AF9053
0742d6efa0b4e7df6cf1,2, #CCB988
0742d6efa0b4e7df6cf1,14, #6B4930
07491ce4cde5cb698bdd,9, #87817A
07491ce4cde5cb698bdd,10, #AAA39B
07491ce4cde5cb698bdd,30, #CBC1B5
07491ce4cde5cb698bdd,8, #44403E
07491ce4cde5cb698bdd,35,#EDE4D9
07491ce4cde5cb698bdd,5, #68625E
0757cbb843cbbaaaee5e,29, #6B6555
0757cbb843cbbaaaee5e,25, #2C281F
0757cbb843cbbaaaee5e,13, #7B7567
0757cbb843cbbaaaee5e,9, #958F7E
0757cbb843cbbaaaee5e,0, #B1A386
0757cbb843cbbaaaee5e,21,#504B3D
0759ebf3e2cccdbd18a6,57,#17160A
0759ebf3e2cccdbd18a6,2, #CDA862
0759ebf3e2cccdbd18a6,4, #988450
0759ebf3e2cccdbd18a6,0, #716D4F
0759ebf3e2cccdbd18a6,32, #372F19
0759ebf3e2cccdbd18a6,4, #5F4F28
0761c9cfe3df2b7714fa,0, #737167
0761c9cfe3df2b7714fa,0, #8A877C
0761c9cfe3df2b7714fa,96,#F7F4E9
0761c9cfe3df2b7714fa,1, #D1CCC1
0761c9cfe3df2b7714fa,0, #5D5A52
0761c9cfe3df2b7714fa,0, #AFABA0
0764839d22d07f19433f,2, #68461C
0764839d22d07f19433f,0, #F1DD86
0764839d22d07f19433f,0, #945A2D
0764839d22d07f19433f,0, #AE8C41
0764839d22d07f19433f,0, #DAB852
0764839d22d07f19433f,52,#0F0C06
0764839d22d07f19433f,44, #312715
076527b1daa1dbf10f09,2, #506166
076527b1daa1dbf10f09,0, #D7D2A6
076527b1daa1dbf10f09,25, #5B4128
076527b1daa1dbf10f09,2,#988956
076527b1daa1dbf10f09,0, #C2AE76
076527b1daa1dbf10f09,68, #271D12
076714bb7f40776078ed,7, #B2A796
076714bb7f40776078ed,2, #665E51
076714bb7f40776078ed,65,#DACEBF
076714bb7f40776078ed,6, #958B7E
076714bb7f40776078ed,14, #FBF5ED
076714bb7f40776078ed,1, #3A352E
076714bb7f40776078ed,2, #807769
0769d12b588e71a4c57f,3, #83785C
0769d12b588e71a4c57f,50,#171818
0769d12b588e71a4c57f,0, #AF966A
0769d12b588e71a4c57f,0, #F4E0B3
0769d12b588e71a4c57f,0, #D6C193
0769d12b588e71a4c57f,8, #625949
0769d12b588e71a4c57f,35, #413933
0769f3deb7321d76664f,17, #D7D3BF
0769f3deb7321d76664f,7, #444137
0769f3deb7321d76664f,23, #706C61
0769f3deb7321d76664f,25, #908C7F
0769f3deb7321d76664f,20, #AFAA98
0769f3deb7321d76664f,5,#F8F7ED
076a2255ecb7c413687c,7, #5A595D
076a2255ecb7c413687c,20,#F5F1E5
076a2255ecb7c413687c,18, #9C9072
076a2255ecb7c413687c,0, #C38E46
076a2255ecb7c413687c,49, #D2C48B
076a2255ecb7c413687c,4, #A8A9A5
077ba5a87d0b2cc8a4b8,60,#F5F3E8
077ba5a87d0b2cc8a4b8,4, #9C998B
077ba5a87d0b2cc8a4b8,7, #38362E
077ba5a87d0b2cc8a4b8,17, #DEDAC7
077ba5a87d0b2cc8a4b8,6, #6B685C
077ba5a87d0b2cc8a4b8,3, #C2BEAD
077db2b339f073d9884e,15, #C8BFA5
077db2b339f073d9884e,7, #968A73
077db2b339f073d9884e,3,#7D6152
077db2b339f073d9884e,73, #F1EDDB
077db2b339f073d9884e,0, #564A32
077db2b339f073d9884e,0, #372814
0780abb7368583591766,76,#403A23
0780abb7368583591766,4, #6F603E
0780abb7368583591766,2, #A79C63
0780abb7368583591766,0, #7D796C
0780abb7368583591766,3, #9A854D
0780abb7368583591766,4, #BFB77C
0780abb7368583591766,8, #19180F
078bb0be79730959a562,28,#746857
078bb0be79730959a562,6, #A89F88
078bb0be79730959a562,9, #8B7F69
078bb0be79730959a562,8, #998E78
078bb0be79730959a562,18, #BDB7A3
078bb0be79730959a562,20, #D4D1C0
078bb0be79730959a562,7, #61503C
078fad5bfd727324f26a,2, #75705F
078fad5bfd727324f26a,11, #F7F5E7
078fad5bfd727324f26a,25, #BDB69D
078fad5bfd727324f26a,0, #514D3F
078fad5bfd727324f26a,3, #8B8673
078fad5bfd727324f26a,14, #A39E8B
078fad5bfd727324f26a,42,#D9D3BC
0791668a7158e33bf452,9, #908A79
0791668a7158e33bf452,1, #373429
0791668a7158e33bf452,21, #CFC7B0
0791668a7158e33bf452,43,#F7F0D4
0791668a7158e33bf452,7, #545044
0791668a7158e33bf452,8, #ACA593
0791668a7158e33bf452,7, #6F6A5C
0797816cc8fa38881942,14, #C8C3B1
0797816cc8fa38881942,6, #6A695A
0797816cc8fa38881942,14, #8C887A
0797816cc8fa38881942,2, #4D4C40
0797816cc8fa38881942,48,#DEDBC8
0797816cc8fa38881942,6, #F7F5E2
0797816cc8fa38881942,6, #AFAA9A
0797be9c516e2a96e807,8, #736354
0797be9c516e2a96e807,6, #F4F4EF
0797be9c516e2a96e807,9, #989184
0797be9c516e2a96e807,8, #857868
0797be9c516e2a96e807,9, #5F4C3E
0797be9c516e2a96e807,13, #B3AE9C
0797be9c516e2a96e807,42,#D3D4C5
07996f666717d2ed0e7d,3, #2A2420
07996f666717d2ed0e7d,3, #8A7E73
07996f666717d2ed0e7d,2, #AEA08D
07996f666717d2ed0e7d,13, #CCC7B7
07996f666717d2ed0e7d,0, #FDFCFA
07996f666717d2ed0e7d,3, #5E524A
07996f666717d2ed0e7d,72,#E6E2D8
07a1d97857fafa142b69,40,#382C15
07a1d97857fafa142b69,15, #B6B991
07a1d97857fafa142b69,20, #110C10
07a1d97857fafa142b69,10, #5A5532
07a1d97857fafa142b69,9, #8E8855
07a1d97857fafa142b69,3, #7F6C1B
07a1d97857fafa142b69,0, #AD9E4F
07ab7fec83f26a4d5801,5, #827D73
07ab7fec83f26a4d5801,0, #F9F8F5
07ab7fec83f26a4d5801,14, #A19C90
07ab7fec83f26a4d5801,8, #E1E0D7
07ab7fec83f26a4d5801,5, #575145
07ab7fec83f26a4d5801,5, #282014
07ab7fec83f26a4d5801,59,#C2BFAD
07ae3934fbda897ee734,56, #4F4631
07ae3934fbda897ee734,1, #DDD4A1
07ae3934fbda897ee734,2, #756C5A
07ae3934fbda897ee734,34,#282216
07ae3934fbda897ee734,0, #F6EFBF
07ae3934fbda897ee734,5, #BBA772
07b004034fddd8df0d47,6, #B6B091
07b004034fddd8df0d47,3, #4D5751
07b004034fddd8df0d47,11, #D2CBAB
07b004034fddd8df0d47,6, #777765
07b004034fddd8df0d47,63,#F2EED0
07b004034fddd8df0d47,8, #94927C
07b027b6029ac4857ebc,15, #E2DCCD
07b027b6029ac4857ebc,15, #3F3D35
07b027b6029ac4857ebc,24, #C3BDAE
07b027b6029ac4857ebc,21, #9E988C
07b027b6029ac4857ebc,2,#FBF9F3
07b027b6029ac4857ebc,21, #716D61
07b03f594f171029b3b2,10, #BAAE9A
07b03f594f171029b3b2,36,#EEE6D3
07b03f594f171029b3b2,10, #726859
07b03f594f171029b3b2,6, #3F3930
07b03f594f171029b3b2,8, #958A7A
07b03f594f171029b3b2,27, #D7CBB6
07b03f594f171029b3b2,0, #FEFEFD
07b689342afe23ddf326,17, #EDE4B8
07b689342afe23ddf326,22, #6C664F
07b689342afe23ddf326,9, #AA9E76
07b689342afe23ddf326,12, #8E8360
07b689342afe23ddf326,14,#CABF90
07b689342afe23ddf326,23, #414031
07b6c66205f31cdd0f80,11, #9B8D6F
07b6c66205f31cdd0f80,6, #85755F
07b6c66205f31cdd0f80,23, #EAE4C4
07b6c66205f31cdd0f80,9, #706050
07b6c66205f31cdd0f80,3, #59493B
07b6c66205f31cdd0f80,37,#C8BF9B
07b6c66205f31cdd0f80,7, #AFA586
07b75c6e72846658776b,1, #3A3930
07b75c6e72846658776b,76, #E5E3D2
07b75c6e72846658776b,0,#FEFEFD
07b75c6e72846658776b,8, #8E8C7D
07b75c6e72846658776b,6, #5B594C
07b75c6e72846658776b,6, #C4C2B2
07beeab060df43b22103,5, #6E5A46
07beeab060df43b22103,2, #546675
07beeab060df43b22103,34, #F0EACF
07beeab060df43b22103,3, #988266
07beeab060df43b22103,46,#C7C4A9
07beeab060df43b22103,7, #9DA091
07beeab060df43b22103,0, #34404A
07c11f852f101fcb79d8,15, #B3AB9B
07c11f852f101fcb79d8,4, #686055
07c11f852f101fcb79d8,2, #27221F
07c11f852f101fcb79d8,66,#E3DCCB
07c11f852f101fcb79d8,4, #4D453E
07c11f852f101fcb79d8,7, #877E72
07cebc3e08efc1334a12,3, #9B9584
07cebc3e08efc1334a12,16, #DBD5C2
07cebc3e08efc1334a12,0, #4D4535
07cebc3e08efc1334a12,8, #C4BBA5
07cebc3e08efc1334a12,1, #817862
07cebc3e08efc1334a12,0, #675E48
07cebc3e08efc1334a12,70,#F8F6ED
07d2ad82ea2ec8ca1a70,0, #A78354
07d2ad82ea2ec8ca1a70,3, #605136
07d2ad82ea2ec8ca1a70,7, #756649
07d2ad82ea2ec8ca1a70,28, #423725
07d2ad82ea2ec8ca1a70,6, #ADA790
07d2ad82ea2ec8ca1a70,47,#181811
07d2ad82ea2ec8ca1a70,5, #8A8877
07d651b97a752517ada7,11,#F5EDD9
07d651b97a752517ada7,11, #989281
07d651b97a752517ada7,26, #726D5F
07d651b97a752517ada7,34, #4C4A40
07d651b97a752517ada7,10, #DBD3BE
07d651b97a752517ada7,5, #BEB6A3
07d84cd5a2a29f7db81a,3, #797667
07d84cd5a2a29f7db81a,3, #5D5A4C
07d84cd5a2a29f7db81a,8, #B9B6A4
07d84cd5a2a29f7db81a,78,#EAE7D1
07d84cd5a2a29f7db81a,4, #949182
07d84cd5a2a29f7db81a,0, #353227
07dfc15841747569b04d,12, #B6AA90
07dfc15841747569b04d,13, #7D725E
07dfc15841747569b04d,20, #49463C
07dfc15841747569b04d,32, #D7CFB6
07dfc15841747569b04d,6,#F9F6DF
07dfc15841747569b04d,14, #9E8F75
07e5ea37fe4e04c89195,18, #E4DECA
07e5ea37fe4e04c89195,25,#5D5B50
07e5ea37fe4e04c89195,14, #9F9A89
07e5ea37fe4e04c89195,21, #C3BEAC
07e5ea37fe4e04c89195,2, #403F37
07e5ea37fe4e04c89195,16, #7F7C6C
07e5ea37fe4e04c89195,0, #FAF4E0
07e98cea981e7bbaf775,0, #1B140C
07e98cea981e7bbaf775,17, #A49881
07e98cea981e7bbaf775,38, #F7F4E9
07e98cea981e7bbaf775,32,#D0C9B5
07e98cea981e7bbaf775,4, #493D30
07e98cea981e7bbaf775,5, #766C5A
07ead9b663d5ae85d889,5, #312419
07ead9b663d5ae85d889,60,#C3BEA6
07ead9b663d5ae85d889,9, #AA9F82
07ead9b663d5ae85d889,8, #8D836C
07ead9b663d5ae85d889,3, #EAE7D2
07ead9b663d5ae85d889,6, #746750
07ead9b663d5ae85d889,5, #544534
07ebf237d6c96f9f5355,4, #8C7D5A
07ebf237d6c96f9f5355,7, #6E5A3B
07ebf237d6c96f9f5355,76, #442D1F
07ebf237d6c96f9f5355,9,#171712
07ebf237d6c96f9f5355,1, #A79673
07ebf237d6c96f9f5355,1, #B9AC88
07f5f00bab15a4dfdc1e,1, #F8F5EB
07f5f00bab15a4dfdc1e,13, #403830
07f5f00bab15a4dfdc1e,55,#D5CAB3
07f5f00bab15a4dfdc1e,7, #211B15
07f5f00bab15a4dfdc1e,8, #60564D
07f5f00bab15a4dfdc1e,7, #A5957C
07f5f00bab15a4dfdc1e,6, #857662
07f6e3be5d04f28f6bc7,30, #603C27
07f6e3be5d04f28f6bc7,53,#141C25
07f6e3be5d04f28f6bc7,6, #68675B
07f6e3be5d04f28f6bc7,6, #AA9F7C
07f6e3be5d04f28f6bc7,0, #D9D09D
07f6e3be5d04f28f6bc7,3, #997746
07f6e3be5d04f28f6bc7,0, #234362
07f85d2db2c32901b489,16, #4C4C34
07f85d2db2c32901b489,16, #80957B
07f85d2db2c32901b489,52, #616F53
07f85d2db2c32901b489,8, #2F361F
07f85d2db2c32901b489,0, #9FAC95
07f85d2db2c32901b489,5,#0C0F07
07f8adb4c933b5d5d68e,5, #B6B09F
07f8adb4c933b5d5d68e,54,#534B3D
07f8adb4c933b5d5d68e,8, #EEEDDF
07f8adb4c933b5d5d68e,1, #2E2C23
07f8adb4c933b5d5d68e,8, #6E6658
07f8adb4c933b5d5d68e,15, #8E7F6F
07f8adb4c933b5d5d68e,4, #D2CDB8
080465104d5ff2e94a71,13, #2F2617
080465104d5ff2e94a71,29, #65482A
080465104d5ff2e94a71,2, #EDDCAD
080465104d5ff2e94a71,12, #856D47
080465104d5ff2e94a71,30,#D5C699
080465104d5ff2e94a71,8, #B7A980
080465104d5ff2e94a71,2, #9E855A
0807383caadbabdf1d3e,8, #A29E8C
0807383caadbabdf1d3e,21, #CCC7B4
0807383caadbabdf1d3e,10, #827E6F
0807383caadbabdf1d3e,3, #37352D
0807383caadbabdf1d3e,47,#F4F1DE
0807383caadbabdf1d3e,8, #5A574A
0810435ab03d26db7712,70,#F8F7F1
0810435ab03d26db7712,1, #443E2F
0810435ab03d26db7712,3, #A8A291
0810435ab03d26db7712,1, #6A6658
0810435ab03d26db7712,9, #C6BFAC
0810435ab03d26db7712,2, #8D8574
0810435ab03d26db7712,10, #E2DECD
08173c734c2f0b91d5e2,3, #877E76
08173c734c2f0b91d5e2,20, #4C3A33
08173c734c2f0b91d5e2,17, #6A5B54
08173c734c2f0b91d5e2,30,#BAB9AB
08173c734c2f0b91d5e2,2, #A29E95
08173c734c2f0b91d5e2,14, #D1D0C2
08173c734c2f0b91d5e2,11, #ECEDE7
081a8882b7c556da3b7f,5, #2F211C
081a8882b7c556da3b7f,19, #4C3E37
081a8882b7c556da3b7f,7, #6C6058
081a8882b7c556da3b7f,15,#F0EDD9
081a8882b7c556da3b7f,25, #C2B8A5
081a8882b7c556da3b7f,25, #908577
081c7f4c2e15a1d1253f,15, #815D41
081c7f4c2e15a1d1253f,20, #18130C
081c7f4c2e15a1d1253f,13, #88877B
081c7f4c2e15a1d1253f,1, #CED2C9
081c7f4c2e15a1d1253f,18,#3F311E
081c7f4c2e15a1d1253f,30, #B1AA9A
083289f8b143cea6a3f0,27, #706B65
083289f8b143cea6a3f0,27, #CBC3B4
083289f8b143cea6a3f0,4, #322E2D
083289f8b143cea6a3f0,12,#F7F1DE
083289f8b143cea6a3f0,7, #534E4B
083289f8b143cea6a3f0,19, #9C958A
0834520e3fdaabc9cb8a,78,#E6E5D5
0834520e3fdaabc9cb8a,11, #BBB7A3
0834520e3fdaabc9cb8a,0, #454338
0834520e3fdaabc9cb8a,2, #5E5C4F
0834520e3fdaabc9cb8a,3, #929182
0834520e3fdaabc9cb8a,2, #7B786A
0834520e3fdaabc9cb8a,0, #FEFEFE
083604339a68d0cfe22a,5, #81796C
083604339a68d0cfe22a,32,#DEDAC3
083604339a68d0cfe22a,7, #675F55
083604339a68d0cfe22a,10, #A19B87
083604339a68d0cfe22a,9, #4A433B
083604339a68d0cfe22a,23, #F6F5E9
083604339a68d0cfe22a,9, #C5C0A3
08370fbc9dc371f59506,9, #A09C88
08370fbc9dc371f59506,9, #7B7965
08370fbc9dc371f59506,14, #DDD8C3
08370fbc9dc371f59506,4, #615F4E
08370fbc9dc371f59506,54,#F4F2E3
08370fbc9dc371f59506,5, #C1BDA8
08370fbc9dc371f59506,1, #4A483C
083b4cac841a878143f2,20, #D7D3C3
083b4cac841a878143f2,2, #58584D
083b4cac841a878143f2,11, #9E9D8C
083b4cac841a878143f2,7, #BBB9A9
083b4cac841a878143f2,42,#F4F1E1
083b4cac841a878143f2,16, #7E7E6E
0840cc2c00df38d158d9,65, #DCD3BF
0840cc2c00df38d158d9,9, #8A826E
0840cc2c00df38d158d9,5, #524C40
0840cc2c00df38d158d9,1,#FCF3DE
0840cc2c00df38d158d9,14, #B4AB97
0840cc2c00df38d158d9,3, #706957
08482e2f8e3000b3be60,4, #403B3A
08482e2f8e3000b3be60,0,#F4F2E7
08482e2f8e3000b3be60,64, #CABC9A
08482e2f8e3000b3be60,4, #6F6B67
08482e2f8e3000b3be60,9, #DBD4C3
08482e2f8e3000b3be60,16, #969188
084993a3812ff287ccb3,4, #33332C
084993a3812ff287ccb3,7, #626055
084993a3812ff287ccb3,57, #C6C0AA
084993a3812ff287ccb3,3, #838173
084993a3812ff287ccb3,23,#F4EED7
084993a3812ff287ccb3,3, #A09C8C
084d2a169c5e95636817,0, #4C493E
084d2a169c5e95636817,18, #CBC0AA
084d2a169c5e95636817,66,#ECE8D9
084d2a169c5e95636817,2, #807C6D
084d2a169c5e95636817,1, #6A6659
084d2a169c5e95636817,9, #9F9886
084d2a169c5e95636817,0, #FEFEFC
084db6fed0e618a8f8a7,1, #4F493B
084db6fed0e618a8f8a7,18, #BFB598
084db6fed0e618a8f8a7,12,#DFD5B6
084db6fed0e618a8f8a7,24, #9B927A
084db6fed0e618a8f8a7,8, #766D59
084db6fed0e618a8f8a7,33, #F7F4E1
085d275d37b6daca2f71,0, #A59C79
085d275d37b6daca2f71,1, #A9945A
085d275d37b6daca2f71,31,#786C43
085d275d37b6daca2f71,0, #A4823D
085d275d37b6daca2f71,22, #312917
085d275d37b6daca2f71,15, #8D865E
085d275d37b6daca2f71,28, #514529
08688477064e04b73a86,0,#FCF5DE
08688477064e04b73a86,14, #7B7769
08688477064e04b73a86,22, #ABA492
08688477064e04b73a86,14, #5A594E
08688477064e04b73a86,3, #3E3D37
08688477064e04b73a86,44, #DCD2BC
08689ec0b0d1d578ee66,30, #C9C4B5
08689ec0b0d1d578ee66,11,#F2EEE1
08689ec0b0d1d578ee66,16, #6F6C62
08689ec0b0d1d578ee66,1, #2B2923
08689ec0b0d1d578ee66,20, #949084
08689ec0b0d1d578ee66,19, #514E47
086cafea89e577626e39,5, #AA9E77
086cafea89e577626e39,28,#3F3E2B
086cafea89e577626e39,16, #625D43
086cafea89e577626e39,8, #101109
086cafea89e577626e39,6, #877D58
086cafea89e577626e39,6, #C3BD94
086cafea89e577626e39,28, #232217
086ce4c7db48206a24f5,14, #DAD3BF
086ce4c7db48206a24f5,11, #AFAA9A
086ce4c7db48206a24f5,11, #8A8777
086ce4c7db48206a24f5,1, #524F43
086ce4c7db48206a24f5,4, #6D6A5A
086ce4c7db48206a24f5,56,#F7F4E5
086e8194bfa660952c46,14, #D2CFC3
086e8194bfa660952c46,0, #9FA0AF
086e8194bfa660952c46,1, #888486
086e8194bfa660952c46,41,#3F1E21
086e8194bfa660952c46,26, #78574A
086e8194bfa660952c46,5, #D2BC78
086e8194bfa660952c46,11, #AC9A68
087c8d53083272819aa7,0, #BBAC78
087c8d53083272819aa7,6, #62523B
087c8d53083272819aa7,4, #9D8754
087c8d53083272819aa7,1, #864821
087c8d53083272819aa7,44,#4B3F2D
087c8d53083272819aa7,3, #866A3C
087c8d53083272819aa7,39, #2B2213
087da9ba079776cb4518,17, #312312
087da9ba079776cb4518,4,#846F46
087da9ba079776cb4518,69, #0C0B07
087da9ba079776cb4518,1, #4D3C1E
087da9ba079776cb4518,4, #A89464
087da9ba079776cb4518,2, #675530
0882a1146a2fc4eb5ef9,24, #51423B
0882a1146a2fc4eb5ef9,6, #AFA69A
0882a1146a2fc4eb5ef9,18, #D2CCBF
0882a1146a2fc4eb5ef9,29, #2A1D18
0882a1146a2fc4eb5ef9,15, #82756B
0882a1146a2fc4eb5ef9,5,#F7F6EC
08852e2153acd4dc48ff,74,#F5F3EA
08852e2153acd4dc48ff,3, #8B7363
08852e2153acd4dc48ff,5, #A89A88
08852e2153acd4dc48ff,3, #4C332C
08852e2153acd4dc48ff,3, #6A5044
08852e2153acd4dc48ff,9, #CBC4B6
088880280c6d7461e138,2, #3B382F
088880280c6d7461e138,14, #878277
088880280c6d7461e138,40,#D8D3C4
088880280c6d7461e138,22, #F6F2E4
088880280c6d7461e138,11, #B3AEA2
088880280c6d7461e138,8, #5E5A4F
088c02dbc3c7b0af6ec1,10, #8D877D
088c02dbc3c7b0af6ec1,24, #ACA597
088c02dbc3c7b0af6ec1,0, #393732
088c02dbc3c7b0af6ec1,33,#EAE1D3
088c02dbc3c7b0af6ec1,12, #726D64
088c02dbc3c7b0af6ec1,6, #4F4C46
088c02dbc3c7b0af6ec1,11, #CBC3B5
088df46c1cc6c21cfdde,7, #9D9A8F
088df46c1cc6c21cfdde,11, #7A776D
088df46c1cc6c21cfdde,4, #BBB7AC
088df46c1cc6c21cfdde,7, #505048
088df46c1cc6c21cfdde,8, #D5D0C5
088df46c1cc6c21cfdde,60,#F2EEE2
089468a17731418630d5,11, #838075
089468a17731418630d5,23, #ABA79A
089468a17731418630d5,9, #CDCABA
089468a17731418630d5,28,#EFEBDA
089468a17731418630d5,16, #636156
089468a17731418630d5,9, #3F3F38
089735e2ec353978e3b6,27, #836B3A
089735e2ec353978e3b6,5, #CDB776
089735e2ec353978e3b6,20, #643B1B
089735e2ec353978e3b6,32,#1B130D
089735e2ec353978e3b6,11, #B79E5E
089735e2ec353978e3b6,1, #E3D189
089735e2ec353978e3b6,0, #F0E6AD
0898ef70c1e4a0551d06,14, #F5EFE0
0898ef70c1e4a0551d06,42,#D1C8B3
0898ef70c1e4a0551d06,11, #605648
0898ef70c1e4a0551d06,9, #817666
0898ef70c1e4a0551d06,0, #120C07
0898ef70c1e4a0551d06,11, #A49C8B
0898ef70c1e4a0551d06,9, #393228
089ff5b4d8e7be4c45be,11, #949082
089ff5b4d8e7be4c45be,29,#F4F0E0
089ff5b4d8e7be4c45be,13, #7A7668
089ff5b4d8e7be4c45be,25, #CDC8B9
089ff5b4d8e7be4c45be,11, #ACA89A
089ff5b4d8e7be4c45be,8, #4C4A40
08a7dbaf617150992ed3,5, #645D54
08a7dbaf617150992ed3,7, #433C36
08a7dbaf617150992ed3,9, #7F786E
08a7dbaf617150992ed3,32, #A29986
08a7dbaf617150992ed3,34,#D0CBB6
08a7dbaf617150992ed3,8, #191512
08a7dbaf617150992ed3,1, #F3F1DF
08aa79d5ac021ea68700,1, #3F3B35
08aa79d5ac021ea68700,2, #625E57
08aa79d5ac021ea68700,6, #8D8880
08aa79d5ac021ea68700,76,#F8F4EA
08aa79d5ac021ea68700,8, #D6D0C2
08aa79d5ac021ea68700,4, #B8B3A9
08abf20a4c6cad9b3c0e,24, #AC9D89
08abf20a4c6cad9b3c0e,0, #EEE6DD
08abf20a4c6cad9b3c0e,17,#DECBB0
08abf20a4c6cad9b3c0e,29, #807669
08abf20a4c6cad9b3c0e,19, #62584A
08abf20a4c6cad9b3c0e,9, #493E31
08ac3f704aa40d67dd72,9, #443D32
08ac3f704aa40d67dd72,0, #19130C
08ac3f704aa40d67dd72,4, #6C6454
08ac3f704aa40d67dd72,36,#F4F3EA
08ac3f704aa40d67dd72,31, #CFC7B3
08ac3f704aa40d67dd72,9, #A99E88
08ac3f704aa40d67dd72,8, #877D68
08b026d511841de34f75,9,#FAF7E4
08b026d511841de34f75,21, #969586
08b026d511841de34f75,19, #484D46
08b026d511841de34f75,15, #232A24
08b026d511841de34f75,16, #686B62
08b026d511841de34f75,17, #D7CFB5
08b286b75723caf6a5a4,11, #625F55
08b286b75723caf6a5a4,11, #918D81
08b286b75723caf6a5a4,13, #B2AEA0
08b286b75723caf6a5a4,3, #36362E
08b286b75723caf6a5a4,21, #CBC7BA
08b286b75723caf6a5a4,38,#EBEAE1
08b6f0abe0f3c4be1133,6, #D5C6B4
08b6f0abe0f3c4be1133,6, #BCA48E
08b6f0abe0f3c4be1133,0, #48403A
08b6f0abe0f3c4be1133,10, #8F7869
08b6f0abe0f3c4be1133,72,#EEE6DA
08b6f0abe0f3c4be1133,0, #FEFEF8
08b6f0abe0f3c4be1133,2, #635951
08b90000d9c917abc04a,2, #7A653E
08b90000d9c917abc04a,0, #948764
08b90000d9c917abc04a,21, #090804
08b90000d9c917abc04a,0, #A69D81
08b90000d9c917abc04a,0, #B2AD96
08b90000d9c917abc04a,66,#3A2817
08b90000d9c917abc04a,7, #603E1C
08bb09e27c6927bb5b49,11,#191C1C
08bb09e27c6927bb5b49,9, #C4BC9D
08bb09e27c6927bb5b49,27, #9E9776
08bb09e27c6927bb5b49,38, #534A33
08bb09e27c6927bb5b49,9, #78714E
08bb09e27c6927bb5b49,2, #DED5B9
08bbd67e6226a24ac7e5,6, #C8C3AE
08bbd67e6226a24ac7e5,25, #4D443E
08bbd67e6226a24ac7e5,30, #2C251F
08bbd67e6226a24ac7e5,20, #958E81
08bbd67e6226a24ac7e5,12, #6A625A
08bbd67e6226a24ac7e5,4,#EFECE5
08bf0e0710f20602a47f,1, #B66C5E
08bf0e0710f20602a47f,3, #55574C
08bf0e0710f20602a47f,9, #DCCFC3
08bf0e0710f20602a47f,8, #C6A491
08bf0e0710f20602a47f,73,#F8F6F3
08bf0e0710f20602a47f,3, #7E796A
08c215c6c817a412583e,7, #A5A498
08c215c6c817a412583e,7, #C2BFAB
08c215c6c817a412583e,28,#EAE7D2
08c215c6c817a412583e,27, #5C5C57
08c215c6c817a412583e,13, #8A8982
08c215c6c817a412583e,14, #73736C
08c712b356eaa23f7bc2,0, #BBB7A8
08c712b356eaa23f7bc2,0, #2E4955
08c712b356eaa23f7bc2,0, #5C7075
08c712b356eaa23f7bc2,18, #641F0D
08c712b356eaa23f7bc2,3, #68533B
08c712b356eaa23f7bc2,0, #9A8D78
08c712b356eaa23f7bc2,75,#201D1D
08e9d5e5ceaebc0c171d,0, #515138
08e9d5e5ceaebc0c171d,1, #7C4F25
08e9d5e5ceaebc0c171d,1, #817744
08e9d5e5ceaebc0c171d,68,#18140F
08e9d5e5ceaebc0c171d,0, #DABE7B
08e9d5e5ceaebc0c171d,25, #4E351D
08e9d5e5ceaebc0c171d,1, #A88D50
08ecb0054e4d9b5dfa53,7, #837E78
08ecb0054e4d9b5dfa53,9, #3A3228
08ecb0054e4d9b5dfa53,5,#EFECE0
08ecb0054e4d9b5dfa53,56, #655942
08ecb0054e4d9b5dfa53,1, #100C0B
08ecb0054e4d9b5dfa53,18, #B8B8AC
08ee1c869aa9627f4aec,2, #A59D8C
08ee1c869aa9627f4aec,9, #685F58
08ee1c869aa9627f4aec,45,#CEC7B5
08ee1c869aa9627f4aec,6, #877F76
08ee1c869aa9627f4aec,6, #4D4540
08ee1c869aa9627f4aec,9, #29231F
08ee1c869aa9627f4aec,20, #EFEBDC
08faa7a58d9e187910a5,6, #C3B69A
08faa7a58d9e187910a5,43, #E2D8BE
08faa7a58d9e187910a5,2,#FBF8F0
08faa7a58d9e187910a5,15, #7A6754
08faa7a58d9e187910a5,19, #533F31
08faa7a58d9e187910a5,12, #998E79
08fc5a03fc40cd297ce1,33,#F3F2EE
08fc5a03fc40cd297ce1,5, #888782
08fc5a03fc40cd297ce1,8, #A3A29B
08fc5a03fc40cd297ce1,0, #4C4E47
08fc5a03fc40cd297ce1,46, #C4C2BB
08fc5a03fc40cd297ce1,4, #666761
08ffba223ef20956cb18,16, #776D62
08ffba223ef20956cb18,20, #9B9386
08ffba223ef20956cb18,5, #2B2119
08ffba223ef20956cb18,21,#EEEADA
08ffba223ef20956cb18,13, #C2BCAB
08ffba223ef20956cb18,22, #50443A
0905301e3b2b9e26411c,34, #75684F
0905301e3b2b9e26411c,5, #BDB695
0905301e3b2b9e26411c,2,#15120E
0905301e3b2b9e26411c,44, #4B4539
0905301e3b2b9e26411c,8, #9B9169
0905301e3b2b9e26411c,3, #EBE9D2
0907b47c34ea68a13a3b,38,#0B0804
0907b47c34ea68a13a3b,1, #F9F7E8
0907b47c34ea68a13a3b,14, #CABF9C
0907b47c34ea68a13a3b,15, #98917A
0907b47c34ea68a13a3b,22, #3A3524
0907b47c34ea68a13a3b,7, #6A634C
090cf2b9bb7b14f5d1fd,26, #8F8572
090cf2b9bb7b14f5d1fd,22,#E7E4D3
090cf2b9bb7b14f5d1fd,14, #2A221E
090cf2b9bb7b14f5d1fd,5, #CCC4AA
090cf2b9bb7b14f5d1fd,5, #AEA48F
090cf2b9bb7b14f5d1fd,25, #675F56
090f4995b1ae5ab6f955,20, #938D7A
090f4995b1ae5ab6f955,0, #611917
090f4995b1ae5ab6f955,7,#1A1711
090f4995b1ae5ab6f955,43, #684230
090f4995b1ae5ab6f955,16, #7D6F56
090f4995b1ae5ab6f955,11, #B6AF91
090f62e6d381e69b78be,7, #533615
090f62e6d381e69b78be,14, #BAA557
090f62e6d381e69b78be,52,#938454
090f62e6d381e69b78be,16, #5E4F29
090f62e6d381e69b78be,6, #726948
090f62e6d381e69b78be,1, #2E290E
090f62e6d381e69b78be,1, #CEC286
090fcc8dfeb2080d1295,10, #6F6850
090fcc8dfeb2080d1295,17, #3E301C
090fcc8dfeb2080d1295,13, #604F36
090fcc8dfeb2080d1295,2, #9B9681
090fcc8dfeb2080d1295,21,#0E0B06
090fcc8dfeb2080d1295,33, #827F6B
09103f7eae389fc4234c,2, #938659
09103f7eae389fc4234c,16, #583B1B
09103f7eae389fc4234c,8, #362B15
09103f7eae389fc4234c,16, #1D180C
09103f7eae389fc4234c,17, #67512D
09103f7eae389fc4234c,0, #A89765
09103f7eae389fc4234c,36,#726D50
09141e8fa4016c422d1e,0, #020201
09141e8fa4016c422d1e,1, #B5A07E
09141e8fa4016c422d1e,1, #9C8B6A
09141e8fa4016c422d1e,21, #3A332A
09141e8fa4016c422d1e,62,#584E3E
09141e8fa4016c422d1e,0, #251F12
09141e8fa4016c422d1e,12, #7F6D50
09201cfb35ee902901d4,28, #3F2E19
09201cfb35ee902901d4,0, #978B62
09201cfb35ee902901d4,0, #BEB081
09201cfb35ee902901d4,0, #AA9D72
09201cfb35ee902901d4,63,#15120B
09201cfb35ee902901d4,3, #776D4F
09201cfb35ee902901d4,3, #584D31
0925836b3a0d7852dc69,9, #BEB28B
0925836b3a0d7852dc69,19,#4D4630
0925836b3a0d7852dc69,7, #9A8B62
0925836b3a0d7852dc69,22, #7D7353
0925836b3a0d7852dc69,26, #312B1D
0925836b3a0d7852dc69,14, #675A3B
09287115ca7759cb9717,5, #D1D2CC
09287115ca7759cb9717,6,#F9FAF8
09287115ca7759cb9717,4, #58584F
09287115ca7759cb9717,69, #2D2D24
09287115ca7759cb9717,4, #7A7B73
09287115ca7759cb9717,9, #A0A19A
09288ea12a5c1b8aa0e0,11, #BEB49C
09288ea12a5c1b8aa0e0,36,#201B12
09288ea12a5c1b8aa0e0,11, #9F9884
09288ea12a5c1b8aa0e0,5, #6B623C
09288ea12a5c1b8aa0e0,0, #7C3F1E
09288ea12a5c1b8aa0e0,3, #84774E
09288ea12a5c1b8aa0e0,32, #4F3C25
092a2c6416d6869fa08f,11, #38362B
092a2c6416d6869fa08f,24, #D7D6CA
092a2c6416d6869fa08f,39,#F8F8F3
092a2c6416d6869fa08f,4, #B7B6A9
092a2c6416d6869fa08f,4, #9E9D91
092a2c6416d6869fa08f,10, #5A584B
092a2c6416d6869fa08f,4, #7E7C6F
093d8ea086963afe8472,12, #8E8373
093d8ea086963afe8472,14, #554C43
093d8ea086963afe8472,9, #72685B
093d8ea086963afe8472,15, #B7AE97
093d8ea086963afe8472,4, #DBD6BD
093d8ea086963afe8472,38,#2F2826
093d8ea086963afe8472,4, #F7F4E8
09406b6790ac46c953ed,20, #C1B698
09406b6790ac46c953ed,3,#F1F1EC
09406b6790ac46c953ed,35, #625142
09406b6790ac46c953ed,5, #EBE2AB
09406b6790ac46c953ed,3, #221D18
09406b6790ac46c953ed,30, #8E7964
094788546e4234fbdef4,8, #848177
094788546e4234fbdef4,8, #636259
094788546e4234fbdef4,31, #393A35
094788546e4234fbdef4,23, #D5D0C2
094788546e4234fbdef4,8, #ACA89C
094788546e4234fbdef4,20,#F7F4E5
094ce0dacd77c0f56325,18, #656256
094ce0dacd77c0f56325,31,#ECE2C8
094ce0dacd77c0f56325,14, #A19B8A
094ce0dacd77c0f56325,13, #827D6E
094ce0dacd77c0f56325,7, #413E36
094ce0dacd77c0f56325,14, #C6BEA9
0951f72f54436375f39b,6, #979384
0951f72f54436375f39b,5, #B3B09E
0951f72f54436375f39b,17, #615E50
0951f72f54436375f39b,6, #413F37
0951f72f54436375f39b,4, #7D7968
0951f72f54436375f39b,13, #CECBBA
0951f72f54436375f39b,45,#F0EEE4
095cf156ba424730142c,9, #4A4B43
095cf156ba424730142c,21, #ABA99A
095cf156ba424730142c,11, #878679
095cf156ba424730142c,9, #69695E
095cf156ba424730142c,19, #EDEBDC
095cf156ba424730142c,0, #FFFFF9
095cf156ba424730142c,27,#D7D4C2
095f51b2cced4351288a,1, #B49542
095f51b2cced4351288a,0, #7A7143
095f51b2cced4351288a,13, #3F3320
095f51b2cced4351288a,3, #9E782A
095f51b2cced4351288a,72,#1A160E
095f51b2cced4351288a,7, #75571C
095f51b2cced4351288a,0, #4F4943
095f552c2ff8d1298c69,53, #DCD7CE
095f552c2ff8d1298c69,9, #63645A
095f552c2ff8d1298c69,0,#FDFAEE
095f552c2ff8d1298c69,8, #3A3B33
095f552c2ff8d1298c69,17, #918F85
095f552c2ff8d1298c69,9, #BCB7AE
0962b903d79017bc1500,12, #7E7A6D
0962b903d79017bc1500,14, #423F36
0962b903d79017bc1500,16, #666356
0962b903d79017bc1500,3, #F8F8EE
0962b903d79017bc1500,26,#9E9A8B
0962b903d79017bc1500,8, #DBD8C6
0962b903d79017bc1500,18, #BDB9A8
096f5add19fe8c4afaaf,8, #848073
096f5add19fe8c4afaaf,2, #4A4940
096f5add19fe8c4afaaf,51,#F3F0E6
096f5add19fe8c4afaaf,7, #9B988C
096f5add19fe8c4afaaf,9, #69675C
096f5add19fe8c4afaaf,5, #B4AFA1
096f5add19fe8c4afaaf,14, #D0CBBB
097012de3b178cc202c8,24, #A29988
097012de3b178cc202c8,24, #ECE3C7
097012de3b178cc202c8,1,#FCFBF8
097012de3b178cc202c8,1, #5A4C3B
097012de3b178cc202c8,18, #837764
097012de3b178cc202c8,28, #CABFA3
0976e5b14f26155e204c,1, #B9AF8E
0976e5b14f26155e204c,31, #171510
0976e5b14f26155e204c,8, #4C432D
0976e5b14f26155e204c,13, #6C5D3D
0976e5b14f26155e204c,6, #8C7E5C
0976e5b14f26155e204c,3, #A5936C
0976e5b14f26155e204c,34,#332E20
097982abb641910662bc,1, #7B7F75
097982abb641910662bc,2, #A99E6A
097982abb641910662bc,7, #8A7F4F
097982abb641910662bc,25, #AFAC98
097982abb641910662bc,39,#5B5A48
097982abb641910662bc,13, #33301E
097982abb641910662bc,10, #91928A
097d3bbbe587ca8faa3b,1, #C4AC72
097d3bbbe587ca8faa3b,62,#221B10
097d3bbbe587ca8faa3b,19, #443F2D
097d3bbbe587ca8faa3b,12, #655F43
097d3bbbe587ca8faa3b,1, #D9C78B
097d3bbbe587ca8faa3b,3, #A18C5C
097fdd4137c4626d2849,5, #AD976D
097fdd4137c4626d2849,19,#7C6A48
097fdd4137c4626d2849,46, #594934
097fdd4137c4626d2849,15, #2A2922
097fdd4137c4626d2849,0, #C1AE85
097fdd4137c4626d2849,12, #93805A
0988fd1e91dc3a842a3f,12, #626156
0988fd1e91dc3a842a3f,29, #B8B4A7
0988fd1e91dc3a842a3f,1,#F8F6F3
0988fd1e91dc3a842a3f,27, #DBD5C8
0988fd1e91dc3a842a3f,7, #3F3F38
0988fd1e91dc3a842a3f,21, #89867B
099303e15bd384ea19dc,20, #523E31
099303e15bd384ea19dc,15, #BEB5A1
099303e15bd384ea19dc,15, #8D8071
099303e15bd384ea19dc,10, #DDD6BF
099303e15bd384ea19dc,11, #A39888
099303e15bd384ea19dc,21,#716254
099303e15bd384ea19dc,5, #342119
09abae7087835f633d3c,71, #170E05
09abae7087835f633d3c,17,#422F0F
09abae7087835f633d3c,0, #B09E45
09abae7087835f633d3c,7, #73510F
09abae7087835f633d3c,0, #C8B658
09abae7087835f633d3c,2, #9B7621
09ae82aea280c1d6645a,5, #695C45
09ae82aea280c1d6645a,7, #503F2A
09ae82aea280c1d6645a,0, #273E56
09ae82aea280c1d6645a,81,#262020
09ae82aea280c1d6645a,1, #B0AA8F
09ae82aea280c1d6645a,2, #8D8065
09ae82aea280c1d6645a,0, #466178
09bed046d60c51d4e12f,3,#A59F8C
09bed046d60c51d4e12f,10, #43423B
09bed046d60c51d4e12f,60, #F1EDDB
09bed046d60c51d4e12f,7, #636157
09bed046d60c51d4e12f,9, #837F70
09bed046d60c51d4e12f,8, #C4BEAB
09c1c3a69b72677b9815,20, #6D4E2E
09c1c3a69b72677b9815,50, #3F3728
09c1c3a69b72677b9815,2, #B69564
09c1c3a69b72677b9815,11,#191914
09c1c3a69b72677b9815,5, #A48557
09c1c3a69b72677b9815,8, #896F47
09c57eecb6b3d684835e,3, #312B27
09c57eecb6b3d684835e,20, #B3AB94
09c57eecb6b3d684835e,0, #F8F8F4
09c57eecb6b3d684835e,8, #736A5F
09c57eecb6b3d684835e,14, #504842
09c57eecb6b3d684835e,19, #948A7B
09c57eecb6b3d684835e,31,#D5D2C0
09c870b920c6ee408840,24, #DDD7C3
09c870b920c6ee408840,2, #BEB49D
09c870b920c6ee408840,24, #786245
09c870b920c6ee408840,36, #4C3523
09c870b920c6ee408840,11, #9B8D74
09c870b920c6ee408840,0,#FCF7E2
09c982478225cdb6e4aa,19, #79766A
09c982478225cdb6e4aa,20, #989487
09c982478225cdb6e4aa,5, #514E44
09c982478225cdb6e4aa,21, #DEDBCA
09c982478225cdb6e4aa,30, #B6B3A4
09c982478225cdb6e4aa,1,#FAF9F2
09cb202bdce165ecbfc7,31,#151208
09cb202bdce165ecbfc7,27, #4D2513
09cb202bdce165ecbfc7,14, #A4885E
09cb202bdce165ecbfc7,7, #645637
09cb202bdce165ecbfc7,8, #7F6B47
09cb202bdce165ecbfc7,9, #B5AD84
09cb202bdce165ecbfc7,0, #7E361B
09d5c8b4cff85d523f90,3, #746C60
09d5c8b4cff85d523f90,13, #F4EBD5
09d5c8b4cff85d523f90,3,#8B8476
09d5c8b4cff85d523f90,1, #4E4840
09d5c8b4cff85d523f90,7, #A79F8F
09d5c8b4cff85d523f90,70, #D0C6B3
09d6c9eb7f3f68147071,6, #BBBCAD
09d6c9eb7f3f68147071,14, #52462E
09d6c9eb7f3f68147071,22, #221E17
09d6c9eb7f3f68147071,23, #76684C
09d6c9eb7f3f68147071,28, #949280
09d6c9eb7f3f68147071,4,#D4D5CA
09d929c036b00467cf7e,6, #403D36
09d929c036b00467cf7e,13, #5F5B52
09d929c036b00467cf7e,3, #F9F5E7
09d929c036b00467cf7e,17, #A8A497
09d929c036b00467cf7e,7, #C6C1B4
09d929c036b00467cf7e,26,#807C72
09d929c036b00467cf7e,24, #DFDACB
09dc4d30f2318467e498,19, #A09B8D
09dc4d30f2318467e498,16, #C5BFAF
09dc4d30f2318467e498,36, #68645A
09dc4d30f2318467e498,5, #403E36
09dc4d30f2318467e498,2,#FDFBF5
09dc4d30f2318467e498,19, #E3DDCC
09e3a46e9c44c221e701,0, #F9F8F3
09e3a46e9c44c221e701,4, #E2DCC6
09e3a46e9c44c221e701,15, #A79D8E
09e3a46e9c44c221e701,17, #574A41
09e3a46e9c44c221e701,25, #32241D
09e3a46e9c44c221e701,27,#826656
09e3a46e9c44c221e701,8, #C7BEAB
09ef514a5f077aa6cc84,0, #C4C1AC
09ef514a5f077aa6cc84,37, #1B1C14
09ef514a5f077aa6cc84,2, #8E7E56
09ef514a5f077aa6cc84,48, #4F442F
09ef514a5f077aa6cc84,10,#6F6749
09ef514a5f077aa6cc84,1, #ABA081
09fcb5f6a3f0369629c9,7, #BCB79B
09fcb5f6a3f0369629c9,20, #D8D1B7
09fcb5f6a3f0369629c9,5,#F8F4E3
09fcb5f6a3f0369629c9,20, #7F7A60
09fcb5f6a3f0369629c9,33, #514E3B
09fcb5f6a3f0369629c9,12, #9F9A80
09fe03a93f91bb1f87b9,29, #56443A
09fe03a93f91bb1f87b9,15, #CEBC8E
09fe03a93f91bb1f87b9,0, #E6E4D8
09fe03a93f91bb1f87b9,9,#161514
09fe03a93f91bb1f87b9,35, #968B77
09fe03a93f91bb1f87b9,9, #976442
0a01cd465ff033dc7b37,1, #D8A4D8
0a01cd465ff033dc7b37,0, #AA0FCF
0a01cd465ff033dc7b37,2,#9C9E8F
0a01cd465ff033dc7b37,0, #45E022
0a01cd465ff033dc7b37,0, #0DB9D6
0a01cd465ff033dc7b37,95, #3E5235
0a080e44b529abf9c81b,44,#F3EDD4
0a080e44b529abf9c81b,4, #473123
0a080e44b529abf9c81b,1, #B5A68B
0a080e44b529abf9c81b,22, #8E7F63
0a080e44b529abf9c81b,16, #684F38
0a080e44b529abf9c81b,10, #C9C1AA
0a08fa9c3e3f71e23d23,17, #8E8471
0a08fa9c3e3f71e23d23,9, #E5DDC5
0a08fa9c3e3f71e23d23,45, #706556
0a08fa9c3e3f71e23d23,0,#C9C0A8
0a08fa9c3e3f71e23d23,22, #ABA28C
0a08fa9c3e3f71e23d23,3, #514437
0a0cec8539abd7078feb,6, #848577
0a0cec8539abd7078feb,10, #4A4B43
0a0cec8539abd7078feb,8, #A1A091
0a0cec8539abd7078feb,11, #C3C1B0
0a0cec8539abd7078feb,8, #6B6C60
0a0cec8539abd7078feb,53,#E5E2D0
0a0cec8539abd7078feb,0, #FAF8E8
0a0f14409ab27f420b61,22,#232621
0a0f14409ab27f420b61,15, #5D543E
0a0f14409ab27f420b61,7, #A29877
0a0f14409ab27f420b61,15, #0C110E
0a0f14409ab27f420b61,20, #423E30
0a0f14409ab27f420b61,0, #C0B9A0
0a0f14409ab27f420b61,17, #7B7255
0a10076553e411ec5f83,1, #4B3E2F
0a10076553e411ec5f83,1, #7A6D57
0a10076553e411ec5f83,82, #C4BCA0
0a10076553e411ec5f83,6,#F9F8F3
0a10076553e411ec5f83,6, #9E957E
0a10076553e411ec5f83,1, #E2DFCE
0a320fafc32fa2a70e5e,8, #918F83
0a320fafc32fa2a70e5e,19, #C4C0B5
0a320fafc32fa2a70e5e,23,#545248
0a320fafc32fa2a70e5e,14, #7A786D
0a320fafc32fa2a70e5e,22, #ECE8DB
0a320fafc32fa2a70e5e,2, #312F27
0a320fafc32fa2a70e5e,9, #A8A59A
0a37956837b57582ab48,23, #564B27
0a37956837b57582ab48,70,#20190A
0a37956837b57582ab48,0, #A7A47D
0a37956837b57582ab48,1, #7E6024
0a37956837b57582ab48,0, #8F8F65
0a37956837b57582ab48,0, #98763E
0a37956837b57582ab48,3, #6F7450
0a39abf38a007a62b6c6,11,#F5F1E6
0a39abf38a007a62b6c6,14, #564332
0a39abf38a007a62b6c6,12, #7E7059
0a39abf38a007a62b6c6,3, #332016
0a39abf38a007a62b6c6,12, #9F9682
0a39abf38a007a62b6c6,46, #CEC7AB
0a3b9b8640f480d648b6,8, #8B877A
0a3b9b8640f480d648b6,19, #5A574C
0a3b9b8640f480d648b6,4, #ACA798
0a3b9b8640f480d648b6,8, #CAC5B4
0a3b9b8640f480d648b6,5, #37352E
0a3b9b8640f480d648b6,45,#EFEAD8
0a3b9b8640f480d648b6,9, #726F63
0a3e4c9c41ad5f974d06,25, #262215
0a3e4c9c41ad5f974d06,1, #D1C17F
0a3e4c9c41ad5f974d06,38,#7B6140
0a3e4c9c41ad5f974d06,15, #969072
0a3e4c9c41ad5f974d06,1, #FAFAF8
0a3e4c9c41ad5f974d06,5, #C8C8B7
0a3e4c9c41ad5f974d06,12, #50442A
0a448a3a5747c7e36a36,8, #9C9790
0a448a3a5747c7e36a36,21, #EADFCB
0a448a3a5747c7e36a36,1,#FBF9F4
0a448a3a5747c7e36a36,10, #7E7A75
0a448a3a5747c7e36a36,53, #56524E
0a448a3a5747c7e36a36,5, #C4BBAC
0a4aa22cf36eeff31152,66, #9C8D65
0a4aa22cf36eeff31152,5,#C8BD94
0a4aa22cf36eeff31152,9, #60523A
0a4aa22cf36eeff31152,6, #806538
0a4aa22cf36eeff31152,9, #7F7656
0a4aa22cf36eeff31152,3, #463321
0a4b2f4f9d33b6538b94,5, #D9D5AE
0a4b2f4f9d33b6538b94,8, #998F6A
0a4b2f4f9d33b6538b94,21, #6D6547
0a4b2f4f9d33b6538b94,22,#3D371F
0a4b2f4f9d33b6538b94,7, #B9AE82
0a4b2f4f9d33b6538b94,35, #171306
0a4e0ffd1a78b9d8c770,19, #4E3E24
0a4e0ffd1a78b9d8c770,7, #A09160
0a4e0ffd1a78b9d8c770,12, #897547
0a4e0ffd1a78b9d8c770,36,#1D160B
0a4e0ffd1a78b9d8c770,6, #725C30
0a4e0ffd1a78b9d8c770,16, #302618
0a4e0ffd1a78b9d8c770,0, #ACA173
0a5373cc7a39c5811812,18, #6F675B
0a5373cc7a39c5811812,0,#F9EBD8
0a5373cc7a39c5811812,25, #988E80
0a5373cc7a39c5811812,35, #D4C8B5
0a5373cc7a39c5811812,14, #B4A997
0a5373cc7a39c5811812,5, #46403A
0a596d7a82ffac3aa24b,24, #BCBAAE
0a596d7a82ffac3aa24b,1, #080706
0a596d7a82ffac3aa24b,56,#736955
0a596d7a82ffac3aa24b,0, #27231B
0a596d7a82ffac3aa24b,4, #918E88
0a596d7a82ffac3aa24b,4, #F1EFE5
0a596d7a82ffac3aa24b,7, #494036
0a5e099082fe05cc6ba6,2, #73665C
0a5e099082fe05cc6ba6,0, #FEFEFE
0a5e099082fe05cc6ba6,1, #A79A8B
0a5e099082fe05cc6ba6,0, #8B7E72
0a5e099082fe05cc6ba6,3, #463D39
0a5e099082fe05cc6ba6,1, #C8BAA8
0a5e099082fe05cc6ba6,89,#DFDCD6
0a6b832ee5011f348dfe,0, #B8B39D
0a6b832ee5011f348dfe,24, #8C8C79
0a6b832ee5011f348dfe,40,#0A0905
0a6b832ee5011f348dfe,12, #494735
0a6b832ee5011f348dfe,4, #636656
0a6b832ee5011f348dfe,18, #282719
0a6be546f916a825ea83,7, #C5BAA4
0a6be546f916a825ea83,3, #8D6F57
0a6be546f916a825ea83,1, #B7A58C
0a6be546f916a825ea83,5, #9F8C78
0a6be546f916a825ea83,0, #FAF8E8
0a6be546f916a825ea83,69,#E4DCCC
0a6be546f916a825ea83,11, #D7CBB7
0a7823b96a95020c363c,8, #F9F6E3
0a7823b96a95020c363c,23,#B6B3A1
0a7823b96a95020c363c,0, #27241D
0a7823b96a95020c363c,12, #8B887C
0a7823b96a95020c363c,17, #6E6C61
0a7823b96a95020c363c,13, #4B4A3F
0a7823b96a95020c363c,23, #DFDBC7
0a7c82fc1db4dc06853d,0,#FEFEFD
0a7c82fc1db4dc06853d,9, #8A9397
0a7c82fc1db4dc06853d,22, #E8E5D7
0a7c82fc1db4dc06853d,59, #BCB8A7
0a7c82fc1db4dc06853d,6, #6F5B4B
0a7c82fc1db4dc06853d,1, #597A9C
0a84a46ee82c36428309,5, #958B68
0a84a46ee82c36428309,11, #935F41
0a84a46ee82c36428309,12, #B6AC83
0a84a46ee82c36428309,15, #CEC6A3
0a84a46ee82c36428309,33,#2E2815
0a84a46ee82c36428309,13, #4F442A
0a84a46ee82c36428309,8, #E5E0C8
0a89cb49e434efda1a4a,12, #C8B48A
0a89cb49e434efda1a4a,36,#1E110E
0a89cb49e434efda1a4a,14, #876A38
0a89cb49e434efda1a4a,11, #B29557
0a89cb49e434efda1a4a,4, #E3DCB7
0a89cb49e434efda1a4a,20, #774024
0a8c00c2c0dd8b6b3e53,1, #796135
0a8c00c2c0dd8b6b3e53,50,#45372B
0a8c00c2c0dd8b6b3e53,4, #644F2E
0a8c00c2c0dd8b6b3e53,0, #8D784C
0a8c00c2c0dd8b6b3e53,0, #B29F73
0a8c00c2c0dd8b6b3e53,0, #A28E62
0a8c00c2c0dd8b6b3e53,42, #1A110C
0a8c085012f6fcdea91c,8, #7F7C6C
0a8c085012f6fcdea91c,1, #48473E
0a8c085012f6fcdea91c,2, #615F52
0a8c085012f6fcdea91c,5,#F5EFD2
0a8c085012f6fcdea91c,15, #ACA893
0a8c085012f6fcdea91c,66, #D8D1B8
0a8c357f4c6b933d3442,14, #585250
0a8c357f4c6b933d3442,10, #C9C2B1
0a8c357f4c6b933d3442,32, #7F7971
0a8c357f4c6b933d3442,22,#F8EFD8
0a8c357f4c6b933d3442,7, #393735
0a8c357f4c6b933d3442,12, #A39E92
0a9682892805d5372e88,26,#79693A
0a9682892805d5372e88,8, #BEB799
0a9682892805d5372e88,24, #110C06
0a9682892805d5372e88,24, #39321B
0a9682892805d5372e88,0, #EBE7DC
0a9682892805d5372e88,4, #BD9840
0a9682892805d5372e88,10, #8A8A76
0a99d1fa974000c2e41e,3, #6A775F
0a99d1fa974000c2e41e,0, #EEE4D2
0a99d1fa974000c2e41e,46,#0E1407
0a99d1fa974000c2e41e,16, #2A331A
0a99d1fa974000c2e41e,8, #BEB698
0a99d1fa974000c2e41e,6, #90956D
0a99d1fa974000c2e41e,18, #444F39
0aad18ffdf31c27682da,0, #E2DEC6
0aad18ffdf31c27682da,15,#FAF9F2
0aad18ffdf31c27682da,4, #514D43
0aad18ffdf31c27682da,39, #A09989
0aad18ffdf31c27682da,17, #BDB6A0
0aad18ffdf31c27682da,22, #7F7869
0aae147c2cc7528e25f5,12, #D0CBBB
0aae147c2cc7528e25f5,13, #B0AA97
0aae147c2cc7528e25f5,8, #222119
0aae147c2cc7528e25f5,33, #4D493C
0aae147c2cc7528e25f5,11,#F3F3EB
0aae147c2cc7528e25f5,19, #827C6B
0aaf288fb45d2295fade,9, #54524B
0aaf288fb45d2295fade,14,#F6F3E3
0aaf288fb45d2295fade,30, #DDD8C8
0aaf288fb45d2295fade,14, #A39F93
0aaf288fb45d2295fade,15, #C5BFB1
0aaf288fb45d2295fade,15, #7D7970
0ab4407acc9c022c6578,8, #A69E87
0ab4407acc9c022c6578,76, #C8C1A6
0ab4407acc9c022c6578,5, #503F2B
0ab4407acc9c022c6578,0, #E2DDCD
0ab4407acc9c022c6578,8, #7F7258
0ab4407acc9c022c6578,1,#FBFAF7
0ab5c5c1da3b7aaea309,9, #827A69
0ab5c5c1da3b7aaea309,5, #504B41
0ab5c5c1da3b7aaea309,39, #E7DFCF
0ab5c5c1da3b7aaea309,32, #CAC2B0
0ab5c5c1da3b7aaea309,2,#FCFAF6
0ab5c5c1da3b7aaea309,10, #AAA291
0abb8a125608f0dee60b,10, #766943
0abb8a125608f0dee60b,28,#191610
0abb8a125608f0dee60b,26, #4E4528
0abb8a125608f0dee60b,13, #3C2B18
0abb8a125608f0dee60b,12, #8C8764
0abb8a125608f0dee60b,2, #AA9E73
0abb8a125608f0dee60b,5, #665936
0abf8b59293adafd6eae,32, #9E968B
0abf8b59293adafd6eae,17, #F0E5D0
0abf8b59293adafd6eae,13, #6F6964
0abf8b59293adafd6eae,0, #353130
0abf8b59293adafd6eae,29, #CAC1B1
0abf8b59293adafd6eae,5,#544F4D
0acac01d0b3905802e26,3, #A87F43
0acac01d0b3905802e26,82, #5F3C27
0acac01d0b3905802e26,2, #C1A558
0acac01d0b3905802e26,3, #845E3C
0acac01d0b3905802e26,0, #E3CD82
0acac01d0b3905802e26,7,#291F15
0ad499fbf33e5c3d13a2,9, #543E2A
0ad499fbf33e5c3d13a2,0,#CBD6D7
0ad499fbf33e5c3d13a2,5, #362418
0ad499fbf33e5c3d13a2,17, #6F6456
0ad499fbf33e5c3d13a2,17, #8F8A7F
0ad499fbf33e5c3d13a2,49, #AAB1AE
0ad95dbe09600ff7d964,18, #747268
0ad95dbe09600ff7d964,52,#E3DED2
0ad95dbe09600ff7d964,8, #4C4B42
0ad95dbe09600ff7d964,3, #303029
0ad95dbe09600ff7d964,7, #9D9A90
0ad95dbe09600ff7d964,9, #B9B6AB
0ae0b2faa977b65f443c,13, #423D30
0ae0b2faa977b65f443c,0, #CFBE8B
0ae0b2faa977b65f443c,32,#5F583E
0ae0b2faa977b65f443c,26, #B4A577
0ae0b2faa977b65f443c,7, #9E936B
0ae0b2faa977b65f443c,15, #8D8254
0ae0b2faa977b65f443c,5, #776F4C
0ae1d0b8e22c9d022a72,3, #887445
0ae1d0b8e22c9d022a72,3, #C5B089
0ae1d0b8e22c9d022a72,59,#110D08
0ae1d0b8e22c9d022a72,32, #5D4C26
0ae1d0b8e22c9d022a72,0, #DCD0AE
0ae1d0b8e22c9d022a72,1, #9D916D
0ae82a89300c3248de5d,5, #9C8867
0ae82a89300c3248de5d,37,#0F0E0C
0ae82a89300c3248de5d,3, #E0D5C5
0ae82a89300c3248de5d,34, #362A1C
0ae82a89300c3248de5d,11, #6D472C
0ae82a89300c3248de5d,5, #B5A38D
0ae82a89300c3248de5d,1, #6E6C62
0af22e0c531b4bf88d5e,2, #A18E57
0af22e0c531b4bf88d5e,5, #6C6132
0af22e0c531b4bf88d5e,5,#533A15
0af22e0c531b4bf88d5e,0, #C9C38A
0af22e0c531b4bf88d5e,33, #080604
0af22e0c531b4bf88d5e,53, #381804
0af4172bb69d59aa009c,11, #E2DDC8
0af4172bb69d59aa009c,5, #737160
0af4172bb69d59aa009c,1, #38372E
0af4172bb69d59aa009c,2, #525043
0af4172bb69d59aa009c,58,#F6F5EB
0af4172bb69d59aa009c,11, #9D9B89
0af4172bb69d59aa009c,10, #C5C2AF
0af47f229007e7310af0,0, #35271F
0af47f229007e7310af0,55,#F1E9DD
0af47f229007e7310af0,6, #706453
0af47f229007e7310af0,2, #4D3F32
0af47f229007e7310af0,18, #DCD3C5
0af47f229007e7310af0,9, #9A917D
0af47f229007e7310af0,6, #C2B9A4
0af68161024be8a9eb15,4,#858976
0af68161024be8a9eb15,11, #252514
0af68161024be8a9eb15,20, #75664E
0af68161024be8a9eb15,11, #949B95
0af68161024be8a9eb15,22, #564C2C
0af68161024be8a9eb15,29, #BFBA9D
0afed0b670d9d8f3a437,25, #61554B
0afed0b670d9d8f3a437,23, #453B33
0afed0b670d9d8f3a437,22, #7B7066
0afed0b670d9d8f3a437,15, #D3C5B0
0afed0b670d9d8f3a437,5, #B4A89A
0afed0b670d9d8f3a437,7,#988E85
0b03ef1156fb0b4eb0ed,12, #7A746A
0b03ef1156fb0b4eb0ed,11, #EDE4D6
0b03ef1156fb0b4eb0ed,26, #A49987
0b03ef1156fb0b4eb0ed,13, #C8BEAC
0b03ef1156fb0b4eb0ed,6, #5A564E
0b03ef1156fb0b4eb0ed,0, #413D38
0b03ef1156fb0b4eb0ed,30,#D9D0C3
0b04c7f96e07a20a0195,39, #B3A78B
0b04c7f96e07a20a0195,1, #D4D5CB
0b04c7f96e07a20a0195,39, #C9C2AF
0b04c7f96e07a20a0195,2, #7C684A
0b04c7f96e07a20a0195,0,#757670
0b04c7f96e07a20a0195,17, #968662
0b10e6fbc1d1b05aa9ce,29, #DDD7C6
0b10e6fbc1d1b05aa9ce,14,#F4F0E3
0b10e6fbc1d1b05aa9ce,14, #777469
0b10e6fbc1d1b05aa9ce,21, #47463E
0b10e6fbc1d1b05aa9ce,8, #989588
0b10e6fbc1d1b05aa9ce,11, #BBB6A8
0b14a0772d4400c35c67,4, #5B5A4D
0b14a0772d4400c35c67,0, #38372E
0b14a0772d4400c35c67,3, #7D7B6E
0b14a0772d4400c35c67,17, #CCC7B8
0b14a0772d4400c35c67,16, #A3A093
0b14a0772d4400c35c67,57,#EEE9D9
0b16d7406328a868cd93,0, #1C1D1E
0b16d7406328a868cd93,21, #A99F85
0b16d7406328a868cd93,30,#C4B999
0b16d7406328a868cd93,21, #8E8773
0b16d7406328a868cd93,13, #E7E0C6
0b16d7406328a868cd93,1, #383732
0b16d7406328a868cd93,12, #615C4D
0b1a91884b94a5a10362,1, #C1B28E
0b1a91884b94a5a10362,43, #B0A07A
0b1a91884b94a5a10362,1,#908E7E
0b1a91884b94a5a10362,14, #584E34
0b1a91884b94a5a10362,22, #797053
0b1a91884b94a5a10362,15, #2F2D23
0b1b3265c5805eac2216,7, #5C2F18
0b1b3265c5805eac2216,12, #AFA396
0b1b3265c5805eac2216,9, #907B68
0b1b3265c5805eac2216,63, #D6CFBF
0b1b3265c5805eac2216,5, #7A593D
0b1b3265c5805eac2216,1,#F9F2E0
0b1d709f660cbba723eb,5, #D1C9B2
0b1d709f660cbba723eb,0, #1F1E1D
0b1d709f660cbba723eb,5, #8F8873
0b1d709f660cbba723eb,4, #B8AF97
0b1d709f660cbba723eb,3, #69604C
0b1d709f660cbba723eb,79,#F2EEE0
0b1d709f660cbba723eb,1, #423A2C
0b21226332f53c683e6a,14, #827E6F
0b21226332f53c683e6a,15, #545047
0b21226332f53c683e6a,24, #DED8BF
0b21226332f53c683e6a,15, #B9B29A
0b21226332f53c683e6a,3, #33312D
0b21226332f53c683e6a,26,#F8F5E2
0b21ad4f200ab07f0621,16, #926930
0b21ad4f200ab07f0621,3, #9F8D51
0b21ad4f200ab07f0621,1, #C9B87B
0b21ad4f200ab07f0621,44, #3C3114
0b21ad4f200ab07f0621,32, #11110C
0b21ad4f200ab07f0621,2,#565238
0b26edd697cf504f1da7,3, #38392F
0b26edd697cf504f1da7,37,#F1EEDA
0b26edd697cf504f1da7,5, #7B7968
0b26edd697cf504f1da7,13, #92907F
0b26edd697cf504f1da7,6, #5F5F50
0b26edd697cf504f1da7,15, #AEAB9A
0b26edd697cf504f1da7,17, #CECAB7
0b2970e9147a9e76fd17,1, #503D31
0b2970e9147a9e76fd17,7, #BEB59B
0b2970e9147a9e76fd17,3, #A19782
0b2970e9147a9e76fd17,5, #8A7E6B
0b2970e9147a9e76fd17,57,#F4EFE0
0b2970e9147a9e76fd17,20, #D7D1BB
0b2970e9147a9e76fd17,3, #6E5E4D
0b29a507bd2796eb6bef,11, #7A5F38
0b29a507bd2796eb6bef,35,#11100A
0b29a507bd2796eb6bef,0, #A09777
0b29a507bd2796eb6bef,0, #B7AE8E
0b29a507bd2796eb6bef,23, #4D3D29
0b29a507bd2796eb6bef,28, #30231A
0b2a381db2545574378d,35,#5E4E36
0b2a381db2545574378d,3, #968051
0b2a381db2545574378d,28, #39352A
0b2a381db2545574378d,2, #B49963
0b2a381db2545574378d,1, #CEB67B
0b2a381db2545574378d,20, #7A6652
0b2a381db2545574378d,7, #1F1F1A
0b2b4d848004f5e1ebb9,22, #C4C4A1
0b2b4d848004f5e1ebb9,18, #6E6F4F
0b2b4d848004f5e1ebb9,15, #B29F62
0b2b4d848004f5e1ebb9,26, #3F3A27
0b2b4d848004f5e1ebb9,13, #708F8D
0b2b4d848004f5e1ebb9,3,#0E0D0B
0b2b80b40d6def91987a,16, #8D8B81
0b2b80b40d6def91987a,21, #B9B6A8
0b2b80b40d6def91987a,2, #282620
0b2b80b40d6def91987a,35, #E0DCC9
0b2b80b40d6def91987a,2,#FDFBE8
0b2b80b40d6def91987a,21, #5C5B52
0b2c0273929a681d72c4,2,#F7F3E4
0b2c0273929a681d72c4,15, #AEAA9E
0b2c0273929a681d72c4,17, #848176
0b2c0273929a681d72c4,2, #3B3830
0b2c0273929a681d72c4,56, #D2CFC2
0b2c0273929a681d72c4,5, #5D5A50
0b2c0fcc90c87a6f26aa,20, #FAF9EE
0b2c0fcc90c87a6f26aa,56,#E7DFC9
0b2c0fcc90c87a6f26aa,9, #CBC3AE
0b2c0fcc90c87a6f26aa,6, #ACA591
0b2c0fcc90c87a6f26aa,0, #524E41
0b2c0fcc90c87a6f26aa,3, #767263
0b2c0fcc90c87a6f26aa,3, #8F8B7F
0b2e45d86578e90df02d,60,#120901
0b2e45d86578e90df02d,2, #A1764D
0b2e45d86578e90df02d,13, #69482B
0b2e45d86578e90df02d,0, #AD9673
0b2e45d86578e90df02d,20, #51240E
0b2e45d86578e90df02d,2, #CBB393
0b318e622c56342bff34,2,#D0C3A4
0b318e622c56342bff34,1, #564F44
0b318e622c56342bff34,9, #8C7863
0b318e622c56342bff34,8, #9F927B
0b318e622c56342bff34,70, #B8AA90
0b318e622c56342bff34,7, #6F6151
0b35b1a1abbee19dc653,9, #B5A896
0b35b1a1abbee19dc653,4, #4D483E
0b35b1a1abbee19dc653,20, #D8CCB8
0b35b1a1abbee19dc653,6, #8F877C
0b35b1a1abbee19dc653,48,#FAF7F2
0b35b1a1abbee19dc653,9, #756D62
0b3ca1cb89325c29e993,37,#4C4338
0b3ca1cb89325c29e993,33, #7B7266
0b3ca1cb89325c29e993,2, #110E0B
0b3ca1cb89325c29e993,6, #969188
0b3ca1cb89325c29e993,0, #FBF9F0
0b3ca1cb89325c29e993,15, #DDDBCC
0b3ca1cb89325c29e993,4, #B9B5A9
0b4824777287b44ab925,78, #1A140B
0b4824777287b44ab925,3, #AA9671
0b4824777287b44ab925,10, #563019
0b4824777287b44ab925,3, #8C7651
0b4824777287b44ab925,2,#6E5734
0b4824777287b44ab925,0, #BDAF90
0b4f82d47f979b6ef05f,5, #AA9E86
0b4f82d47f979b6ef05f,2, #352923
0b4f82d47f979b6ef05f,10, #CBBDAC
0b4f82d47f979b6ef05f,2, #8C8477
0b4f82d47f979b6ef05f,72,#F5EEE5
0b4f82d47f979b6ef05f,2, #7B6D5A
0b4f82d47f979b6ef05f,4, #5C4E42
0b56a2166ac0a0ec7b4c,11, #85722E
0b56a2166ac0a0ec7b4c,35,#E1DDBD
0b56a2166ac0a0ec7b4c,4, #4D4216
0b56a2166ac0a0ec7b4c,27, #C6BB82
0b56a2166ac0a0ec7b4c,11, #A69B59
0b56a2166ac0a0ec7b4c,9, #1D1708
0b631d0d1a1382074594,40, #443318
0b631d0d1a1382074594,18,#222212
0b631d0d1a1382074594,9, #908655
0b631d0d1a1382074594,11, #6B6D4B
0b631d0d1a1382074594,8, #AAA266
0b631d0d1a1382074594,11, #525338
0b6781974a35a28016d0,0, #544D3C
0b6781974a35a28016d0,45,#D4C9AD
0b6781974a35a28016d0,31, #FBF8ED
0b6781974a35a28016d0,0, #3A3222
0b6781974a35a28016d0,5, #87816D
0b6781974a35a28016d0,11, #A69E88
0b6781974a35a28016d0,3, #6D6653
0b6bbdd3299bd14d5885,4, #978770
0b6bbdd3299bd14d5885,45, #8F7254
0b6bbdd3299bd14d5885,2,#F0E6D3
0b6bbdd3299bd14d5885,22, #634C38
0b6bbdd3299bd14d5885,3, #BDA586
0b6bbdd3299bd14d5885,21, #D7C8AE
0b79d69163bfa435c755,4,#D9D1AE
0b79d69163bfa435c755,15, #AA986B
0b79d69163bfa435c755,17, #C5B787
0b79d69163bfa435c755,15, #877A52
0b79d69163bfa435c755,8, #2A281C
0b79d69163bfa435c755,38, #565036
0b8fba1df2aa8f9eabb5,1,#FDF7EE
0b8fba1df2aa8f9eabb5,41, #E4D1C1
0b8fba1df2aa8f9eabb5,21, #938778
0b8fba1df2aa8f9eabb5,23, #B7A898
0b8fba1df2aa8f9eabb5,9, #6C5F53
0b8fba1df2aa8f9eabb5,1, #483E36
0b98686f2d1b931c2ee6,16, #EFEFE2
0b98686f2d1b931c2ee6,48, #1C1D16
0b98686f2d1b931c2ee6,8, #73746C
0b98686f2d1b931c2ee6,8, #A1A39C
0b98686f2d1b931c2ee6,10,#4A4B43
0b98686f2d1b931c2ee6,6, #C7C9C1
0b9eda1c233bedddbddd,11, #605E55
0b9eda1c233bedddbddd,20, #78766C
0b9eda1c233bedddbddd,0, #47453D
0b9eda1c233bedddbddd,20, #928F83
0b9eda1c233bedddbddd,26, #B4B0A5
0b9eda1c233bedddbddd,20,#E1DBCD
0b9f15e97a7f46a71bb5,11, #80776C
0b9f15e97a7f46a71bb5,14, #51322F
0b9f15e97a7f46a71bb5,7, #69504B
0b9f15e97a7f46a71bb5,8, #A89B85
0b9f15e97a7f46a71bb5,1, #F5F4EE
0b9f15e97a7f46a71bb5,50,#D6D0BC
0b9f15e97a7f46a71bb5,6, #23201D
0ba786e4b78fcccd82a5,28, #D0CAB8
0ba786e4b78fcccd82a5,10, #615E52
0ba786e4b78fcccd82a5,22, #868275
0ba786e4b78fcccd82a5,15, #B1AB9C
0ba786e4b78fcccd82a5,15,#F6F2E0
0ba786e4b78fcccd82a5,7, #333228
0ba872b20776597e461c,2, #4C463B
0ba872b20776597e461c,2,#FBF8E9
0ba872b20776597e461c,25, #A9A487
0ba872b20776597e461c,4, #E4DDCB
0ba872b20776597e461c,26, #77725E
0ba872b20776597e461c,39, #CBC4AA
0baef355158ee58f74ec,46, #62502F
0baef355158ee58f74ec,11, #17170A
0baef355158ee58f74ec,2, #BCA76E
0baef355158ee58f74ec,2,#D4C5A5
0baef355158ee58f74ec,30, #2E372B
0baef355158ee58f74ec,7, #827A5C
0bb32cbf81aa30c389e9,41,#F8F6F1
0bb32cbf81aa30c389e9,5, #1F1714
0bb32cbf81aa30c389e9,9, #3B3632
0bb32cbf81aa30c389e9,16, #AAA290
0bb32cbf81aa30c389e9,16, #E0D8C6
0bb32cbf81aa30c389e9,11, #6B6557
0bb92e4255115d36b1b8,14, #D7D1BF
0bb92e4255115d36b1b8,62,#F2EDD9
0bb92e4255115d36b1b8,10, #B9B3A3
0bb92e4255115d36b1b8,0, #4B473C
0bb92e4255115d36b1b8,5, #7B7669
0bb92e4255115d36b1b8,1, #625D51
0bb92e4255115d36b1b8,4, #969083
0bc422f1ad32f5ce80fb,16, #B8B5A8
0bc422f1ad32f5ce80fb,8, #5A5952
0bc422f1ad32f5ce80fb,47, #DBD8CA
0bc422f1ad32f5ce80fb,0,#FEFDED
0bc422f1ad32f5ce80fb,12, #838176
0bc422f1ad32f5ce80fb,13, #9D9B8F
0bc50c00e3a8e312ec31,16, #577799
0bc50c00e3a8e312ec31,4, #335081
0bc50c00e3a8e312ec31,0,#6F706B
0bc50c00e3a8e312ec31,20, #B6BEB6
0bc50c00e3a8e312ec31,46, #D0D3C5
0bc50c00e3a8e312ec31,12, #8BA2AB
0bc626617f1bfc03d05b,8,#D4CDB0
0bc626617f1bfc03d05b,13, #7E7767
0bc626617f1bfc03d05b,5, #BDB498
0bc626617f1bfc03d05b,14, #F4EDCF
0bc626617f1bfc03d05b,39, #58544A
0bc626617f1bfc03d05b,19, #9E9580
0bc68e3024d0e0bb8100,5, #363228
0bc68e3024d0e0bb8100,8, #F3EEE3
0bc68e3024d0e0bb8100,2, #9C968D
0bc68e3024d0e0bb8100,9, #D9D2C6
0bc68e3024d0e0bb8100,45,#575245
0bc68e3024d0e0bb8100,25, #7C766A
0bc68e3024d0e0bb8100,2, #B5AFA7
0bcd1eba15b679e18c4b,9, #241D11
0bcd1eba15b679e18c4b,18, #5D533C
0bcd1eba15b679e18c4b,5, #EAE5D3
0bcd1eba15b679e18c4b,29,#A0A092
0bcd1eba15b679e18c4b,18, #7F7964
0bcd1eba15b679e18c4b,18, #CAC8B7
0bd2f907fc3ba4b2f35a,19,#181414
0bd2f907fc3ba4b2f35a,3, #B6A687
0bd2f907fc3ba4b2f35a,16, #8D856E
0bd2f907fc3ba4b2f35a,39, #443F39
0bd2f907fc3ba4b2f35a,18, #665D49
0bd2f907fc3ba4b2f35a,1, #D0C4A1
0bd3fa63f68b6766e404,4, #878379
0bd3fa63f68b6766e404,4, #A7A398
0bd3fa63f68b6766e404,6, #67635B
0bd3fa63f68b6766e404,47, #3B3A35
0bd3fa63f68b6766e404,17, #D0CABC
0bd3fa63f68b6766e404,18,#F3EFE2
0bd4db4e47608f46e0bd,6, #15191A
0bd4db4e47608f46e0bd,21, #908064
0bd4db4e47608f46e0bd,13, #B2AA9A
0bd4db4e47608f46e0bd,1, #6C8399
0bd4db4e47608f46e0bd,34, #3E5261
0bd4db4e47608f46e0bd,22,#C5C6C6
0bdcadf783c0741913af,0, #C9BA90
0bdcadf783c0741913af,1, #B7A46C
0bdcadf783c0741913af,6, #58381F
0bdcadf783c0741913af,65,#30261C
0bdcadf783c0741913af,13, #080708
0bdcadf783c0741913af,7, #5A5243
0bdcadf783c0741913af,4, #917E54
0be3828b24c5302f5809,17, #A7A392
0be3828b24c5302f5809,15, #605E51
0be3828b24c5302f5809,15, #FAF7E3
0be3828b24c5302f5809,8, #C9C4B1
0be3828b24c5302f5809,2, #403D32
0be3828b24c5302f5809,20,#E2DDC8
0be3828b24c5302f5809,19, #817E71
0be6566b7f68218d9cda,58, #836743
0be6566b7f68218d9cda,2, #E6DBC3
0be6566b7f68218d9cda,3, #513828
0be6566b7f68218d9cda,22, #9E927C
0be6566b7f68218d9cda,8, #C8B28D
0be6566b7f68218d9cda,4,#FBFAF6
0be7b47ffc38f7486b04,65, #4E3521
0be7b47ffc38f7486b04,7, #D9CDAD
0be7b47ffc38f7486b04,7, #8E7C5F
0be7b47ffc38f7486b04,5,#F9F6EF
0be7b47ffc38f7486b04,4, #A99E86
0be7b47ffc38f7486b04,10, #735C3E
0bf2e97512c274f56b5c,6, #867557
0bf2e97512c274f56b5c,46,#291C0D
0bf2e97512c274f56b5c,3, #A39370
0bf2e97512c274f56b5c,0, #59280E
0bf2e97512c274f56b5c,1, #6C593F
0bf2e97512c274f56b5c,24, #000000
0bf2e97512c274f56b5c,15, #423F2C
0bf2f2a04dfff20dc83f,3, #9E958C
0bf2f2a04dfff20dc83f,3, #BDB5A8
0bf2f2a04dfff20dc83f,9, #827770
0bf2f2a04dfff20dc83f,51,#5C514D
0bf2f2a04dfff20dc83f,3, #F5F4EE
0bf2f2a04dfff20dc83f,27, #302825
0bf2f2a04dfff20dc83f,1, #D9D5C6
0c04bd2cab959d3dbff1,61, #E7E4DC
0c04bd2cab959d3dbff1,5, #C2C0B9
0c04bd2cab959d3dbff1,1,#FEFCF5
0c04bd2cab959d3dbff1,10, #93948C
0c04bd2cab959d3dbff1,11, #4A4B45
0c04bd2cab959d3dbff1,9, #707169
0c05399f244498d2d520,23, #F7F2E2
0c05399f244498d2d520,21, #D8D1BF
0c05399f244498d2d520,14,#8F897B
0c05399f244498d2d520,8, #49463C
0c05399f244498d2d520,10, #706B5F
0c05399f244498d2d520,21, #B0A99B
0c0af441f3e640999f09,13, #706E56
0c0af441f3e640999f09,13, #FEFDE7
0c0af441f3e640999f09,20,#C8C1A3
0c0af441f3e640999f09,5, #474837
0c0af441f3e640999f09,13, #918D73
0c0af441f3e640999f09,14, #E5DDC1
0c0af441f3e640999f09,19, #AFA98C
0c14a093d410c8b05898,6, #F0ECDC
0c14a093d410c8b05898,15, #827D74
0c14a093d410c8b05898,28,#413F38
0c14a093d410c8b05898,14, #CFC9BA
0c14a093d410c8b05898,1, #1F1E1B
0c14a093d410c8b05898,12, #A8A397
0c14a093d410c8b05898,20, #646159
0c14c065f4a329975b0a,0, #485152
0c14c065f4a329975b0a,13, #181913
0c14c065f4a329975b0a,42,#313536
0c14c065f4a329975b0a,2, #957F54
0c14c065f4a329975b0a,26, #503A24
0c14c065f4a329975b0a,13, #6A5D3B
0c14c065f4a329975b0a,1, #B59D6F
0c173d3b56accaa02cad,54,#E6E1D0
0c173d3b56accaa02cad,2, #FBF9F4
0c173d3b56accaa02cad,7, #807265
0c173d3b56accaa02cad,4, #675341
0c173d3b56accaa02cad,0, #503827
0c173d3b56accaa02cad,18, #C5BEAF
0c173d3b56accaa02cad,11, #9F968C
0c1d0d01895a76a82b08,18, #F4F2E7
0c1d0d01895a76a82b08,20,#777362
0c1d0d01895a76a82b08,3, #333128
0c1d0d01895a76a82b08,10, #9B9684
0c1d0d01895a76a82b08,13, #524F42
0c1d0d01895a76a82b08,16, #BCB6A2
0c1d0d01895a76a82b08,16, #DBD5BF
0c1ebc30b7fdeb794939,47, #574C31
0c1ebc30b7fdeb794939,33,#1A1B14
0c1ebc30b7fdeb794939,2, #CABD96
0c1ebc30b7fdeb794939,10, #816E4A
0c1ebc30b7fdeb794939,0, #E4D8AE
0c1ebc30b7fdeb794939,6, #A98E67
0c1f640c0c607fcc4625,7, #817A68
0c1f640c0c607fcc4625,20, #645F50
0c1f640c0c607fcc4625,9, #D4CAB2
0c1f640c0c607fcc4625,36,#F5F1DE
0c1f640c0c607fcc4625,11, #A8A18C
0c1f640c0c607fcc4625,15, #3C3A31
0c27fea66cabc1c9ca33,42,#E2DAC7
0c27fea66cabc1c9ca33,8, #5C594E
0c27fea66cabc1c9ca33,13, #3E3D37
0c27fea66cabc1c9ca33,7, #9C9586
0c27fea66cabc1c9ca33,7, #FCF9EF
0c27fea66cabc1c9ca33,8, #777265
0c27fea66cabc1c9ca33,10, #BDB5A4
0c36a45eec925a96ea0d,13, #615E51
0c36a45eec925a96ea0d,18,#F5F1DD
0c36a45eec925a96ea0d,7, #888373
0c36a45eec925a96ea0d,11, #AE9D7D
0c36a45eec925a96ea0d,3, #37352E
0c36a45eec925a96ea0d,45, #CAC2AB
0c47ba633f7702405596,38,#2C200D
0c47ba633f7702405596,34, #563D18
0c47ba633f7702405596,5, #865D20
0c47ba633f7702405596,12, #96722A
0c47ba633f7702405596,6, #B79E5A
0c47ba633f7702405596,0, #934513
0c47ba633f7702405596,2, #A08643
0c4a5551de68eda2a9b4,6, #574A43
0c4a5551de68eda2a9b4,32,#F9F8F1
0c4a5551de68eda2a9b4,5, #251C18
0c4a5551de68eda2a9b4,8, #9A9283
0c4a5551de68eda2a9b4,31, #E2DFCC
0c4a5551de68eda2a9b4,6, #796D63
0c4a5551de68eda2a9b4,8, #C0B8A3
0c5232df2990e4adf396,24,#EFF2EE
0c5232df2990e4adf396,10, #948A7A
0c5232df2990e4adf396,22, #271C17
0c5232df2990e4adf396,5, #B2AA9A
0c5232df2990e4adf396,18, #4C3C31
0c5232df2990e4adf396,1, #D1D1C6
0c5232df2990e4adf396,18, #73634F
0c54f3c2210a9dcf42c7,0, #1B1D1A
0c54f3c2210a9dcf42c7,48, #4C4D44
0c54f3c2210a9dcf42c7,0, #77705B
0c54f3c2210a9dcf42c7,0, #30332D
0c54f3c2210a9dcf42c7,23,#040504
0c54f3c2210a9dcf42c7,27, #595E57
0c58d82b9282234edf32,1, #59462A
0c58d82b9282234edf32,18, #968B6E
0c58d82b9282234edf32,6, #766545
0c58d82b9282234edf32,70, #C0B99D
0c58d82b9282234edf32,1, #E6DFCF
0c58d82b9282234edf32,1,#FBF9F3
0c5ac620e1248c13b9e2,2, #412D23
0c5ac620e1248c13b9e2,12,#F0EFE9
0c5ac620e1248c13b9e2,5, #85766B
0c5ac620e1248c13b9e2,67, #D7CDB3
0c5ac620e1248c13b9e2,7, #A59D94
0c5ac620e1248c13b9e2,5, #624F42
0c5d900db1eb7469555e,17, #79765B
0c5d900db1eb7469555e,6, #635B41
0c5d900db1eb7469555e,12, #49462F
0c5d900db1eb7469555e,0, #732E16
0c5d900db1eb7469555e,0, #988F6E
0c5d900db1eb7469555e,63,#281C0F
0c5d900db1eb7469555e,0, #ABA58A
0c6d2ded16e330071689,20, #BBAA66
0c6d2ded16e330071689,7,#0F0E0A
0c6d2ded16e330071689,33, #6E533B
0c6d2ded16e330071689,23, #413420
0c6d2ded16e330071689,14, #9D6F4A
0c6d2ded16e330071689,0, #D1C99D
0c70fb3fe5bdf7b91a12,19, #423E3A
0c70fb3fe5bdf7b91a12,26, #8A8376
0c70fb3fe5bdf7b91a12,7, #BDB3A2
0c70fb3fe5bdf7b91a12,15, #A8A090
0c70fb3fe5bdf7b91a12,28,#645F58
0c70fb3fe5bdf7b91a12,1, #D3C7B2
0c70fb3fe5bdf7b91a12,2, #F4E6CA
0c7665b8dac25a436317,16, #7B6C1D
0c7665b8dac25a436317,14, #53381D
0c7665b8dac25a436317,26, #B7AB7D
0c7665b8dac25a436317,5,#211C0F
0c7665b8dac25a436317,30, #897C4F
0c7665b8dac25a436317,7, #DED5AA
0c85e181637be40a9dd6,4, #050503
0c85e181637be40a9dd6,28,#CFC49F
0c85e181637be40a9dd6,11, #513F2A
0c85e181637be40a9dd6,20, #837C5A
0c85e181637be40a9dd6,15, #272515
0c85e181637be40a9dd6,9, #6D5D40
0c85e181637be40a9dd6,10, #A39C7B
0c9b8baca6d859760bd9,4,#F8F8F6
0c9b8baca6d859760bd9,24, #918C7A
0c9b8baca6d859760bd9,48, #ADA690
0c9b8baca6d859760bd9,15, #C3BDA7
0c9b8baca6d859760bd9,2, #D9D7CB
0c9b8baca6d859760bd9,4, #857655
0c9d98d24cca5386f719,6, #7A705F
0c9d98d24cca5386f719,7, #544F45
0c9d98d24cca5386f719,3, #968974
0c9d98d24cca5386f719,0,#FBEED2
0c9d98d24cca5386f719,5, #B9AA8F
0c9d98d24cca5386f719,76, #DFD0B4
0c9dd7d5bcb822ec4d0c,4, #6C6759
0c9dd7d5bcb822ec4d0c,2, #867F70
0c9dd7d5bcb822ec4d0c,6, #514D42
0c9dd7d5bcb822ec4d0c,2, #A9A190
0c9dd7d5bcb822ec4d0c,83, #D5CCB9
0c9dd7d5bcb822ec4d0c,1,#F7EFDD
0c9e58c6f74f5a99db71,26,#F8F6EB
0c9e58c6f74f5a99db71,9, #666559
0c9e58c6f74f5a99db71,15, #41413A
0c9e58c6f74f5a99db71,11, #8E8B7A
0c9e58c6f74f5a99db71,8, #B1AC99
0c9e58c6f74f5a99db71,28, #D1CCB7
0ca5444b640e59e22a12,71,#252C30
0ca5444b640e59e22a12,8, #0F0E0C
0ca5444b640e59e22a12,1, #989574
0ca5444b640e59e22a12,0, #807F60
0ca5444b640e59e22a12,13, #544C3A
0ca5444b640e59e22a12,0, #B7B391
0ca5444b640e59e22a12,2, #6E694E
0cac5ff7f92f18710435,14, #252423
0cac5ff7f92f18710435,23, #5E5D5E
0cac5ff7f92f18710435,24,#F3F0EF
0cac5ff7f92f18710435,9, #CBC9CB
0cac5ff7f92f18710435,0, #C64F3F
0cac5ff7f92f18710435,26, #9B999B
0cb8c8ea3eabd466fe3f,66, #EBE3D8
0cb8c8ea3eabd466fe3f,0,#FEFBF1
0cb8c8ea3eabd466fe3f,5, #BFAE99
0cb8c8ea3eabd466fe3f,5, #7C654F
0cb8c8ea3eabd466fe3f,10, #998976
0cb8c8ea3eabd466fe3f,11, #DACDBD
0cbd15488aab623b7962,17, #CAC6B8
0cbd15488aab623b7962,13, #888778
0cbd15488aab623b7962,2, #35372A
0cbd15488aab623b7962,35,#ECE9DD
0cbd15488aab623b7962,16, #5D5E4D
0cbd15488aab623b7962,14, #A9A698
0cc279e5338bc38324fa,4, #4B433D
0cc279e5338bc38324fa,1,#FEF9F0
0cc279e5338bc38324fa,55, #DDCFBF
0cc279e5338bc38324fa,7, #726960
0cc279e5338bc38324fa,18, #B6AB9C
0cc279e5338bc38324fa,13, #978E82
0cc2a4a9fb293b1ada25,20, #7F7E72
0cc2a4a9fb293b1ada25,5, #31332C
0cc2a4a9fb293b1ada25,14, #515348
0cc2a4a9fb293b1ada25,49, #B6B2A7
0cc2a4a9fb293b1ada25,2,#FBF9F6
0cc2a4a9fb293b1ada25,6, #E3DED1
0cc54850b270be6fb7c6,28, #212322
0cc54850b270be6fb7c6,2,#7B7653
0cc54850b270be6fb7c6,2, #AA9A62
0cc54850b270be6fb7c6,0, #CCB981
0cc54850b270be6fb7c6,16, #88702E
0cc54850b270be6fb7c6,49, #574E31
0ccc6e39b46e2487580b,0, #D6D096
0ccc6e39b46e2487580b,42,#151919
0ccc6e39b46e2487580b,41, #3C372B
0ccc6e39b46e2487580b,5, #867148
0ccc6e39b46e2487580b,4, #67583D
0ccc6e39b46e2487580b,3, #A79665
0ccc6e39b46e2487580b,1, #C2B680
0cdc6173d321b163fd9c,19, #9C988F
0cdc6173d321b163fd9c,9,#F6F3E8
0cdc6173d321b163fd9c,10, #BDB9AF
0cdc6173d321b163fd9c,16, #D9D4C9
0cdc6173d321b163fd9c,18, #7C7971
0cdc6173d321b163fd9c,25, #4D4A44
0cdcea31c5426b5bf5ab,17, #9C978C
0cdcea31c5426b5bf5ab,27, #DED8CD
0cdcea31c5426b5bf5ab,3, #4D4840
0cdcea31c5426b5bf5ab,14, #757066
0cdcea31c5426b5bf5ab,12, #BEB8AD
0cdcea31c5426b5bf5ab,24,#F9F7F2
0ce8c192de09c59fbddf,1, #7B5C2C
0ce8c192de09c59fbddf,70,#0F0B08
0ce8c192de09c59fbddf,0, #64421D
0ce8c192de09c59fbddf,0, #A28A55
0ce8c192de09c59fbddf,0, #927540
0ce8c192de09c59fbddf,2, #5C2812
0ce8c192de09c59fbddf,23, #381F0D
0cebea8c175cc5fe9837,12, #121009
0cebea8c175cc5fe9837,19, #372811
0cebea8c175cc5fe9837,16,#88865F
0cebea8c175cc5fe9837,7, #58411E
0cebea8c175cc5fe9837,16, #6F6236
0cebea8c175cc5fe9837,27, #A6A37B
0cf6b27e9957eba16438,4, #666C63
0cf6b27e9957eba16438,5, #161F14
0cf6b27e9957eba16438,52,#F6F3E1
0cf6b27e9957eba16438,16, #B8B8A9
0cf6b27e9957eba16438,12, #3C443C
0cf6b27e9957eba16438,8, #888C80
0cf80338f6889e688661,28, #CFBF90
0cf80338f6889e688661,0, #39372E
0cf80338f6889e688661,42,#B4A272
0cf80338f6889e688661,0, #55574A
0cf80338f6889e688661,16, #877B60
0cf80338f6889e688661,4, #754733
0cf80338f6889e688661,7, #8F5E45
0d00961cbe8fec5638c9,16, #E6E4D8
0d00961cbe8fec5638c9,8, #A6A69B
0d00961cbe8fec5638c9,16, #67675F
0d00961cbe8fec5638c9,4, #C7C6BB
0d00961cbe8fec5638c9,0, #FEFEF7
0d00961cbe8fec5638c9,45,#3F3F38
0d00961cbe8fec5638c9,7, #86857C
0d0f47ce0be89c8354f6,0, #393730
0d0f47ce0be89c8354f6,16, #D6D2C9
0d0f47ce0be89c8354f6,12, #6E6B62
0d0f47ce0be89c8354f6,8, #4F4C44
0d0f47ce0be89c8354f6,25,#B7B3AB
0d0f47ce0be89c8354f6,17, #928E85
0d0f47ce0be89c8354f6,19, #F5F3EA
0d1bcd7e15f9cb046105,21, #41423C
0d1bcd7e15f9cb046105,10, #9A978B
0d1bcd7e15f9cb046105,9, #E4DFD2
0d1bcd7e15f9cb046105,43, #BFBBAE
0d1bcd7e15f9cb046105,3,#FAF9F5
0d1bcd7e15f9cb046105,10, #7A786D
0d2271b8d06afefd5896,2, #5C594F
0d2271b8d06afefd5896,26, #CFC7BE
0d2271b8d06afefd5896,8, #A19C92
0d2271b8d06afefd5896,0, #424038
0d2271b8d06afefd5896,3, #7A766B
0d2271b8d06afefd5896,58,#F5EFE7
0d38a54cbcdfb436e2de,12, #F6F8F6
0d38a54cbcdfb436e2de,25, #D2C8AF
0d38a54cbcdfb436e2de,16, #9E9382
0d38a54cbcdfb436e2de,0, #5F554D
0d38a54cbcdfb436e2de,31,#BEB29B
0d38a54cbcdfb436e2de,2, #7B7064
0d38a54cbcdfb436e2de,10, #E1DDCE
0d3b4462fcf293741c97,8,#C1C0C4
0d3b4462fcf293741c97,29, #F0EEED
0d3b4462fcf293741c97,21, #212021
0d3b4462fcf293741c97,18, #5C5B5D
0d3b4462fcf293741c97,21, #908F92
0d3b4462fcf293741c97,0, #CC5141
0d45d91729e6add4c83b,1, #FEFEFE
0d45d91729e6add4c83b,23, #6D6B64
0d45d91729e6add4c83b,6, #8B8981
0d45d91729e6add4c83b,45,#E8E6DC
0d45d91729e6add4c83b,5, #ABA89F
0d45d91729e6add4c83b,12, #484742
0d45d91729e6add4c83b,4, #CECBBF
0d4d0ead24bba7e31bf2,39, #563E25
0d4d0ead24bba7e31bf2,35, #241E14
0d4d0ead24bba7e31bf2,2,#A49C7E
0d4d0ead24bba7e31bf2,0, #C1B898
0d4d0ead24bba7e31bf2,12, #76613C
0d4d0ead24bba7e31bf2,9, #8A7E5C
0d55cc4265956d7c5f35,1, #5B5C59
0d55cc4265956d7c5f35,68,#F4ECE4
0d55cc4265956d7c5f35,8, #867B6F
0d55cc4265956d7c5f35,6, #C7BEB2
0d55cc4265956d7c5f35,2, #B2A697
0d55cc4265956d7c5f35,12, #DDD6CA
0d564e0b193f326f32ec,2, #E8E6E6
0d564e0b193f326f32ec,7, #7B7F89
0d564e0b193f326f32ec,3, #AE585A
0d564e0b193f326f32ec,3, #851633
0d564e0b193f326f32ec,7, #B2A79F
0d564e0b193f326f32ec,45,#332222
0d564e0b193f326f32ec,29, #555D6A
0d5655609919a4a3fea8,10, #9E9E94
0d5655609919a4a3fea8,55, #F7F5EB
0d5655609919a4a3fea8,9,#E3DDCC
0d5655609919a4a3fea8,7, #717368
0d5655609919a4a3fea8,13, #C9C5B6
0d5655609919a4a3fea8,3, #484A41
0d5f0eaeef8b62783e24,0, #8F936A
0d5f0eaeef8b62783e24,37, #393113
0d5f0eaeef8b62783e24,6, #827245
0d5f0eaeef8b62783e24,5, #535332
0d5f0eaeef8b62783e24,0, #ACAE87
0d5f0eaeef8b62783e24,6, #6F461A
0d5f0eaeef8b62783e24,43,#1A160A
0d5f4de77968bb11608c,1, #545046
0d5f4de77968bb11608c,2, #938977
0d5f4de77968bb11608c,76,#F2E9D2
0d5f4de77968bb11608c,11, #D3C7B0
0d5f4de77968bb11608c,3, #776F60
0d5f4de77968bb11608c,4, #B4A892
0d60a31e0feb9d27000f,5, #FBFAF5
0d60a31e0feb9d27000f,3, #ADA894
0d60a31e0feb9d27000f,9, #C7C2B0
0d60a31e0feb9d27000f,9, #777362
0d60a31e0feb9d27000f,3, #969182
0d60a31e0feb9d27000f,7, #504E44
0d60a31e0feb9d27000f,60,#E7E2D3
0d6c7348f4ce23291bdf,3, #87887D
0d6c7348f4ce23291bdf,19, #090908
0d6c7348f4ce23291bdf,0, #A4A59D
0d6c7348f4ce23291bdf,11, #966F34
0d6c7348f4ce23291bdf,60,#413725
0d6c7348f4ce23291bdf,0, #BBA658
0d6c7348f4ce23291bdf,3, #686658
0d6ef60441017435f1fd,2, #25170C
0d6ef60441017435f1fd,3, #E7E6E4
0d6ef60441017435f1fd,16, #857E75
0d6ef60441017435f1fd,8, #41362A
0d6ef60441017435f1fd,23, #A9A396
0d6ef60441017435f1fd,20, #63594F
0d6ef60441017435f1fd,24,#C7C3B3
0d7b371f4d40f03010d9,1, #312F28
0d7b371f4d40f03010d9,25,#F7F3E2
0d7b371f4d40f03010d9,20, #817C6F
0d7b371f4d40f03010d9,16, #555348
0d7b371f4d40f03010d9,25, #D9D3C1
0d7b371f4d40f03010d9,6, #A9A495
0d7b371f4d40f03010d9,3, #BFBAAA
0d7c00941652c09efdae,26,#3C4646
0d7c00941652c09efdae,24, #96A1A1
0d7c00941652c09efdae,7, #D2D5CF
0d7c00941652c09efdae,4, #201E13
0d7c00941652c09efdae,16, #566979
0d7c00941652c09efdae,14, #765634
0d7c00941652c09efdae,6, #8E8A66
0d7d9f0365804abd746d,47, #35332D
0d7d9f0365804abd746d,5, #958D7C
0d7d9f0365804abd746d,9, #676155
0d7d9f0365804abd746d,3, #D1C8B4
0d7d9f0365804abd746d,30,#EFE9D7
0d7d9f0365804abd746d,2, #B9B09D
0d80c9132f899e397df2,43,#282622
0d80c9132f899e397df2,0, #EDE3A5
0d80c9132f899e397df2,6, #928257
0d80c9132f899e397df2,3, #B19E6D
0d80c9132f899e397df2,2, #D3C68B
0d80c9132f899e397df2,43, #625940
0d8bd015b1bda7bd6837,14, #D6CBAD
0d8bd015b1bda7bd6837,23, #A39C86
0d8bd015b1bda7bd6837,2, #090906
0d8bd015b1bda7bd6837,22, #746F5B
0d8bd015b1bda7bd6837,24, #37372A
0d8bd015b1bda7bd6837,11,#FBF8E8
0d8fc864a03b9e2b10a0,52, #AE9C6B
0d8fc864a03b9e2b10a0,4, #DAC88E
0d8fc864a03b9e2b10a0,7,#40462D
0d8fc864a03b9e2b10a0,9, #252919
0d8fc864a03b9e2b10a0,22, #787043
0d8fc864a03b9e2b10a0,2, #0B0D09
0d99f9a0bf078a14ceb5,15, #AC9955
0d99f9a0bf078a14ceb5,12, #E5DAAA
0d99f9a0bf078a14ceb5,20, #655125
0d99f9a0bf078a14ceb5,14,#2B1F0D
0d99f9a0bf078a14ceb5,27, #C6B97E
0d99f9a0bf078a14ceb5,8, #967E39
0d9f437bf1f3aa8d2894,19, #938E7E
0d9f437bf1f3aa8d2894,51,#E9E3CE
0d9f437bf1f3aa8d2894,6, #716D5E
0d9f437bf1f3aa8d2894,0, #39372E
0d9f437bf1f3aa8d2894,12, #BCB7A3
0d9f437bf1f3aa8d2894,8, #545245
0da0b6db540f7d2ab1a6,17,#ECE1D0
0da0b6db540f7d2ab1a6,15, #BBB2A4
0da0b6db540f7d2ab1a6,16, #756D66
0da0b6db540f7d2ab1a6,2, #383431
0da0b6db540f7d2ab1a6,15, #57514C
0da0b6db540f7d2ab1a6,31, #938B81
0da60984d598dd4efd83,3, #A59E8B
0da60984d598dd4efd83,85,#E8E1CC
0da60984d598dd4efd83,0, #645D4F
0da60984d598dd4efd83,0, #797160
0da60984d598dd4efd83,1, #FEFCE8
0da60984d598dd4efd83,8, #C8C0AD
0da60984d598dd4efd83,1, #8E8776
0da6b48e3b0a3f2671fc,50, #BFB5A2
0da6b48e3b0a3f2671fc,34, #E5DFD5
0da6b48e3b0a3f2671fc,2, #FBF9F6
0da6b48e3b0a3f2671fc,7, #978F7F
0da6b48e3b0a3f2671fc,0,#62523B
0da6b48e3b0a3f2671fc,4, #85765D
0da84a3665293d00d7a9,18, #5F5F53
0da84a3665293d00d7a9,7, #D5D1BE
0da84a3665293d00d7a9,26,#F6F3DE
0da84a3665293d00d7a9,8, #A7A697
0da84a3665293d00d7a9,5, #BEBBAB
0da84a3665293d00d7a9,11, #3D3D34
0da84a3665293d00d7a9,22, #878779
0dae760a5b3e2d4072dc,11, #4F472C
0dae760a5b3e2d4072dc,15, #B6B0A0
0dae760a5b3e2d4072dc,18,#D2CDBA
0dae760a5b3e2d4072dc,21, #777157
0dae760a5b3e2d4072dc,26, #9B937D
0dae760a5b3e2d4072dc,8, #1E1B15
0daebeb0f6d4dbc29364,5,#8F8568
0daebeb0f6d4dbc29364,58, #1E140D
0daebeb0f6d4dbc29364,1, #B7AC90
0daebeb0f6d4dbc29364,0, #FAF4C2
0daebeb0f6d4dbc29364,33, #5D4831
0daebeb0f6d4dbc29364,1, #E5D196
0db11b56b3ff9a701c11,11, #6D5F4A
0db11b56b3ff9a701c11,15, #8B7D67
0db11b56b3ff9a701c11,7, #AB9C7F
0db11b56b3ff9a701c11,0, #FEFEEF
0db11b56b3ff9a701c11,18, #C7BC99
0db11b56b3ff9a701c11,26,#473B2C
0db11b56b3ff9a701c11,19, #E0DECB
0db925a9f649e0c062e0,0, #FFFFFE
0db925a9f649e0c062e0,9, #5A594E
0db925a9f649e0c062e0,21, #E8E5D8
0db925a9f649e0c062e0,24, #9A998E
0db925a9f649e0c062e0,14, #757468
0db925a9f649e0c062e0,28,#C0BEB2
0db925a9f649e0c062e0,1, #414036
0dbab01ca8311228add5,4, #342F2B
0dbab01ca8311228add5,10, #C4BBA6
0dbab01ca8311228add5,69,#F0EEDC
0dbab01ca8311228add5,5, #9D9587
0dbab01ca8311228add5,3, #5E564F
0dbab01ca8311228add5,1, #100E0C
0dbab01ca8311228add5,4, #7E756B
0dbf8c98eba2dd5b7c78,11, #A4998A
0dbf8c98eba2dd5b7c78,1, #463D35
0dbf8c98eba2dd5b7c78,11, #7B7164
0dbf8c98eba2dd5b7c78,5, #5A5147
0dbf8c98eba2dd5b7c78,9, #F9F4E2
0dbf8c98eba2dd5b7c78,6, #C5BBA9
0dbf8c98eba2dd5b7c78,53,#DDD1BF
0dcc71141525c278e8bf,17, #5F594F
0dcc71141525c278e8bf,26,#716A60
0dcc71141525c278e8bf,5, #E5DDCE
0dcc71141525c278e8bf,13, #8B8478
0dcc71141525c278e8bf,12, #46413A
0dcc71141525c278e8bf,10, #C5BDAF
0dcc71141525c278e8bf,12, #A39C8F
0dd1eef6a5b6e36b1572,48, #151510
0dd1eef6a5b6e36b1572,3, #A4A6A0
0dd1eef6a5b6e36b1572,7, #82847D
0dd1eef6a5b6e36b1572,17, #4F5049
0dd1eef6a5b6e36b1572,8, #CECFC5
0dd1eef6a5b6e36b1572,13,#F6F6F2
0dd885d5be2aac180041,9, #EFEAD6
0dd885d5be2aac180041,1, #C0B69E
0dd885d5be2aac180041,7, #736653
0dd885d5be2aac180041,27, #4F473B
0dd885d5be2aac180041,4,#958872
0dd885d5be2aac180041,49, #12191C
0ded473155385f19b4f7,2, #8D412F
0ded473155385f19b4f7,12, #566B69
0ded473155385f19b4f7,15, #AD9E86
0ded473155385f19b4f7,5,#08100B
0ded473155385f19b4f7,51, #F1E7C1
0ded473155385f19b4f7,12, #422C26
0df38f7ae9bda1747306,77,#DAD2BD
0df38f7ae9bda1747306,4, #635D50
0df38f7ae9bda1747306,6, #393024
0df38f7ae9bda1747306,0, #0C0905
0df38f7ae9bda1747306,0, #FEFEF9
0df38f7ae9bda1747306,6, #AEA48D
0df38f7ae9bda1747306,5, #867D69
0df5c0aebf4590174374,5, #ADAA9A
0df5c0aebf4590174374,25,#F8F7EA
0df5c0aebf4590174374,20, #3E3E37
0df5c0aebf4590174374,16, #6D6C61
0df5c0aebf4590174374,21, #D3D0BD
0df5c0aebf4590174374,9, #918F81
0df7954002118c27238f,8, #5E5D54
0df7954002118c27238f,7, #D5CFBF
0df7954002118c27238f,65,#F5F1E2
0df7954002118c27238f,3, #3D3D36
0df7954002118c27238f,5, #B8B4A9
0df7954002118c27238f,3, #9C998E
0df7954002118c27238f,5, #828075
0e0a61bd2e96c8ddd431,34, #45421D
0e0a61bd2e96c8ddd431,8, #7F7E51
0e0a61bd2e96c8ddd431,2, #9F9C6D
0e0a61bd2e96c8ddd431,16, #726729
0e0a61bd2e96c8ddd431,36,#1C2218
0e0a61bd2e96c8ddd431,0, #BAB37A
0e0a61bd2e96c8ddd431,0, #D1D0A5
0e2358a5e8bbb247b674,67,#0C0B07
0e2358a5e8bbb247b674,1, #67480E
0e2358a5e8bbb247b674,4, #BEAE77
0e2358a5e8bbb247b674,16, #3C3420
0e2358a5e8bbb247b674,2, #9F864A
0e2358a5e8bbb247b674,5, #74622F
0e2358a5e8bbb247b674,1, #D6D1A0
0e2747b404cd91a01dfc,0, #D9CB9D
0e2747b404cd91a01dfc,3, #B39C5E
0e2747b404cd91a01dfc,11, #534936
0e2747b404cd91a01dfc,4, #8C6329
0e2747b404cd91a01dfc,79, #171510
0e2747b404cd91a01dfc,0,#80765F
0e2de81fc3201f31d8ca,22, #858276
0e2de81fc3201f31d8ca,22,#E1DFD1
0e2de81fc3201f31d8ca,13, #A8A599
0e2de81fc3201f31d8ca,14, #58554B
0e2de81fc3201f31d8ca,4, #302E27
0e2de81fc3201f31d8ca,14, #C1C0B2
0e2de81fc3201f31d8ca,7, #FBFAF5
0e34d34090d4e4cc6384,12, #262E27
0e34d34090d4e4cc6384,15, #BEBCAD
0e34d34090d4e4cc6384,10,#F8F5E4
0e34d34090d4e4cc6384,12, #95988C
0e34d34090d4e4cc6384,38, #DDD7C5
0e34d34090d4e4cc6384,12, #636862
0e35f45bb40b3ba3c68d,13, #5E351B
0e35f45bb40b3ba3c68d,0, #253D58
0e35f45bb40b3ba3c68d,0, #D6CEAB
0e35f45bb40b3ba3c68d,78,#12171D
0e35f45bb40b3ba3c68d,2, #8E8C73
0e35f45bb40b3ba3c68d,3, #7E5B35
0e35f45bb40b3ba3c68d,0, #C3B27F
0e3a28beb7fd38bee3c4,17, #C9C4BA
0e3a28beb7fd38bee3c4,23,#494840
0e3a28beb7fd38bee3c4,23, #6D6960
0e3a28beb7fd38bee3c4,11, #A9A49A
0e3a28beb7fd38bee3c4,5, #2A2925
0e3a28beb7fd38bee3c4,7, #EBE5D9
0e3a28beb7fd38bee3c4,10, #89847A
0e4a0a8d7fa43e635b3a,22, #80736A
0e4a0a8d7fa43e635b3a,9,#0A0D03
0e4a0a8d7fa43e635b3a,3, #52593E
0e4a0a8d7fa43e635b3a,36, #D0D8CD
0e4a0a8d7fa43e635b3a,4, #313120
0e4a0a8d7fa43e635b3a,23, #A0A699
0e4d400bcb73675462be,10,#E2E1DF
0e4d400bcb73675462be,36, #20150D
0e4d400bcb73675462be,3, #BDB5B0
0e4d400bcb73675462be,27, #675436
0e4d400bcb73675462be,21, #968970
0e4d400bcb73675462be,0, #E2CC85
0e4f8989b15427b6a0d3,7, #A19365
0e4f8989b15427b6a0d3,30,#20231B
0e4f8989b15427b6a0d3,13, #3B453B
0e4f8989b15427b6a0d3,26, #6E603C
0e4f8989b15427b6a0d3,15, #563A22
0e4f8989b15427b6a0d3,7, #8D7F55
0e5902a6f3232362aa37,2, #504C48
0e5902a6f3232362aa37,29, #999488
0e5902a6f3232362aa37,12, #B9B4A5
0e5902a6f3232362aa37,13, #79736B
0e5902a6f3232362aa37,29,#F7F1DB
0e5902a6f3232362aa37,11, #D7D0BE
0e5a83729b68a517e4c4,17, #23211C
0e5a83729b68a517e4c4,1, #EDE5C7
0e5a83729b68a517e4c4,6, #C0A781
0e5a83729b68a517e4c4,40, #6A4A39
0e5a83729b68a517e4c4,12,#D6CBA6
0e5a83729b68a517e4c4,21, #9C7D5F
0e5ad7ac7a4749deb661,32,#171510
0e5ad7ac7a4749deb661,14, #5E4A33
0e5ad7ac7a4749deb661,16, #857155
0e5ad7ac7a4749deb661,17, #482F21
0e5ad7ac7a4749deb661,7, #C3B8A1
0e5ad7ac7a4749deb661,10, #AC9F87
0e6831e5a4d55e477768,20, #897B68
0e6831e5a4d55e477768,12, #3B362D
0e6831e5a4d55e477768,4, #665848
0e6831e5a4d55e477768,36, #DACCA4
0e6831e5a4d55e477768,6,#F4F2E9
0e6831e5a4d55e477768,19, #A49B8A
0e7681312df190c9a42c,27, #7D5B25
0e7681312df190c9a42c,0, #7D6F4D
0e7681312df190c9a42c,21, #584731
0e7681312df190c9a42c,5, #94722F
0e7681312df190c9a42c,39,#422D1E
0e7681312df190c9a42c,0, #A68A4F
0e7681312df190c9a42c,4, #1E1B14
0e86fc45e64927aafbe7,2, #3A382A
0e86fc45e64927aafbe7,2, #E5E5E1
0e86fc45e64927aafbe7,12, #879098
0e86fc45e64927aafbe7,13, #575850
0e86fc45e64927aafbe7,10, #77735F
0e86fc45e64927aafbe7,56,#B5BDC8
0e86fc45e64927aafbe7,2, #B4A99C
0e8db92175fd450a2340,12, #6B695E
0e8db92175fd450a2340,24,#F4F1DB
0e8db92175fd450a2340,22, #4B4A43
0e8db92175fd450a2340,16, #D2CEB8
0e8db92175fd450a2340,10, #B1AC99
0e8db92175fd450a2340,2, #31312E
0e8db92175fd450a2340,11, #8A887A
0ea17feb85e0fe9da7e2,6,#F4F0E6
0ea17feb85e0fe9da7e2,4, #61482B
0ea17feb85e0fe9da7e2,3, #D5C8AB
0ea17feb85e0fe9da7e2,18, #A89C83
0ea17feb85e0fe9da7e2,22, #927F5E
0ea17feb85e0fe9da7e2,44, #7E6846
0eab4026d5132f685a89,6, #B1A995
0eab4026d5132f685a89,1,#F7F6E6
0eab4026d5132f685a89,7, #878379
0eab4026d5132f685a89,1, #36322C
0eab4026d5132f685a89,8, #5D5950
0eab4026d5132f685a89,74, #DEDACA
0eaf71819c9cfbf8b217,0, #D37F56
0eaf71819c9cfbf8b217,76, #FAEFDB
0eaf71819c9cfbf8b217,0,#84735F
0eaf71819c9cfbf8b217,18, #E6CDB3
0eaf71819c9cfbf8b217,4, #E1A882
0eaf71819c9cfbf8b217,0, #8F8A7F
0eb662fed6f626396136,0, #C9B574
0eb662fed6f626396136,10, #876B5F
0eb662fed6f626396136,70,#E3DCC8
0eb662fed6f626396136,6, #A69A79
0eb662fed6f626396136,11, #BBBDAF
0eb662fed6f626396136,1, #F8F1DC
0eb662fed6f626396136,0, #514940
0ebae39197a880d0dc22,3, #0E1815
0ebae39197a880d0dc22,4,#FEFEF4
0ebae39197a880d0dc22,19, #535954
0ebae39197a880d0dc22,27, #A9AC9D
0ebae39197a880d0dc22,28, #E4DCC6
0ebae39197a880d0dc22,15, #897468
0ebb7fc74b8dd2384d4d,6, #E1D8C9
0ebb7fc74b8dd2384d4d,4, #F7F3E9
0ebb7fc74b8dd2384d4d,40,#59544C
0ebb7fc74b8dd2384d4d,22, #847E70
0ebb7fc74b8dd2384d4d,7, #36332E
0ebb7fc74b8dd2384d4d,8, #A69F8F
0ebb7fc74b8dd2384d4d,10, #C5BDAC
0ebf099f683e548b7666,22, #594D46
0ebf099f683e548b7666,37, #CEC7BA
0ebf099f683e548b7666,9, #2B211C
0ebf099f683e548b7666,18,#ECEADA
0ebf099f683e548b7666,5, #847A73
0ebf099f683e548b7666,5, #A39991
0ec3e5e66029034c6b47,15, #A49C85
0ec3e5e66029034c6b47,6, #C9BFA5
0ec3e5e66029034c6b47,19, #7E765E
0ec3e5e66029034c6b47,32,#E7DDC4
0ec3e5e66029034c6b47,2, #3E3928
0ec3e5e66029034c6b47,16, #5C5540
0ec3e5e66029034c6b47,6, #FBF9F0
0ec626b14b740a87934d,21, #867163
0ec626b14b740a87934d,33, #EBE2D2
0ec626b14b740a87934d,13, #C3B4A4
0ec626b14b740a87934d,14, #574034
0ec626b14b740a87934d,16, #A69587
0ec626b14b740a87934d,0,#FCF9EF
0ec711e985933a868760,11, #9A9357
0ec711e985933a868760,29, #656538
0ec711e985933a868760,5, #CEC7A3
0ec711e985933a868760,4, #E1DAC0
0ec711e985933a868760,7, #B5AF88
0ec711e985933a868760,7, #7A774A
0ec711e985933a868760,33,#424222
0ed08133964505078aa4,1, #423F39
0ed08133964505078aa4,0, #FEFEF2
0ed08133964505078aa4,9, #7A6451
0ed08133964505078aa4,8, #BFA891
0ed08133964505078aa4,67,#EFE7D7
0ed08133964505078aa4,4, #AC876F
0ed08133964505078aa4,6, #DCCEBA
0ed4e436ceb084c40087,3, #716964
0ed4e436ceb084c40087,71, #C6BBB1
0ed4e436ceb084c40087,1, #2F2B2A
0ed4e436ceb084c40087,7, #958C85
0ed4e436ceb084c40087,5,#504946
0ed4e436ceb084c40087,11, #F3E6D9
0ee2a4570e16b52cac60,21, #787465
0ee2a4570e16b52cac60,18, #D9D3BE
0ee2a4570e16b52cac60,12, #535044
0ee2a4570e16b52cac60,5, #37362F
0ee2a4570e16b52cac60,35, #ACA695
0ee2a4570e16b52cac60,6,#F8F5E6
0eed2e4934359fb8cf4c,18, #A0A091
0eed2e4934359fb8cf4c,1, #383B2F
0eed2e4934359fb8cf4c,9, #5D6151
0eed2e4934359fb8cf4c,48,#F2EFE8
0eed2e4934359fb8cf4c,7, #7D7F6F
0eed2e4934359fb8cf4c,14, #C7C5B9
0ef6968bf9e2be33c99c,3, #94928E
0ef6968bf9e2be33c99c,2, #594E42
0ef6968bf9e2be33c99c,0, #FEFEFB
0ef6968bf9e2be33c99c,3, #B9B6AD
0ef6968bf9e2be33c99c,37, #161914
0ef6968bf9e2be33c99c,1, #6E6E6B
0ef6968bf9e2be33c99c,51,#DDDCD3
0ef84bcdeb32a523d16f,8,#F4F2EE
0ef84bcdeb32a523d16f,30, #D0C8B4
0ef84bcdeb32a523d16f,8, #553F2D
0ef84bcdeb32a523d16f,11, #796651
0ef84bcdeb32a523d16f,3, #302017
0ef84bcdeb32a523d16f,36, #A29786
0efb7c6cfe2791c96646,32, #6E6854
0efb7c6cfe2791c96646,1, #B1604B
0efb7c6cfe2791c96646,12,#F3ECD0
0efb7c6cfe2791c96646,18, #C7BC9A
0efb7c6cfe2791c96646,2, #3C373C
0efb7c6cfe2791c96646,32, #AF9D6A
0f01668fb39a2c3aeca2,8, #7B7562
0f01668fb39a2c3aeca2,6, #928D7B
0f01668fb39a2c3aeca2,31,#BCB193
0f01668fb39a2c3aeca2,0, #FEFEF7
0f01668fb39a2c3aeca2,31, #3F3D37
0f01668fb39a2c3aeca2,10, #E5E0C7
0f01668fb39a2c3aeca2,11, #605C50
0f02a32e83ae0aa9b06b,1,#FDFCF1
0f02a32e83ae0aa9b06b,32, #E7E2CB
0f02a32e83ae0aa9b06b,23, #CBC5AF
0f02a32e83ae0aa9b06b,7, #4F4D41
0f02a32e83ae0aa9b06b,13, #837F71
0f02a32e83ae0aa9b06b,22, #A8A493
0f03bb61aef10e55e094,1, #624D3F
0f03bb61aef10e55e094,11, #796C61
0f03bb61aef10e55e094,17, #9C8D7B
0f03bb61aef10e55e094,33,#D9D5C7
0f03bb61aef10e55e094,14, #B4A796
0f03bb61aef10e55e094,21, #C5BEAD
0f0c5feea60ecd577f2d,0, #F7F0E1
0f0c5feea60ecd577f2d,4, #5A4839
0f0c5feea60ecd577f2d,15, #A4947E
0f0c5feea60ecd577f2d,29, #CCB28E
0f0c5feea60ecd577f2d,0, #DEC9A7
0f0c5feea60ecd577f2d,0, #2E2824
0f0c5feea60ecd577f2d,50,#8C775F
0f192ec73d18bf910317,16, #79756C
0f192ec73d18bf910317,12, #9F9C8F
0f192ec73d18bf910317,29,#F1EEE5
0f192ec73d18bf910317,26, #4C4A42
0f192ec73d18bf910317,2, #282822
0f192ec73d18bf910317,11, #BFBBAE
0f25a182a5ae107f686b,7, #9A8E74
0f25a182a5ae107f686b,2, #5D5642
0f25a182a5ae107f686b,56, #D5CDB0
0f25a182a5ae107f686b,0, #2E2D0D
0f25a182a5ae107f686b,25, #B7AB8F
0f25a182a5ae107f686b,6,#8B795A
0f27d7a28c7d2c3c1a9b,27, #E5DFD0
0f27d7a28c7d2c3c1a9b,9, #B3AC9C
0f27d7a28c7d2c3c1a9b,33,#FAF8F2
0f27d7a28c7d2c3c1a9b,7, #7F7868
0f27d7a28c7d2c3c1a9b,7, #CFC8B8
0f27d7a28c7d2c3c1a9b,4, #979182
0f27d7a28c7d2c3c1a9b,9, #585347
0f2d2feff6e6e10a10ce,6, #766F55
0f2d2feff6e6e10a10ce,9, #423E34
0f2d2feff6e6e10a10ce,1, #2A2725
0f2d2feff6e6e10a10ce,5, #5C5743
0f2d2feff6e6e10a10ce,29, #9C9274
0f2d2feff6e6e10a10ce,46,#CBC19E
0f3123dea7fc44985458,10, #3E3E35
0f3123dea7fc44985458,18, #807E70
0f3123dea7fc44985458,23, #A7A595
0f3123dea7fc44985458,14, #DBD7C6
0f3123dea7fc44985458,0,#FEFEFD
0f3123dea7fc44985458,32, #5B5A4F
0f31c951442a045073c8,19, #8B8C81
0f31c951442a045073c8,12,#F8F7EA
0f31c951442a045073c8,18, #ABABA1
0f31c951442a045073c8,22, #686B60
0f31c951442a045073c8,23, #D2D2C5
0f31c951442a045073c8,3, #3A3D35
0f330942a4b234985d92,13, #493824
0f330942a4b234985d92,13, #6A5A41
0f330942a4b234985d92,20, #EAE6D7
0f330942a4b234985d92,0,#FFFEFC
0f330942a4b234985d92,6, #989078
0f330942a4b234985d92,45, #C8C1A7
0f335fd9ba83a19435ce,7,#F4EEE8
0f335fd9ba83a19435ce,22, #999491
0f335fd9ba83a19435ce,9, #C1BBB5
0f335fd9ba83a19435ce,24, #383535
0f335fd9ba83a19435ce,16, #5C5756
0f335fd9ba83a19435ce,19, #77726F
0f34c8b28135e598d15d,15, #39331B
0f34c8b28135e598d15d,45, #54573D
0f34c8b28135e598d15d,18, #6D7B69
0f34c8b28135e598d15d,0,#1A170C
0f34c8b28135e598d15d,1, #927840
0f34c8b28135e598d15d,18, #89917C
0f354c1d322a61224fa0,1, #947A4D
0f354c1d322a61224fa0,0, #D8BE8A
0f354c1d322a61224fa0,0, #AE9467
0f354c1d322a61224fa0,30, #4D4332
0f354c1d322a61224fa0,1, #BFAD7E
0f354c1d322a61224fa0,4, #76613C
0f354c1d322a61224fa0,60,#24251A
0f38a36a6b4eeaed61db,4,#F5F5F1
0f38a36a6b4eeaed61db,5, #A8A08D
0f38a36a6b4eeaed61db,0, #4A3D35
0f38a36a6b4eeaed61db,83, #D9D1B5
0f38a36a6b4eeaed61db,2, #675B50
0f38a36a6b4eeaed61db,2, #867D70
0f496f396f16b61028a1,19, #8F8D87
0f496f396f16b61028a1,18, #605E52
0f496f396f16b61028a1,26, #DCD7CD
0f496f396f16b61028a1,12, #B7B2A6
0f496f396f16b61028a1,14,#F8F6F2
0f496f396f16b61028a1,8, #282727
0f512ee54312c4b0c1b6,29,#F3F2E8
0f512ee54312c4b0c1b6,7, #3A3A33
0f512ee54312c4b0c1b6,10, #D3CEBA
0f512ee54312c4b0c1b6,21, #767365
0f512ee54312c4b0c1b6,16, #A9A493
0f512ee54312c4b0c1b6,14, #555449
0f53cdd2eab452d188f4,2, #32312B
0f53cdd2eab452d188f4,16, #7D7A69
0f53cdd2eab452d188f4,16, #A6A28F
0f53cdd2eab452d188f4,36,#F5F1DC
0f53cdd2eab452d188f4,17, #CBC7B2
0f53cdd2eab452d188f4,9, #4F4D43
0f5d824b7b59b8568c31,22, #6F6650
0f5d824b7b59b8568c31,13, #8E846C
0f5d824b7b59b8568c31,17, #BEB8A5
0f5d824b7b59b8568c31,5,#F0EBE3
0f5d824b7b59b8568c31,34, #4C4535
0f5d824b7b59b8568c31,5, #1A1711
0f62aa0084311297ffb4,6, #604F41
0f62aa0084311297ffb4,0, #423724
0f62aa0084311297ffb4,9, #786C57
0f62aa0084311297ffb4,5, #90846C
0f62aa0084311297ffb4,11, #A79C81
0f62aa0084311297ffb4,66,#CCC3AA
0f65105e6ba019caa73d,30,#453721
0f65105e6ba019caa73d,6, #E3E1DA
0f65105e6ba019caa73d,9, #AC9873
0f65105e6ba019caa73d,2, #CAB893
0f65105e6ba019caa73d,26, #181208
0f65105e6ba019caa73d,9, #665840
0f65105e6ba019caa73d,14, #907B57
0f6704b62c2e0d187bbb,16, #67552B
0f6704b62c2e0d187bbb,14, #C6C8B2
0f6704b62c2e0d187bbb,12, #9F996B
0f6704b62c2e0d187bbb,13,#BAAE88
0f6704b62c2e0d187bbb,8, #887D4B
0f6704b62c2e0d187bbb,34, #3D351B
0f67a75620b3b5299a0c,3, #EDEBE0
0f67a75620b3b5299a0c,0, #FFFFFB
0f67a75620b3b5299a0c,8, #C4BB9C
0f67a75620b3b5299a0c,43,#DBD4BC
0f67a75620b3b5299a0c,6, #726C5A
0f67a75620b3b5299a0c,9, #B2A888
0f67a75620b3b5299a0c,27, #938C75
0f797b879d916cf0d696,41, #F0EBDC
0f797b879d916cf0d696,10, #5B5548
0f797b879d916cf0d696,8, #ACA492
0f797b879d916cf0d696,23,#CCC2AC
0f797b879d916cf0d696,4, #39352C
0f797b879d916cf0d696,12, #80796B
0f7c36c6015d0558c6ff,6, #755725
0f7c36c6015d0558c6ff,0, #CBB98B
0f7c36c6015d0558c6ff,0, #D6AF67
0f7c36c6015d0558c6ff,8, #967437
0f7c36c6015d0558c6ff,51,#2D2312
0f7c36c6015d0558c6ff,29, #4E482B
0f7c36c6015d0558c6ff,4, #BB9858
0f7ca78901ad1da6ef04,12, #FBF9F3
0f7ca78901ad1da6ef04,10, #383731
0f7ca78901ad1da6ef04,4, #C2BDAE
0f7ca78901ad1da6ef04,30, #E1DED2
0f7ca78901ad1da6ef04,2, #A29F95
0f7ca78901ad1da6ef04,6, #88867C
0f7ca78901ad1da6ef04,33,#5B5A51
0f8270109a29566f7938,9, #998D76
0f8270109a29566f7938,0, #1A1A10
0f8270109a29566f7938,2,#3E3729
0f8270109a29566f7938,54, #F0EBDE
0f8270109a29566f7938,24, #C4BBA7
0f8270109a29566f7938,7, #645A49
0f96001f2f40a604a6bd,22, #A8A59C
0f96001f2f40a604a6bd,10, #8D7B59
0f96001f2f40a604a6bd,4, #F6F3EA
0f96001f2f40a604a6bd,44,#595042
0f96001f2f40a604a6bd,6, #332F25
0f96001f2f40a604a6bd,9, #DAD7CB
0f96001f2f40a604a6bd,0, #12100C
0fa49e933da060d468e1,15, #938F83
0fa49e933da060d468e1,2, #47433B
0fa49e933da060d468e1,7, #615D53
0fa49e933da060d468e1,8, #7A766C
0fa49e933da060d468e1,36,#E2DDCC
0fa49e933da060d468e1,0, #2F2C24
0fa49e933da060d468e1,29, #B4B0A2
0fa6e904ea2df7bc1fed,43,#443F34
0fa6e904ea2df7bc1fed,37, #1F1D18
0fa6e904ea2df7bc1fed,3, #E9E3D3
0fa6e904ea2df7bc1fed,5, #DACCB2
0fa6e904ea2df7bc1fed,5, #82724D
0fa6e904ea2df7bc1fed,5, #B6AA8C
0fac205efdce2558da66,13, #4C422C
0fac205efdce2558da66,16, #9F8E6E
0fac205efdce2558da66,25, #23190C
0fac205efdce2558da66,9, #EAE4C7
0fac205efdce2558da66,20, #7B6443
0fac205efdce2558da66,15,#C4B590
0fb1aede3760435d718d,68, #161411
0fb1aede3760435d718d,10, #87794C
0fb1aede3760435d718d,4, #AC9C66
0fb1aede3760435d718d,14,#514A36
0fb1aede3760435d718d,2, #C7B67D
0fb1aede3760435d718d,0, #E3D195
0fb1f2661f8bcf89de1d,9, #4B3E28
0fb1f2661f8bcf89de1d,67,#1A170F
0fb1f2661f8bcf89de1d,1, #837555
0fb1f2661f8bcf89de1d,0, #A28C63
0fb1f2661f8bcf89de1d,15, #3A2918
0fb1f2661f8bcf89de1d,5, #64573C
0fb879dad7b628cae5b1,1, #5E4931
0fb879dad7b628cae5b1,55, #C7BDA1
0fb879dad7b628cae5b1,15, #A6987C
0fb879dad7b628cae5b1,13,#F8F6EE
0fb879dad7b628cae5b1,4, #DBD7C6
0fb879dad7b628cae5b1,8, #837256
0fbd4e7b02d871ae759d,20, #241C0F
0fbd4e7b02d871ae759d,35,#47361C
0fbd4e7b02d871ae759d,0, #773C19
0fbd4e7b02d871ae759d,0, #B4904A
0fbd4e7b02d871ae759d,8, #826F40
0fbd4e7b02d871ae759d,28, #6B5A2F
0fbd4e7b02d871ae759d,5, #9D8656
0fbfc7ad14e17bb94eb8,4, #6E583F
0fbfc7ad14e17bb94eb8,66,#10100D
0fbfc7ad14e17bb94eb8,2, #857E6C
0fbfc7ad14e17bb94eb8,24, #3B2D21
0fbfc7ad14e17bb94eb8,1, #7F3D23
0fbfc7ad14e17bb94eb8,1, #B0AB96
0fc0616c1edec5096f91,44,#A49F82
0fc0616c1edec5096f91,1, #7B6D46
0fc0616c1edec5096f91,4, #5A533E
0fc0616c1edec5096f91,1, #928760
0fc0616c1edec5096f91,11, #49381C
0fc0616c1edec5096f91,7, #322514
0fc0616c1edec5096f91,28, #1A130B
0fc0a97e565dfc582e5e,14, #A8A395
0fc0a97e565dfc582e5e,13, #8D897B
0fc0a97e565dfc582e5e,0, #FBF6E4
0fc0a97e565dfc582e5e,4, #44423A
0fc0a97e565dfc582e5e,10, #C6C1B1
0fc0a97e565dfc582e5e,29,#E0DAC8
0fc0a97e565dfc582e5e,26, #6E6A5F
0fc48e5d45f3b81cea78,34, #DEE1D7
0fc48e5d45f3b81cea78,26, #CDC5AC
0fc48e5d45f3b81cea78,15, #9B908E
0fc48e5d45f3b81cea78,0,#563975
0fc48e5d45f3b81cea78,4, #786684
0fc48e5d45f3b81cea78,18, #B4AD9F
0fcfd0ebe171358575e3,16, #CFCBB9
0fcfd0ebe171358575e3,14, #908E80
0fcfd0ebe171358575e3,9, #5F5D50
0fcfd0ebe171358575e3,35,#F0EDDA
0fcfd0ebe171358575e3,2, #414035
0fcfd0ebe171358575e3,10, #B1AF9E
0fcfd0ebe171358575e3,11, #767467
0fd318f217bde5128cb3,19, #151213
0fd318f217bde5128cb3,34,#40443B
0fd318f217bde5128cb3,14, #AF9B63
0fd318f217bde5128cb3,2, #7A918D
0fd318f217bde5128cb3,5, #DCC692
0fd318f217bde5128cb3,2, #566F71
0fd318f217bde5128cb3,19, #866A36
0fd816fc54e5471d21a8,7, #DBDFD8
0fd816fc54e5471d21a8,0,#4A473C
0fd816fc54e5471d21a8,12, #7C7074
0fd816fc54e5471d21a8,0, #60418A
0fd816fc54e5471d21a8,50, #BDBEB9
0fd816fc54e5471d21a8,29, #A9A197
0fd85674dca2fbb2d2b0,16, #0C0D0B
0fd85674dca2fbb2d2b0,3, #7D704C
0fd85674dca2fbb2d2b0,23, #9E9471
0fd85674dca2fbb2d2b0,10, #61543A
0fd85674dca2fbb2d2b0,25, #22201C
0fd85674dca2fbb2d2b0,20,#3E382B
0fdcce6dfc8e51426886,8,#DCD3B9
0fdcce6dfc8e51426886,21, #ACA692
0fdcce6dfc8e51426886,61, #F6F0DE
0fdcce6dfc8e51426886,2, #5B5645
0fdcce6dfc8e51426886,4, #7D7664
0fdcce6dfc8e51426886,0, #3D382A
0fdf8eaf20cc4405f12a,0, #C5C599
0fdf8eaf20cc4405f12a,34,#231A12
0fdf8eaf20cc4405f12a,0, #B0AC86
0fdf8eaf20cc4405f12a,60, #564332
0fdf8eaf20cc4405f12a,2, #6D6752
0fdf8eaf20cc4405f12a,1, #938B71
0fe242705c0f6a5d9270,46,#E6DFCC
0fe242705c0f6a5d9270,15, #605B55
0fe242705c0f6a5d9270,11, #837E74
0fe242705c0f6a5d9270,8, #C7C0B0
0fe242705c0f6a5d9270,1, #FEFEF8
0fe242705c0f6a5d9270,3, #403E3B
0fe242705c0f6a5d9270,13, #A6A194
0fe4cbae89e3a6e20ccf,13, #A29F8F
0fe4cbae89e3a6e20ccf,21, #F7F2E0
0fe4cbae89e3a6e20ccf,4, #434238
0fe4cbae89e3a6e20ccf,6,#898678
0fe4cbae89e3a6e20ccf,44, #CBC2AA
0fe4cbae89e3a6e20ccf,9, #6F6C5F
0febb0fa340ed2f54c06,11, #8B765B
0febb0fa340ed2f54c06,4, #6B5540
0febb0fa340ed2f54c06,13, #503E2D
0febb0fa340ed2f54c06,37,#0E0E0C
0febb0fa340ed2f54c06,4, #C4BB9E
0febb0fa340ed2f54c06,11, #B7A17E
0febb0fa340ed2f54c06,17, #292219
0fed0ab06944ebe58c6f,3,#836C5E
0fed0ab06944ebe58c6f,20, #BCA896
0fed0ab06944ebe58c6f,3, #664F42
0fed0ab06944ebe58c6f,33, #F1ECDF
0fed0ab06944ebe58c6f,22, #D5CBBD
0fed0ab06944ebe58c6f,16, #938377
0ffc6a1d86c8f4eb9a81,26, #D5C598
0ffc6a1d86c8f4eb9a81,7, #79694D
0ffc6a1d86c8f4eb9a81,3, #ECE2BC
0ffc6a1d86c8f4eb9a81,29, #443E30
0ffc6a1d86c8f4eb9a81,27, #A79B7F
0ffc6a1d86c8f4eb9a81,5,#F9F8F3
1000bafde1d7ac732cc6,8, #BBB6A6
1000bafde1d7ac732cc6,10, #E0DCCA
1000bafde1d7ac732cc6,16, #989486
1000bafde1d7ac732cc6,19, #706E62
1000bafde1d7ac732cc6,20, #46453D
1000bafde1d7ac732cc6,25,#FAF9EE
1004603fca317b7d352a,2, #A29F97
1004603fca317b7d352a,1, #847E79
1004603fca317b7d352a,6, #171311
1004603fca317b7d352a,15, #4D4239
1004603fca317b7d352a,17, #CAC8BA
1004603fca317b7d352a,51,#6B6256
1004603fca317b7d352a,4, #F1EFE5
10074479b980910fb448,1, #0B0A0A
10074479b980910fb448,8, #EBE4BC
10074479b980910fb448,37,#333029
10074479b980910fb448,28, #8D887C
10074479b980910fb448,0, #B9BECB
10074479b980910fb448,10, #62573F
10074479b980910fb448,12, #BFB186
10095b26513046933229,6, #424139
10095b26513046933229,16, #C4BFAD
10095b26513046933229,15, #898576
10095b26513046933229,8, #A8A392
10095b26513046933229,39,#EDE8D6
10095b26513046933229,13, #615D52
100b9b298abc6a22074e,28, #292319
100b9b298abc6a22074e,28,#0C0D0A
100b9b298abc6a22074e,27, #59422B
100b9b298abc6a22074e,2, #977D5C
100b9b298abc6a22074e,11, #756144
100b9b298abc6a22074e,0, #C3B79D
100b9b298abc6a22074e,1, #AE997D
10114189951336a9f857,11, #6D5C44
10114189951336a9f857,24, #A59A81
10114189951336a9f857,26, #857255
10114189951336a9f857,0, #554633
10114189951336a9f857,18,#BFAD8E
10114189951336a9f857,19, #98896C
101ceff34c4365ed2c74,15, #BBB6AA
101ceff34c4365ed2c74,14, #E0DBCE
101ceff34c4365ed2c74,4, #32312B
101ceff34c4365ed2c74,3,#F9F7F2
101ceff34c4365ed2c74,31, #858177
101ceff34c4365ed2c74,29, #504F48
10225e18d1b924b24c3b,42, #E1DED1
10225e18d1b924b24c3b,35, #C0B8A9
10225e18d1b924b24c3b,15, #998E82
10225e18d1b924b24c3b,1, #42302A
10225e18d1b924b24c3b,0,#FEFEFC
10225e18d1b924b24c3b,4, #74645B
1026290777e725999b41,20, #3F3F3F
1026290777e725999b41,15, #6E6E6E
1026290777e725999b41,38, #E6E6E6
1026290777e725999b41,10, #AFAFAF
1026290777e725999b41,2, #101010
1026290777e725999b41,12,#8E8E8E
102a2c152ca36f12d69d,7, #8C7757
102a2c152ca36f12d69d,1, #AC8D5D
102a2c152ca36f12d69d,3, #AF9F7E
102a2c152ca36f12d69d,20, #4B301F
102a2c152ca36f12d69d,26, #654B33
102a2c152ca36f12d69d,40,#231E18
102a2c152ca36f12d69d,0, #D2C5A8
102b5737973907fa200f,7, #D8CEC2
102b5737973907fa200f,42, #363230
102b5737973907fa200f,16, #857E76
102b5737973907fa200f,23, #645D58
102b5737973907fa200f,2,#FAF6EE
102b5737973907fa200f,8, #AEA69D
102d742f25a30482baf9,20, #36342F
102d742f25a30482baf9,9, #111211
102d742f25a30482baf9,7, #BBA884
102d742f25a30482baf9,9, #8E7752
102d742f25a30482baf9,51,#6C5D40
102d742f25a30482baf9,0, #D1C8B5
102d742f25a30482baf9,0, #FBFAFA
10361942c877ac13c0d3,8, #C58967
10361942c877ac13c0d3,10, #B57150
10361942c877ac13c0d3,3, #A4573B
10361942c877ac13c0d3,22, #DEC6B3
10361942c877ac13c0d3,41,#F8F4EF
10361942c877ac13c0d3,12, #D0A186
10361942c877ac13c0d3,0, #93908F
1038038165c4b5c95bc7,17, #AAA498
1038038165c4b5c95bc7,7, #C7C2B6
1038038165c4b5c95bc7,18, #6D695E
1038038165c4b5c95bc7,22,#EDE8DD
1038038165c4b5c95bc7,20, #484740
1038038165c4b5c95bc7,14, #888478
1038c55c3589f8aa8c74,9, #75766A
1038c55c3589f8aa8c74,39,#F0EDE4
1038c55c3589f8aa8c74,6, #525549
1038c55c3589f8aa8c74,6, #32352C
1038c55c3589f8aa8c74,19, #D2CEC4
1038c55c3589f8aa8c74,18, #A5A499
104407b07b5ce8b2ab49,29, #D2CBB4
104407b07b5ce8b2ab49,29, #ACA18B
104407b07b5ce8b2ab49,6,#F9F8F1
104407b07b5ce8b2ab49,16, #8A7B60
104407b07b5ce8b2ab49,14, #6B573C
104407b07b5ce8b2ab49,4, #47321F
10483038b692cae63968,11, #CFC9B8
10483038b692cae63968,40,#FAF8F2
10483038b692cae63968,1, #48453A
10483038b692cae63968,11, #E7E1D2
10483038b692cae63968,2, #636051
10483038b692cae63968,22, #A6A190
10483038b692cae63968,9, #807C6A
1048b293938625dea69c,2, #B8A97B
1048b293938625dea69c,3, #CEBF93
1048b293938625dea69c,43,#3D2C1D
1048b293938625dea69c,32, #806D44
1048b293938625dea69c,2, #A59060
1048b293938625dea69c,5, #DED9B7
1048b293938625dea69c,8, #624F2F
104e71e601709d455d59,3,#F6F6E2
104e71e601709d455d59,2, #6F5D3E
104e71e601709d455d59,28, #BFB790
104e71e601709d455d59,46, #A19774
104e71e601709d455d59,9, #86744C
104e71e601709d455d59,8, #D5D2B4
104ef4ece31aabff8f46,0, #CFC9A1
104ef4ece31aabff8f46,36,#2F2A1F
104ef4ece31aabff8f46,2, #C2A969
104ef4ece31aabff8f46,2, #9B7749
104ef4ece31aabff8f46,0, #4E110D
104ef4ece31aabff8f46,35, #111009
104ef4ece31aabff8f46,21, #6D472B
105140aa78a2a7f63ebf,41, #B2AE9F
105140aa78a2a7f63ebf,34, #CBC7B3
105140aa78a2a7f63ebf,7, #E7E3D0
105140aa78a2a7f63ebf,0, #68665D
105140aa78a2a7f63ebf,15, #939084
105140aa78a2a7f63ebf,0,#44433C
1052f70674ed2dd3e706,1, #62492A
1052f70674ed2dd3e706,1, #9A8150
1052f70674ed2dd3e706,18, #37291F
1052f70674ed2dd3e706,0, #5A5044
1052f70674ed2dd3e706,70,#140F09
1052f70674ed2dd3e706,4, #463B2F
1052f70674ed2dd3e706,3, #7E6036
1056014483d00d40818d,63, #A8ACA1
1056014483d00d40818d,14, #828477
1056014483d00d40818d,0, #5D5E51
1056014483d00d40818d,3,#0A0B07
1056014483d00d40818d,16, #D3D4C6
1056014483d00d40818d,0, #34372A
10562f7ba446906689cb,12, #66665D
10562f7ba446906689cb,3, #3C3E38
10562f7ba446906689cb,27,#EAE8DC
10562f7ba446906689cb,10, #CDCBC1
10562f7ba446906689cb,23, #908F86
10562f7ba446906689cb,22, #AEADA3
1056a4570e77b64d6f44,2, #CEBC97
1056a4570e77b64d6f44,7, #9F9677
1056a4570e77b64d6f44,25, #322413
1056a4570e77b64d6f44,5, #57452B
1056a4570e77b64d6f44,2, #AA8156
1056a4570e77b64d6f44,9, #746B52
1056a4570e77b64d6f44,46,#0A0906
105afd950b41fdfdfb05,2, #A1998F
105afd950b41fdfdfb05,0,#6F6459
105afd950b41fdfdfb05,0, #83796E
105afd950b41fdfdfb05,10, #DDD3C6
105afd950b41fdfdfb05,5, #C0B9AF
105afd950b41fdfdfb05,81, #F4F0E8
105c0589bcbdd525604b,7, #E3D4BC
105c0589bcbdd525604b,6, #96725B
105c0589bcbdd525604b,16, #4F4131
105c0589bcbdd525604b,14, #A6A593
105c0589bcbdd525604b,27,#2B241E
105c0589bcbdd525604b,16, #6E6954
105c0589bcbdd525604b,11, #C5BFAA
10640993572801a15269,5, #9B835C
10640993572801a15269,22, #62432E
10640993572801a15269,3, #E3CFA7
10640993572801a15269,49,#291712
10640993572801a15269,2, #C5AC86
10640993572801a15269,1, #F6E9C3
10640993572801a15269,14, #815E3F
106c511f1c747aec8384,1, #FEFDF6
106c511f1c747aec8384,41,#21201C
106c511f1c747aec8384,2, #CAAF91
106c511f1c747aec8384,1, #B39477
106c511f1c747aec8384,5, #E9DDC7
106c511f1c747aec8384,23, #82755E
106c511f1c747aec8384,23, #4B473A
106c69bd6bfca73ac838,3, #302C24
106c69bd6bfca73ac838,9, #544D3F
106c69bd6bfca73ac838,57, #C2B093
106c69bd6bfca73ac838,8, #8C806D
106c69bd6bfca73ac838,13, #E9DEC5
106c69bd6bfca73ac838,8,#FBFAF8
1070c8aeca138c6beac7,2,#F2F0E8
1070c8aeca138c6beac7,30, #35191B
1070c8aeca138c6beac7,32, #494F5A
1070c8aeca138c6beac7,11, #B6B0A9
1070c8aeca138c6beac7,22, #837D77
1070c8aeca138c6beac7,0, #854731
10748ddfd3c56f4682c4,10, #4A3731
10748ddfd3c56f4682c4,10, #9C9484
10748ddfd3c56f4682c4,18, #615249
10748ddfd3c56f4682c4,40,#82786B
10748ddfd3c56f4682c4,4, #B3AC99
10748ddfd3c56f4682c4,10, #D2CCB4
10748ddfd3c56f4682c4,4, #33211D
10772257ec77bf137277,6, #AFAD95
10772257ec77bf137277,34,#3B351E
10772257ec77bf137277,15, #5D5A41
10772257ec77bf137277,4, #647966
10772257ec77bf137277,17, #949177
10772257ec77bf137277,8, #816E53
10772257ec77bf137277,13, #1B180C
1081718e35c45dc73459,20, #C3B9A0
1081718e35c45dc73459,32, #A19579
1081718e35c45dc73459,8, #574D3D
1081718e35c45dc73459,17, #DCD7C6
1081718e35c45dc73459,20, #7C6E55
1081718e35c45dc73459,1,#F8F3DF
1084a568c575c84b493b,29, #906F3F
1084a568c575c84b493b,11, #A1865C
1084a568c575c84b493b,26,#080704
1084a568c575c84b493b,14, #312920
1084a568c575c84b493b,2, #B9A479
1084a568c575c84b493b,14, #66513D
1088145eef5dc3644eee,5, #7A6946
1088145eef5dc3644eee,23, #4C4421
1088145eef5dc3644eee,10,#8A7F5D
1088145eef5dc3644eee,10, #B1A37C
1088145eef5dc3644eee,38, #2B2318
1088145eef5dc3644eee,11, #665535
10895247b15fdf234f2f,34,#191C13
10895247b15fdf234f2f,1, #8B733C
10895247b15fdf234f2f,6, #AB9961
10895247b15fdf234f2f,7, #6C5D30
10895247b15fdf234f2f,3, #D4BD8C
10895247b15fdf234f2f,45, #413B21
108ecd111f18ff5baa7c,81, #DED5C4
108ecd111f18ff5baa7c,2, #58554A
108ecd111f18ff5baa7c,3, #C3BBAB
108ecd111f18ff5baa7c,1,#FDF6E2
108ecd111f18ff5baa7c,6, #747064
108ecd111f18ff5baa7c,5, #9C9688
108f2636f2d8ad570540,21, #F4ECD8
108f2636f2d8ad570540,25, #967E64
108f2636f2d8ad570540,1,#513E30
108f2636f2d8ad570540,18, #C0A688
108f2636f2d8ad570540,21, #DFCDB3
108f2636f2d8ad570540,11, #795E45
10957c9b70f012ad59cc,1, #261D15
10957c9b70f012ad59cc,11, #52463C
10957c9b70f012ad59cc,12, #A69B8A
10957c9b70f012ad59cc,45, #D3C6B2
10957c9b70f012ad59cc,10, #7C6F61
10957c9b70f012ad59cc,18,#F9F3E6
109704a7d7c3562efa78,0, #302518
109704a7d7c3562efa78,9, #7B705B
109704a7d7c3562efa78,5, #564B39
109704a7d7c3562efa78,0,#FEFCF4
109704a7d7c3562efa78,22, #B5AB90
109704a7d7c3562efa78,62, #E2DECF
10a1fda971ab485d706c,9, #564A65
10a1fda971ab485d706c,6, #D1BCD9
10a1fda971ab485d706c,32,#796D86
10a1fda971ab485d706c,20, #F2E6F3
10a1fda971ab485d706c,6, #0F0D11
10a1fda971ab485d706c,7, #372F42
10a1fda971ab485d706c,17, #A492B3
10a42500944cab026e6f,5, #B1AC9B
10a42500944cab026e6f,43,#F4F1E4
10a42500944cab026e6f,26, #D4CBB3
10a42500944cab026e6f,5, #949083
10a42500944cab026e6f,12, #46463D
10a42500944cab026e6f,6, #747267
10a794dc3d98a4778a69,25, #D9D3C1
10a794dc3d98a4778a69,10, #979387
10a794dc3d98a4778a69,46,#F8F1DE
10a794dc3d98a4778a69,5, #6C685D
10a794dc3d98a4778a69,1, #3F3B31
10a794dc3d98a4778a69,9, #BAB5A7
10a935a25c0c8666dce8,6, #98895E
10a935a25c0c8666dce8,22, #6D4925
10a935a25c0c8666dce8,0, #975E39
10a935a25c0c8666dce8,0, #B9AE7E
10a935a25c0c8666dce8,1, #6A7E7E
10a935a25c0c8666dce8,59,#252112
10a935a25c0c8666dce8,8, #6D6A49
10af325ebc99e35335ba,23, #7C7452
10af325ebc99e35335ba,2, #ECE7D2
10af325ebc99e35335ba,16, #775229
10af325ebc99e35335ba,32,#3C372E
10af325ebc99e35335ba,17, #BAA979
10af325ebc99e35335ba,3, #15160C
10af325ebc99e35335ba,4, #D0C3A4
10b5e49d50e78354aafd,9, #F8F6ED
10b5e49d50e78354aafd,15, #78726E
10b5e49d50e78354aafd,31,#908C86
10b5e49d50e78354aafd,7, #C2C1B2
10b5e49d50e78354aafd,7, #DDD9C7
10b5e49d50e78354aafd,9, #A8A69D
10b5e49d50e78354aafd,19, #544C4A
10b98bd92d47b263ce7d,24, #747365
10b98bd92d47b263ce7d,14, #CBC7BA
10b98bd92d47b263ce7d,24, #47473D
10b98bd92d47b263ce7d,5,#F3EEDF
10b98bd92d47b263ce7d,18, #ABA89B
10b98bd92d47b263ce7d,13, #929082
10bc174a62a9b4519dc1,5,#CCC1AD
10bc174a62a9b4519dc1,7, #887E6C
10bc174a62a9b4519dc1,75, #F0E9D6
10bc174a62a9b4519dc1,2, #5D5347
10bc174a62a9b4519dc1,0, #3F3730
10bc174a62a9b4519dc1,7, #B0A591
10c4f7db40885ff2c201,21,#7D7667
10c4f7db40885ff2c201,6, #403F3B
10c4f7db40885ff2c201,8, #DFD3B9
10c4f7db40885ff2c201,20, #F0EDE2
10c4f7db40885ff2c201,6, #9F9785
10c4f7db40885ff2c201,14, #C4B69A
10c4f7db40885ff2c201,21, #5B584F
10c6c1fefa182d437283,17, #3D3C35
10c6c1fefa182d437283,19,#D9D3C0
10c6c1fefa182d437283,15, #797468
10c6c1fefa182d437283,5, #FAF8EA
10c6c1fefa182d437283,13, #5C594F
10c6c1fefa182d437283,14, #979183
10c6c1fefa182d437283,12, #B8B1A0
10cc5fc469821f99a8d2,13, #8C857C
10cc5fc469821f99a8d2,22, #C8C6BF
10cc5fc469821f99a8d2,22,#F2F2E5
10cc5fc469821f99a8d2,9, #72665B
10cc5fc469821f99a8d2,11, #A8A39C
10cc5fc469821f99a8d2,20, #463629
10cd458363f52008e652,54,#CEC8B9
10cd458363f52008e652,6, #5A4C49
10cd458363f52008e652,1, #413331
10cd458363f52008e652,8, #B9B0A0
10cd458363f52008e652,12, #786D67
10cd458363f52008e652,0, #E8E1D6
10cd458363f52008e652,14, #9C9189
10d2caf164cc5bd282f3,9, #877E6A
10d2caf164cc5bd282f3,9, #DCD7C5
10d2caf164cc5bd282f3,1, #FEFEFD
10d2caf164cc5bd282f3,4, #A19983
10d2caf164cc5bd282f3,9, #C8BD9D
10d2caf164cc5bd282f3,43,#645E53
10d2caf164cc5bd282f3,22, #F1EEE1
10d7ccbb3c23ba40f456,21, #393114
10d7ccbb3c23ba40f456,28,#868E87
10d7ccbb3c23ba40f456,4, #606549
10d7ccbb3c23ba40f456,7, #5B4D22
10d7ccbb3c23ba40f456,7, #19160A
10d7ccbb3c23ba40f456,19, #7A7E67
10d7ccbb3c23ba40f456,10, #A1A393
10e12cf5739c7b6e0f44,30, #5F5D4F
10e12cf5739c7b6e0f44,24, #A6A28F
10e12cf5739c7b6e0f44,17, #7E7B6B
10e12cf5739c7b6e0f44,9, #3C3C33
10e12cf5739c7b6e0f44,13, #CEC9B4
10e12cf5739c7b6e0f44,4,#F2EEE0
10e1a76320a97ad5dd18,25,#F9F7F1
10e1a76320a97ad5dd18,5, #7B7464
10e1a76320a97ad5dd18,2, #5A5447
10e1a76320a97ad5dd18,39, #DBD4C3
10e1a76320a97ad5dd18,9, #928B7C
10e1a76320a97ad5dd18,17, #B4AC9C
10f85c8e2e247284fdb3,4, #686558
10f85c8e2e247284fdb3,4, #858273
10f85c8e2e247284fdb3,30, #C5C2B5
10f85c8e2e247284fdb3,47,#F1F0E8
10f85c8e2e247284fdb3,4, #444239
10f85c8e2e247284fdb3,9, #9E9B8D
1103af00427e24116825,8, #706451
1103af00427e24116825,42, #E1DCC7
1103af00427e24116825,20, #CBC0A3
1103af00427e24116825,20, #A69B83
1103af00427e24116825,2,#F9F9F6
1103af00427e24116825,4, #34312B
1108ed862c879fd6211c,14, #E7D2BE
1108ed862c879fd6211c,17, #817C73
1108ed862c879fd6211c,0, #A46A58
1108ed862c879fd6211c,12, #CDB194
1108ed862c879fd6211c,6, #5F5A52
1108ed862c879fd6211c,34,#FAF4EB
1108ed862c879fd6211c,13, #B48F78
110fd63742b6226205fe,12, #3A3A2F
110fd63742b6226205fe,10, #535246
110fd63742b6226205fe,8, #E3E1CC
110fd63742b6226205fe,16, #8E8B7B
110fd63742b6226205fe,17, #706E60
110fd63742b6226205fe,2, #212118
110fd63742b6226205fe,31,#B7B29E
111b885c1980e761f4c2,3, #443731
111b885c1980e761f4c2,2, #655852
111b885c1980e761f4c2,8, #B4A99B
111b885c1980e761f4c2,2, #7C726C
111b885c1980e761f4c2,16, #CFC6B6
111b885c1980e761f4c2,6, #998C85
111b885c1980e761f4c2,59,#EAE1CD
111b911c9ad41c128de9,9, #BFAA94
111b911c9ad41c128de9,4, #9A7B63
111b911c9ad41c128de9,1, #CD8A68
111b911c9ad41c128de9,0, #64665D
111b911c9ad41c128de9,44, #DACBB9
111b911c9ad41c128de9,38,#F6F3EC
111d833b0560d881e479,5, #594C36
111d833b0560d881e479,3, #746952
111d833b0560d881e479,40, #352819
111d833b0560d881e479,2, #988A6A
111d833b0560d881e479,46,#0F0F08
111d833b0560d881e479,2, #B0AD8B
111dd1b941d2ba7b66f1,12, #897452
111dd1b941d2ba7b66f1,20,#F8F7ED
111dd1b941d2ba7b66f1,33, #BEAD8A
111dd1b941d2ba7b66f1,1, #6E593D
111dd1b941d2ba7b66f1,4, #DAD2B5
111dd1b941d2ba7b66f1,26, #998F79
112aef3a709a1df15c44,8, #ADA899
112aef3a709a1df15c44,12, #8C877A
112aef3a709a1df15c44,21, #5F5C50
112aef3a709a1df15c44,14,#F0EDE2
112aef3a709a1df15c44,3, #38372E
112aef3a709a1df15c44,40, #CBC6B6
11317ad23579b0bed85b,10, #726E5F
11317ad23579b0bed85b,3, #BFB9A8
11317ad23579b0bed85b,11, #4A4940
11317ad23579b0bed85b,32,#F3EDDB
11317ad23579b0bed85b,31, #DAD4C2
11317ad23579b0bed85b,10, #9D9887
1136ea053caa5caca4e2,16, #F7F5ED
1136ea053caa5caca4e2,10, #998B73
1136ea053caa5caca4e2,12, #635744
1136ea053caa5caca4e2,19,#B7AE98
1136ea053caa5caca4e2,37, #DFD6BE
1136ea053caa5caca4e2,2, #1C1912
1139ac1943a626bd125b,60,#EDE3D4
1139ac1943a626bd125b,11, #D8CEB8
1139ac1943a626bd125b,9, #51534C
1139ac1943a626bd125b,9, #8C7854
1139ac1943a626bd125b,3, #B9A578
1139ac1943a626bd125b,2, #2F2F2D
1139ac1943a626bd125b,2, #B08F52
113c085c116686d63a65,63,#F5F2E4
113c085c116686d63a65,0, #58554D
113c085c116686d63a65,11, #C3BDAC
113c085c116686d63a65,3, #756F65
113c085c116686d63a65,5, #DCD5C2
113c085c116686d63a65,3, #8A867C
113c085c116686d63a65,11, #A69C8B
114019fef72783757a86,34,#1F1B16
114019fef72783757a86,24, #604331
114019fef72783757a86,3, #9D623F
114019fef72783757a86,9, #E9DDBC
114019fef72783757a86,17, #B4AB8E
114019fef72783757a86,9, #927F5F
1140d5b194baf085812a,7, #A59E8D
1140d5b194baf085812a,22, #F6F0DD
1140d5b194baf085812a,2, #413D34
1140d5b194baf085812a,4,#827B68
1140d5b194baf085812a,7, #60594B
1140d5b194baf085812a,54, #CCC4B1
1142428b8b42b1733a8c,13, #4E4A36
1142428b8b42b1733a8c,22, #69663F
1142428b8b42b1733a8c,30,#B0B1AB
1142428b8b42b1733a8c,8, #9F9C88
1142428b8b42b1733a8c,23, #87815E
1142428b8b42b1733a8c,1, #855945
1142a4e3eb5b5fb901d2,2, #664F2B
1142a4e3eb5b5fb901d2,6, #3F2811
1142a4e3eb5b5fb901d2,0, #413C31
1142a4e3eb5b5fb901d2,0, #B19454
1142a4e3eb5b5fb901d2,0, #C3BA9F
1142a4e3eb5b5fb901d2,88,#110D06
1142a4e3eb5b5fb901d2,1, #927542
1143e519df09e4f5fa59,13, #56564B
1143e519df09e4f5fa59,47, #DDD8CB
1143e519df09e4f5fa59,4, #35362E
1143e519df09e4f5fa59,14, #7F7E73
1143e519df09e4f5fa59,15, #B3AFA4
1143e519df09e4f5fa59,4,#F9F4E6
115cdfc1d820c9a8ba11,23, #615131
115cdfc1d820c9a8ba11,3, #423017
115cdfc1d820c9a8ba11,2, #C1B8A5
115cdfc1d820c9a8ba11,37, #AA9A6D
115cdfc1d820c9a8ba11,28, #837A62
115cdfc1d820c9a8ba11,3,#E7E3DE
1161740aec256d60ce4b,3, #34332A
1161740aec256d60ce4b,47,#F1ECDC
1161740aec256d60ce4b,10, #5A574B
1161740aec256d60ce4b,9, #B3AFA0
1161740aec256d60ce4b,13, #9E8A69
1161740aec256d60ce4b,14, #D2CCBD
116358d2f6bde5e0ff59,9, #BFB6A0
116358d2f6bde5e0ff59,6, #796E65
116358d2f6bde5e0ff59,9, #4C3D37
116358d2f6bde5e0ff59,8,#F6F5F1
116358d2f6bde5e0ff59,3, #9E968B
116358d2f6bde5e0ff59,62, #DCD4B9
116dd67a0a4d4a089692,11, #95793E
116dd67a0a4d4a089692,15, #725825
116dd67a0a4d4a089692,0, #CFBC84
116dd67a0a4d4a089692,23, #503B1A
116dd67a0a4d4a089692,4, #B8A162
116dd67a0a4d4a089692,44,#211B0D
116f3ee94706fbdd35ca,5, #897E68
116f3ee94706fbdd35ca,13, #AFA38A
116f3ee94706fbdd35ca,51,#F5F2E4
116f3ee94706fbdd35ca,2, #645F50
116f3ee94706fbdd35ca,0, #0D0904
116f3ee94706fbdd35ca,20, #D2C6AC
116f3ee94706fbdd35ca,6, #3C3226
117b250c421cee5e450b,7, #8D805A
117b250c421cee5e450b,0, #C2AF7B
117b250c421cee5e450b,61, #44402E
117b250c421cee5e450b,10, #666147
117b250c421cee5e450b,2, #AD9768
117b250c421cee5e450b,17,#292720
117ee254dbf7451d06c1,1, #403E35
117ee254dbf7451d06c1,13, #8F8B7B
117ee254dbf7451d06c1,9, #646154
117ee254dbf7451d06c1,5, #CDC8B4
117ee254dbf7451d06c1,59,#F0EBD6
117ee254dbf7451d06c1,9, #B3AE9B
117f2de75707d3b28932,14, #342823
117f2de75707d3b28932,13, #938980
117f2de75707d3b28932,40,#F0ECD5
117f2de75707d3b28932,6, #C6BCAE
117f2de75707d3b28932,13, #6E625B
117f2de75707d3b28932,11, #50433D
117fc8873e41c2a6086d,11, #A48560
117fc8873e41c2a6086d,9,#546A69
117fc8873e41c2a6086d,36, #303129
117fc8873e41c2a6086d,3, #7B8E89
117fc8873e41c2a6086d,22, #74412E
117fc8873e41c2a6086d,15, #B3AE95
118630af645c182a1503,66, #D9D4C5
118630af645c182a1503,3, #9F9B8F
118630af645c182a1503,16, #F4F1E8
118630af645c182a1503,0,#878377
118630af645c182a1503,0, #615D54
118630af645c182a1503,12, #BCB8AA
118a3e96472e86e1a179,5, #CCC3A8
118a3e96472e86e1a179,39, #DEDCCA
118a3e96472e86e1a179,0,#F9F9F0
118a3e96472e86e1a179,8, #B1A182
118a3e96472e86e1a179,23, #5D412B
118a3e96472e86e1a179,22, #846E55
119950ce9b02dafb00b1,10, #E2E0D1
119950ce9b02dafb00b1,25, #50443B
119950ce9b02dafb00b1,12, #F7F6F2
119950ce9b02dafb00b1,5, #CEC7B3
119950ce9b02dafb00b1,10, #B7A687
119950ce9b02dafb00b1,28,#947D5D
119950ce9b02dafb00b1,7, #332D2A
119a548bb8b29ba86a7e,9,#A39488
119a548bb8b29ba86a7e,20, #C2B5A4
119a548bb8b29ba86a7e,11, #836F61
119a548bb8b29ba86a7e,19, #3F312B
119a548bb8b29ba86a7e,15, #604B40
119a548bb8b29ba86a7e,23, #E3DBCC
11a49032216a0b0f981d,10, #4F4D43
11a49032216a0b0f981d,0, #37352E
11a49032216a0b0f981d,11, #848173
11a49032216a0b0f981d,20, #D3CDBD
11a49032216a0b0f981d,14, #69665A
11a49032216a0b0f981d,14, #ACA798
11a49032216a0b0f981d,26,#F6F2E3
11a9649a4c1266b4ca4f,7, #CAC3B1
11a9649a4c1266b4ca4f,14, #918E81
11a9649a4c1266b4ca4f,15, #706D62
11a9649a4c1266b4ca4f,40,#EFE9D4
11a9649a4c1266b4ca4f,13, #B0AB9A
11a9649a4c1266b4ca4f,7, #434238
11b57257651877611438,55,#F3EEDE
11b57257651877611438,6, #927D6B
11b57257651877611438,19, #D6D0BF
11b57257651877611438,4, #7F6044
11b57257651877611438,1, #6A4022
11b57257651877611438,12, #B2A598
11bcc4a8b30142f23f27,0, #D6CA94
11bcc4a8b30142f23f27,6, #9D895B
11bcc4a8b30142f23f27,40,#58422C
11bcc4a8b30142f23f27,13, #81563C
11bcc4a8b30142f23f27,0, #E8E1AF
11bcc4a8b30142f23f27,34, #281F11
11bcc4a8b30142f23f27,3, #C3AE76
11bdf884809bec460df9,2, #897D5E
11bdf884809bec460df9,0, #AB9A65
11bdf884809bec460df9,62,#18140B
11bdf884809bec460df9,0, #C7B682
11bdf884809bec460df9,0, #9D9B91
11bdf884809bec460df9,7, #5C543F
11bdf884809bec460df9,27, #42361F
11c0288ad7147e819939,1, #554839
11c0288ad7147e819939,2, #33281A
11c0288ad7147e819939,1, #877B65
11c0288ad7147e819939,56,#F2EEDE
11c0288ad7147e819939,17, #D7CFBA
11c0288ad7147e819939,19, #A69B85
11c0288ad7147e819939,0, #6D6456
11c73d533e1585565d4d,4, #4A4740
11c73d533e1585565d4d,40,#EAE3CC
11c73d533e1585565d4d,15, #CEBD9B
11c73d533e1585565d4d,7, #6E695C
11c73d533e1585565d4d,11, #A6A192
11c73d533e1585565d4d,13, #F7F5EE
11c73d533e1585565d4d,6, #888374
11ce7fb0bba7fcb73fb5,2, #72592B
11ce7fb0bba7fcb73fb5,29, #35281D
11ce7fb0bba7fcb73fb5,3, #593B1B
11ce7fb0bba7fcb73fb5,63,#100E07
11ce7fb0bba7fcb73fb5,0, #A38D57
11ce7fb0bba7fcb73fb5,0, #8B7642
11ceefc3f04028be1634,13, #B8B5A9
11ceefc3f04028be1634,7, #D4D1C5
11ceefc3f04028be1634,13, #989589
11ceefc3f04028be1634,14, #5B5A4F
11ceefc3f04028be1634,16, #7B796D
11ceefc3f04028be1634,2, #414037
11ceefc3f04028be1634,32,#F4F3EB
11cf871c86eb44cdfbff,45, #C7C1B4
11cf871c86eb44cdfbff,4,#EEEADF
11cf871c86eb44cdfbff,11, #A8A497
11cf871c86eb44cdfbff,11, #88877A
11cf871c86eb44cdfbff,11, #3E4037
11cf871c86eb44cdfbff,14, #646458
11cfd31ce9e930c266bd,13, #7E7F74
11cfd31ce9e930c266bd,5, #5E6056
11cfd31ce9e930c266bd,16,#D1D0C4
11cfd31ce9e930c266bd,2, #3E4039
11cfd31ce9e930c266bd,20, #A4A399
11cfd31ce9e930c266bd,41, #F4F2E8
11ea92da2c4287860fd6,13, #8B897C
11ea92da2c4287860fd6,25, #D1CDBF
11ea92da2c4287860fd6,33,#F4F1E2
11ea92da2c4287860fd6,5, #69675C
11ea92da2c4287860fd6,14, #B2AEA1
11ea92da2c4287860fd6,6, #3F3D34
1212ad99a75b926dcf1e,2, #C5AF74
1212ad99a75b926dcf1e,1, #A99762
1212ad99a75b926dcf1e,1, #6E5F32
1212ad99a75b926dcf1e,83,#201D0D
1212ad99a75b926dcf1e,2, #8C7B46
1212ad99a75b926dcf1e,7, #E0D095
1212ad99a75b926dcf1e,2, #4F451F
12147a11d7b86c1cb6ba,5, #B6AE94
12147a11d7b86c1cb6ba,4, #90653E
12147a11d7b86c1cb6ba,9,#6E6C5F
12147a11d7b86c1cb6ba,22, #231813
12147a11d7b86c1cb6ba,41, #5E4C38
12147a11d7b86c1cb6ba,16, #A28765
121cc0a2aed4959aba32,36, #4D442B
121cc0a2aed4959aba32,6,#101009
121cc0a2aed4959aba32,0, #D0CEBF
121cc0a2aed4959aba32,14, #A8AD97
121cc0a2aed4959aba32,28, #656655
121cc0a2aed4959aba32,12, #7A8382
1227282a2ab5e76f914d,6, #D2CCA7
1227282a2ab5e76f914d,10, #6D6142
1227282a2ab5e76f914d,33, #AEAE94
1227282a2ab5e76f914d,36, #897F5A
1227282a2ab5e76f914d,5,#2E291C
1227282a2ab5e76f914d,6, #4D3F28
122b82dd5cfadde72842,1, #DBD5C3
122b82dd5cfadde72842,36,#4D4943
122b82dd5cfadde72842,13, #696256
122b82dd5cfadde72842,1, #C2B596
122b82dd5cfadde72842,18, #897D68
122b82dd5cfadde72842,24, #A29984
122b82dd5cfadde72842,3, #F6F4E8
122be1701abf7e36ae39,42, #4A3314
122be1701abf7e36ae39,1, #A99662
122be1701abf7e36ae39,1, #917642
122be1701abf7e36ae39,50,#120D06
122be1701abf7e36ae39,0, #C1AE76
122be1701abf7e36ae39,0, #D1C594
122be1701abf7e36ae39,1, #755E2F
122c886cbe898b7e7072,9, #B0A58F
122c886cbe898b7e7072,2, #6F695A
122c886cbe898b7e7072,45,#D2C4A9
122c886cbe898b7e7072,8, #93846B
122c886cbe898b7e7072,26, #F6F3E7
122c886cbe898b7e7072,3, #574E40
122c886cbe898b7e7072,2, #312619
122d11e4ce01c16a00f9,21,#FAF8E6
122d11e4ce01c16a00f9,11, #3D3D33
122d11e4ce01c16a00f9,13, #77766A
122d11e4ce01c16a00f9,9, #B0AEA0
122d11e4ce01c16a00f9,15, #919083
122d11e4ce01c16a00f9,15, #D5D1C1
122d11e4ce01c16a00f9,11, #5F5F54
12335da35e250b0e5e3e,25, #CCC4B4
12335da35e250b0e5e3e,6, #948E81
12335da35e250b0e5e3e,0, #4F4D41
12335da35e250b0e5e3e,60,#EEE5D1
12335da35e250b0e5e3e,4, #737069
12335da35e250b0e5e3e,2, #AEA899
1239f52fc4dd02b3a2fe,10, #969281
1239f52fc4dd02b3a2fe,24,#BBB6A1
1239f52fc4dd02b3a2fe,14, #F7F5E9
1239f52fc4dd02b3a2fe,21, #DDD9C5
1239f52fc4dd02b3a2fe,9, #807A66
1239f52fc4dd02b3a2fe,5, #4B4638
1239f52fc4dd02b3a2fe,13, #66604E
123a283c997ccc1ad468,6, #555B54
123a283c997ccc1ad468,26,#FBF9EB
123a283c997ccc1ad468,37, #D8D1BF
123a283c997ccc1ad468,10, #86887D
123a283c997ccc1ad468,17, #ADAB9C
123a283c997ccc1ad468,1, #222C28
124a1efd2f530ead291f,2, #B5AA80
124a1efd2f530ead291f,0, #DF905B
124a1efd2f530ead291f,1, #ECDC95
124a1efd2f530ead291f,51, #534A3B
124a1efd2f530ead291f,26,#1D1A15
124a1efd2f530ead291f,17, #997A54
124cbb1a54258d942776,14, #928771
124cbb1a54258d942776,0, #534536
124cbb1a54258d942776,19, #BDB08E
124cbb1a54258d942776,2, #6E5F4A
124cbb1a54258d942776,51, #D6D1BA
124cbb1a54258d942776,11,#F6F6F3
124de9a64f04c944c7e5,3, #96856B
124de9a64f04c944c7e5,74,#E6E3D8
124de9a64f04c944c7e5,3, #79654E
124de9a64f04c944c7e5,5, #CEC6B3
124de9a64f04c944c7e5,5, #241C1A
124de9a64f04c944c7e5,4, #553D34
124de9a64f04c944c7e5,3, #B2A48D
12551639c78c61488530,67,#F9F8F4
12551639c78c61488530,3, #444339
12551639c78c61488530,8, #E2E1D0
12551639c78c61488530,5, #828074
12551639c78c61488530,4, #9F9E92
12551639c78c61488530,7, #68665B
12551639c78c61488530,2, #C5C3B4
12561595047568592c83,2, #8D7E65
12561595047568592c83,1, #7A6541
12561595047568592c83,5, #675432
12561595047568592c83,6, #553E23
12561595047568592c83,0, #AE9E84
12561595047568592c83,67,#150D0B
12561595047568592c83,14, #3E2414
12566c158df14be94539,14, #6F6953
12566c158df14be94539,41,#A8A893
12566c158df14be94539,20, #2C251D
12566c158df14be94539,5, #928D6C
12566c158df14be94539,8, #54452C
12566c158df14be94539,8, #C8C8B0
12566c158df14be94539,0, #EBE5C1
125dbe540127badfc502,4, #646054
125dbe540127badfc502,7, #858072
125dbe540127badfc502,65,#F9F8F4
125dbe540127badfc502,1, #44423A
125dbe540127badfc502,10, #ADA89B
125dbe540127badfc502,9, #DFDACE
126187bd3c510b9030a6,37, #2C211B
126187bd3c510b9030a6,0,#D0D1D2
126187bd3c510b9030a6,14, #706A64
126187bd3c510b9030a6,27, #4A3E34
126187bd3c510b9030a6,12, #B5B5B4
126187bd3c510b9030a6,8, #96918A
12673b3c1b04b248f983,2, #5E584A
12673b3c1b04b248f983,63, #F2EADA
12673b3c1b04b248f983,0, #454035
12673b3c1b04b248f983,9, #A19888
12673b3c1b04b248f983,7, #7C7665
12673b3c1b04b248f983,16,#CAC1B0
126835f734f857ef242d,29, #D3CBB7
126835f734f857ef242d,1, #39352F
126835f734f857ef242d,16, #565046
126835f734f857ef242d,22, #797164
126835f734f857ef242d,9,#F7F4E4
126835f734f857ef242d,20, #A69D8C
126bd7ccdd2e171bb176,1, #3F2E23
126bd7ccdd2e171bb176,8, #988D8F
126bd7ccdd2e171bb176,53, #B7B2AF
126bd7ccdd2e171bb176,25, #EBEBE6
126bd7ccdd2e171bb176,5, #645141
126bd7ccdd2e171bb176,5,#857660
126d24725f9db979a107,1,#EEEADB
126d24725f9db979a107,12, #B3AEA1
126d24725f9db979a107,2, #434036
126d24725f9db979a107,30, #D1CEC0
126d24725f9db979a107,41, #8E897B
126d24725f9db979a107,11, #635E52
126ec984b55d405fbfd8,41,#F5EFE5
126ec984b55d405fbfd8,1, #78736B
126ec984b55d405fbfd8,1, #47413D
126ec984b55d405fbfd8,4, #BFAA96
126ec984b55d405fbfd8,40, #DBCDBB
126ec984b55d405fbfd8,4, #805F4C
126ec984b55d405fbfd8,5, #A58C79
12734965822db84af1eb,21, #938C76
12734965822db84af1eb,20, #D7CFB6
12734965822db84af1eb,35,#F6EDD3
12734965822db84af1eb,9, #B6AE96
12734965822db84af1eb,3, #514D42
12734965822db84af1eb,9, #6D6755
1279e8154d6cc7a1b139,15, #554D42
1279e8154d6cc7a1b139,5, #857661
1279e8154d6cc7a1b139,5,#F5F1E5
1279e8154d6cc7a1b139,5, #2A291C
1279e8154d6cc7a1b139,4, #A6977F
1279e8154d6cc7a1b139,63, #CCC2AD
127bb09c7a00c62944d9,23, #C4BEAF
127bb09c7a00c62944d9,6, #706D61
127bb09c7a00c62944d9,55,#EFE8D7
127bb09c7a00c62944d9,5, #4C4C43
127bb09c7a00c62944d9,0, #30322A
127bb09c7a00c62944d9,9, #989080
127bc371cbcfd090678b,13, #7E6946
127bc371cbcfd090678b,0, #B55877
127bc371cbcfd090678b,2, #C7C496
127bc371cbcfd090678b,0, #E2EEE9
127bc371cbcfd090678b,46,#341C11
127bc371cbcfd090678b,29, #62432E
127bc371cbcfd090678b,7, #AEA372
12848a03f376bc5b6e61,17, #45443C
12848a03f376bc5b6e61,13, #CFCCBB
12848a03f376bc5b6e61,15, #8D8B7E
12848a03f376bc5b6e61,13, #717064
12848a03f376bc5b6e61,31,#EFECDA
12848a03f376bc5b6e61,8, #B2AF9F
128efe3b14139e2b9d41,2, #B6B5A9
128efe3b14139e2b9d41,43,#4A3224
128efe3b14139e2b9d41,18, #887D67
128efe3b14139e2b9d41,6, #11130E
128efe3b14139e2b9d41,15, #919A93
128efe3b14139e2b9d41,11, #6A5E4A
128efe3b14139e2b9d41,0, #3E4B42
129497ffb62c95e6196e,8, #CBC5B5
129497ffb62c95e6196e,21, #1D1F16
129497ffb62c95e6196e,34, #A1805A
129497ffb62c95e6196e,5, #7E99A8
129497ffb62c95e6196e,12,#485347
129497ffb62c95e6196e,16, #70441E
129921206115bcd3645d,25, #81715F
129921206115bcd3645d,0, #E5DDC3
129921206115bcd3645d,28,#383129
129921206115bcd3645d,2, #CEC09D
129921206115bcd3645d,0, #F6F7EE
129921206115bcd3645d,17, #AC9277
129921206115bcd3645d,26, #645849
129f36b210fe34912855,47,#110A04
129f36b210fe34912855,2, #40554E
129f36b210fe34912855,42, #49371E
129f36b210fe34912855,2, #726F58
129f36b210fe34912855,0, #C0B998
129f36b210fe34912855,3, #989478
12a584a576747e5b4b5a,1, #3A382E
12a584a576747e5b4b5a,22, #BAB8A5
12a584a576747e5b4b5a,37, #DBD8C2
12a584a576747e5b4b5a,20,#F6F4E6
12a584a576747e5b4b5a,13, #8A897C
12a584a576747e5b4b5a,4, #646358
12b1e378c7cc80472398,78,#F6F3E6
12b1e378c7cc80472398,3, #9B9482
12b1e378c7cc80472398,4, #B8B19F
12b1e378c7cc80472398,12, #D3CCB9
12b1e378c7cc80472398,0, #847D6B
12b1e378c7cc80472398,0, #675F4D
12b1e378c7cc80472398,0, #52442F
12b8ff29aaa851c185d0,14, #49483D
12b8ff29aaa851c185d0,14, #B7AC8F
12b8ff29aaa851c185d0,13, #9E9178
12b8ff29aaa851c185d0,18, #757061
12b8ff29aaa851c185d0,18, #D8D1B7
12b8ff29aaa851c185d0,20,#F7F4DD
12b976a23dbb066aab55,35, #5E4534
12b976a23dbb066aab55,11, #AA9F7B
12b976a23dbb066aab55,6, #F3F0D5
12b976a23dbb066aab55,24, #C7C2AA
12b976a23dbb066aab55,16, #8A7E5D
12b976a23dbb066aab55,5,#201910
12bf6bbff672976a22a8,25, #E5DDC0
12bf6bbff672976a22a8,12, #715E4E
12bf6bbff672976a22a8,14, #877662
12bf6bbff672976a22a8,11, #AA9A7D
12bf6bbff672976a22a8,20, #554439
12bf6bbff672976a22a8,15,#C4B899
12c4cf279d817be7215c,11, #797F66
12c4cf279d817be7215c,23, #C8C38D
12c4cf279d817be7215c,17,#E7E6C8
12c4cf279d817be7215c,32, #292720
12c4cf279d817be7215c,7, #544E32
12c4cf279d817be7215c,8, #987A2E
12c554bfdcbf9da1f60e,44, #D3C6B4
12c554bfdcbf9da1f60e,3,#F5EFE9
12c554bfdcbf9da1f60e,17, #666057
12c554bfdcbf9da1f60e,10, #8C8579
12c554bfdcbf9da1f60e,21, #B1A48F
12c554bfdcbf9da1f60e,2, #3C3833
12c97afbd91d66627337,19, #432B0F
12c97afbd91d66627337,2, #A39561
12c97afbd91d66627337,40,#1F190A
12c97afbd91d66627337,12, #8A7E4C
12c97afbd91d66627337,12, #6E6338
12c97afbd91d66627337,4, #5F4F24
12c97afbd91d66627337,7, #4D401E
12ca008adca63d8aad12,4, #999994
12ca008adca63d8aad12,37,#121212
12ca008adca63d8aad12,15, #5B5B52
12ca008adca63d8aad12,11, #7F7D6C
12ca008adca63d8aad12,17, #2F2E2D
12ca008adca63d8aad12,5, #F5F5F6
12ca008adca63d8aad12,6, #C8C6BD
12cd79da65575dbe1071,21, #9D9A8F
12cd79da65575dbe1071,15, #C2BCB1
12cd79da65575dbe1071,12,#EEE9DF
12cd79da65575dbe1071,19, #5F5D53
12cd79da65575dbe1071,5, #42413A
12cd79da65575dbe1071,25, #7F7C71
12cedc339ab9856f698d,6, #695841
12cedc339ab9856f698d,8, #7B6F5C
12cedc339ab9856f698d,24, #13110F
12cedc339ab9856f698d,0, #AD8C4E
12cedc339ab9856f698d,5, #949187
12cedc339ab9856f698d,51,#3C3025
12cedc339ab9856f698d,3, #B6B3A6
12d9dcaa72b5d5c2c0c2,0, #DEDCC8
12d9dcaa72b5d5c2c0c2,44,#696156
12d9dcaa72b5d5c2c0c2,5, #817969
12d9dcaa72b5d5c2c0c2,5, #FAF8EF
12d9dcaa72b5d5c2c0c2,43, #504B46
12d9dcaa72b5d5c2c0c2,0, #9D9A87
12d9dcaa72b5d5c2c0c2,0, #C0BEA8
12dcd38a57581dd3c50f,6, #898983
12dcd38a57581dd3c50f,10, #D3D0C3
12dcd38a57581dd3c50f,10,#6A6A64
12dcd38a57581dd3c50f,6, #A8A79F
12dcd38a57581dd3c50f,38, #3D3D38
12dcd38a57581dd3c50f,27, #F8F8F4
12e15054b1254036b44a,13, #646054
12e15054b1254036b44a,6, #ABA593
12e15054b1254036b44a,25,#F6F3E3
12e15054b1254036b44a,26, #3B3930
12e15054b1254036b44a,16, #D0CAB6
12e15054b1254036b44a,10, #847F70
12e2ae59461c1fbc460a,21, #464438
12e2ae59461c1fbc460a,7,#FBF9EC
12e2ae59461c1fbc460a,21, #76715F
12e2ae59461c1fbc460a,6, #9A9584
12e2ae59461c1fbc460a,3, #B9B39E
12e2ae59461c1fbc460a,39, #DDD6C0
12e581caf2c0f062c6ef,57,#DAD1C1
12e581caf2c0f062c6ef,3, #F7F3E2
12e581caf2c0f062c6ef,1, #433E39
12e581caf2c0f062c6ef,19, #B5ACA0
12e581caf2c0f062c6ef,7, #837A72
12e581caf2c0f062c6ef,4, #665E58
12e581caf2c0f062c6ef,6, #999087
12ee3f260ee60bcf361b,0, #F2E3C4
12ee3f260ee60bcf361b,21, #6B4126
12ee3f260ee60bcf361b,7, #8C7B5C
12ee3f260ee60bcf361b,20, #B1A280
12ee3f260ee60bcf361b,7, #735E3B
12ee3f260ee60bcf361b,10, #CEC09D
12ee3f260ee60bcf361b,33,#282114
12ef0362079c03cd890a,0, #CFCABE
12ef0362079c03cd890a,12, #656258
12ef0362079c03cd890a,21, #A59D8B
12ef0362079c03cd890a,8, #494746
12ef0362079c03cd890a,42,#918878
12ef0362079c03cd890a,1, #BAB6AB
12ef0362079c03cd890a,12, #817666
12ef0b14e39621ee94c1,31, #867460
12ef0b14e39621ee94c1,0,#C2BDA6
12ef0b14e39621ee94c1,5, #A39781
12ef0b14e39621ee94c1,17, #665140
12ef0b14e39621ee94c1,43, #D5D3BF
12ef0b14e39621ee94c1,0, #EFEEDB
12f4c643c911553d9db7,9, #CCC4A8
12f4c643c911553d9db7,10, #716650
12f4c643c911553d9db7,21, #9A9177
12f4c643c911553d9db7,51,#E5E0CB
12f4c643c911553d9db7,0, #FDFBE7
12f4c643c911553d9db7,6, #BAB091
12f4c643c911553d9db7,0, #514633
1306483d2a55449d1365,2,#F6F3E3
1306483d2a55449d1365,12, #CBC7B0
1306483d2a55449d1365,53, #7F6743
1306483d2a55449d1365,2, #120E08
1306483d2a55449d1365,17, #4F3821
1306483d2a55449d1365,11, #9C9379
130979bce0f2b5bf53d2,10,#DACDA5
130979bce0f2b5bf53d2,0, #FAF8E6
130979bce0f2b5bf53d2,32, #120D05
130979bce0f2b5bf53d2,15, #AA9A74
130979bce0f2b5bf53d2,22, #7F7152
130979bce0f2b5bf53d2,18, #4F432A
130ddfc6acddeb36f95e,5,#FAF9E9
130ddfc6acddeb36f95e,12, #867F6B
130ddfc6acddeb36f95e,4, #464134
130ddfc6acddeb36f95e,7, #696450
130ddfc6acddeb36f95e,8, #B0A890
130ddfc6acddeb36f95e,61, #DBD2B7
130ff546c82d66719274,35, #E2D6C4
130ff546c82d66719274,5, #AE826A
130ff546c82d66719274,3, #8D6552
130ff546c82d66719274,5, #C2A790
130ff546c82d66719274,0, #4E4644
130ff546c82d66719274,6, #D6BEA8
130ff546c82d66719274,43,#F8F3E7
132076e0ba689a60f386,9, #4A4842
132076e0ba689a60f386,7, #7F6544
132076e0ba689a60f386,1, #BCBAAC
132076e0ba689a60f386,25, #372C20
132076e0ba689a60f386,41,#180C09
132076e0ba689a60f386,4, #6B3525
132076e0ba689a60f386,8, #989281
1328240c1da15534db88,43,#889084
1328240c1da15534db88,15, #775F3E
1328240c1da15534db88,3, #BFAF80
1328240c1da15534db88,1, #A78F54
1328240c1da15534db88,12, #1B1B16
1328240c1da15534db88,0, #CECBBB
1328240c1da15534db88,23, #504631
13344d2beba9965adfbd,18, #120E0B
13344d2beba9965adfbd,2, #DAD4B1
13344d2beba9965adfbd,18, #69543B
13344d2beba9965adfbd,2, #B5AF8E
13344d2beba9965adfbd,2, #978C6E
13344d2beba9965adfbd,51,#3E3427
13344d2beba9965adfbd,2, #837353
1334aef0d462d8ed928c,12, #DED9C8
1334aef0d462d8ed928c,12, #BFB9A9
1334aef0d462d8ed928c,4, #31302A
1334aef0d462d8ed928c,17, #746F62
1334aef0d462d8ed928c,23,#F7F6F1
1334aef0d462d8ed928c,12, #4D4A40
1334aef0d462d8ed928c,16, #9C978A
1339978d63c9c46b1d89,24, #F6EFCF
1339978d63c9c46b1d89,1,#948E78
1339978d63c9c46b1d89,1, #AFA791
1339978d63c9c46b1d89,69, #D8CFB3
1339978d63c9c46b1d89,1, #464334
1339978d63c9c46b1d89,1, #77715C
133b3967a28398bd4c1c,4, #DBCEBE
133b3967a28398bd4c1c,17, #37302A
133b3967a28398bd4c1c,13, #BEA58E
133b3967a28398bd4c1c,30, #5C4E43
133b3967a28398bd4c1c,6,#F8F0E6
133b3967a28398bd4c1c,28, #8C7A6A
1340f769f0163d76a4c0,9, #534B3A
1340f769f0163d76a4c0,11, #14140F
1340f769f0163d76a4c0,5, #979283
1340f769f0163d76a4c0,4, #796C51
1340f769f0163d76a4c0,55, #3E301D
1340f769f0163d76a4c0,13,#BABBC0
134772feee173c159033,8, #898476
134772feee173c159033,7, #3A392D
134772feee173c159033,11,#F5F2DF
134772feee173c159033,15, #686558
134772feee173c159033,17, #A6A191
134772feee173c159033,39, #CCC6B5
1357afa3894c1137becf,5, #BDA26F
1357afa3894c1137becf,8, #927340
1357afa3894c1137becf,0, #8D8E88
1357afa3894c1137becf,5, #5C503C
1357afa3894c1137becf,34, #12110A
1357afa3894c1137becf,0, #6C6D68
1357afa3894c1137becf,45,#432F1E
13645ede864ffd92f149,15, #88897D
13645ede864ffd92f149,1, #605F52
13645ede864ffd92f149,0, #CABB6A
13645ede864ffd92f149,6,#F0ECDA
13645ede864ffd92f149,76, #BABEB1
13645ede864ffd92f149,0, #A68C3E
137cf961fecdac9b57b0,14, #A69D80
137cf961fecdac9b57b0,0, #E5E0C4
137cf961fecdac9b57b0,9, #312C24
137cf961fecdac9b57b0,1,#CAC2A1
137cf961fecdac9b57b0,13, #574E3E
137cf961fecdac9b57b0,60, #7F7558
137d05a9bc2eb6dab97d,2, #CFB280
137d05a9bc2eb6dab97d,29, #313025
137d05a9bc2eb6dab97d,4, #E2D59D
137d05a9bc2eb6dab97d,40,#715D43
137d05a9bc2eb6dab97d,6, #888C70
137d05a9bc2eb6dab97d,12, #BB8763
137d05a9bc2eb6dab97d,3, #F8F2C2
137fc5a35492d8a175de,8, #62635A
137fc5a35492d8a175de,2, #3A3B34
137fc5a35492d8a175de,9, #89887E
137fc5a35492d8a175de,64,#E7E3D6
137fc5a35492d8a175de,6, #A5A499
137fc5a35492d8a175de,8, #C1BFB3
138001be469c55fe3dd6,27,#E6E4DB
138001be469c55fe3dd6,6, #958772
138001be469c55fe3dd6,0, #614F3E
138001be469c55fe3dd6,57, #C9C0A6
138001be469c55fe3dd6,6, #B2A184
138001be469c55fe3dd6,1, #7A6751
1386a967992f41e166c0,13, #C3B8A3
1386a967992f41e166c0,75, #E4DBC6
1386a967992f41e166c0,2, #7C7360
1386a967992f41e166c0,1,#F9F2DE
1386a967992f41e166c0,6, #998F7C
1386a967992f41e166c0,0, #5E5849
13888e5bc0ff6748323d,3,#FBFEFD
13888e5bc0ff6748323d,10, #1E191C
13888e5bc0ff6748323d,7, #86755A
13888e5bc0ff6748323d,48, #E2D9BE
13888e5bc0ff6748323d,12, #64453B
13888e5bc0ff6748323d,17, #AEA587
1389a46fef55e2af330a,7, #8C8B5C
1389a46fef55e2af330a,61, #B9C2B2
1389a46fef55e2af330a,0,#ADAA78
1389a46fef55e2af330a,16, #393B21
1389a46fef55e2af330a,7, #626648
1389a46fef55e2af330a,6, #181C0F
138a4e457dadd267b999,18, #A69F8B
138a4e457dadd267b999,32, #D1C8B1
138a4e457dadd267b999,18, #8C8472
138a4e457dadd267b999,25, #666051
138a4e457dadd267b999,3,#F5EFE1
138a4e457dadd267b999,1, #443F34
138c15f5c1a74d83b9de,13,#F6F1E3
138c15f5c1a74d83b9de,56, #CFC7B4
138c15f5c1a74d83b9de,2, #403C32
138c15f5c1a74d83b9de,4, #5E594A
138c15f5c1a74d83b9de,10, #AAA18F
138c15f5c1a74d83b9de,13, #847E6D
138c7afbb6ae9207ef48,28, #6A5940
138c7afbb6ae9207ef48,26, #A6A196
138c7afbb6ae9207ef48,8, #847A68
138c7afbb6ae9207ef48,0,#EFEFEE
138c7afbb6ae9207ef48,24, #3D2E22
138c7afbb6ae9207ef48,10, #D0CDC9
138d01d875f9e84c4538,1, #4D3E30
138d01d875f9e84c4538,5, #827563
138d01d875f9e84c4538,0, #35261C
138d01d875f9e84c4538,43,#C5B697
138d01d875f9e84c4538,0, #655747
138d01d875f9e84c4538,21, #A1947E
138d01d875f9e84c4538,26, #ECDAB5
138d18fd4da5cb9a26c3,8, #B9B8AE
138d18fd4da5cb9a26c3,32, #999990
138d18fd4da5cb9a26c3,22,#F1F0E4
138d18fd4da5cb9a26c3,2, #51534C
138d18fd4da5cb9a26c3,6, #CFCDC2
138d18fd4da5cb9a26c3,27, #707169
138d95fc59791b9a0985,4, #776937
138d95fc59791b9a0985,70,#16170A
138d95fc59791b9a0985,3, #BC9F58
138d95fc59791b9a0985,12, #413C20
138d95fc59791b9a0985,2, #CBB56B
138d95fc59791b9a0985,3, #988C54
138d95fc59791b9a0985,4, #DACE85
1390f8620cb2b1dcabc0,4, #BEB69C
1390f8620cb2b1dcabc0,53,#42332C
1390f8620cb2b1dcabc0,28, #130C09
1390f8620cb2b1dcabc0,1, #DBD6BD
1390f8620cb2b1dcabc0,2, #5C5544
1390f8620cb2b1dcabc0,5, #968C75
1390f8620cb2b1dcabc0,4, #746B5B
1395bb7ef4de474f39db,12, #614C2A
1395bb7ef4de474f39db,2, #A49466
1395bb7ef4de474f39db,0, #BBAE7E
1395bb7ef4de474f39db,1, #4A5846
1395bb7ef4de474f39db,14, #786F4A
1395bb7ef4de474f39db,49,#221D11
1395bb7ef4de474f39db,19, #463821
1398242a22078c98b3ad,5, #32312C
1398242a22078c98b3ad,11, #B0AD9F
1398242a22078c98b3ad,30, #817D73
1398242a22078c98b3ad,13, #CECBBB
1398242a22078c98b3ad,20,#F2EFDE
1398242a22078c98b3ad,18, #504F47
13a4e05a19f1ed1cd2e7,0, #935825
13a4e05a19f1ed1cd2e7,0, #2F424F
13a4e05a19f1ed1cd2e7,5,#9E9477
13a4e05a19f1ed1cd2e7,10, #1A1C1E
13a4e05a19f1ed1cd2e7,32, #776E55
13a4e05a19f1ed1cd2e7,49, #513B26
13ad5392f2e4a7fe2d0e,59,#605440
13ad5392f2e4a7fe2d0e,5, #B2AEA5
13ad5392f2e4a7fe2d0e,12, #D5D0C8
13ad5392f2e4a7fe2d0e,3, #9F9682
13ad5392f2e4a7fe2d0e,3, #F7F5EF
13ad5392f2e4a7fe2d0e,5, #362F26
13ad5392f2e4a7fe2d0e,8, #857A62
13b726fe7edbc5668749,0, #201D1B
13b726fe7edbc5668749,6, #746C63
13b726fe7edbc5668749,10, #999186
13b726fe7edbc5668749,7, #4A443F
13b726fe7edbc5668749,8, #BFB5A7
13b726fe7edbc5668749,66,#EFE6D8
13b7f416f393f306ce31,43, #D8D4C0
13b7f416f393f306ce31,1, #3F403A
13b7f416f393f306ce31,4, #5E5D4F
13b7f416f393f306ce31,33, #ACA993
13b7f416f393f306ce31,2,#F0EEDF
13b7f416f393f306ce31,15, #7F7D6A
13c10bd921b30a5db947,34, #1D1810
13c10bd921b30a5db947,0, #B9B192
13c10bd921b30a5db947,2, #AC9873
13c10bd921b30a5db947,25,#747368
13c10bd921b30a5db947,16, #725736
13c10bd921b30a5db947,20, #4A341D
13c21740a82efdb21f45,0, #BAB49C
13c21740a82efdb21f45,0,#887758
13c21740a82efdb21f45,0, #A99979
13c21740a82efdb21f45,2, #71572D
13c21740a82efdb21f45,13, #4B3E26
13c21740a82efdb21f45,83, #1A160E
13cc962463a3adc930c0,30, #DFDBC9
13cc962463a3adc930c0,16, #776A5A
13cc962463a3adc930c0,8, #948B7D
13cc962463a3adc930c0,11,#FBF8F2
13cc962463a3adc930c0,7, #B6AD9F
13cc962463a3adc930c0,24, #514538
13d6c3de175f45bddb22,5,#918C7E
13d6c3de175f45bddb22,4, #6F6D5F
13d6c3de175f45bddb22,7, #AEA99A
13d6c3de175f45bddb22,0, #FCF8E3
13d6c3de175f45bddb22,80, #D6CFBE
13d6c3de175f45bddb22,0, #47473D
13d96d266335e685bb9d,1, #FBFADF
13d96d266335e685bb9d,23, #6A5C33
13d96d266335e685bb9d,8, #938250
13d96d266335e685bb9d,31,#0D0702
13d96d266335e685bb9d,10, #C2AB64
13d96d266335e685bb9d,16, #3E3218
13d96d266335e685bb9d,7, #DFD39F
13dc87f74853a94015ce,24, #C1B9B8
13dc87f74853a94015ce,45, #E7E3D8
13dc87f74853a94015ce,6, #72624F
13dc87f74853a94015ce,6, #4C3929
13dc87f74853a94015ce,0,#FEFEED
13dc87f74853a94015ce,16, #8F818A
13dde04294679c0e72bb,18, #C7C6B7
13dde04294679c0e72bb,38, #EAE9DA
13dde04294679c0e72bb,13, #727062
13dde04294679c0e72bb,4, #525043
13dde04294679c0e72bb,3, #2C2A21
13dde04294679c0e72bb,21,#A6A496
13dfdfce8a46cf68bf5c,10, #7E694B
13dfdfce8a46cf68bf5c,1, #BEB39C
13dfdfce8a46cf68bf5c,44,#33251C
13dfdfce8a46cf68bf5c,3, #A3947C
13dfdfce8a46cf68bf5c,0, #D9D2BC
13dfdfce8a46cf68bf5c,23, #59432A
13dfdfce8a46cf68bf5c,16, #0D0C06
13e58c8fc49f414f3926,10, #4F4A38
13e58c8fc49f414f3926,26,#6F6851
13e58c8fc49f414f3926,6, #BAAF95
13e58c8fc49f414f3926,12, #D5CDB9
13e58c8fc49f414f3926,18, #978F79
13e58c8fc49f414f3926,18, #F6F4ED
13e58c8fc49f414f3926,7, #302C21
13ec7d753a1b892d32a9,15, #685E3D
13ec7d753a1b892d32a9,3, #B5A771
13ec7d753a1b892d32a9,5, #988C5F
13ec7d753a1b892d32a9,22, #83754B
13ec7d753a1b892d32a9,29,#4C432E
13ec7d753a1b892d32a9,22, #272720
13ec7d753a1b892d32a9,0, #C9C392
13f0120552aa8d95c4c6,8, #4A493A
13f0120552aa8d95c4c6,2, #6E6B56
13f0120552aa8d95c4c6,2, #27271E
13f0120552aa8d95c4c6,16, #C4BE9F
13f0120552aa8d95c4c6,2, #8F8B72
13f0120552aa8d95c4c6,68,#FAF7E2
13f052b4cff244129de7,20, #9A9786
13f052b4cff244129de7,2,#FAF4DD
13f052b4cff244129de7,9, #BDB8A7
13f052b4cff244129de7,17, #716F61
13f052b4cff244129de7,17, #4C4B42
13f052b4cff244129de7,32, #DCD7C3
13fa50fc49cbdc787581,23, #7B652F
13fa50fc49cbdc787581,37,#45320C
13fa50fc49cbdc787581,3, #D7C98E
13fa50fc49cbdc787581,19, #1D1304
13fa50fc49cbdc787581,4, #BDAB6A
13fa50fc49cbdc787581,4, #A18E54
13fa50fc49cbdc787581,7, #EEE8BF
13fc2b2972a0a7fc6122,3, #1A271D
13fc2b2972a0a7fc6122,7, #3D483E
13fc2b2972a0a7fc6122,5, #8C9183
13fc2b2972a0a7fc6122,6, #5D675C
13fc2b2972a0a7fc6122,37, #C9C6B3
13fc2b2972a0a7fc6122,40,#F7F4E2
13fc3fb4d34cbd445776,22, #B4B0A4
13fc3fb4d34cbd445776,29,#89857C
13fc3fb4d34cbd445776,6, #635D54
13fc3fb4d34cbd445776,8, #3D372E
13fc3fb4d34cbd445776,16, #D0CDC1
13fc3fb4d34cbd445776,12, #150D08
13fc3fb4d34cbd445776,3, #EFEEED
13fc4b60cf708f7798ab,3, #5A6867
13fc4b60cf708f7798ab,7, #B0AC9B
13fc4b60cf708f7798ab,7, #867B5E
13fc4b60cf708f7798ab,47,#2B2721
13fc4b60cf708f7798ab,15, #49453A
13fc4b60cf708f7798ab,0, #7F331C
13fc4b60cf708f7798ab,17, #0E0D08
13fd72635faa98d0a4ce,15, #7E6645
13fd72635faa98d0a4ce,1, #C7B07E
13fd72635faa98d0a4ce,15, #A6936A
13fd72635faa98d0a4ce,42, #594230
13fd72635faa98d0a4ce,25, #937E55
13fd72635faa98d0a4ce,0,#28211A
14085b71679d3810e243,10, #AC9765
14085b71679d3810e243,2, #6F87A6
14085b71679d3810e243,26, #6E5A37
14085b71679d3810e243,6, #BFC3BA
14085b71679d3810e243,1, #465E87
14085b71679d3810e243,41,#22304E
14085b71679d3810e243,10, #851517
1412fcb67fe038e590f6,60,#776B4F
1412fcb67fe038e590f6,13, #3E3432
1412fcb67fe038e590f6,5, #E0DDD3
1412fcb67fe038e590f6,0, #FBF8EF
1412fcb67fe038e590f6,7, #918E88
1412fcb67fe038e590f6,2, #0B0A08
1412fcb67fe038e590f6,9, #B9B7AF
141487d8b889ebc5c0a6,6, #A9A391
141487d8b889ebc5c0a6,20, #4A473E
141487d8b889ebc5c0a6,36,#F4F1DF
141487d8b889ebc5c0a6,15, #686558
141487d8b889ebc5c0a6,10, #CDC7B1
141487d8b889ebc5c0a6,11, #878273
14178292d3965d9ff428,2,#F7F6ED
14178292d3965d9ff428,17, #DCD8C8
14178292d3965d9ff428,11, #4A4840
14178292d3965d9ff428,41, #716E63
14178292d3965d9ff428,5, #C3BEB0
14178292d3965d9ff428,21, #A39F92
141d4c01e82706a2b421,19, #7F8378
141d4c01e82706a2b421,25, #F9F3E0
141d4c01e82706a2b421,6, #181F1B
141d4c01e82706a2b421,18, #ACAB9C
141d4c01e82706a2b421,21,#D7D1BC
141d4c01e82706a2b421,8, #4C544D
141fa6d613e154c8b477,4, #A08354
141fa6d613e154c8b477,10, #7A603A
141fa6d613e154c8b477,34, #503B20
141fa6d613e154c8b477,41,#1A140E
141fa6d613e154c8b477,1, #CEBF9C
141fa6d613e154c8b477,8, #B69F75
143acfe4d651ed1f2ec4,54,#F2EFE0
143acfe4d651ed1f2ec4,7, #D6D3C1
143acfe4d651ed1f2ec4,1, #504D40
143acfe4d651ed1f2ec4,12, #BEBBA8
143acfe4d651ed1f2ec4,12, #75715F
143acfe4d651ed1f2ec4,11, #9C9886
143d1f2729de50ead9f3,17, #7D7670
143d1f2729de50ead9f3,27, #ABA59A
143d1f2729de50ead9f3,26,#F2EDDD
143d1f2729de50ead9f3,1, #3D3937
143d1f2729de50ead9f3,17, #D1CBBD
143d1f2729de50ead9f3,9, #57524E
143f15c090eaffde7006,38, #483831
143f15c090eaffde7006,10, #938174
143f15c090eaffde7006,16, #6F574A
143f15c090eaffde7006,9, #F6F0E4
143f15c090eaffde7006,19, #D8D1C3
143f15c090eaffde7006,4,#BCAEA0
14450bbcd8e72b835789,4,#F9F9F1
14450bbcd8e72b835789,42, #E3DEC7
14450bbcd8e72b835789,9, #BFB39A
14450bbcd8e72b835789,7, #442E21
14450bbcd8e72b835789,16, #685242
14450bbcd8e72b835789,19, #8F8270
14532c7fd244729e9a67,47,#EAE9E0
14532c7fd244729e9a67,7, #644E31
14532c7fd244729e9a67,23, #C2BBA3
14532c7fd244729e9a67,5, #7D6F57
14532c7fd244729e9a67,11, #9D927A
14532c7fd244729e9a67,3, #3C230C
145a799aec686b917a49,8, #635F55
145a799aec686b917a49,0, #B6AE9B
145a799aec686b917a49,12, #43423C
145a799aec686b917a49,48,#F0E6CF
145a799aec686b917a49,24, #CFC6B0
145a799aec686b917a49,4, #918A7B
145d840776d98d0db070,5, #E9DD9E
145d840776d98d0db070,51, #484333
145d840776d98d0db070,2,#776B49
145d840776d98d0db070,2, #968657
145d840776d98d0db070,10, #C3A76F
145d840776d98d0db070,26, #191917
1460bf7e7437ceafb043,3, #7C796A
1460bf7e7437ceafb043,2, #646253
1460bf7e7437ceafb043,5, #ADAB9C
1460bf7e7437ceafb043,12, #D7D4C2
1460bf7e7437ceafb043,3, #929082
1460bf7e7437ceafb043,71,#F8F8F2
1460bf7e7437ceafb043,0, #4A483C
1462885034a96b31f246,68, #D9CBB5
1462885034a96b31f246,1, #4C4A47
1462885034a96b31f246,8, #9F988A
1462885034a96b31f246,12,#F8F4EA
1462885034a96b31f246,0, #B97A60
1462885034a96b31f246,7, #797872
1464de936ba7e6b356b3,18, #515052
1464de936ba7e6b356b3,11, #BCBCC0
1464de936ba7e6b356b3,24, #292829
1464de936ba7e6b356b3,19, #848385
1464de936ba7e6b356b3,0, #CB5646
1464de936ba7e6b356b3,25,#EEEDED
146ec3efff3119d4ab4b,24,#605E55
146ec3efff3119d4ab4b,12, #807E74
146ec3efff3119d4ab4b,24, #9F9C92
146ec3efff3119d4ab4b,5, #3A3A33
146ec3efff3119d4ab4b,9, #C6C3B7
146ec3efff3119d4ab4b,0, #FEFEFB
146ec3efff3119d4ab4b,21, #E9E5D7
1471187cce9c1891d745,32, #E3DDC9
1471187cce9c1891d745,28, #858671
1471187cce9c1891d745,4, #323725
1471187cce9c1891d745,20, #BEB9A6
1471187cce9c1891d745,11, #565944
1471187cce9c1891d745,2,#FBF9F2
147ceae1bfe6122f0209,15, #312B1A
147ceae1bfe6122f0209,12, #5B533A
147ceae1bfe6122f0209,6,#090703
147ceae1bfe6122f0209,14, #AAA18D
147ceae1bfe6122f0209,23, #D1C7B1
147ceae1bfe6122f0209,28, #807660
147db7a55d42c7c89ac4,48,#3C3921
147db7a55d42c7c89ac4,1, #A69460
147db7a55d42c7c89ac4,9, #88733F
147db7a55d42c7c89ac4,24, #231F0F
147db7a55d42c7c89ac4,14, #584C2D
147db7a55d42c7c89ac4,0, #CDC289
147db7a55d42c7c89ac4,0, #B3A975
147e98c8612ed1886f09,0, #B8AC86
147e98c8612ed1886f09,4, #6F4B1D
147e98c8612ed1886f09,76,#1D140B
147e98c8612ed1886f09,3, #AA9468
147e98c8612ed1886f09,9, #72603C
147e98c8612ed1886f09,4, #4D371F
14821562bf1440509f3d,9, #BBB2A0
14821562bf1440509f3d,0, #503A2C
14821562bf1440509f3d,31, #A19281
14821562bf1440509f3d,56, #CFCABA
14821562bf1440509f3d,0, #664F3D
14821562bf1440509f3d,1,#7D7060
1488d77af0649091dce4,6, #AAA99C
1488d77af0649091dce4,10, #CEC9B9
1488d77af0649091dce4,0, #202726
1488d77af0649091dce4,70,#F7F3E4
1488d77af0649091dce4,6, #88887F
1488d77af0649091dce4,5, #555854
1491674e3a625fbe109b,2, #3A3833
1491674e3a625fbe109b,3, #837E71
1491674e3a625fbe109b,4, #5E5A50
1491674e3a625fbe109b,68, #EBE6D6
1491674e3a625fbe109b,9, #A9A496
1491674e3a625fbe109b,10,#C6C1B3
1491c52952c9ab615a4a,5,#FBF8F6
1491c52952c9ab615a4a,20, #E5DCC8
1491c52952c9ab615a4a,24, #BFB5A1
1491c52952c9ab615a4a,19, #7E7567
1491c52952c9ab615a4a,17, #4B453C
1491c52952c9ab615a4a,12, #9B9386
1496929812a7a28e5d29,3, #35342F
1496929812a7a28e5d29,59, #E5DFC9
1496929812a7a28e5d29,3,#F8F8F4
1496929812a7a28e5d29,8, #5D5A4C
1496929812a7a28e5d29,8, #C2BB9F
1496929812a7a28e5d29,15, #918C79
149dfc8cb52beea331ef,12, #7D98A8
149dfc8cb52beea331ef,7, #9AAEB4
149dfc8cb52beea331ef,17, #BAC5BF
149dfc8cb52beea331ef,0,#304253
149dfc8cb52beea331ef,28, #5C7D98
149dfc8cb52beea331ef,34, #53636F
14a63e68b12d80d805de,0, #C4B37E
14a63e68b12d80d805de,11, #957B40
14a63e68b12d80d805de,5, #B29B68
14a63e68b12d80d805de,21, #1A170D
14a63e68b12d80d805de,0, #D4C996
14a63e68b12d80d805de,35,#45371B
14a63e68b12d80d805de,24, #745923
14a9891576a8fa202f1a,0, #E1D49B
14a9891576a8fa202f1a,14, #94825A
14a9891576a8fa202f1a,5, #7A6237
14a9891576a8fa202f1a,31,#543E22
14a9891576a8fa202f1a,25, #261F18
14a9891576a8fa202f1a,5, #D9BF7D
14a9891576a8fa202f1a,17, #B6A880
14aea815d41512f8d9dc,30, #E4D9C6
14aea815d41512f8d9dc,16, #C3B6A0
14aea815d41512f8d9dc,5, #A88C77
14aea815d41512f8d9dc,44,#F9F4E6
14aea815d41512f8d9dc,0, #554F4B
14aea815d41512f8d9dc,2, #996C5B
14b7e22f60b007338d63,2, #E7E2C7
14b7e22f60b007338d63,2, #89765C
14b7e22f60b007338d63,4, #86581E
14b7e22f60b007338d63,30, #3D2B12
14b7e22f60b007338d63,2, #B4A387
14b7e22f60b007338d63,45,#130B05
14b7e22f60b007338d63,11, #5A4B31
14c1cc0325ef5e6adc66,11, #8A816D
14c1cc0325ef5e6adc66,33, #696352
14c1cc0325ef5e6adc66,14, #A79E88
14c1cc0325ef5e6adc66,23, #D5CAAF
14c1cc0325ef5e6adc66,10, #444136
14c1cc0325ef5e6adc66,7,#F7F5E3
14cbe8fc8eae20312aff,1, #29332C
14cbe8fc8eae20312aff,6, #B8B5A3
14cbe8fc8eae20312aff,58,#F9F6EB
14cbe8fc8eae20312aff,12, #D7D0BC
14cbe8fc8eae20312aff,10, #949586
14cbe8fc8eae20312aff,10, #60665A
14d1c5246d9750356ac0,20, #897763
14d1c5246d9750356ac0,8, #CDBE9E
14d1c5246d9750356ac0,9, #E4DBBF
14d1c5246d9750356ac0,24,#F9F7EF
14d1c5246d9750356ac0,19, #AA9D87
14d1c5246d9750356ac0,17, #665447
14d39957a44fbbcc43f3,50, #5E512A
14d39957a44fbbcc43f3,8, #AF964F
14d39957a44fbbcc43f3,13, #8B753D
14d39957a44fbbcc43f3,10,#332B13
14d39957a44fbbcc43f3,6, #F1E49B
14d39957a44fbbcc43f3,10, #CDB96B
14e22ca94919a01b2ea8,1, #DCCBAA
14e22ca94919a01b2ea8,1, #CDB693
14e22ca94919a01b2ea8,1, #B3A280
14e22ca94919a01b2ea8,4, #312F25
14e22ca94919a01b2ea8,8, #99865A
14e22ca94919a01b2ea8,35, #6A5A44
14e22ca94919a01b2ea8,48,#494337
14e5634dee419f8db825,16, #17150D
14e5634dee419f8db825,11, #A69A80
14e5634dee419f8db825,23,#523E24
14e5634dee419f8db825,11, #8F7E61
14e5634dee419f8db825,18, #332719
14e5634dee419f8db825,14, #6C5D42
14e5634dee419f8db825,3, #B7AD95
14e922117cfa6f942f6a,34,#9A9473
14e922117cfa6f942f6a,0, #C0B38E
14e922117cfa6f942f6a,3, #201E14
14e922117cfa6f942f6a,4, #777257
14e922117cfa6f942f6a,15, #7E857B
14e922117cfa6f942f6a,26, #5C553D
14e922117cfa6f942f6a,14, #3D3726
14ea7b56fcd8ed541706,53,#11100B
14ea7b56fcd8ed541706,26, #362F2E
14ea7b56fcd8ed541706,0, #A18B6B
14ea7b56fcd8ed541706,15, #5D4A36
14ea7b56fcd8ed541706,0, #474B51
14ea7b56fcd8ed541706,3, #766651
14ea7b56fcd8ed541706,1, #947759
14ecc032563f5e467203,46,#1B120A
14ecc032563f5e467203,2, #977E40
14ecc032563f5e467203,43, #472714
14ecc032563f5e467203,0, #AD9A5D
14ecc032563f5e467203,6, #765E30
14ecc032563f5e467203,1, #723719
14f1e2fb81f99b72e7bc,6, #958A78
14f1e2fb81f99b72e7bc,26, #BDB396
14f1e2fb81f99b72e7bc,14, #645443
14f1e2fb81f99b72e7bc,6,#F1EAD8
14f1e2fb81f99b72e7bc,38, #D7D0B6
14f1e2fb81f99b72e7bc,7, #3C281A
14f5d74854e92e3fc0fb,4, #9D9073
14f5d74854e92e3fc0fb,12, #E3DBBB
14f5d74854e92e3fc0fb,1, #625342
14f5d74854e92e3fc0fb,63,#CCBF98
14f5d74854e92e3fc0fb,11, #BCAD80
14f5d74854e92e3fc0fb,7, #83775C
14f69dd1f6a1f079dcc3,7, #E4E1D5
14f69dd1f6a1f079dcc3,11, #8D8B86
14f69dd1f6a1f079dcc3,29, #3A3129
14f69dd1f6a1f079dcc3,5,#B7B6AB
14f69dd1f6a1f079dcc3,41, #74684C
14f69dd1f6a1f079dcc3,5, #0D0A09
14ff7ad39f0158767162,11, #706B5F
14ff7ad39f0158767162,8, #A49D90
14ff7ad39f0158767162,48,#E4DCCE
14ff7ad39f0158767162,9, #565147
14ff7ad39f0158767162,13, #C1BAAC
14ff7ad39f0158767162,5, #8C867A
14ff7ad39f0158767162,2, #3D3932
1506989c3183dc258a98,21, #B8AFA3
1506989c3183dc258a98,4, #3B3836
1506989c3183dc258a98,18, #D6CFC2
1506989c3183dc258a98,22, #F5F1E1
1506989c3183dc258a98,19,#90877D
1506989c3183dc258a98,14, #60554A
150d61f81861670a3a7c,9,#FAF6E4
150d61f81861670a3a7c,34, #746D66
150d61f81861670a3a7c,19, #3C3936
150d61f81861670a3a7c,7, #DED6C6
150d61f81861670a3a7c,10, #BEB8AA
150d61f81861670a3a7c,18, #9D988C
1512a53062e0d6129bf1,23, #734C3D
1512a53062e0d6129bf1,9, #E6D180
1512a53062e0d6129bf1,10, #3A382B
1512a53062e0d6129bf1,22, #936A4D
1512a53062e0d6129bf1,23,#C9B36B
1512a53062e0d6129bf1,4, #1A1A15
1512a53062e0d6129bf1,6, #B19472
151ba8b5e45331f7f26c,34, #746B5E
151ba8b5e45331f7f26c,13, #BBB19F
151ba8b5e45331f7f26c,20, #443E38
151ba8b5e45331f7f26c,0,#FCF0DC
151ba8b5e45331f7f26c,21, #E1D5C2
151ba8b5e45331f7f26c,10, #9B9181
151c05457a35b70096ba,1, #3C3D3D
151c05457a35b70096ba,8,#9EA5A5
151c05457a35b70096ba,19, #7C807D
151c05457a35b70096ba,4, #5C5C59
151c05457a35b70096ba,43, #B4BCBC
151c05457a35b70096ba,23, #D1D6D0
151ca892bcf4c2927fe1,38, #E5E0CD
151ca892bcf4c2927fe1,20, #BCB7A4
151ca892bcf4c2927fe1,12, #797566
151ca892bcf4c2927fe1,15, #48473E
151ca892bcf4c2927fe1,12, #9F9B89
151ca892bcf4c2927fe1,0,#FEFEF0
152226d4216e409d7a76,2, #ECD4A0
152226d4216e409d7a76,32,#77512F
152226d4216e409d7a76,13, #1F150A
152226d4216e409d7a76,1, #DABD7E
152226d4216e409d7a76,29, #50341B
152226d4216e409d7a76,9, #A38846
152226d4216e409d7a76,10, #BCA76C
152a1a27800e6d2b594d,59,#292319
152a1a27800e6d2b594d,8, #816140
152a1a27800e6d2b594d,3, #C1AB76
152a1a27800e6d2b594d,2, #DACFA7
152a1a27800e6d2b594d,20, #4B3F29
152a1a27800e6d2b594d,5, #BD874C
152c7e9fac886750ba9b,14, #42413B
152c7e9fac886750ba9b,11, #807D6F
152c7e9fac886750ba9b,14, #A19D8D
152c7e9fac886750ba9b,36, #D3CEBA
152c7e9fac886750ba9b,1,#FAF6E6
152c7e9fac886750ba9b,22, #636156
152cf611f6d5d683c393,31,#ECE7D0
152cf611f6d5d683c393,6, #817D6C
152cf611f6d5d683c393,21, #BFBAA6
152cf611f6d5d683c393,21, #9B9783
152cf611f6d5d683c393,9, #666355
152cf611f6d5d683c393,9, #3B3A33
152efe144a55c79e50f2,36, #3D3719
152efe144a55c79e50f2,56,#120F07
152efe144a55c79e50f2,0, #C3BB84
152efe144a55c79e50f2,0, #AEA872
152efe144a55c79e50f2,3, #5F4620
152efe144a55c79e50f2,1, #988A5C
152efe144a55c79e50f2,2, #706240
153960e41d1db4ea7dcb,6, #5F4E39
153960e41d1db4ea7dcb,2, #916A36
153960e41d1db4ea7dcb,0, #BBA455
153960e41d1db4ea7dcb,89,#2B261A
153960e41d1db4ea7dcb,0, #B5AF9B
153960e41d1db4ea7dcb,0, #8F8876
153b5ee9dae0d6a62dfa,4, #D0C6B2
153b5ee9dae0d6a62dfa,18, #5A463B
153b5ee9dae0d6a62dfa,8, #F3EFE0
153b5ee9dae0d6a62dfa,20, #35241E
153b5ee9dae0d6a62dfa,11, #786557
153b5ee9dae0d6a62dfa,15, #B2A491
153b5ee9dae0d6a62dfa,21,#8F8273
1556bde9178f4307b909,13, #C4B695
1556bde9178f4307b909,10,#F5F5F2
1556bde9178f4307b909,35, #DCD5BF
1556bde9178f4307b909,8, #79674C
1556bde9178f4307b909,29, #998C74
1556bde9178f4307b909,3, #5A4833
15636a24d6c40527187e,3, #A7A294
15636a24d6c40527187e,9, #605851
15636a24d6c40527187e,9, #D0CDB6
15636a24d6c40527187e,38,#3C352E
15636a24d6c40527187e,5, #17110D
15636a24d6c40527187e,27, #E9E7D2
15636a24d6c40527187e,5, #7D766C
156766717daefd58aa08,5, #7C7164
156766717daefd58aa08,3, #362D27
156766717daefd58aa08,65,#E8E3CD
156766717daefd58aa08,3, #57473F
156766717daefd58aa08,4, #A79E8B
156766717daefd58aa08,18, #C2BCAC
1589ed234a6f67bbbad5,13, #7B6D61
1589ed234a6f67bbbad5,27, #C3B5A4
1589ed234a6f67bbbad5,23, #57453C
1589ed234a6f67bbbad5,23, #A28F80
1589ed234a6f67bbbad5,0,#F8F4EA
1589ed234a6f67bbbad5,11, #E2D8C8
159523e8c8d83dc1083f,32, #707065
159523e8c8d83dc1083f,5, #ACAA9E
159523e8c8d83dc1083f,2, #C8C4B8
159523e8c8d83dc1083f,40,#F2EFE0
159523e8c8d83dc1083f,10, #959388
159523e8c8d83dc1083f,8, #464840
159d022dfc3ea9efc351,5, #6E5C44
159d022dfc3ea9efc351,2, #8B7659
159d022dfc3ea9efc351,1, #A69677
159d022dfc3ea9efc351,26, #52442F
159d022dfc3ea9efc351,32, #29241F
159d022dfc3ea9efc351,30,#090807
15a14f662f468f153cc9,18, #A8A193
15a14f662f468f153cc9,2,#F5F0DE
15a14f662f468f153cc9,9, #D7D0BD
15a14f662f468f153cc9,8, #33322C
15a14f662f468f153cc9,41, #514E46
15a14f662f468f153cc9,19, #736E63
15a2c8d7e0fa5e2f3245,0, #CEC598
15a2c8d7e0fa5e2f3245,0, #FBFBEF
15a2c8d7e0fa5e2f3245,8, #817D5A
15a2c8d7e0fa5e2f3245,0, #EBE8C6
15a2c8d7e0fa5e2f3245,69,#524D32
15a2c8d7e0fa5e2f3245,5, #AEA78E
15a2c8d7e0fa5e2f3245,15, #181B16
15b725a00c5fe6915a17,9, #C7C0B0
15b725a00c5fe6915a17,54,#E1DACA
15b725a00c5fe6915a17,0, #4E4637
15b725a00c5fe6915a17,4, #AAA392
15b725a00c5fe6915a17,1, #6E6657
15b725a00c5fe6915a17,25, #F9F6EE
15b725a00c5fe6915a17,3, #8D8676
15cd06a291ce3feef1d3,3, #4C3E30
15cd06a291ce3feef1d3,16, #C1B9A6
15cd06a291ce3feef1d3,4, #716959
15cd06a291ce3feef1d3,23, #DED6C3
15cd06a291ce3feef1d3,0, #231B11
15cd06a291ce3feef1d3,41,#F7F4E7
15cd06a291ce3feef1d3,10, #A69B84
15ce3c388bd7d8e50e7f,1, #3E3A30
15ce3c388bd7d8e50e7f,3,#857E6B
15ce3c388bd7d8e50e7f,69, #E7DEC6
15ce3c388bd7d8e50e7f,8, #C2BAA3
15ce3c388bd7d8e50e7f,8, #A29A84
15ce3c388bd7d8e50e7f,8, #615C4C
15cf61a165893e945397,23, #857F70
15cf61a165893e945397,9, #5F5C4F
15cf61a165893e945397,6, #C2BBAC
15cf61a165893e945397,49,#EEE5D5
15cf61a165893e945397,3, #444139
15cf61a165893e945397,7, #A29C8D
15cfb79793565c221a21,8, #59514E
15cfb79793565c221a21,29, #C4C1B3
15cfb79793565c221a21,12, #332D2E
15cfb79793565c221a21,7,#F0F2F0
15cfb79793565c221a21,22, #786F6A
15cfb79793565c221a21,19, #A5977B
15d601805f26afbac614,11, #AFA397
15d601805f26afbac614,28, #573422
15d601805f26afbac614,14, #8F7C6C
15d601805f26afbac614,28,#EEE9DB
15d601805f26afbac614,5, #CDC6B9
15d601805f26afbac614,11, #745741
15dd99d07fb5e11e2190,10, #414137
15dd99d07fb5e11e2190,15, #99968B
15dd99d07fb5e11e2190,31, #717064
15dd99d07fb5e11e2190,13, #D2CCC0
15dd99d07fb5e11e2190,19,#EFEBDC
15dd99d07fb5e11e2190,9, #B9B3A8
15e7078bc3c9cfc3cfa8,54,#F1EDE4
15e7078bc3c9cfc3cfa8,1, #30322B
15e7078bc3c9cfc3cfa8,15, #C3C0B5
15e7078bc3c9cfc3cfa8,9, #707065
15e7078bc3c9cfc3cfa8,11, #98988C
15e7078bc3c9cfc3cfa8,6, #484A42
15ede646d956585d2592,7, #8C7F5F
15ede646d956585d2592,16, #6F684E
15ede646d956585d2592,4, #AC9C7A
15ede646d956585d2592,18, #272017
15ede646d956585d2592,11, #604F32
15ede646d956585d2592,3, #BCB9A0
15ede646d956585d2592,37,#4C3320
15f328238250695456a9,3, #2B221E
15f328238250695456a9,43, #CCC5AF
15f328238250695456a9,21,#EBE7D5
15f328238250695456a9,13, #504641
15f328238250695456a9,11, #82786F
15f328238250695456a9,6, #A89C8B
15f6c5400fb0605115ef,31,#473E31
15f6c5400fb0605115ef,6, #B09C7D
15f6c5400fb0605115ef,22, #87775D
15f6c5400fb0605115ef,0, #BCB59B
15f6c5400fb0605115ef,17, #6B5640
15f6c5400fb0605115ef,21, #2D2820
15fe2e3dd5020abce19e,15, #EFECE9
15fe2e3dd5020abce19e,5, #C7A58F
15fe2e3dd5020abce19e,16, #D5C3AD
15fe2e3dd5020abce19e,4, #4D3629
15fe2e3dd5020abce19e,17, #644E3F
15fe2e3dd5020abce19e,19, #7C6857
15fe2e3dd5020abce19e,22,#93897C
1602f7daecbfe33705d6,0, #B9B69F
1602f7daecbfe33705d6,0, #A8A28B
1602f7daecbfe33705d6,13, #36362A
1602f7daecbfe33705d6,0, #8F856E
1602f7daecbfe33705d6,13, #78543C
1602f7daecbfe33705d6,42,#6C3B1D
1602f7daecbfe33705d6,28, #23180C
16040f834b77063e54bb,2, #B1A68F
16040f834b77063e54bb,13, #CFC3AA
16040f834b77063e54bb,2, #968D79
16040f834b77063e54bb,5, #79715F
16040f834b77063e54bb,1, #49443C
16040f834b77063e54bb,5, #5F594B
16040f834b77063e54bb,69,#F5EDD5
160454dc604b751076b4,1, #C8C9CB
160454dc604b751076b4,10, #F3F3F4
160454dc604b751076b4,41,#281513
160454dc604b751076b4,28, #6A5243
160454dc604b751076b4,4, #E9D88D
160454dc604b751076b4,5, #C4A95F
160454dc604b751076b4,7, #9B928A
160881dba9e4d728671c,8,#C9BFA6
160881dba9e4d728671c,10, #ACA48E
160881dba9e4d728671c,15, #626151
160881dba9e4d728671c,18, #827E6B
160881dba9e4d728671c,17, #3D3F36
160881dba9e4d728671c,29, #ECE2CB
1610387d6bdfcc499ff1,23, #D3CCB8
1610387d6bdfcc499ff1,4, #A09683
1610387d6bdfcc499ff1,6, #BDB39A
1610387d6bdfcc499ff1,3, #554338
1610387d6bdfcc499ff1,57,#F3F2EC
1610387d6bdfcc499ff1,5, #7D6F5E
1613c78212186b12250b,11, #D1CDB2
1613c78212186b12250b,18, #5A5949
1613c78212186b12250b,13, #AAA690
1613c78212186b12250b,3, #39382D
1613c78212186b12250b,13, #817F6A
1613c78212186b12250b,39,#F5F3E6
1617d04b8571e87a8328,33, #E3DFC7
1617d04b8571e87a8328,11, #767262
1617d04b8571e87a8328,29, #52524A
1617d04b8571e87a8328,5,#FAF9F2
1617d04b8571e87a8328,5, #C1BCA6
1617d04b8571e87a8328,13, #94907F
1617f80a93135b4db6b8,23, #CEC9A5
1617f80a93135b4db6b8,4, #AAA47F
1617f80a93135b4db6b8,0, #A4945D
1617f80a93135b4db6b8,35, #796E49
1617f80a93135b4db6b8,2, #8C8872
1617f80a93135b4db6b8,33,#EFECD9
1623d6c181c7ffafe950,1, #DACBA0
1623d6c181c7ffafe950,10,#201713
1623d6c181c7ffafe950,49, #554134
1623d6c181c7ffafe950,16, #8F7A50
1623d6c181c7ffafe950,8, #F4F3E4
1623d6c181c7ffafe950,13, #B1ACA1
1626afd45ba086686f79,30, #A5A092
1626afd45ba086686f79,23, #817D70
1626afd45ba086686f79,0,#F8F0E1
1626afd45ba086686f79,6, #413F38
1626afd45ba086686f79,26, #D1CABC
1626afd45ba086686f79,12, #615E52
163047405856d2737c9e,1, #3D3831
163047405856d2737c9e,48,#F8F4E1
163047405856d2737c9e,14, #645B50
163047405856d2737c9e,5, #898072
163047405856d2737c9e,18, #A79E8E
163047405856d2737c9e,11, #D2C8B6
163466bed4594e7d9c44,33, #342520
163466bed4594e7d9c44,6,#EAE8DA
163466bed4594e7d9c44,26, #625246
163466bed4594e7d9c44,3, #ADA692
163466bed4594e7d9c44,16, #C8C6B2
163466bed4594e7d9c44,13, #8B7E6E
1642a0c66fe78a9cde8f,32, #E3D9CA
1642a0c66fe78a9cde8f,6,#3F3B37
1642a0c66fe78a9cde8f,9, #7D766B
1642a0c66fe78a9cde8f,15, #C0B7A9
1642a0c66fe78a9cde8f,23, #9E9588
1642a0c66fe78a9cde8f,11, #635E55
16472d9cb4e0525402d4,38,#B5AD9B
16472d9cb4e0525402d4,10, #7A6857
16472d9cb4e0525402d4,33, #CFCBB9
16472d9cb4e0525402d4,2, #F8F8F6
16472d9cb4e0525402d4,1, #523C2F
16472d9cb4e0525402d4,10, #928B81
16472d9cb4e0525402d4,2, #E1E0D9
1649d08882e15ef17713,26, #937F5F
1649d08882e15ef17713,0,#574D3E
1649d08882e15ef17713,10, #DAD4BC
1649d08882e15ef17713,19, #CAC1A3
1649d08882e15ef17713,4, #76654D
1649d08882e15ef17713,37, #B6A785
164a78fb554c9e3a06e6,10, #DFD7C5
164a78fb554c9e3a06e6,13, #BFB8A8
164a78fb554c9e3a06e6,2, #35322C
164a78fb554c9e3a06e6,6, #A19C8E
164a78fb554c9e3a06e6,10, #837E72
164a78fb554c9e3a06e6,47,#F9F3E2
164a78fb554c9e3a06e6,8, #5F5B51
164b453f39adf2fadf69,7, #574A2A
164b453f39adf2fadf69,29,#ABA898
164b453f39adf2fadf69,9, #3A260E
164b453f39adf2fadf69,25, #938456
164b453f39adf2fadf69,9, #C5C0AA
164b453f39adf2fadf69,16, #9C9680
164b453f39adf2fadf69,2, #71653F
164ed74644b7f590cbce,42,#EDE8D9
164ed74644b7f590cbce,6, #CCC7B7
164ed74644b7f590cbce,15, #575449
164ed74644b7f590cbce,13, #746F61
164ed74644b7f590cbce,9, #393830
164ed74644b7f590cbce,13, #9E9989
1650151110685f00d31a,56, #E0D5BC
1650151110685f00d31a,8, #847566
1650151110685f00d31a,18, #6C5A49
1650151110685f00d31a,6, #ADA18D
1650151110685f00d31a,5,#F9F8F3
1650151110685f00d31a,4, #433525
1650e9ac770dfed6e42e,10, #352F17
1650e9ac770dfed6e42e,13, #8C8462
1650e9ac770dfed6e42e,3, #6D684A
1650e9ac770dfed6e42e,9, #554E30
1650e9ac770dfed6e42e,4, #141206
1650e9ac770dfed6e42e,30,#CBC8B2
1650e9ac770dfed6e42e,29, #A9A68F
1653692a3dcc6a8ed7b2,4, #515047
1653692a3dcc6a8ed7b2,7, #706E64
1653692a3dcc6a8ed7b2,5, #939086
1653692a3dcc6a8ed7b2,54,#F7F3E8
1653692a3dcc6a8ed7b2,15, #E3DECC
1653692a3dcc6a8ed7b2,4, #393932
1653692a3dcc6a8ed7b2,8, #BCB39C
1653b3c5a8b78f1f74ce,10, #444036
1653b3c5a8b78f1f74ce,11, #6E6859
1653b3c5a8b78f1f74ce,14, #B5AD9C
1653b3c5a8b78f1f74ce,17, #D3CDB8
1653b3c5a8b78f1f74ce,22,#ECE6D1
1653b3c5a8b78f1f74ce,15, #938D7C
1653b3c5a8b78f1f74ce,8, #FCFAF2
1656d20b42f6acd0e70f,11, #91867B
1656d20b42f6acd0e70f,10, #726359
1656d20b42f6acd0e70f,4, #DDDDD5
1656d20b42f6acd0e70f,15, #4F3C34
1656d20b42f6acd0e70f,8, #F5F5F2
1656d20b42f6acd0e70f,42,#B9B4A9
1656d20b42f6acd0e70f,7, #321F19
16595361c3a0bc901a21,0, #2E2313
16595361c3a0bc901a21,63,#D5CFBC
16595361c3a0bc901a21,0, #514533
16595361c3a0bc901a21,4, #665F51
16595361c3a0bc901a21,19, #8B816C
16595361c3a0bc901a21,10, #B3A68E
16595361c3a0bc901a21,0, #F6F1E4
1662912d3b7c97da5ff4,3, #414035
1662912d3b7c97da5ff4,50, #E3DFCD
1662912d3b7c97da5ff4,0,#FEFDEC
1662912d3b7c97da5ff4,20, #6A675C
1662912d3b7c97da5ff4,16, #989588
1662912d3b7c97da5ff4,8, #C5C0B1
16647e2fcf42c1fbe68c,14, #91887E
16647e2fcf42c1fbe68c,6, #6E6760
16647e2fcf42c1fbe68c,0, #FEFEF4
16647e2fcf42c1fbe68c,42,#E3DBCB
16647e2fcf42c1fbe68c,8, #ABA296
16647e2fcf42c1fbe68c,2, #494441
16647e2fcf42c1fbe68c,24, #C3B9AB
166fae2a7e6aabd73547,2, #7F7766
166fae2a7e6aabd73547,0, #673918
166fae2a7e6aabd73547,2, #B9B5A6
166fae2a7e6aabd73547,36, #0C0C0C
166fae2a7e6aabd73547,9, #615949
166fae2a7e6aabd73547,46,#302B21
166fae2a7e6aabd73547,3, #A19787
166fd47650cf806f527c,16,#7A746A
166fd47650cf806f527c,19, #9B9689
166fd47650cf806f527c,24, #C1BBAC
166fd47650cf806f527c,26, #ECE7D9
166fd47650cf806f527c,1, #3B3832
166fd47650cf806f527c,12, #57534A
167655bd22e06aa06f77,14, #A69C7F
167655bd22e06aa06f77,23, #51483B
167655bd22e06aa06f77,22, #CAC19F
167655bd22e06aa06f77,34, #E3DECE
167655bd22e06aa06f77,0,#FEFBF5
167655bd22e06aa06f77,4, #7A6D57
167d2543225c6010ec0c,10, #5B2C0D
167d2543225c6010ec0c,0, #7B6227
167d2543225c6010ec0c,0, #B69E58
167d2543225c6010ec0c,0, #967833
167d2543225c6010ec0c,0, #C6B472
167d2543225c6010ec0c,86,#150F07
167d2543225c6010ec0c,1, #664E1B
1689248f83292f290701,0, #FBF7ED
1689248f83292f290701,29, #393533
1689248f83292f290701,12, #6B6663
1689248f83292f290701,12,#8A8580
1689248f83292f290701,15, #A7A29C
1689248f83292f290701,27, #D2CCC5
1689c9245e6cf3c891c3,40, #B1ACA1
1689c9245e6cf3c891c3,2, #322926
1689c9245e6cf3c891c3,3, #675E5F
1689c9245e6cf3c891c3,43,#DAD6C6
1689c9245e6cf3c891c3,2, #F7F5EC
1689c9245e6cf3c891c3,4, #857E7E
1689c9245e6cf3c891c3,3, #4B4040
168a4ad454211c0367a0,30, #606046
168a4ad454211c0367a0,8,#10100D
168a4ad454211c0367a0,4, #ECE6BF
168a4ad454211c0367a0,11, #C1B889
168a4ad454211c0367a0,25, #36372B
168a4ad454211c0367a0,19, #998F5A
1698db0df51bf73f2f90,1, #66605E
1698db0df51bf73f2f90,7,#F0F1EA
1698db0df51bf73f2f90,5, #878484
1698db0df51bf73f2f90,0, #504744
1698db0df51bf73f2f90,15, #A8A8A4
1698db0df51bf73f2f90,70, #C5C6C0
169b49c9eecb7d4f23c8,2, #322D24
169b49c9eecb7d4f23c8,2, #867E6B
169b49c9eecb7d4f23c8,68, #D0C6B0
169b49c9eecb7d4f23c8,25,#F5F0E3
169b49c9eecb7d4f23c8,0, #A69D8A
169b49c9eecb7d4f23c8,0, #635B4A
169df66974b1321a3aa3,12, #988877
169df66974b1321a3aa3,6, #7A5D42
169df66974b1321a3aa3,67, #D6CFBE
169df66974b1321a3aa3,3, #5D331A
169df66974b1321a3aa3,8, #B8AE9F
169df66974b1321a3aa3,1,#F9F2E0
16a1b5cc726e70cbc72f,56, #B1AA9F
16a1b5cc726e70cbc72f,25, #DAD9D1
16a1b5cc726e70cbc72f,6, #6E5B50
16a1b5cc726e70cbc72f,6, #90867F
16a1b5cc726e70cbc72f,3,#F8F8F6
16a1b5cc726e70cbc72f,1, #482F22
16ab2681d920e4583b8b,18, #AAA79B
16ab2681d920e4583b8b,19, #88877A
16ab2681d920e4583b8b,9,#F3F1E8
16ab2681d920e4583b8b,13, #D1CCBF
16ab2681d920e4583b8b,37, #595A4E
16ab2681d920e4583b8b,1, #2D3027
16ac5e13022b78f2961f,18, #D7D0C5
16ac5e13022b78f2961f,7, #9B9689
16ac5e13022b78f2961f,1, #565147
16ac5e13022b78f2961f,10, #B7B1A3
16ac5e13022b78f2961f,6, #7D7769
16ac5e13022b78f2961f,55,#F7F3EE
16ad536983df81d2d515,33, #ECE6D6
16ad536983df81d2d515,0, #4E493F
16ad536983df81d2d515,7, #FCFAF6
16ad536983df81d2d515,2, #9D9785
16ad536983df81d2d515,10, #2A2721
16ad536983df81d2d515,0, #736D62
16ad536983df81d2d515,45,#CDC1A3
16b07628e5103fa27a3e,12, #C8CD96
16b07628e5103fa27a3e,27,#8C956A
16b07628e5103fa27a3e,11, #ACB079
16b07628e5103fa27a3e,23, #59633E
16b07628e5103fa27a3e,9, #6D7854
16b07628e5103fa27a3e,9, #2A3A2D
16b07628e5103fa27a3e,6, #EAF2DA
16b23a664fe6844908c6,7, #716B60
16b23a664fe6844908c6,14, #BFB7A6
16b23a664fe6844908c6,48,#EAE0CB
16b23a664fe6844908c6,12, #928C7E
16b23a664fe6844908c6,9, #59544B
16b23a664fe6844908c6,2, #3C3732
16b23a664fe6844908c6,4, #FCFAF0
16b3bb0d850f2208cec3,23,#30211A
16b3bb0d850f2208cec3,13, #AF9F69
16b3bb0d850f2208cec3,22, #473626
16b3bb0d850f2208cec3,22, #65462D
16b3bb0d850f2208cec3,14, #7A6E48
16b3bb0d850f2208cec3,2, #D2C489
16b3bb0d850f2208cec3,0, #12110D
16ba7e118b91bb5684d1,10, #6D695E
16ba7e118b91bb5684d1,20, #45433C
16ba7e118b91bb5684d1,10, #8C897D
16ba7e118b91bb5684d1,29,#FBFAF3
16ba7e118b91bb5684d1,0, #261F19
16ba7e118b91bb5684d1,24, #E0DBC9
16ba7e118b91bb5684d1,5, #B7B2A4
16c037823e7aa32dc032,5, #3F372A
16c037823e7aa32dc032,14, #D1CBBC
16c037823e7aa32dc032,23, #898074
16c037823e7aa32dc032,4, #F0ECEA
16c037823e7aa32dc032,1, #1E180B
16c037823e7aa32dc032,43,#B5AD9C
16c037823e7aa32dc032,7, #655A4F
16c4fa5974e4ccd968ea,34, #584A38
16c4fa5974e4ccd968ea,5, #716951
16c4fa5974e4ccd968ea,24, #2E2821
16c4fa5974e4ccd968ea,16,#070605
16c4fa5974e4ccd968ea,14, #9E9781
16c4fa5974e4ccd968ea,4, #827C67
16c6b970520a37debe59,5, #D3CDBD
16c6b970520a37debe59,8, #B0ACA0
16c6b970520a37debe59,14, #716E62
16c6b970520a37debe59,11, #444239
16c6b970520a37debe59,50,#F2EFE3
16c6b970520a37debe59,9, #918D81
16c9b17c1f8ce1682e29,0,#F6F3E9
16c9b17c1f8ce1682e29,7, #D8D5CA
16c9b17c1f8ce1682e29,20, #6D5E4C
16c9b17c1f8ce1682e29,38, #BEB9A7
16c9b17c1f8ce1682e29,8, #9C9380
16c9b17c1f8ce1682e29,24, #3E2F25
16d2bbdde79052963266,4,#FBF5E8
16d2bbdde79052963266,4, #393432
16d2bbdde79052963266,21, #56514D
16d2bbdde79052963266,15, #E0D3C3
16d2bbdde79052963266,25, #78706A
16d2bbdde79052963266,28, #ACA499
16d7b8a7f1e10646f958,46,#513F27
16d7b8a7f1e10646f958,0, #EECE6C
16d7b8a7f1e10646f958,26, #755E38
16d7b8a7f1e10646f958,0, #F8EA92
16d7b8a7f1e10646f958,4, #A08544
16d7b8a7f1e10646f958,3, #C9AA54
16d7b8a7f1e10646f958,18, #292119
16daa13db52e64521270,13, #A19A89
16daa13db52e64521270,46, #E2DCC8
16daa13db52e64521270,15, #4E4A3F
16daa13db52e64521270,12, #807968
16daa13db52e64521270,0,#FEFEFB
16daa13db52e64521270,11, #BFB6A5
16daccc3b0fb49081d94,8, #BFAF85
16daccc3b0fb49081d94,2, #D5CDAE
16daccc3b0fb49081d94,15, #75623C
16daccc3b0fb49081d94,27,#624C29
16daccc3b0fb49081d94,15, #998356
16daccc3b0fb49081d94,7, #B1985F
16daccc3b0fb49081d94,22, #322819
16ed12d456fa48659854,7, #B2AE9D
16ed12d456fa48659854,11, #59584A
16ed12d456fa48659854,24,#F6F3DE
16ed12d456fa48659854,14, #9C9888
16ed12d456fa48659854,18, #7D796A
16ed12d456fa48659854,6, #3C3A30
16ed12d456fa48659854,16, #CFCAB7
16f35662bd68c679e41d,23, #4B3B25
16f35662bd68c679e41d,1, #A59A6D
16f35662bd68c679e41d,5, #715539
16f35662bd68c679e41d,0, #CABE85
16f35662bd68c679e41d,63,#211D11
16f35662bd68c679e41d,0, #E0D597
16f35662bd68c679e41d,4, #867A56
16f5c92daea9a41d3fdf,0, #A9946F
16f5c92daea9a41d3fdf,0, #BCA985
16f5c92daea9a41d3fdf,87, #2A2316
16f5c92daea9a41d3fdf,0,#957E58
16f5c92daea9a41d3fdf,8, #61482A
16f5c92daea9a41d3fdf,4, #7E6440
16f79e453f229cdab842,63, #5A442B
16f79e453f229cdab842,33,#1E1910
16f79e453f229cdab842,1, #8F8768
16f79e453f229cdab842,0, #A27725
16f79e453f229cdab842,0, #D9D8B7
16f79e453f229cdab842,0, #B0B5A2
16fa2daad2c4c5385465,22, #9B968B
16fa2daad2c4c5385465,31, #635F57
16fa2daad2c4c5385465,17, #383730
16fa2daad2c4c5385465,12, #C6BFB2
16fa2daad2c4c5385465,5,#FAF9F2
16fa2daad2c4c5385465,9, #E5DFCF
16fa59da6bc166e96823,6, #6B5B45
16fa59da6bc166e96823,9, #412E1E
16fa59da6bc166e96823,3, #F8F8F6
16fa59da6bc166e96823,7, #847967
16fa59da6bc166e96823,10, #999387
16fa59da6bc166e96823,22, #D5D4C8
16fa59da6bc166e96823,39,#B7B19E
17007284b0780a65b37e,3, #DEDBCB
17007284b0780a65b37e,14, #79786D
17007284b0780a65b37e,21, #98968B
17007284b0780a65b37e,3, #383831
17007284b0780a65b37e,11, #C1BFB0
17007284b0780a65b37e,31,#F8F7F0
17007284b0780a65b37e,13, #55544B
1705123dbbb99e336f71,5, #777068
1705123dbbb99e336f71,16, #999288
1705123dbbb99e336f71,51,#EFE9DC
1705123dbbb99e336f71,1, #35312D
1705123dbbb99e336f71,16, #C3BBA8
1705123dbbb99e336f71,9, #57514B
170eaffc88be524a77f3,33, #4D4129
170eaffc88be524a77f3,14, #3D2815
170eaffc88be524a77f3,8, #6B5934
170eaffc88be524a77f3,6, #836D43
170eaffc88be524a77f3,3, #A09064
170eaffc88be524a77f3,33,#1B160E
170f8617bb6cd9c58621,0,#0F0B03
170f8617bb6cd9c58621,6, #B9A469
170f8617bb6cd9c58621,26, #9D784D
170f8617bb6cd9c58621,18, #302711
170f8617bb6cd9c58621,47, #6E4E2A
170f8617bb6cd9c58621,0, #D6CDAD
1711ea5344816994844e,20, #2E291F
1711ea5344816994844e,2,#BDBBB6
1711ea5344816994844e,49, #A29F97
1711ea5344816994844e,5, #5E584E
1711ea5344816994844e,5, #4A4336
1711ea5344816994844e,16, #797469
1712fa9a49311c5533f5,9, #AAA293
1712fa9a49311c5533f5,24, #FAF5EB
1712fa9a49311c5533f5,6, #686258
1712fa9a49311c5533f5,13, #867F73
1712fa9a49311c5533f5,10, #C9BFAD
1712fa9a49311c5533f5,6, #423D38
1712fa9a49311c5533f5,28,#E3D8C6
1716bed480a53940e1eb,2, #7B6B59
1716bed480a53940e1eb,2, #BDB398
1716bed480a53940e1eb,74,#F3EFDE
1716bed480a53940e1eb,0, #5D5441
1716bed480a53940e1eb,13, #D8CFB6
1716bed480a53940e1eb,0, #3E311B
1716bed480a53940e1eb,7, #9C9079
171913fe64ccb5abcc31,39,#38271E
171913fe64ccb5abcc31,24, #110F0D
171913fe64ccb5abcc31,0, #D4C8B0
171913fe64ccb5abcc31,3, #BDA88B
171913fe64ccb5abcc31,7, #8C7863
171913fe64ccb5abcc31,13, #6E5845
171913fe64ccb5abcc31,10, #494036
171965c6c94b8db3511d,35, #D8D3C0
171965c6c94b8db3511d,6,#F9F8F0
171965c6c94b8db3511d,23, #A7A192
171965c6c94b8db3511d,12, #868173
171965c6c94b8db3511d,14, #69665A
171965c6c94b8db3511d,7, #4A4940
171b8891f1a07e1aac55,16, #A19E92
171b8891f1a07e1aac55,0, #63666F
171b8891f1a07e1aac55,19, #E9E4CE
171b8891f1a07e1aac55,30,#C3BEAC
171b8891f1a07e1aac55,27, #948A6B
171b8891f1a07e1aac55,0, #4D4C42
171b8891f1a07e1aac55,5, #74643B
1721ac41e286581be343,67,#E2D9CA
1721ac41e286581be343,10, #F8F0E2
1721ac41e286581be343,5, #CBC2B5
1721ac41e286581be343,5, #AFA89A
1721ac41e286581be343,2, #423F35
1721ac41e286581be343,3, #8F8A7C
1721ac41e286581be343,4, #6D685A
172a8f379b6544532926,44,#171615
172a8f379b6544532926,0, #DAD9D8
172a8f379b6544532926,6, #B4B297
172a8f379b6544532926,0, #C09543
172a8f379b6544532926,12, #7C745C
172a8f379b6544532926,3, #9C6D27
172a8f379b6544532926,32, #524230
173a7a4b539053c29230,9, #8A8370
173a7a4b539053c29230,10, #C7C1AE
173a7a4b539053c29230,54,#FAF8F0
173a7a4b539053c29230,8, #66604F
173a7a4b539053c29230,6, #E2DDCB
173a7a4b539053c29230,8, #A6A08E
173a7a4b539053c29230,1, #454135
173abf9a9b879ef776d9,15, #211F1A
173abf9a9b879ef776d9,0, #B4B7BB
173abf9a9b879ef776d9,12, #847A5C
173abf9a9b879ef776d9,2, #D2BA79
173abf9a9b879ef776d9,14, #A39476
173abf9a9b879ef776d9,15, #E1DAB7
173abf9a9b879ef776d9,39,#5C5137
173ac58edc03b3a9abef,47,#F4F1E7
173ac58edc03b3a9abef,0, #1A130B
173ac58edc03b3a9abef,7, #B8B19F
173ac58edc03b3a9abef,2, #7A705D
173ac58edc03b3a9abef,28, #DDD5C3
173ac58edc03b3a9abef,4, #483C2D
173ac58edc03b3a9abef,8, #A09681
173f724bced95b19e6bc,17, #5A514E
173f724bced95b19e6bc,14, #79716C
173f724bced95b19e6bc,22,#F5F3EB
173f724bced95b19e6bc,19, #DDD6C0
173f724bced95b19e6bc,2, #C4BDAA
173f724bced95b19e6bc,1, #3F3634
173f724bced95b19e6bc,22, #9D9581
1746cfef227cf8915e25,19, #D5CFBC
1746cfef227cf8915e25,17, #B1A898
1746cfef227cf8915e25,1,#F9F1DD
1746cfef227cf8915e25,15, #35322B
1746cfef227cf8915e25,24, #696355
1746cfef227cf8915e25,22, #968E7E
17486c3440b3e03f7eff,5, #B1A385
17486c3440b3e03f7eff,4, #8B8165
17486c3440b3e03f7eff,3, #C3BFA7
17486c3440b3e03f7eff,10, #564630
17486c3440b3e03f7eff,1, #706044
17486c3440b3e03f7eff,75,#272216
174bf8bf4b01813ae44c,63, #EAE6D8
174bf8bf4b01813ae44c,1, #313029
174bf8bf4b01813ae44c,7,#868478
174bf8bf4b01813ae44c,7, #A7A497
174bf8bf4b01813ae44c,12, #C3BFB2
174bf8bf4b01813ae44c,7, #5A594E
174c9119cf50c99ff823,1, #6E685A
174c9119cf50c99ff823,5, #EFE6D1
174c9119cf50c99ff823,38, #B8B09D
174c9119cf50c99ff823,21, #928979
174c9119cf50c99ff823,0,#48443B
174c9119cf50c99ff823,33, #D3CBB7
175b4c3d0024721f8c6d,10, #69645B
175b4c3d0024721f8c6d,6, #A9A695
175b4c3d0024721f8c6d,5, #8A877C
175b4c3d0024721f8c6d,12, #211B19
175b4c3d0024721f8c6d,16, #F1F4ED
175b4c3d0024721f8c6d,35,#C9C8B3
175b4c3d0024721f8c6d,13, #443E39
175ccb57a886fbea7d74,13, #433625
175ccb57a886fbea7d74,1, #C1B08C
175ccb57a886fbea7d74,5, #897861
175ccb57a886fbea7d74,4, #695A49
175ccb57a886fbea7d74,74, #171007
175ccb57a886fbea7d74,1,#AE9D7B
17652021a5e74b18f386,23, #090603
17652021a5e74b18f386,3, #665340
17652021a5e74b18f386,4, #7B6E57
17652021a5e74b18f386,3, #8F866F
17652021a5e74b18f386,0, #A1A18C
17652021a5e74b18f386,59,#341E16
17652021a5e74b18f386,5, #513A2C
17678c145a7fefe2a4a2,0, #3A1F17
17678c145a7fefe2a4a2,22, #EEECE0
17678c145a7fefe2a4a2,15, #B3A998
17678c145a7fefe2a4a2,8,#D6CFB8
17678c145a7fefe2a4a2,30, #583D38
17678c145a7fefe2a4a2,22, #85756B
176c31774200ae371e62,4, #857E5F
176c31774200ae371e62,18,#5F573F
176c31774200ae371e62,13, #B2AF93
176c31774200ae371e62,6, #CEC9AE
176c31774200ae371e62,54, #30291D
176c31774200ae371e62,2, #969883
176f001ed48183428d8f,0, #AA9734
176f001ed48183428d8f,13, #97946F
176f001ed48183428d8f,1, #C6C198
176f001ed48183428d8f,38, #75662A
176f001ed48183428d8f,0, #9E3B2A
176f001ed48183428d8f,0, #DEDCBC
176f001ed48183428d8f,45,#452C1A
17793f53d4ec3ac3dafe,22, #8F8C7E
17793f53d4ec3ac3dafe,5, #CCC6AF
17793f53d4ec3ac3dafe,13, #4F4E46
17793f53d4ec3ac3dafe,30,#6F6D63
17793f53d4ec3ac3dafe,12, #E7E1C7
17793f53d4ec3ac3dafe,11, #AEAB99
17793f53d4ec3ac3dafe,5, #393933
1779b6174615b7650620,27, #5C5A4F
1779b6174615b7650620,9, #969184
1779b6174615b7650620,23, #DED7C6
1779b6174615b7650620,14, #B6B0A1
1779b6174615b7650620,10, #3A3932
1779b6174615b7650620,14,#797569
178122b11ee82d405b4b,10, #6B644B
178122b11ee82d405b4b,4, #514B36
178122b11ee82d405b4b,9, #C5BDA2
178122b11ee82d405b4b,51,#B2A98B
178122b11ee82d405b4b,22, #8F876A
178122b11ee82d405b4b,0, #1D1A11
178122b11ee82d405b4b,1, #383423
1782ae3ce5cf4bf2777c,10, #625937
1782ae3ce5cf4bf2777c,14, #82744F
1782ae3ce5cf4bf2777c,16, #140F08
1782ae3ce5cf4bf2777c,10, #B9B28A
1782ae3ce5cf4bf2777c,14, #A49772
1782ae3ce5cf4bf2777c,32,#372F19
1782ae3ce5cf4bf2777c,1, #D1CAA6
178edfac2802746e3777,5, #847354
178edfac2802746e3777,5, #615A46
178edfac2802746e3777,22, #CDC8AD
178edfac2802746e3777,27,#828A82
178edfac2802746e3777,13, #4C3D26
178edfac2802746e3777,1, #271F12
178edfac2802746e3777,23, #ADA890
1791303133bc1813a5b9,25, #C4BEB1
1791303133bc1813a5b9,20, #A59F94
1791303133bc1813a5b9,2, #46423D
1791303133bc1813a5b9,15, #8C867C
1791303133bc1813a5b9,19, #6A655C
1791303133bc1813a5b9,16,#EDE7D9
17995d34a105b46834c0,15, #494A41
17995d34a105b46834c0,20, #9E9B91
17995d34a105b46834c0,29, #C6C2B8
17995d34a105b46834c0,18,#F1EEE7
17995d34a105b46834c0,2, #292B25
17995d34a105b46834c0,13, #737267
179d4ef677233ec14b74,6, #8F8F86
179d4ef677233ec14b74,25, #151B1C
179d4ef677233ec14b74,30,#E8E9E3
179d4ef677233ec14b74,18, #464741
179d4ef677233ec14b74,4, #C8C5B3
179d4ef677233ec14b74,3, #AFAC9E
179d4ef677233ec14b74,11, #717168
17a2902197a62f29543e,7, #8A8573
17a2902197a62f29543e,18, #A9A38E
17a2902197a62f29543e,17, #6F6A5B
17a2902197a62f29543e,24,#F3EED5
17a2902197a62f29543e,11, #49483F
17a2902197a62f29543e,19, #C8C2AA
17a83c876506efc68f3e,17, #6E695B
17a83c876506efc68f3e,14, #64463A
17a83c876506efc68f3e,51,#322E35
17a83c876506efc68f3e,0, #BEB186
17a83c876506efc68f3e,4, #A2A7A7
17a83c876506efc68f3e,6, #D7D2BF
17a83c876506efc68f3e,3, #908C73
17a9a56cd7d61e64aab0,38,#592D1A
17a9a56cd7d61e64aab0,9, #AC8B58
17a9a56cd7d61e64aab0,0, #8C9B7C
17a9a56cd7d61e64aab0,6, #6F7A5B
17a9a56cd7d61e64aab0,12, #C6AC74
17a9a56cd7d61e64aab0,11, #8E5F37
17a9a56cd7d61e64aab0,21, #4B4F37
17ad8df460246281413a,9, #A09675
17ad8df460246281413a,25, #877C5B
17ad8df460246281413a,2, #DFD5B5
17ad8df460246281413a,11,#F9F6E2
17ad8df460246281413a,35, #54503E
17ad8df460246281413a,15, #C6B789
17ae055e2a9ccd5e1aa5,16, #CDC6AE
17ae055e2a9ccd5e1aa5,13, #615C4F
17ae055e2a9ccd5e1aa5,17,#ABA590
17ae055e2a9ccd5e1aa5,10, #424037
17ae055e2a9ccd5e1aa5,12, #787363
17ae055e2a9ccd5e1aa5,14, #F7F2D9
17ae055e2a9ccd5e1aa5,15, #918B78
17b102c150634b156118,16, #F1F0DB
17b102c150634b156118,5, #A5A08F
17b102c150634b156118,37,#CAC6B1
17b102c150634b156118,7, #7E766A
17b102c150634b156118,16, #544B40
17b102c150634b156118,3, #17100B
17b102c150634b156118,12, #332A23
17b687b8e1d6fd886a1c,7, #C5C0B5
17b687b8e1d6fd886a1c,9, #A5A196
17b687b8e1d6fd886a1c,61,#ECE8DB
17b687b8e1d6fd886a1c,0, #2F2E28
17b687b8e1d6fd886a1c,7, #4D4B42
17b687b8e1d6fd886a1c,13, #77756A
17b77082e10181f609fa,26, #E1DAC9
17b77082e10181f609fa,4, #A19782
17b77082e10181f609fa,38, #BFB6A1
17b77082e10181f609fa,0, #2D2312
17b77082e10181f609fa,30, #6D6A5E
17b77082e10181f609fa,0,#4A3F2B
17bd387f391e365efb65,22, #A19D90
17bd387f391e365efb65,0,#FBF9F1
17bd387f391e365efb65,34, #7A776B
17bd387f391e365efb65,18, #BDB9AA
17bd387f391e365efb65,5, #4F4D44
17bd387f391e365efb65,17, #DEDACA
17c5bec00aa604efb35e,17, #959183
17c5bec00aa604efb35e,32, #666459
17c5bec00aa604efb35e,20, #BBB7A7
17c5bec00aa604efb35e,23, #E0DAC8
17c5bec00aa604efb35e,6, #3A3933
17c5bec00aa604efb35e,0,#FCF7E2
17cd3e0fc8b2064be67b,10, #797066
17cd3e0fc8b2064be67b,17, #63574F
17cd3e0fc8b2064be67b,0, #D6D8CA
17cd3e0fc8b2064be67b,10, #271C1A
17cd3e0fc8b2064be67b,23, #BBB7A6
17cd3e0fc8b2064be67b,26,#443530
17cd3e0fc8b2064be67b,11, #989183
17e2fdfe20925be0b9f5,8, #44423D
17e2fdfe20925be0b9f5,12, #A69F90
17e2fdfe20925be0b9f5,28,#F9F7EA
17e2fdfe20925be0b9f5,29, #CAC1AC
17e2fdfe20925be0b9f5,1, #E5DECB
17e2fdfe20925be0b9f5,20, #736E63
17ec88a01d5cfb24d968,16, #736B64
17ec88a01d5cfb24d968,34, #4B4641
17ec88a01d5cfb24d968,9, #B5AE9F
17ec88a01d5cfb24d968,4,#F4EDD9
17ec88a01d5cfb24d968,26, #928A7F
17ec88a01d5cfb24d968,8, #D6CDBA
17f06f1c926cbb98246b,1, #A4A495
17f06f1c926cbb98246b,4,#160E06
17f06f1c926cbb98246b,6, #6F6452
17f06f1c926cbb98246b,35, #614834
17f06f1c926cbb98246b,3, #817E6E
17f06f1c926cbb98246b,48, #3E2513
17f1cc0fd84ded343f49,3, #9C8F68
17f1cc0fd84ded343f49,2, #642B0F
17f1cc0fd84ded343f49,55,#2B1405
17f1cc0fd84ded343f49,5, #7F6F45
17f1cc0fd84ded343f49,18, #453C1E
17f1cc0fd84ded343f49,13, #714C29
17f1cc0fd84ded343f49,1, #BBB58F
1801971f4370d1693e51,29, #5D5345
1801971f4370d1693e51,5,#A37862
1801971f4370d1693e51,51, #EDE1BD
1801971f4370d1693e51,3, #9E9684
1801971f4370d1693e51,4, #C8BCA8
1801971f4370d1693e51,4, #372E27
1813217529da18475839,37, #9FA492
1813217529da18475839,17, #988D67
1813217529da18475839,0,#CBC7AF
1813217529da18475839,21, #B4B7A1
1813217529da18475839,4, #564626
1813217529da18475839,19, #71684A
18154a6a433663f518a9,11, #D7CB9E
18154a6a433663f518a9,16, #F9F6D9
18154a6a433663f518a9,21, #B1A17A
18154a6a433663f518a9,24, #7A694C
18154a6a433663f518a9,23, #473F29
18154a6a433663f518a9,2,#151208
1817cd8735482c082748,6, #393830
1817cd8735482c082748,6, #E3DDCB
1817cd8735482c082748,26,#A49F8F
1817cd8735482c082748,18, #C8C2AF
1817cd8735482c082748,25, #757063
1817cd8735482c082748,15, #524F45
1817cd8735482c082748,2, #F8F6ED
1820ee22931c3307d352,5,#F2F3EB
1820ee22931c3307d352,49, #48463F
1820ee22931c3307d352,16, #776F57
1820ee22931c3307d352,26, #9F997E
1820ee22931c3307d352,0, #BAB69E
1820ee22931c3307d352,1, #CFCDB8
182ff81ad14a349a38c0,16, #CFC7B8
182ff81ad14a349a38c0,3, #3E3939
182ff81ad14a349a38c0,25,#F2EBDB
182ff81ad14a349a38c0,16, #9D958C
182ff81ad14a349a38c0,8, #B6AEA2
182ff81ad14a349a38c0,13, #615A57
182ff81ad14a349a38c0,16, #817A74
183b19161f7928ba13df,15, #544324
183b19161f7928ba13df,1, #E2D6A9
183b19161f7928ba13df,2, #C5B686
183b19161f7928ba13df,62,#282216
183b19161f7928ba13df,4, #A49764
183b19161f7928ba13df,12, #806B3A
183ba08302042aad198d,14, #DFD8C2
183ba08302042aad198d,12,#FAF8F4
183ba08302042aad198d,38, #423830
183ba08302042aad198d,9, #898176
183ba08302042aad198d,3, #B7AE9D
183ba08302042aad198d,21, #645A51
184026a2987e597cf337,28, #D1C09C
184026a2987e597cf337,15, #A3987C
184026a2987e597cf337,17,#F5EED1
184026a2987e597cf337,9, #14140D
184026a2987e597cf337,18, #474434
184026a2987e597cf337,11, #777159
1842715359329548a30c,13, #67645A
1842715359329548a30c,3, #413F36
1842715359329548a30c,45, #EEECE1
1842715359329548a30c,8, #888579
1842715359329548a30c,17,#C8C4B4
1842715359329548a30c,12, #A29F91
1847ff3a72842c193496,44, #D6D0BF
1847ff3a72842c193496,6, #B7B2A2
1847ff3a72842c193496,0,#F4EFDC
1847ff3a72842c193496,9, #41433A
1847ff3a72842c193496,22, #969283
1847ff3a72842c193496,16, #706F61
18556a801e5f2ca08ddc,14,#D5D0BE
18556a801e5f2ca08ddc,20, #B5B1A1
18556a801e5f2ca08ddc,26, #F6F4E0
18556a801e5f2ca08ddc,11, #979486
18556a801e5f2ca08ddc,9, #464439
18556a801e5f2ca08ddc,17, #787569
185a4b5a5ac4b8f02e37,2,#C5B881
185a4b5a5ac4b8f02e37,3, #E0D59E
185a4b5a5ac4b8f02e37,4, #AC9F6A
185a4b5a5ac4b8f02e37,27, #332F20
185a4b5a5ac4b8f02e37,18, #937647
185a4b5a5ac4b8f02e37,43, #725A34
185bd1cb76c33729071f,18, #A07844
185bd1cb76c33729071f,3, #C3AB63
185bd1cb76c33729071f,5, #DAC679
185bd1cb76c33729071f,3, #F2E8A2
185bd1cb76c33729071f,16, #694C2B
185bd1cb76c33729071f,53,#2E2A1F
185d6f2e386e6962ed98,9, #6B6654
185d6f2e386e6962ed98,4,#FAF3DA
185d6f2e386e6962ed98,32, #D9D2B9
185d6f2e386e6962ed98,8, #403E33
185d6f2e386e6962ed98,26, #908A76
185d6f2e386e6962ed98,18, #B7B199
185ecf1d3fb632f5ca17,20, #584B31
185ecf1d3fb632f5ca17,8, #716546
185ecf1d3fb632f5ca17,2, #A69F81
185ecf1d3fb632f5ca17,4, #94865F
185ecf1d3fb632f5ca17,28, #242016
185ecf1d3fb632f5ca17,34,#423825
18618e34b5f32b504b5b,0, #B6AD9F
18618e34b5f32b504b5b,82,#F0EAD7
18618e34b5f32b504b5b,0, #603E29
18618e34b5f32b504b5b,0, #7D6757
18618e34b5f32b504b5b,13, #D1C9B5
18618e34b5f32b504b5b,0, #988D81
1871f43897acf48ad5f8,16, #81796E
1871f43897acf48ad5f8,17, #3C3630
1871f43897acf48ad5f8,32,#E9E7D1
1871f43897acf48ad5f8,6, #120E0B
1871f43897acf48ad5f8,12, #5B534B
1871f43897acf48ad5f8,14, #B3AE9D
1875fd1ef941ff052431,12, #ECE6D6
1875fd1ef941ff052431,0, #2C2315
1875fd1ef941ff052431,16, #575349
1875fd1ef941ff052431,13,#A89F8B
1875fd1ef941ff052431,11, #7B7768
1875fd1ef941ff052431,45, #CBC4AF
18760034d5b98224b4f7,54,#221F14
18760034d5b98224b4f7,11, #8B7C64
18760034d5b98224b4f7,9, #B2A082
18760034d5b98224b4f7,7, #CCC5AA
18760034d5b98224b4f7,11, #5F3C2C
18760034d5b98224b4f7,6, #6F5B42
187c574aeb9147360275,7, #795D38
187c574aeb9147360275,13, #4E4836
187c574aeb9147360275,1, #A88152
187c574aeb9147360275,1, #BAA777
187c574aeb9147360275,3, #86876B
187c574aeb9147360275,71,#282F32
187c574aeb9147360275,1, #475D6E
1881186a6514f0af9da4,6, #885221
1881186a6514f0af9da4,25, #534429
1881186a6514f0af9da4,7, #817349
1881186a6514f0af9da4,2, #B39F6D
1881186a6514f0af9da4,54,#1D1510
1881186a6514f0af9da4,4, #D6C895
1882dd052d7d401f164f,5, #7B6E44
1882dd052d7d401f164f,1, #C5B284
1882dd052d7d401f164f,5, #AA915C
1882dd052d7d401f164f,10, #9C7D44
1882dd052d7d401f164f,15, #926B2C
1882dd052d7d401f164f,38,#714C29
1882dd052d7d401f164f,22, #373421
188606b94b4e4705eb09,27,#F0EDE2
188606b94b4e4705eb09,18, #8C8679
188606b94b4e4705eb09,19, #403E38
188606b94b4e4705eb09,5, #CBC4B1
188606b94b4e4705eb09,9, #AFA796
188606b94b4e4705eb09,19, #666056
188b29013f520b4d01d7,26, #472D13
188b29013f520b4d01d7,8, #7B765C
188b29013f520b4d01d7,10,#0C0801
188b29013f520b4d01d7,11, #2A210B
188b29013f520b4d01d7,14, #5A4828
188b29013f520b4d01d7,29, #605B41
188f9a02374f8a38e118,4, #6B655E
188f9a02374f8a38e118,4, #9C9489
188f9a02374f8a38e118,24, #D3C7B4
188f9a02374f8a38e118,53,#ECE2D4
188f9a02374f8a38e118,6, #BAAE9B
188f9a02374f8a38e118,2, #847D73
188f9a02374f8a38e118,3, #4A4640
1894ab5b552c3b65743b,22, #D3C2AB
1894ab5b552c3b65743b,14, #E8DAC3
1894ab5b552c3b65743b,30,#F9F2DC
1894ab5b552c3b65743b,2, #6E5641
1894ab5b552c3b65743b,20, #90755F
1894ab5b552c3b65743b,9, #B8A18A
189661465cac089d48d7,4, #AFAA9D
189661465cac089d48d7,3, #978B79
189661465cac089d48d7,33, #6F5C45
189661465cac089d48d7,11,#CFCDC4
189661465cac089d48d7,0, #583E27
189661465cac089d48d7,46, #7F776A
1896dcd0233671f7a551,5, #745C54
1896dcd0233671f7a551,3, #8E7D6E
1896dcd0233671f7a551,80, #DBD0BB
1896dcd0233671f7a551,0,#FCF8E6
1896dcd0233671f7a551,6, #B2A493
1896dcd0233671f7a551,3, #56322F
18a89b2cbafbd9d26bf8,2, #736D67
18a89b2cbafbd9d26bf8,63,#D2CFC7
18a89b2cbafbd9d26bf8,7, #AFA698
18a89b2cbafbd9d26bf8,7, #35251E
18a89b2cbafbd9d26bf8,5, #90857B
18a89b2cbafbd9d26bf8,8, #F7F6F4
18a89b2cbafbd9d26bf8,4, #5E4F46
18bae9ddd8a12a03e3dd,0, #93834F
18bae9ddd8a12a03e3dd,1, #88611C
18bae9ddd8a12a03e3dd,0, #C9AE5A
18bae9ddd8a12a03e3dd,0, #F2E197
18bae9ddd8a12a03e3dd,49,#161309
18bae9ddd8a12a03e3dd,49, #47361D
18c312ca2103a2f5b91e,45, #513324
18c312ca2103a2f5b91e,1, #843F26
18c312ca2103a2f5b91e,1, #C19F67
18c312ca2103a2f5b91e,15,#272219
18c312ca2103a2f5b91e,12, #998052
18c312ca2103a2f5b91e,23, #765737
18c74901cc46d6d94492,62,#F6F3E7
18c74901cc46d6d94492,9, #474740
18c74901cc46d6d94492,4, #BEBBB1
18c74901cc46d6d94492,4, #64635B
18c74901cc46d6d94492,6, #9C9990
18c74901cc46d6d94492,5, #7B7A71
18c74901cc46d6d94492,7, #D8D4C7
18c8574c69e8b3c5bc9e,8, #131D19
18c8574c69e8b3c5bc9e,37, #B3B5A0
18c8574c69e8b3c5bc9e,7, #E1E0CB
18c8574c69e8b3c5bc9e,27, #808574
18c8574c69e8b3c5bc9e,0,#333930
18c8574c69e8b3c5bc9e,18, #5A6254
18c9d07fac6d7c935479,1, #272729
18c9d07fac6d7c935479,32, #E0DED9
18c9d07fac6d7c935479,2, #96A4C2
18c9d07fac6d7c935479,5, #97906B
18c9d07fac6d7c935479,32,#B6AF99
18c9d07fac6d7c935479,10, #787454
18c9d07fac6d7c935479,14, #514E40
18cd3d9a526c77259eb7,15, #938574
18cd3d9a526c77259eb7,27, #EBE5CE
18cd3d9a526c77259eb7,7, #BCAC97
18cd3d9a526c77259eb7,5, #D5C8AD
18cd3d9a526c77259eb7,43, #645349
18cd3d9a526c77259eb7,1,#FDFBF7
18cec87d82b1678ebc92,46, #0E090A
18cec87d82b1678ebc92,3, #AD9161
18cec87d82b1678ebc92,42, #C0C8AD
18cec87d82b1678ebc92,1, #2E241E
18cec87d82b1678ebc92,4, #EAEEDB
18cec87d82b1678ebc92,2,#78694C
18d13e437e8b5035ac3e,7, #6B6E64
18d13e437e8b5035ac3e,49, #DED6BF
18d13e437e8b5035ac3e,10, #434841
18d13e437e8b5035ac3e,25, #A4A293
18d13e437e8b5035ac3e,1, #131A17
18d13e437e8b5035ac3e,4,#FDFDF2
18d655852935c6b3f149,2, #E4E2D7
18d655852935c6b3f149,0, #FEFEF8
18d655852935c6b3f149,20, #857B72
18d655852935c6b3f149,34, #594E4A
18d655852935c6b3f149,36,#302927
18d655852935c6b3f149,3, #AAA093
18d655852935c6b3f149,2, #C6BFAD
18da491fab782e656645,5, #5B4B3D
18da491fab782e656645,5,#786A5C
18da491fab782e656645,15, #C4BAA6
18da491fab782e656645,63, #E0D7C1
18da491fab782e656645,3, #37281F
18da491fab782e656645,7, #9F9483
18e17a8689484ce38cd2,19, #B5AC99
18e17a8689484ce38cd2,14, #756D63
18e17a8689484ce38cd2,6,#F7F6F3
18e17a8689484ce38cd2,3, #1D1815
18e17a8689484ce38cd2,13, #403834
18e17a8689484ce38cd2,42, #E2DCC3
18e835dafc38f3ab8302,9, #C0BBA9
18e835dafc38f3ab8302,12, #5B5A53
18e835dafc38f3ab8302,9, #77756D
18e835dafc38f3ab8302,15, #3F3E38
18e835dafc38f3ab8302,6, #939187
18e835dafc38f3ab8302,46,#F1EEE4
18e93894b0c68b59c8da,32, #52483A
18e93894b0c68b59c8da,3, #7B6546
18e93894b0c68b59c8da,1, #BEA97F
18e93894b0c68b59c8da,8, #917954
18e93894b0c68b59c8da,5, #AA956C
18e93894b0c68b59c8da,49,#28261F
18f0c70f0acd8954f9b6,2, #2B241E
18f0c70f0acd8954f9b6,49,#E3DBC9
18f0c70f0acd8954f9b6,12, #C5B9A4
18f0c70f0acd8954f9b6,9, #463F37
18f0c70f0acd8954f9b6,11, #69656B
18f0c70f0acd8954f9b6,1, #F7F4E7
18f0c70f0acd8954f9b6,13, #9E9891
18f9551600d8453c18c1,0, #AA9A64
18f9551600d8453c18c1,5, #736236
18f9551600d8453c18c1,7, #75441C
18f9551600d8453c18c1,62,#1E190E
18f9551600d8453c18c1,0, #C1B583
18f9551600d8453c18c1,23, #453B24
1900117e285908f991c7,20,#D1CEBF
1900117e285908f991c7,41, #F4F2E3
1900117e285908f991c7,11, #666459
1900117e285908f991c7,1, #39372E
1900117e285908f991c7,9, #8F8D81
1900117e285908f991c7,15, #AEAB9F
1901170b9afc5be913bb,36,#695C46
1901170b9afc5be913bb,7, #F0EEE7
1901170b9afc5be913bb,8, #CBC7B9
1901170b9afc5be913bb,5, #ACA79A
1901170b9afc5be913bb,5, #262018
1901170b9afc5be913bb,21, #473F30
1901170b9afc5be913bb,14, #8D8470
19048f0b3606dd269fe2,17, #868272
19048f0b3606dd269fe2,13, #B8B4A1
19048f0b3606dd269fe2,22, #555347
19048f0b3606dd269fe2,12,#F9F9F5
19048f0b3606dd269fe2,8, #34332D
19048f0b3606dd269fe2,25, #E0DCCD
190793750270a727c615,26,#E9E2CC
190793750270a727c615,8, #3B3831
190793750270a727c615,14, #C0B9A7
190793750270a727c615,11, #A7A090
190793750270a727c615,20, #857F72
190793750270a727c615,18, #5C574D
1914748aa2389c385888,17, #4B4C30
1914748aa2389c385888,4, #383523
1914748aa2389c385888,13, #9F9E8C
1914748aa2389c385888,19, #646449
1914748aa2389c385888,36,#C1C1B0
1914748aa2389c385888,6, #838168
1914748aa2389c385888,1, #221E14
1915ed9de086a07ea238,28, #F9EED9
1915ed9de086a07ea238,2, #B6AF9E
1915ed9de086a07ea238,43, #E0D4BF
1915ed9de086a07ea238,9, #45403B
1915ed9de086a07ea238,12, #6F685E
1915ed9de086a07ea238,4,#918B7E
1916c0fe5d2ffd794826,22, #654E2B
1916c0fe5d2ffd794826,2, #111112
1916c0fe5d2ffd794826,1, #B9A463
1916c0fe5d2ffd794826,16, #483727
1916c0fe5d2ffd794826,29,#806A35
1916c0fe5d2ffd794826,11, #9B8648
1916c0fe5d2ffd794826,16, #2E241E
191a2acb818f2f6ca78d,49, #4F4329
191a2acb818f2f6ca78d,4, #6D5F3F
191a2acb818f2f6ca78d,41,#231F14
191a2acb818f2f6ca78d,2, #8B7B5B
191a2acb818f2f6ca78d,0, #E4D7A7
191a2acb818f2f6ca78d,0, #BDAC7D
19210913859ad917af36,19, #B6B099
19210913859ad917af36,29,#F7F2DA
19210913859ad917af36,17, #8B8671
19210913859ad917af36,18, #D8D2B8
19210913859ad917af36,1, #3B3930
19210913859ad917af36,12, #5B5748
1928a22e360ef1567a1b,25, #5B5A4F
1928a22e360ef1567a1b,7, #DCD8C7
1928a22e360ef1567a1b,54,#7E7D74
1928a22e360ef1567a1b,0, #A2A093
1928a22e360ef1567a1b,3, #39372F
1928a22e360ef1567a1b,5, #F5F4EB
1928a22e360ef1567a1b,3, #C2BDAB
192ac7bf0185aeba7581,6,#0E0B02
192ac7bf0185aeba7581,10, #45452C
192ac7bf0185aeba7581,1, #B7B296
192ac7bf0185aeba7581,44, #848B76
192ac7bf0185aeba7581,14, #2F2C14
192ac7bf0185aeba7581,22, #61644B
19349af9a6b563900b14,23,#0F0B06
19349af9a6b563900b14,30, #3D2E16
19349af9a6b563900b14,29, #6C643F
19349af9a6b563900b14,10, #A59C69
19349af9a6b563900b14,0, #C9C08D
19349af9a6b563900b14,6, #927E3B
1942f0a8f5ac27954200,6, #A9A592
1942f0a8f5ac27954200,22, #3B3A32
1942f0a8f5ac27954200,18, #848173
1942f0a8f5ac27954200,7, #646255
1942f0a8f5ac27954200,8, #C4BEA9
1942f0a8f5ac27954200,23,#F7F5EB
1942f0a8f5ac27954200,11, #DED7BD
19438ac87b95005c7f14,0, #F0E4B9
19438ac87b95005c7f14,22,#D7CCA6
19438ac87b95005c7f14,15, #514229
19438ac87b95005c7f14,14, #8C7040
19438ac87b95005c7f14,17, #32291D
19438ac87b95005c7f14,16, #C7B78B
19438ac87b95005c7f14,12, #B7A072
195672d22cecbe9bc2d8,21, #808992
195672d22cecbe9bc2d8,18,#A7ABB5
195672d22cecbe9bc2d8,12, #3D3E40
195672d22cecbe9bc2d8,18, #637585
195672d22cecbe9bc2d8,23, #485C6C
195672d22cecbe9bc2d8,5, #1B2630
195e67440b570d74201c,0, #E2DCC4
195e67440b570d74201c,19, #CFBF97
195e67440b570d74201c,16, #9B8C7A
195e67440b570d74201c,17, #4C4448
195e67440b570d74201c,0, #1C1B21
195e67440b570d74201c,15, #766E67
195e67440b570d74201c,29,#A2A6B1
1965583f26a92000a24c,5, #9D9789
1965583f26a92000a24c,11, #B8B1A0
1965583f26a92000a24c,3, #4B473C
1965583f26a92000a24c,17, #F5F1E7
1965583f26a92000a24c,49,#D9D2C0
1965583f26a92000a24c,5, #6E685A
1965583f26a92000a24c,5, #8A8272
1965af6268680a77d0cf,4, #928C84
1965af6268680a77d0cf,4, #7D6E5E
1965af6268680a77d0cf,77, #CCC2A6
1965af6268680a77d0cf,8,#F5F5F1
1965af6268680a77d0cf,0, #675646
1965af6268680a77d0cf,4, #B4A68A
196a02028c7a44358484,0, #C4BD98
196a02028c7a44358484,31, #3F3119
196a02028c7a44358484,3, #6C4A21
196a02028c7a44358484,3, #7F7149
196a02028c7a44358484,2, #AF9F6C
196a02028c7a44358484,58,#0E0C06
196e3310ce1b7f262140,19, #A6A486
196e3310ce1b7f262140,7, #28231C
196e3310ce1b7f262140,11, #645D3A
196e3310ce1b7f262140,8, #988C58
196e3310ce1b7f262140,18,#C4C2A6
196e3310ce1b7f262140,34, #423B27
197bcf797c5fbb5e2867,12, #B7B2A3
197bcf797c5fbb5e2867,7, #6E6B5B
197bcf797c5fbb5e2867,22, #938F80
197bcf797c5fbb5e2867,25,#F7F4E7
197bcf797c5fbb5e2867,1, #535044
197bcf797c5fbb5e2867,31, #D4D0C3
197dfa87da54bc91fe0a,4, #77573A
197dfa87da54bc91fe0a,2, #62330E
197dfa87da54bc91fe0a,4, #8E7866
197dfa87da54bc91fe0a,18,#F4F2E9
197dfa87da54bc91fe0a,61, #CFC8B5
197dfa87da54bc91fe0a,9, #A4998B
1981fff895b583d5f348,10, #E1DDCE
1981fff895b583d5f348,2,#FBF8F2
1981fff895b583d5f348,31, #C7C2A8
1981fff895b583d5f348,49, #A79F83
1981fff895b583d5f348,2, #78663E
1981fff895b583d5f348,3, #8E8159
1992afbc14b689f6c591,8, #70645C
1992afbc14b689f6c591,37,#B8B5A5
1992afbc14b689f6c591,0, #F5F6F4
1992afbc14b689f6c591,13, #8E857D
1992afbc14b689f6c591,1, #DDDDDA
1992afbc14b689f6c591,19, #4E4238
1992afbc14b689f6c591,19, #37291D
199601578b780900e565,27, #A9A794
199601578b780900e565,7, #9A894F
199601578b780900e565,30, #291806
199601578b780900e565,8, #CDCCC0
199601578b780900e565,0,#646965
199601578b780900e565,25, #705E23
1999df4d03ebfbcb167a,5, #837762
1999df4d03ebfbcb167a,13,#F6F2D8
1999df4d03ebfbcb167a,5, #A69470
1999df4d03ebfbcb167a,47, #D9D1B3
1999df4d03ebfbcb167a,1, #695949
1999df4d03ebfbcb167a,26, #C1B38F
199b44f025db029dc2dc,30, #716D62
199b44f025db029dc2dc,18, #B9B29F
199b44f025db029dc2dc,10, #D8CFBD
199b44f025db029dc2dc,35, #96907F
199b44f025db029dc2dc,2, #504C45
199b44f025db029dc2dc,2,#F2EEE2
19a16f0877db81762299,21, #754E1F
19a16f0877db81762299,44,#363020
19a16f0877db81762299,2, #4F4B40
19a16f0877db81762299,8, #B59950
19a16f0877db81762299,19, #916A31
19a16f0877db81762299,2, #CAB573
19a16f0877db81762299,0, #DBCB91
19a7105804414c56117b,29,#21180B
19a7105804414c56117b,22, #5B4E30
19a7105804414c56117b,1, #DCDBAC
19a7105804414c56117b,23, #786F4D
19a7105804414c56117b,3, #C8C18F
19a7105804414c56117b,13, #988E65
19a7105804414c56117b,6, #B3A87A
19aa24aedefb5bc094d7,2, #C5BBA0
19aa24aedefb5bc094d7,9, #473D29
19aa24aedefb5bc094d7,50,#A9A188
19aa24aedefb5bc094d7,5, #252015
19aa24aedefb5bc094d7,10, #91866C
19aa24aedefb5bc094d7,6, #5B4F3A
19aa24aedefb5bc094d7,14, #776D57
19b0a234325f14cd1f0b,13, #8C816B
19b0a234325f14cd1f0b,0, #3E3226
19b0a234325f14cd1f0b,12,#F0EDE5
19b0a234325f14cd1f0b,41, #B8AE92
19b0a234325f14cd1f0b,24, #CCC7B6
19b0a234325f14cd1f0b,6, #5F5341
19b1057097e919cf49bd,25, #D1C9B2
19b1057097e919cf49bd,8, #5E5950
19b1057097e919cf49bd,2, #383530
19b1057097e919cf49bd,4,#888275
19b1057097e919cf49bd,52, #EAE3CF
19b1057097e919cf49bd,6, #ADA798
19b394ef8a8e668dd1c8,16, #CEC3AD
19b394ef8a8e668dd1c8,39, #7A7164
19b394ef8a8e668dd1c8,1,#EEDFC7
19b394ef8a8e668dd1c8,14, #4D4841
19b394ef8a8e668dd1c8,28, #A9A090
19b394ef8a8e668dd1c8,0, #FEF8EC
19c15b105b9cad7b3997,6, #CBC4B2
19c15b105b9cad7b3997,2, #A7A79E
19c15b105b9cad7b3997,2, #8D8E83
19c15b105b9cad7b3997,0, #6C6E64
19c15b105b9cad7b3997,87,#F0ECDE
19c15b105b9cad7b3997,0, #50514A
19c6004bd6e35abe0681,3, #353130
19c6004bd6e35abe0681,29, #D2CABA
19c6004bd6e35abe0681,15, #59544E
19c6004bd6e35abe0681,9, #79726A
19c6004bd6e35abe0681,14, #9F988C
19c6004bd6e35abe0681,28,#F6F1E5
19c836c60c81af56330a,3, #B1A58D
19c836c60c81af56330a,0, #8F6D60
19c836c60c81af56330a,8, #EADD86
19c836c60c81af56330a,3, #4C4944
19c836c60c81af56330a,79, #D8D2C1
19c836c60c81af56330a,4,#F9F7EF
19db69b86d01b6fda59b,16, #D8D9D0
19db69b86d01b6fda59b,12, #2B2C25
19db69b86d01b6fda59b,3, #A5A7A1
19db69b86d01b6fda59b,3, #7E8078
19db69b86d01b6fda59b,58, #0B0B08
19db69b86d01b6fda59b,6,#555750
19dd2badbecb37cf5ecb,24, #EFEBDD
19dd2badbecb37cf5ecb,23, #959184
19dd2badbecb37cf5ecb,31,#C0BCAE
19dd2badbecb37cf5ecb,1, #37342A
19dd2badbecb37cf5ecb,9, #77706B
19dd2badbecb37cf5ecb,10, #59544A
19df058f0bcd2aa39e01,7,#E8E1C8
19df058f0bcd2aa39e01,4, #362A20
19df058f0bcd2aa39e01,29, #584B3F
19df058f0bcd2aa39e01,23, #9A907F
19df058f0bcd2aa39e01,2, #C6BDA6
19df058f0bcd2aa39e01,31, #756A5C
19e3f134c64a53aae079,16, #4D4931
19e3f134c64a53aae079,3, #948F7C
19e3f134c64a53aae079,26,#10100C
19e3f134c64a53aae079,12, #5F5E51
19e3f134c64a53aae079,12, #AFAB97
19e3f134c64a53aae079,25, #2D291B
19e3f134c64a53aae079,2, #848067
19ea5c2c68d119c4c3ff,2, #3B392E
19ea5c2c68d119c4c3ff,7, #CFC8B0
19ea5c2c68d119c4c3ff,24, #F9F7F0
19ea5c2c68d119c4c3ff,17, #575344
19ea5c2c68d119c4c3ff,10, #A6A18D
19ea5c2c68d119c4c3ff,24,#E4DFC7
19ea5c2c68d119c4c3ff,14, #7C7764
19ec6159462d1b8011d3,37, #837D7A
19ec6159462d1b8011d3,1, #D4D0C1
19ec6159462d1b8011d3,6, #312927
19ec6159462d1b8011d3,2,#F1EFE4
19ec6159462d1b8011d3,29, #5E5556
19ec6159462d1b8011d3,23, #ACA79C
19ef07bbbce796dd3d34,21, #D3CAB9
19ef07bbbce796dd3d34,17, #777266
19ef07bbbce796dd3d34,27, #A8957A
19ef07bbbce796dd3d34,16, #504C44
19ef07bbbce796dd3d34,8,#F5EDDB
19ef07bbbce796dd3d34,8, #B8AFA0
19fddb0eaf17398cbd2d,22, #BEB8A0
19fddb0eaf17398cbd2d,8, #908C7A
19fddb0eaf17398cbd2d,7, #100E07
19fddb0eaf17398cbd2d,8,#E6E2D2
19fddb0eaf17398cbd2d,10, #666355
19fddb0eaf17398cbd2d,44, #3A382E
1a08c16992120a19091d,0, #7D5B1F
1a08c16992120a19091d,2, #6E4D1A
1a08c16992120a19091d,29, #170E05
1a08c16992120a19091d,0, #88723F
1a08c16992120a19091d,29,#40270C
1a08c16992120a19091d,12, #61360F
1a08c16992120a19091d,25, #2C1B0C
1a0e47bbffe956aaaa70,1, #5D5851
1a0e47bbffe956aaaa70,2, #7B766B
1a0e47bbffe956aaaa70,0, #403C38
1a0e47bbffe956aaaa70,8, #A09B8F
1a0e47bbffe956aaaa70,10, #D5C5A8
1a0e47bbffe956aaaa70,76,#F5F0E1
1a0fd6f46f060c1aaed2,1, #AF9E67
1a0fd6f46f060c1aaed2,48,#1B160B
1a0fd6f46f060c1aaed2,25, #3A311B
1a0fd6f46f060c1aaed2,4, #836E40
1a0fd6f46f060c1aaed2,3, #99834E
1a0fd6f46f060c1aaed2,15, #644C26
1a0fd6f46f060c1aaed2,0, #C4B47A
1a0ff5222d59a169b1c6,12, #6A6255
1a0ff5222d59a169b1c6,21, #8E8777
1a0ff5222d59a169b1c6,7, #493F34
1a0ff5222d59a169b1c6,21,#E7E6D1
1a0ff5222d59a169b1c6,37, #C0BAA2
1a0ff5222d59a169b1c6,0, #2D2218
1a18dca5ddc25a1ae196,5, #E3CF90
1a18dca5ddc25a1ae196,19, #715B50
1a18dca5ddc25a1ae196,18, #B49F70
1a18dca5ddc25a1ae196,2, #F6F3D9
1a18dca5ddc25a1ae196,0, #2A1715
1a18dca5ddc25a1ae196,51,#4A382D
1a18dca5ddc25a1ae196,2, #C6C5C3
1a2544d0aa4607eb8d5f,8, #A39E8E
1a2544d0aa4607eb8d5f,11, #E1DDCD
1a2544d0aa4607eb8d5f,6, #4E4A3D
1a2544d0aa4607eb8d5f,39,#F9F6E6
1a2544d0aa4607eb8d5f,12, #7C7767
1a2544d0aa4607eb8d5f,21, #C7C2B2
1a28fc42a168db0e9643,10, #3C3C37
1a28fc42a168db0e9643,18, #DED9CE
1a28fc42a168db0e9643,30, #C0BCB1
1a28fc42a168db0e9643,19, #636259
1a28fc42a168db0e9643,3,#F8F6F2
1a28fc42a168db0e9643,18, #969489
1a36abcc71673015b016,24,#151511
1a36abcc71673015b016,5, #726D58
1a36abcc71673015b016,11, #8F8C76
1a36abcc71673015b016,10, #AFAE9A
1a36abcc71673015b016,23, #494A39
1a36abcc71673015b016,0, #C1C3B2
1a36abcc71673015b016,24, #292922
1a40b677db9e8d782b06,56,#322318
1a40b677db9e8d782b06,36, #0F0E09
1a40b677db9e8d782b06,2, #573525
1a40b677db9e8d782b06,1, #796956
1a40b677db9e8d782b06,0, #BDB89D
1a40b677db9e8d782b06,1, #764736
1a40b677db9e8d782b06,1, #9F947C
1a446362f7b551bf8672,12, #DDDBCD
1a446362f7b551bf8672,21, #C9C5B6
1a446362f7b551bf8672,10, #747063
1a446362f7b551bf8672,7, #525047
1a446362f7b551bf8672,0, #F1EEDE
1a446362f7b551bf8672,20, #AFAA99
1a446362f7b551bf8672,26,#8F8A7A
1a4488052a7c31f0e9e5,15, #68675D
1a4488052a7c31f0e9e5,20,#3B3A34
1a4488052a7c31f0e9e5,16, #F8F7F1
1a4488052a7c31f0e9e5,7, #868578
1a4488052a7c31f0e9e5,20, #DDDBCA
1a4488052a7c31f0e9e5,9, #BFBCAC
1a4488052a7c31f0e9e5,9, #9F9D90
1a4bae40a24a9a1a8eb8,2,#CAC7BE
1a4bae40a24a9a1a8eb8,3, #B0ADA6
1a4bae40a24a9a1a8eb8,4, #97968E
1a4bae40a24a9a1a8eb8,85, #EEECE2
1a4bae40a24a9a1a8eb8,0, #5F5E56
1a4bae40a24a9a1a8eb8,3, #7F7D76
1a5eb5bae5d5a0c902e7,38, #F1EAD3
1a5eb5bae5d5a0c902e7,9,#848070
1a5eb5bae5d5a0c902e7,6, #696658
1a5eb5bae5d5a0c902e7,0, #49453B
1a5eb5bae5d5a0c902e7,31, #C2BCAA
1a5eb5bae5d5a0c902e7,13, #A09B89
1a660e9d9273feeaefd2,47,#F8F5E6
1a660e9d9273feeaefd2,5, #393932
1a660e9d9273feeaefd2,22, #DFD9C6
1a660e9d9273feeaefd2,6, #908D81
1a660e9d9273feeaefd2,8, #6A695F
1a660e9d9273feeaefd2,6, #505047
1a660e9d9273feeaefd2,2, #BAB6A9
1a67c4f03418be31b22a,4, #F5F3CD
1a67c4f03418be31b22a,17, #C2BD93
1a67c4f03418be31b22a,9, #978B5D
1a67c4f03418be31b22a,4, #AEA478
1a67c4f03418be31b22a,16, #35311F
1a67c4f03418be31b22a,39,#6B6640
1a67c4f03418be31b22a,7, #E1DEB3
1a690135858794566767,0,#F7F5F5
1a690135858794566767,17, #6F5E49
1a690135858794566767,5, #DBD7D2
1a690135858794566767,14, #B9AD9B
1a690135858794566767,44, #453328
1a690135858794566767,16, #93846D
1a6d24c10bf0661a9af1,50,#CFC19E
1a6d24c10bf0661a9af1,10, #999175
1a6d24c10bf0661a9af1,5, #6B664E
1a6d24c10bf0661a9af1,16, #F4EACB
1a6d24c10bf0661a9af1,7, #15150C
1a6d24c10bf0661a9af1,9, #444230
1a7353b1204522001558,3, #4F5148
1a7353b1204522001558,81, #E6E2D7
1a7353b1204522001558,7, #7C7C71
1a7353b1204522001558,4, #C7C4B8
1a7353b1204522001558,2, #A3A297
1a7353b1204522001558,1,#FEFDF1
1a77b76d841c391bfcfc,8, #676354
1a77b76d841c391bfcfc,8, #CECBB8
1a77b76d841c391bfcfc,55,#F2F0DC
1a77b76d841c391bfcfc,13, #878274
1a77b76d841c391bfcfc,13, #A7A493
1a77b76d841c391bfcfc,0, #3F3B2E
1a82190eeaef265cf9a3,8, #454238
1a82190eeaef265cf9a3,33, #F7F3E0
1a82190eeaef265cf9a3,16,#D1CCBC
1a82190eeaef265cf9a3,25, #9B988B
1a82190eeaef265cf9a3,14, #69665B
1a82190eeaef265cf9a3,0, #27241D
1a8a66719d1b3bd24b93,0,#F9F4EC
1a8a66719d1b3bd24b93,5, #DFD6C1
1a8a66719d1b3bd24b93,22, #787162
1a8a66719d1b3bd24b93,21, #9F947B
1a8a66719d1b3bd24b93,28, #C2B8A2
1a8a66719d1b3bd24b93,21, #47443D
1a8f8ba3ef6e578ccdc8,27, #6C5B47
1a8f8ba3ef6e578ccdc8,5, #C8C0A4
1a8f8ba3ef6e578ccdc8,7, #B1A588
1a8f8ba3ef6e578ccdc8,0, #F3EED6
1a8f8ba3ef6e578ccdc8,14, #94866D
1a8f8ba3ef6e578ccdc8,32,#DDD8C1
1a8f8ba3ef6e578ccdc8,12, #4B3929
1a900f6061c98f0d313e,1, #655136
1a900f6061c98f0d313e,24, #E1DDCF
1a900f6061c98f0d313e,7, #8A806E
1a900f6061c98f0d313e,0, #482F18
1a900f6061c98f0d313e,22, #AB987A
1a900f6061c98f0d313e,36,#C7BA9F
1a900f6061c98f0d313e,6, #7E6C54
1a92387448041cc92507,4, #9D967C
1a92387448041cc92507,18, #11120D
1a92387448041cc92507,0, #DAD0B0
1a92387448041cc92507,22, #796236
1a92387448041cc92507,2, #BEB698
1a92387448041cc92507,5, #697064
1a92387448041cc92507,46,#463F31
1a93dd01519c03c4d987,28, #35362F
1a93dd01519c03c4d987,39,#F2EFE6
1a93dd01519c03c4d987,5, #979689
1a93dd01519c03c4d987,14, #616256
1a93dd01519c03c4d987,5, #7D7D6F
1a93dd01519c03c4d987,5, #C0BDAF
1a9d23c45b031a939565,29, #B5A486
1a9d23c45b031a939565,19, #8B795F
1a9d23c45b031a939565,19,#D3CDB7
1a9d23c45b031a939565,15, #62503A
1a9d23c45b031a939565,5, #322B24
1a9d23c45b031a939565,10, #E9E4D4
1a9eea4cb496434df117,3, #785039
1a9eea4cb496434df117,0, #C8A75C
1a9eea4cb496434df117,0, #A8794C
1a9eea4cb496434df117,41, #403022
1a9eea4cb496434df117,54,#14130D
1a9eea4cb496434df117,0, #E5DD91
1aa9dea1b54fd0e937b3,7, #7F756B
1aa9dea1b54fd0e937b3,11,#C6BEAB
1aa9dea1b54fd0e937b3,6, #5B534D
1aa9dea1b54fd0e937b3,8, #211F1F
1aa9dea1b54fd0e937b3,57, #EBE7D8
1aa9dea1b54fd0e937b3,9, #A0968A
1aab29248d1c1757dd3d,8, #998971
1aab29248d1c1757dd3d,38, #2E1209
1aab29248d1c1757dd3d,27, #715E44
1aab29248d1c1757dd3d,9, #BDAF99
1aab29248d1c1757dd3d,10, #4E3720
1aab29248d1c1757dd3d,4,#E0D8C7
1aabaa66dcf0f161809c,16, #787B78
1aabaa66dcf0f161809c,5,#F8F8F9
1aabaa66dcf0f161809c,8, #D4D4CE
1aabaa66dcf0f161809c,53, #222222
1aabaa66dcf0f161809c,8, #4D4F53
1aabaa66dcf0f161809c,6, #9FA2A4
1aaed6c66c7511c0ca35,17, #6F6336
1aaed6c66c7511c0ca35,7, #8D8458
1aaed6c66c7511c0ca35,9, #202016
1aaed6c66c7511c0ca35,0, #E1DEBF
1aaed6c66c7511c0ca35,31,#433E24
1aaed6c66c7511c0ca35,18, #97A2A0
1aaed6c66c7511c0ca35,14, #C4BA86
1ac99d78edc5895b68fe,6, #7D7855
1ac99d78edc5895b68fe,4, #9F9E8E
1ac99d78edc5895b68fe,34, #3D4438
1ac99d78edc5895b68fe,2, #BDBCB0
1ac99d78edc5895b68fe,19, #61603C
1ac99d78edc5895b68fe,32,#131A16
1acc2ec5263d6ec07828,9, #564C47
1acc2ec5263d6ec07828,12, #E6E2D0
1acc2ec5263d6ec07828,7,#F7F6F3
1acc2ec5263d6ec07828,21, #D6CBAF
1acc2ec5263d6ec07828,14, #81756A
1acc2ec5263d6ec07828,34, #AB9F8B
1ad8a4531c93ba8b8aa4,23, #EEE9D7
1ad8a4531c93ba8b8aa4,8, #A5A094
1ad8a4531c93ba8b8aa4,7, #47433F
1ad8a4531c93ba8b8aa4,2, #2A2824
1ad8a4531c93ba8b8aa4,9, #66625B
1ad8a4531c93ba8b8aa4,37,#C6C0B2
1ad8a4531c93ba8b8aa4,10, #878279
1adb1ee337997d2ef93e,44, #BCBCBC
1adb1ee337997d2ef93e,5, #3E3E3E
1adb1ee337997d2ef93e,0, #0E0E0E
1adb1ee337997d2ef93e,9, #747474
1adb1ee337997d2ef93e,17,#969696
1adb1ee337997d2ef93e,22, #E9E9E9
1adbcfc6c9f8e7f63b8c,21,#F5F1E2
1adbcfc6c9f8e7f63b8c,6, #4E4D42
1adbcfc6c9f8e7f63b8c,10, #A9A69A
1adbcfc6c9f8e7f63b8c,19, #7D7B6E
1adbcfc6c9f8e7f63b8c,39, #D0CCBE
1adbcfc6c9f8e7f63b8c,3, #313028
1ae610cbb63335e4d546,16, #B4AC9F
1ae610cbb63335e4d546,4, #DEDDD5
1ae610cbb63335e4d546,35,#C8C5B9
1ae610cbb63335e4d546,11, #706158
1ae610cbb63335e4d546,15, #443128
1ae610cbb63335e4d546,13, #958B82
1ae610cbb63335e4d546,2, #F8F8F6
1af1e3ecd90fb36f914d,10, #483C37
1af1e3ecd90fb36f914d,12, #958C85
1af1e3ecd90fb36f914d,34, #E7E1CD
1af1e3ecd90fb36f914d,13, #6C615C
1af1e3ecd90fb36f914d,19,#BDB4A8
1af1e3ecd90fb36f914d,9, #251C19
1af96fe0cda00ef897c4,0, #21180F
1af96fe0cda00ef897c4,27, #D1CBB9
1af96fe0cda00ef897c4,3, #4B3E30
1af96fe0cda00ef897c4,46,#F8F6EA
1af96fe0cda00ef897c4,1, #665C4C
1af96fe0cda00ef897c4,5, #8D826C
1af96fe0cda00ef897c4,16, #B0A793
1b02efd47e039a997dbf,13, #75694E
1b02efd47e039a997dbf,12, #A29A81
1b02efd47e039a997dbf,11, #140D0C
1b02efd47e039a997dbf,12, #887B5E
1b02efd47e039a997dbf,16, #503E25
1b02efd47e039a997dbf,4, #645435
1b02efd47e039a997dbf,28,#4B2113
1b04962819542c2d1a4a,14,#E8E4D2
1b04962819542c2d1a4a,17, #4A3C35
1b04962819542c2d1a4a,18, #70645C
1b04962819542c2d1a4a,44, #2D201A
1b04962819542c2d1a4a,3, #978E84
1b04962819542c2d1a4a,1, #BFBAAB
1b09ef41a58874ead447,13, #7F7D55
1b09ef41a58874ead447,10, #515032
1b09ef41a58874ead447,39,#8D907B
1b09ef41a58874ead447,1, #281F17
1b09ef41a58874ead447,12, #C5BD98
1b09ef41a58874ead447,3, #403B24
1b09ef41a58874ead447,19, #646343
1b0bce83a341972de70e,20, #3E3223
1b0bce83a341972de70e,2, #C5BBA9
1b0bce83a341972de70e,11, #695C3E
1b0bce83a341972de70e,24, #ACA088
1b0bce83a341972de70e,4,#E3E0DC
1b0bce83a341972de70e,37, #8D8160
1b0e0d41511dfa842d1e,10, #777367
1b0e0d41511dfa842d1e,23, #F4F2E8
1b0e0d41511dfa842d1e,1,#32312B
1b0e0d41511dfa842d1e,11, #9B9688
1b0e0d41511dfa842d1e,6, #514E45
1b0e0d41511dfa842d1e,45, #C6BEAE
1b16386e44ee49f0572a,14, #8C8A79
1b16386e44ee49f0572a,31, #E4DFCB
1b16386e44ee49f0572a,18, #BBB7A6
1b16386e44ee49f0572a,16, #383A2D
1b16386e44ee49f0572a,15, #686957
1b16386e44ee49f0572a,2,#FCFAF6
1b194ecc9fc1df0d284c,48, #D5CEC5
1b194ecc9fc1df0d284c,6, #665F5D
1b194ecc9fc1df0d284c,19, #B5AEA6
1b194ecc9fc1df0d284c,20, #938C87
1b194ecc9fc1df0d284c,4,#FAF6EC
1b194ecc9fc1df0d284c,0, #4C4644
1b26a80d4f7547822de8,16, #8E8B80
1b26a80d4f7547822de8,67, #AAA698
1b26a80d4f7547822de8,4,#FCFAF4
1b26a80d4f7547822de8,7, #C2BFAA
1b26a80d4f7547822de8,1, #75736B
1b26a80d4f7547822de8,3, #E2DFD0
1b2c8330a2e22cc823c8,10, #ADA799
1b2c8330a2e22cc823c8,3, #5D4A3C
1b2c8330a2e22cc823c8,1, #442F23
1b2c8330a2e22cc823c8,4, #716154
1b2c8330a2e22cc823c8,64,#CECCC0
1b2c8330a2e22cc823c8,10, #F2F1EE
1b2c8330a2e22cc823c8,5, #8B8175
1b37af7e639f67956015,5, #8B8573
1b37af7e639f67956015,11, #B3AC98
1b37af7e639f67956015,34, #E6E1CF
1b37af7e639f67956015,9, #D5CCB6
1b37af7e639f67956015,0, #635F51
1b37af7e639f67956015,0, #494436
1b37af7e639f67956015,38,#FAF8F2
1b3c34430059bdc24d95,9, #F3E7D7
1b3c34430059bdc24d95,24,#A2998F
1b3c34430059bdc24d95,20, #68605C
1b3c34430059bdc24d95,17, #867D75
1b3c34430059bdc24d95,12, #453F3D
1b3c34430059bdc24d95,15, #C8BEB0
1b47ced8eeb05275b394,4, #B3AC92
1b47ced8eeb05275b394,9, #0B0A08
1b47ced8eeb05275b394,11, #3F392B
1b47ced8eeb05275b394,18, #292215
1b47ced8eeb05275b394,12, #5A4D31
1b47ced8eeb05275b394,17, #766C50
1b47ced8eeb05275b394,25,#8E8A75
1b4bb1cb9ace301ffcd5,27, #BCB3A0
1b4bb1cb9ace301ffcd5,3, #49463E
1b4bb1cb9ace301ffcd5,19, #6B665A
1b4bb1cb9ace301ffcd5,11, #9A9383
1b4bb1cb9ace301ffcd5,14, #847F70
1b4bb1cb9ace301ffcd5,23,#E2D7C0
1b51c3088179289a7121,0,#FEFCF1
1b51c3088179289a7121,15, #4F4E45
1b51c3088179289a7121,26, #C1BDB1
1b51c3088179289a7121,28, #E7E3D8
1b51c3088179289a7121,10, #9D9A8F
1b51c3088179289a7121,17, #7B796E
1b52b95a4b4f50980a2b,11, #B3AB99
1b52b95a4b4f50980a2b,26, #979081
1b52b95a4b4f50980a2b,5, #403F3A
1b52b95a4b4f50980a2b,0, #F6F3E6
1b52b95a4b4f50980a2b,45,#6A655B
1b52b95a4b4f50980a2b,11, #CEC6B2
1b547c21a271ed381661,1, #C0AD7A
1b547c21a271ed381661,4, #9D7F4B
1b547c21a271ed381661,3, #806638
1b547c21a271ed381661,42, #38382B
1b547c21a271ed381661,12, #63401F
1b547c21a271ed381661,36,#19160C
1b55eba133cdcc9ea859,10, #39382F
1b55eba133cdcc9ea859,23, #56554A
1b55eba133cdcc9ea859,22, #F3EEDD
1b55eba133cdcc9ea859,21, #797669
1b55eba133cdcc9ea859,11,#C5C0B0
1b55eba133cdcc9ea859,9, #9A9687
1b5e0bfda99da8c60dac,9,#454D3A
1b5e0bfda99da8c60dac,1, #D1C082
1b5e0bfda99da8c60dac,51, #282519
1b5e0bfda99da8c60dac,9, #9CA485
1b5e0bfda99da8c60dac,15, #79794D
1b5e0bfda99da8c60dac,13, #7A471D
1b5ffd88ae64b0b273a0,6, #2D2E29
1b5ffd88ae64b0b273a0,10, #B1AEA2
1b5ffd88ae64b0b273a0,18, #7F7D75
1b5ffd88ae64b0b273a0,1,#FBFAF5
1b5ffd88ae64b0b273a0,34, #DBD4C4
1b5ffd88ae64b0b273a0,28, #505149
1b652d1fc2c80f747185,25,#585143
1b652d1fc2c80f747185,11, #2E2922
1b652d1fc2c80f747185,25, #D1CEB7
1b652d1fc2c80f747185,1, #0F0B06
1b652d1fc2c80f747185,3, #F2F2DF
1b652d1fc2c80f747185,22, #8B8371
1b652d1fc2c80f747185,9, #B3AC94
1b689814f87a5f2f04b7,0, #BFB78E
1b689814f87a5f2f04b7,3, #8C826B
1b689814f87a5f2f04b7,61,#4D453E
1b689814f87a5f2f04b7,1, #A89D7D
1b689814f87a5f2f04b7,1, #7B705C
1b689814f87a5f2f04b7,18, #2D2B27
1b689814f87a5f2f04b7,13, #6F584C
1b7320d2fd5f12fc93b0,30,#D4CFBD
1b7320d2fd5f12fc93b0,11, #4F5145
1b7320d2fd5f12fc93b0,10, #767768
1b7320d2fd5f12fc93b0,21, #A3A191
1b7320d2fd5f12fc93b0,1, #2D3028
1b7320d2fd5f12fc93b0,24, #F7F4DF
1b734201b1132192253c,48,#1B1B15
1b734201b1132192253c,2, #7E6D48
1b734201b1132192253c,0, #B6AB7F
1b734201b1132192253c,2, #6C5839
1b734201b1132192253c,15, #554628
1b734201b1132192253c,1, #978359
1b734201b1132192253c,29, #3A3123
1b75cf898b18aa7827dd,8, #F6F4E5
1b75cf898b18aa7827dd,17,#DCD2BB
1b75cf898b18aa7827dd,11, #C2B399
1b75cf898b18aa7827dd,30, #6F594E
1b75cf898b18aa7827dd,23, #402A22
1b75cf898b18aa7827dd,8, #958575
1b7806a4b612abbae195,9, #848877
1b7806a4b612abbae195,25, #151819
1b7806a4b612abbae195,2, #BDB8A2
1b7806a4b612abbae195,0, #5E87A5
1b7806a4b612abbae195,0, #1C5A85
1b7806a4b612abbae195,61,#4D4A36
1b7806a4b612abbae195,0, #D9D9C8
1b7929e4d1860d0a2b65,12, #E1DFD1
1b7929e4d1860d0a2b65,0, #FBF8F0
1b7929e4d1860d0a2b65,3, #110F0C
1b7929e4d1860d0a2b65,12, #B6B4A8
1b7929e4d1860d0a2b65,9, #44382C
1b7929e4d1860d0a2b65,5, #908E88
1b7929e4d1860d0a2b65,56,#736851
1b88b118544fa2d6da74,12, #63544B
1b88b118544fa2d6da74,15, #8A7C70
1b88b118544fa2d6da74,21, #E7E1CF
1b88b118544fa2d6da74,24,#C5B7AA
1b88b118544fa2d6da74,4, #AEA091
1b88b118544fa2d6da74,5, #443631
1b88b118544fa2d6da74,16, #271C1A
1b927f50b7e2dab09681,10, #C7C4BD
1b927f50b7e2dab09681,15, #E2DFD6
1b927f50b7e2dab09681,31,#FAF9F3
1b927f50b7e2dab09681,17, #A4A09A
1b927f50b7e2dab09681,8, #4F4E45
1b927f50b7e2dab09681,16, #7A7870
1b92c598363dacddb10e,18, #DCD4BD
1b92c598363dacddb10e,8, #3C382D
1b92c598363dacddb10e,9, #F8F6E9
1b92c598363dacddb10e,13, #5E584A
1b92c598363dacddb10e,19,#7F7867
1b92c598363dacddb10e,15, #B8AF9A
1b92c598363dacddb10e,15, #9B9585
1b9680ef3881953f17cd,16, #574128
1b9680ef3881953f17cd,5, #6A5E49
1b9680ef3881953f17cd,32, #35291C
1b9680ef3881953f17cd,1, #A49068
1b9680ef3881953f17cd,3, #877656
1b9680ef3881953f17cd,40,#1C1914
1b9680ef3881953f17cd,0, #C0A87A
1b9c0ff4ddb9923282a1,2,#F6F6F1
1b9c0ff4ddb9923282a1,20, #918977
1b9c0ff4ddb9923282a1,7, #D6D3C3
1b9c0ff4ddb9923282a1,20, #756348
1b9c0ff4ddb9923282a1,43, #BEB69C
1b9c0ff4ddb9923282a1,5, #5B4936
1ba5be73504fd2e52792,17, #484740
1ba5be73504fd2e52792,8,#EAE9D3
1ba5be73504fd2e52792,3, #292923
1ba5be73504fd2e52792,21, #6A6960
1ba5be73504fd2e52792,16, #C1C0AF
1ba5be73504fd2e52792,32, #939286
1bb43d0c89ff3bfc9772,0, #1F170E
1bb43d0c89ff3bfc9772,1, #706656
1bb43d0c89ff3bfc9772,10, #988B73
1bb43d0c89ff3bfc9772,4, #4E4233
1bb43d0c89ff3bfc9772,46,#EDE6D1
1bb43d0c89ff3bfc9772,35, #C7BDA8
1bb43d0c89ff3bfc9772,0, #FEFDF2
1bbb3ad71ab6e398f312,12, #2E261B
1bbb3ad71ab6e398f312,3, #DEDEDA
1bbb3ad71ab6e398f312,0, #BEA946
1bbb3ad71ab6e398f312,22, #6B6045
1bbb3ad71ab6e398f312,30, #BDBCB2
1bbb3ad71ab6e398f312,31,#8E8F87
1bbb3ad71ab6e398f312,0, #9D812D
1bbd25d8cc398a2c9f9d,9, #676459
1bbd25d8cc398a2c9f9d,0, #2E2C24
1bbd25d8cc398a2c9f9d,6, #F9F8F2
1bbd25d8cc398a2c9f9d,11, #B7B3A9
1bbd25d8cc398a2c9f9d,18, #908C82
1bbd25d8cc398a2c9f9d,7, #4A473D
1bbd25d8cc398a2c9f9d,46,#DAD6CB
1bbda9e0ff9e53d5dd7c,10, #A9A399
1bbda9e0ff9e53d5dd7c,6, #C8BFB3
1bbda9e0ff9e53d5dd7c,3, #FBF8F6
1bbda9e0ff9e53d5dd7c,15, #857F79
1bbda9e0ff9e53d5dd7c,49,#E9E0D5
1bbda9e0ff9e53d5dd7c,10, #615D59
1bbda9e0ff9e53d5dd7c,4, #4A4846
1bc24642b8a6d55162a1,0, #62565D
1bc24642b8a6d55162a1,5, #A39C8B
1bc24642b8a6d55162a1,9, #C5BA97
1bc24642b8a6d55162a1,0,#F4EEDE
1bc24642b8a6d55162a1,80, #E2D6AC
1bc24642b8a6d55162a1,3, #88785F
1bc47ffe7750b26cdca2,4, #D3C792
1bc47ffe7750b26cdca2,40, #4C3D2D
1bc47ffe7750b26cdca2,5,#222216
1bc47ffe7750b26cdca2,15, #A28459
1bc47ffe7750b26cdca2,12, #B7A575
1bc47ffe7750b26cdca2,21, #796857
1bcbd454d26f1445127f,34, #0F1012
1bcbd454d26f1445127f,13,#A19578
1bcbd454d26f1445127f,4, #F2E5BC
1bcbd454d26f1445127f,14, #C8B490
1bcbd454d26f1445127f,19, #656556
1bcbd454d26f1445127f,14, #363737
1bcc07c54fa997c8b39e,14, #97948A
1bcc07c54fa997c8b39e,22,#EDEBE0
1bcc07c54fa997c8b39e,5, #39372F
1bcc07c54fa997c8b39e,19, #BFBCAF
1bcc07c54fa997c8b39e,15, #78766C
1bcc07c54fa997c8b39e,23, #5A5950
1bd46b07376b34f8feb6,1, #858171
1bd46b07376b34f8feb6,0, #9A9585
1bd46b07376b34f8feb6,0, #404033
1bd46b07376b34f8feb6,1, #615F4F
1bd46b07376b34f8feb6,2, #B8B1A0
1bd46b07376b34f8feb6,85,#D9D1BC
1bd46b07376b34f8feb6,6, #F3E9D3
1bd4c2d585b8b0a0a3d7,2, #2F2518
1bd4c2d585b8b0a0a3d7,25, #F8F6EB
1bd4c2d585b8b0a0a3d7,44,#DFD7BF
1bd4c2d585b8b0a0a3d7,15, #BCB29C
1bd4c2d585b8b0a0a3d7,9, #8F826A
1bd4c2d585b8b0a0a3d7,2, #5E5344
1bdf0c0ba71eea7736a4,54,#F7F4EA
1bdf0c0ba71eea7736a4,3, #787565
1bdf0c0ba71eea7736a4,24, #DFD7C1
1bdf0c0ba71eea7736a4,8, #C0B8A2
1bdf0c0ba71eea7736a4,7, #A09780
1bdf0c0ba71eea7736a4,0, #4A483B
1bdf0c0ba71eea7736a4,1, #5E5B4D
1bdfeca6881263ee102b,1, #A9A68E
1bdfeca6881263ee102b,0, #C3C0AB
1bdfeca6881263ee102b,84, #18110B
1bdfeca6881263ee102b,2, #8C8362
1bdfeca6881263ee102b,9, #473B27
1bdfeca6881263ee102b,1,#645538
1be1f9c3d5713cc82b55,11, #5D594F
1be1f9c3d5713cc82b55,16, #D2CBBB
1be1f9c3d5713cc82b55,8, #7C776B
1be1f9c3d5713cc82b55,5, #948E81
1be1f9c3d5713cc82b55,7, #373631
1be1f9c3d5713cc82b55,46,#EFEAD9
1be1f9c3d5713cc82b55,5, #B1AB9D
1be3f8e46325864d420f,0, #D2D3C5
1be3f8e46325864d420f,1, #BEBCA8
1be3f8e46325864d420f,40, #7C7B68
1be3f8e46325864d420f,46, #5B5E4A
1be3f8e46325864d420f,5,#F5F4ED
1be3f8e46325864d420f,6, #A2A18F
1bee9f512cfe5fe7c572,0, #373533
1bee9f512cfe5fe7c572,0, #9A8335
1bee9f512cfe5fe7c572,80,#0D0806
1bee9f512cfe5fe7c572,0, #8C6F24
1bee9f512cfe5fe7c572,2, #614B13
1bee9f512cfe5fe7c572,15, #3F1B0D
1bee9f512cfe5fe7c572,0, #AF9F4E
1beeb990fcb2241b9cd5,12, #88877A
1beeb990fcb2241b9cd5,9, #68695D
1beeb990fcb2241b9cd5,2,#FBF9F6
1beeb990fcb2241b9cd5,24, #E0DACD
1beeb990fcb2241b9cd5,16, #44463E
1beeb990fcb2241b9cd5,35, #B1AB9E
1bf01a264edc24af75eb,36, #DBD1B0
1bf01a264edc24af75eb,14, #827762
1bf01a264edc24af75eb,2, #524E43
1bf01a264edc24af75eb,12, #9F9683
1bf01a264edc24af75eb,2,#F0EFDC
1bf01a264edc24af75eb,30, #C7B691
1bf32473e2b5bea3e426,45,#F0ECE0
1bf32473e2b5bea3e426,10, #807A67
1bf32473e2b5bea3e426,7, #595444
1bf32473e2b5bea3e426,0, #3A352B
1bf32473e2b5bea3e426,17, #C1BAA8
1bf32473e2b5bea3e426,18, #A29C8A
1bfd8e20dc8d8812a744,6, #D1C2A2
1bfd8e20dc8d8812a744,77, #E5DDC5
1bfd8e20dc8d8812a744,4, #AA9E89
1bfd8e20dc8d8812a744,0, #584636
1bfd8e20dc8d8812a744,4, #83735F
1bfd8e20dc8d8812a744,6,#F9F8F4
1c32dea66e5e21291a63,65, #E7E0C7
1c32dea66e5e21291a63,4, #9C7451
1c32dea66e5e21291a63,15, #FAF9F3
1c32dea66e5e21291a63,8, #C1B79F
1c32dea66e5e21291a63,0,#94938E
1c32dea66e5e21291a63,4, #C19D73
1c3483c37e54df5596ae,1, #C3B775
1c3483c37e54df5596ae,0,#26231D
1c3483c37e54df5596ae,0, #D1C58A
1c3483c37e54df5596ae,32, #786737
1c3483c37e54df5596ae,63, #4C4229
1c3483c37e54df5596ae,2, #AD9E58
1c38c72dd713dabc2401,12, #382B22
1c38c72dd713dabc2401,23, #9B8E75
1c38c72dd713dabc2401,15, #836E4F
1c38c72dd713dabc2401,13, #624C35
1c38c72dd713dabc2401,15, #F2EEDE
1c38c72dd713dabc2401,19,#C6B795
1c413395bb3b33aaa8f0,12, #9D978B
1c413395bb3b33aaa8f0,7, #635C52
1c413395bb3b33aaa8f0,9, #423C36
1c413395bb3b33aaa8f0,8, #877D66
1c413395bb3b33aaa8f0,37,#DAD4C4
1c413395bb3b33aaa8f0,2, #282119
1c413395bb3b33aaa8f0,20, #F7F4EF
1c43c8efae46821186e0,10, #545144
1c43c8efae46821186e0,50, #D6D0BB
1c43c8efae46821186e0,13, #8B8777
1c43c8efae46821186e0,6,#F3F3EA
1c43c8efae46821186e0,14, #B7B19B
1c43c8efae46821186e0,4, #2C2B23
1c4489c5c5451ddad604,59,#F4F2E4
1c4489c5c5451ddad604,2, #938D7B
1c4489c5c5451ddad604,7, #ADA68F
1c4489c5c5451ddad604,0, #5D4E39
1c4489c5c5451ddad604,1, #776E5B
1c4489c5c5451ddad604,29, #D4CFB5
1c450160970bbae7e60e,16, #AEA692
1c450160970bbae7e60e,12, #EDE6CE
1c450160970bbae7e60e,8, #3C3A32
1c450160970bbae7e60e,15, #857F70
1c450160970bbae7e60e,25,#D5CBB4
1c450160970bbae7e60e,8, #625E51
1c450160970bbae7e60e,12, #FAF9F1
1c4a00b3e2a6d6988545,19,#242111
1c4a00b3e2a6d6988545,6, #CEB68F
1c4a00b3e2a6d6988545,6, #AF8D6A
1c4a00b3e2a6d6988545,1, #E5DDBA
1c4a00b3e2a6d6988545,32, #563E26
1c4a00b3e2a6d6988545,33, #915C42
1c549fe535e13b4eac78,6,#FBFAF5
1c549fe535e13b4eac78,2, #454035
1c549fe535e13b4eac78,51, #E6E0CD
1c549fe535e13b4eac78,12, #6D6757
1c549fe535e13b4eac78,9, #968F7E
1c549fe535e13b4eac78,18, #BEB6A2
1c55170c0ac99674f6ac,22, #AB8E6B
1c55170c0ac99674f6ac,32,#C4AD8B
1c55170c0ac99674f6ac,5, #715842
1c55170c0ac99674f6ac,16, #977A59
1c55170c0ac99674f6ac,2, #554537
1c55170c0ac99674f6ac,3, #D9C5A1
1c55170c0ac99674f6ac,17, #81684D
1c55f2600d04ccfa697b,25, #BFB3A3
1c55f2600d04ccfa697b,23, #E6DACA
1c55f2600d04ccfa697b,3,#FAF7F6
1c55f2600d04ccfa697b,16, #584F49
1c55f2600d04ccfa697b,2, #37312E
1c55f2600d04ccfa697b,27, #82786E
1c572d3fbc2f9a550ca4,46, #D3CDC1
1c572d3fbc2f9a550ca4,10, #AFABA0
1c572d3fbc2f9a550ca4,21, #F4EEE2
1c572d3fbc2f9a550ca4,4, #414138
1c572d3fbc2f9a550ca4,7,#908D82
1c572d3fbc2f9a550ca4,8, #6C6A60
1c5824e4b2286193967c,9, #D2CDC0
1c5824e4b2286193967c,12,#8F8C81
1c5824e4b2286193967c,5, #525046
1c5824e4b2286193967c,13, #B0ACA0
1c5824e4b2286193967c,49, #EEEADE
1c5824e4b2286193967c,10, #747165
1c610a1ae930079bf81b,9, #C5B59E
1c610a1ae930079bf81b,29, #EFE6D6
1c610a1ae930079bf81b,4, #988F81
1c610a1ae930079bf81b,0, #5A564F
1c610a1ae930079bf81b,0, #48443E
1c610a1ae930079bf81b,2, #756E66
1c610a1ae930079bf81b,53,#DCD2C4
1c696a4a80a917d9760b,26, #E8E5DC
1c696a4a80a917d9760b,47,#1C0E0B
1c696a4a80a917d9760b,6, #7F6839
1c696a4a80a917d9760b,1, #CEA446
1c696a4a80a917d9760b,2, #938E82
1c696a4a80a917d9760b,3, #BCB9B2
1c696a4a80a917d9760b,11, #4F4125
1c8211fa6bdceb97c00d,12, #6C5A49
1c8211fa6bdceb97c00d,17, #EEE7D0
1c8211fa6bdceb97c00d,9, #A79782
1c8211fa6bdceb97c00d,19,#4F3D2F
1c8211fa6bdceb97c00d,19, #877967
1c8211fa6bdceb97c00d,13, #CCBFA5
1c8211fa6bdceb97c00d,7, #312319
1c88acfa8afd094c9d62,10, #A1917D
1c88acfa8afd094c9d62,7, #CCB99B
1c88acfa8afd094c9d62,23, #826E5B
1c88acfa8afd094c9d62,10, #685546
1c88acfa8afd094c9d62,30, #EADFC1
1c88acfa8afd094c9d62,17,#FBF9F1
1c9cb5c5e67f352bfe5e,18, #605C56
1c9cb5c5e67f352bfe5e,12, #C7C0B5
1c9cb5c5e67f352bfe5e,10, #423F3B
1c9cb5c5e67f352bfe5e,18, #79746C
1c9cb5c5e67f352bfe5e,10, #ECE4D6
1c9cb5c5e67f352bfe5e,20,#959088
1c9cb5c5e67f352bfe5e,8, #AFAAA0
1c9f59c3dae75bb7c5cd,0, #DEDDDC
1c9f59c3dae75bb7c5cd,0, #BDBBB7
1c9f59c3dae75bb7c5cd,9, #4A3E24
1c9f59c3dae75bb7c5cd,1, #928D77
1c9f59c3dae75bb7c5cd,27, #F6F6F5
1c9f59c3dae75bb7c5cd,14, #695F40
1c9f59c3dae75bb7c5cd,46,#281E0E
1ca7c667e3d0348936ba,3, #998E6A
1ca7c667e3d0348936ba,38, #564728
1ca7c667e3d0348936ba,2, #DBD7AE
1ca7c667e3d0348936ba,2, #B6B08A
1ca7c667e3d0348936ba,9, #7D693B
1ca7c667e3d0348936ba,44,#2E2214
1ca8e76ddbdc5665d44f,3, #A39A70
1ca8e76ddbdc5665d44f,19, #605641
1ca8e76ddbdc5665d44f,5, #956F47
1ca8e76ddbdc5665d44f,54,#403124
1ca8e76ddbdc5665d44f,11, #1D1813
1ca8e76ddbdc5665d44f,0, #DED49A
1ca8e76ddbdc5665d44f,4, #C6B683
1cac919150c3c70d447d,51, #362B1B
1cac919150c3c70d447d,4, #6D5D37
1cac919150c3c70d447d,20, #A49165
1cac919150c3c70d447d,13,#140F09
1cac919150c3c70d447d,5, #C7BD91
1cac919150c3c70d447d,5, #8D774D
1cae2f856ae6e41351bd,7,#D8C6A8
1cae2f856ae6e41351bd,6, #292F24
1cae2f856ae6e41351bd,24, #484B3D
1cae2f856ae6e41351bd,29, #F9F3E3
1cae2f856ae6e41351bd,18, #757462
1cae2f856ae6e41351bd,13, #A7A08B
1cb22539fdb72d2fc5ef,1, #A09C8A
1cb22539fdb72d2fc5ef,0, #4E4E44
1cb22539fdb72d2fc5ef,7, #D4CAAE
1cb22539fdb72d2fc5ef,0, #B6B19B
1cb22539fdb72d2fc5ef,1, #827F6D
1cb22539fdb72d2fc5ef,87,#FAF8F0
1cb22539fdb72d2fc5ef,0, #69675A
1cc7ef477941e15bbacf,28, #93897B
1cc7ef477941e15bbacf,20, #C7BCA4
1cc7ef477941e15bbacf,3, #F7F6F2
1cc7ef477941e15bbacf,5, #5A4637
1cc7ef477941e15bbacf,31,#30221A
1cc7ef477941e15bbacf,9, #786655
1cc7ef477941e15bbacf,1, #E1DED3
1cc85b2b7164cf476b26,25, #442D13
1cc85b2b7164cf476b26,0, #86703A
1cc85b2b7164cf476b26,4,#524724
1cc85b2b7164cf476b26,2, #643813
1cc85b2b7164cf476b26,65, #191107
1cc85b2b7164cf476b26,1, #715025
1cd475d816943ac11aaf,15, #4E4128
1cd475d816943ac11aaf,34,#BDA361
1cd475d816943ac11aaf,11, #EBE9C8
1cd475d816943ac11aaf,8, #130F0B
1cd475d816943ac11aaf,24, #7A7457
1cd475d816943ac11aaf,4, #D4C48A
1cdf9f518afc60c2ce65,17, #605C3F
1cdf9f518afc60c2ce65,5, #494431
1cdf9f518afc60c2ce65,24, #B4AC8F
1cdf9f518afc60c2ce65,38,#9E977C
1cdf9f518afc60c2ce65,6, #888264
1cdf9f518afc60c2ce65,6, #726A4B
1cdf9f518afc60c2ce65,1, #2D2B22
1ce098a67e3444544ed8,10, #D1C5A5
1ce098a67e3444544ed8,20, #938158
1ce098a67e3444544ed8,16, #6D5934
1ce098a67e3444544ed8,0, #0F0C04
1ce098a67e3444544ed8,18, #AB9B72
1ce098a67e3444544ed8,10, #40341C
1ce098a67e3444544ed8,23,#BFB28A
1ce1fd4f9b5e533ea491,20, #9A9690
1ce1fd4f9b5e533ea491,16, #6F6C66
1ce1fd4f9b5e533ea491,22, #C3BBAB
1ce1fd4f9b5e533ea491,36, #E0DBD3
1ce1fd4f9b5e533ea491,1, #494742
1ce1fd4f9b5e533ea491,2,#F6F4F0
1ceb65edf4b96775753b,15, #5E594B
1ceb65edf4b96775753b,11, #897651
1ceb65edf4b96775753b,35,#31291E
1ceb65edf4b96775753b,2, #8CA1A7
1ceb65edf4b96775753b,20, #BCAF8F
1ceb65edf4b96775753b,4, #A4987A
1ceb65edf4b96775753b,8, #D9CBAD
1cf0f79dd279b37a5269,11, #D3CEBB
1cf0f79dd279b37a5269,1, #FBFBF7
1cf0f79dd279b37a5269,6, #B2AE9F
1cf0f79dd279b37a5269,26, #69675B
1cf0f79dd279b37a5269,29,#494840
1cf0f79dd279b37a5269,5, #EEEADA
1cf0f79dd279b37a5269,19, #8A877A
1d01ac972ff1333c2bc7,46,#F2EFE6
1d01ac972ff1333c2bc7,7, #56564B
1d01ac972ff1333c2bc7,11, #7B796D
1d01ac972ff1333c2bc7,19, #C8C0AC
1d01ac972ff1333c2bc7,3, #A29E93
1d01ac972ff1333c2bc7,11, #34342D
1d0550065ab8b539e28d,0, #15110B
1d0550065ab8b539e28d,1, #86713C
1d0550065ab8b539e28d,11, #6E5E33
1d0550065ab8b539e28d,0, #9D8D58
1d0550065ab8b539e28d,29, #5E3E23
1d0550065ab8b539e28d,0, #AAA17D
1d0550065ab8b539e28d,56,#2B2517
1d142513755f51183722,5, #9F9D92
1d142513755f51183722,10, #C9C6B6
1d142513755f51183722,57,#7C7560
1d142513755f51183722,4, #F1EEE4
1d142513755f51183722,8, #524637
1d142513755f51183722,1, #080705
1d142513755f51183722,12, #2B2118
1d1aba8692b4adbba6ff,49,#E0DED3
1d1aba8692b4adbba6ff,1, #4C4B41
1d1aba8692b4adbba6ff,10, #8E8B80
1d1aba8692b4adbba6ff,20, #F5F2E8
1d1aba8692b4adbba6ff,7, #AEABA0
1d1aba8692b4adbba6ff,3, #6B695D
1d1aba8692b4adbba6ff,6, #CCC9BF
1d1d7e9d874ed340e269,0, #CBB278
1d1d7e9d874ed340e269,21, #673E23
1d1d7e9d874ed340e269,16, #715834
1d1d7e9d874ed340e269,40,#332A1E
1d1d7e9d874ed340e269,3, #B59966
1d1d7e9d874ed340e269,1, #13120E
1d1d7e9d874ed340e269,15, #A07F43
1d200dd859b4ea9d3e18,22, #5D3E1A
1d200dd859b4ea9d3e18,5, #3B1803
1d200dd859b4ea9d3e18,24, #90826A
1d200dd859b4ea9d3e18,13, #765835
1d200dd859b4ea9d3e18,26, #B8A78B
1d200dd859b4ea9d3e18,7,#020200
1d30f9b937d8379dcc48,26, #A4A093
1d30f9b937d8379dcc48,13, #5E5C53
1d30f9b937d8379dcc48,31, #D4D1C0
1d30f9b937d8379dcc48,2,#F0ECDA
1d30f9b937d8379dcc48,15, #7B786D
1d30f9b937d8379dcc48,11, #36352D
1d41fd38b4516bfbc27a,13, #7C786F
1d41fd38b4516bfbc27a,34,#EAE2D5
1d41fd38b4516bfbc27a,5, #CAC3B6
1d41fd38b4516bfbc27a,18, #5E5A54
1d41fd38b4516bfbc27a,4, #3B3A35
1d41fd38b4516bfbc27a,9, #948E84
1d41fd38b4516bfbc27a,13, #ADA79B
1d42fe63ea1a18322ced,33, #715E3E
1d42fe63ea1a18322ced,5, #D7CFB6
1d42fe63ea1a18322ced,38, #9F9272
1d42fe63ea1a18322ced,14, #483021
1d42fe63ea1a18322ced,5,#F2EFE9
1d42fe63ea1a18322ced,4, #CBBC92
1d49d07e9e63a4fa6402,29, #150A05
1d49d07e9e63a4fa6402,5, #A87D3C
1d49d07e9e63a4fa6402,6, #86491B
1d49d07e9e63a4fa6402,2, #C9AA6C
1d49d07e9e63a4fa6402,52, #482D13
1d49d07e9e63a4fa6402,4,#6B6443
1d5a5fe9d94b6f59468f,2, #846553
1d5a5fe9d94b6f59468f,3, #C9BAA3
1d5a5fe9d94b6f59468f,0, #41392E
1d5a5fe9d94b6f59468f,60, #DFD6C5
1d5a5fe9d94b6f59468f,30,#F7F2DF
1d5a5fe9d94b6f59468f,3, #A58F77
1d6d97e817371a6ad101,2, #434338
1d6d97e817371a6ad101,14, #898779
1d6d97e817371a6ad101,7, #69695B
1d6d97e817371a6ad101,21, #B1ACA0
1d6d97e817371a6ad101,17, #D1CBBF
1d6d97e817371a6ad101,37,#F2EDE1
1d726e06fe56d0171159,4, #686762
1d726e06fe56d0171159,4, #484742
1d726e06fe56d0171159,2, #B37264
1d726e06fe56d0171159,6, #8A8882
1d726e06fe56d0171159,13, #C5B1A5
1d726e06fe56d0171159,69,#EFE9E1
1d76fa60ba31dc02e12a,15, #9A9180
1d76fa60ba31dc02e12a,3, #69553F
1d76fa60ba31dc02e12a,30, #DBD2BA
1d76fa60ba31dc02e12a,11, #88765C
1d76fa60ba31dc02e12a,8,#F4F3EC
1d76fa60ba31dc02e12a,30, #BCAB89
1d832059c8181405114c,10, #686559
1d832059c8181405114c,8, #45443D
1d832059c8181405114c,32, #C6BFAB
1d832059c8181405114c,18, #888274
1d832059c8181405114c,5, #A7A090
1d832059c8181405114c,24,#F4F2E3
1d91056ab2e38b97b068,8, #86522E
1d91056ab2e38b97b068,2, #A3925D
1d91056ab2e38b97b068,3, #B9AE7E
1d91056ab2e38b97b068,4,#7B7349
1d91056ab2e38b97b068,22, #534C34
1d91056ab2e38b97b068,58, #2B2215
1d943f0f40a7371d593c,9, #9F9682
1d943f0f40a7371d593c,25, #E5DEC7
1d943f0f40a7371d593c,0, #FEFEED
1d943f0f40a7371d593c,4, #837C6B
1d943f0f40a7371d593c,14, #37342E
1d943f0f40a7371d593c,19, #5C564B
1d943f0f40a7371d593c,26,#C3B9A1
1d96251f886d0cac5c98,16, #B3A772
1d96251f886d0cac5c98,25,#4A3A27
1d96251f886d0cac5c98,9, #998E60
1d96251f886d0cac5c98,1, #C8C092
1d96251f886d0cac5c98,14, #100907
1d96251f886d0cac5c98,9, #2B1D16
1d96251f886d0cac5c98,22, #776D4F
1d9862862dc32d571554,3, #4E483D
1d9862862dc32d571554,11,#7C7568
1d9862862dc32d571554,0, #29241E
1d9862862dc32d571554,10, #ACA594
1d9862862dc32d571554,9, #CBC4B2
1d9862862dc32d571554,64, #F2EBD7
1d9fd624455964d7d1a8,1, #D9D3B0
1d9fd624455964d7d1a8,7, #8C8872
1d9fd624455964d7d1a8,6, #796E4E
1d9fd624455964d7d1a8,6, #AAA790
1d9fd624455964d7d1a8,27, #2B2519
1d9fd624455964d7d1a8,51,#575039
1da28dae257372e5adf5,0,#AD9E5D
1da28dae257372e5adf5,12, #695F29
1da28dae257372e5adf5,25, #251F0C
1da28dae257372e5adf5,0, #C5BD82
1da28dae257372e5adf5,5, #8A7C3D
1da28dae257372e5adf5,55, #4F4116
1da6d7cf7b954c4eb4c9,2, #EFECE5
1da6d7cf7b954c4eb4c9,6, #726C57
1da6d7cf7b954c4eb4c9,3, #8F8972
1da6d7cf7b954c4eb4c9,8, #B2AD9B
1da6d7cf7b954c4eb4c9,0, #D3D0CA
1da6d7cf7b954c4eb4c9,65,#22211C
1da6d7cf7b954c4eb4c9,13, #464233
1daa49bc85737ffdd8bc,3, #998B6F
1daa49bc85737ffdd8bc,19,#AEB0A9
1daa49bc85737ffdd8bc,4, #172323
1daa49bc85737ffdd8bc,7, #564B3F
1daa49bc85737ffdd8bc,14, #6E6C5B
1daa49bc85737ffdd8bc,51, #CACDBB
1db6d8914a8fda362dcc,0, #808E8B
1db6d8914a8fda362dcc,22, #B3BAB5
1db6d8914a8fda362dcc,33, #869EA8
1db6d8914a8fda362dcc,0,#6D6D68
1db6d8914a8fda362dcc,35, #5B7D9A
1db6d8914a8fda362dcc,8, #41638B
1dbc9416e24c8d570e6e,11, #6B6461
1dbc9416e24c8d570e6e,31,#E0DCDA
1dbc9416e24c8d570e6e,8, #443B34
1dbc9416e24c8d570e6e,11, #897E6A
1dbc9416e24c8d570e6e,23, #B6B3B6
1dbc9416e24c8d570e6e,10, #A3957D
1dbc9416e24c8d570e6e,2, #171616
1dc6e75b6ad111c0b2ea,22, #A49685
1dc6e75b6ad111c0b2ea,30, #CAC0B3
1dc6e75b6ad111c0b2ea,9, #7F776D
1dc6e75b6ad111c0b2ea,18, #5D5650
1dc6e75b6ad111c0b2ea,1, #39332E
1dc6e75b6ad111c0b2ea,17,#EEE0D2
1dd219c7f32fd8baf519,24,#F5F2EF
1dd219c7f32fd8baf519,9, #423B36
1dd219c7f32fd8baf519,12, #766B5F
1dd219c7f32fd8baf519,32, #BDB19D
1dd219c7f32fd8baf519,15, #9D907D
1dd219c7f32fd8baf519,6, #D9CFC4
1dd5513b595dd07bd567,40, #D7D0C1
1dd5513b595dd07bd567,33,#F7F2E3
1dd5513b595dd07bd567,5, #6F705F
1dd5513b595dd07bd567,11, #B2AD9F
1dd5513b595dd07bd567,2, #3E4030
1dd5513b595dd07bd567,5, #908D7E
1dd61fce28c41724a3fe,26, #D9D0B9
1dd61fce28c41724a3fe,7, #B7AC95
1dd61fce28c41724a3fe,4, #3C3A34
1dd61fce28c41724a3fe,42,#F6EFD8
1dd61fce28c41724a3fe,5, #8F8674
1dd61fce28c41724a3fe,13, #665F53
1dd81c91f4a76ee24152,0, #72695E
1dd81c91f4a76ee24152,89, #F2EDE9
1dd81c91f4a76ee24152,7, #CFC9C1
1dd81c91f4a76ee24152,0, #8F887E
1dd81c91f4a76ee24152,1, #B5AFA6
1dd81c91f4a76ee24152,0,#A49D94
1dd93877e89c085545f8,29, #54503C
1dd93877e89c085545f8,14, #7A7958
1dd93877e89c085545f8,0, #768E8F
1dd93877e89c085545f8,6, #313029
1dd93877e89c085545f8,30,#99A694
1dd93877e89c085545f8,3, #9F9B6F
1dd93877e89c085545f8,15, #B9B68D
1dda6455345cba538f27,17, #C1BCA6
1dda6455345cba538f27,49,#DFDED1
1dda6455345cba538f27,1, #4B402B
1dda6455345cba538f27,7, #8A8374
1dda6455345cba538f27,9, #6C614B
1dda6455345cba538f27,13, #A49D88
1dda6455345cba538f27,1, #F3F2E7
1dddc9a1f00df15c7c9f,10, #767666
1dddc9a1f00df15c7c9f,2, #39392D
1dddc9a1f00df15c7c9f,10, #565648
1dddc9a1f00df15c7c9f,10, #909080
1dddc9a1f00df15c7c9f,8, #ACAB99
1dddc9a1f00df15c7c9f,37,#F2EFDB
1dddc9a1f00df15c7c9f,21, #CAC7B5
1dec63cd284c7b8f4311,8, #2F2E23
1dec63cd284c7b8f4311,22, #788A7B
1dec63cd284c7b8f4311,4, #DFD4A5
1dec63cd284c7b8f4311,5, #CEBA76
1dec63cd284c7b8f4311,41,#696145
1dec63cd284c7b8f4311,8, #A1A587
1dec63cd284c7b8f4311,9, #A47E4B
1dedbd4629d19ac6280c,10, #80796F
1dedbd4629d19ac6280c,1,#F5EBDD
1dedbd4629d19ac6280c,32, #A9A195
1dedbd4629d19ac6280c,34, #D9CFC1
1dedbd4629d19ac6280c,15, #5C5651
1dedbd4629d19ac6280c,6, #3C3734
1df3311a1a5f8d449051,4,#868277
1df3311a1a5f8d449051,4, #4A473E
1df3311a1a5f8d449051,4, #6B685D
1df3311a1a5f8d449051,0, #29261E
1df3311a1a5f8d449051,76, #EFEEDF
1df3311a1a5f8d449051,9, #C0B598
1df49d49438970c28539,0, #F2EAB0
1df49d49438970c28539,34,#A39871
1df49d49438970c28539,9, #332B1B
1df49d49438970c28539,0, #C1AD64
1df49d49438970c28539,29, #DBCB8B
1df49d49438970c28539,10, #78755E
1df49d49438970c28539,14, #615232
1df7d5ce2efc9bb97209,18, #5B574C
1df7d5ce2efc9bb97209,3,#F6F3E9
1df7d5ce2efc9bb97209,7, #DFD9C7
1df7d5ce2efc9bb97209,36, #837E6E
1df7d5ce2efc9bb97209,6, #C6C0AD
1df7d5ce2efc9bb97209,26, #A9A392
1e109be14ff6fc160062,7, #717C82
1e109be14ff6fc160062,59,#4F3321
1e109be14ff6fc160062,3, #957D52
1e109be14ff6fc160062,1, #A79670
1e109be14ff6fc160062,0, #B8B19A
1e109be14ff6fc160062,13, #675D47
1e109be14ff6fc160062,14, #0F1209
1e10baf256bb16684318,12, #B4B097
1e10baf256bb16684318,5, #9E9A82
1e10baf256bb16684318,0, #312F23
1e10baf256bb16684318,68,#D1CEB2
1e10baf256bb16684318,4, #6D6955
1e10baf256bb16684318,5, #8C8870
1e10baf256bb16684318,1, #545240
1e137540135fd7418f12,8, #6E6C62
1e137540135fd7418f12,44, #BDB8AA
1e137540135fd7418f12,14, #363732
1e137540135fd7418f12,14, #908D82
1e137540135fd7418f12,7,#F2EFE6
1e137540135fd7418f12,10, #525249
1e1498e85622d1700325,8,#FBF9F2
1e1498e85622d1700325,54, #756F5E
1e1498e85622d1700325,14, #A39D89
1e1498e85622d1700325,4, #C8C0A7
1e1498e85622d1700325,10, #E8E1C8
1e1498e85622d1700325,7, #48453A
1e152cce091f8de2633a,1, #9F8A5A
1e152cce091f8de2633a,18,#1A1410
1e152cce091f8de2633a,16, #6F6345
1e152cce091f8de2633a,62, #5B3520
1e152cce091f8de2633a,0, #BEAE7E
1e152cce091f8de2633a,0, #9D4628
1e2096f5f9c9bc7ee562,80, #ECE5D7
1e2096f5f9c9bc7ee562,4, #9C958C
1e2096f5f9c9bc7ee562,3, #857E76
1e2096f5f9c9bc7ee562,0, #B18558
1e2096f5f9c9bc7ee562,0, #615B56
1e2096f5f9c9bc7ee562,11,#BEB7AD
1e22a275f5019b8a663f,1, #FCFBF7
1e22a275f5019b8a663f,58,#BEB199
1e22a275f5019b8a663f,0, #EEE9D8
1e22a275f5019b8a663f,2, #666153
1e22a275f5019b8a663f,24, #958E80
1e22a275f5019b8a663f,6, #807868
1e22a275f5019b8a663f,7, #DDD3BC
1e25ac879efbc1ece68f,9, #404037
1e25ac879efbc1ece68f,14, #928E80
1e25ac879efbc1ece68f,20, #6B6A5C
1e25ac879efbc1ece68f,31, #D5CDBB
1e25ac879efbc1ece68f,16,#F7F4E7
1e25ac879efbc1ece68f,7, #B3AEA0
1e309f1998fb0dbe1c0f,2, #90470F
1e309f1998fb0dbe1c0f,0, #C5AE62
1e309f1998fb0dbe1c0f,12, #877743
1e309f1998fb0dbe1c0f,44,#0E0C06
1e309f1998fb0dbe1c0f,39, #443619
1e309f1998fb0dbe1c0f,1, #D0C8A2
1e3eac4baaba8e49070f,14, #7E7A6B
1e3eac4baaba8e49070f,14,#F3F1E5
1e3eac4baaba8e49070f,6, #34332A
1e3eac4baaba8e49070f,25, #D0CBB9
1e3eac4baaba8e49070f,18, #595649
1e3eac4baaba8e49070f,21, #A39F8F
1e4692629cc1f9fffc7e,0,#D8E0E1
1e4692629cc1f9fffc7e,11, #888989
1e4692629cc1f9fffc7e,61, #A7ACAD
1e4692629cc1f9fffc7e,17, #655E58
1e4692629cc1f9fffc7e,1, #221813
1e4692629cc1f9fffc7e,7, #46372D
1e4cfca5cfac0eda6a6e,0, #7E8982
1e4cfca5cfac0eda6a6e,1, #5E6862
1e4cfca5cfac0eda6a6e,57,#242121
1e4cfca5cfac0eda6a6e,0, #BABDAB
1e4cfca5cfac0eda6a6e,16, #484433
1e4cfca5cfac0eda6a6e,11, #8E824F
1e4cfca5cfac0eda6a6e,11, #695E36
1e4f1e5bed7c7d2aa58b,49, #332917
1e4f1e5bed7c7d2aa58b,48,#110E0A
1e4f1e5bed7c7d2aa58b,0, #9A8756
1e4f1e5bed7c7d2aa58b,0, #877240
1e4f1e5bed7c7d2aa58b,0, #AC9B70
1e4f1e5bed7c7d2aa58b,1, #5F4E24
1e5574fc66d120181abe,6, #7E7765
1e5574fc66d120181abe,19, #F6F4EB
1e5574fc66d120181abe,3, #574F41
1e5574fc66d120181abe,3, #1D170F
1e5574fc66d120181abe,18, #B1A68F
1e5574fc66d120181abe,48,#DCD2BC
1e562c5c003c4348fd7b,7, #3B3327
1e562c5c003c4348fd7b,0,#6E6D6C
1e562c5c003c4348fd7b,4, #989179
1e562c5c003c4348fd7b,53, #17150F
1e562c5c003c4348fd7b,5, #655333
1e562c5c003c4348fd7b,27, #BFBFBF
1e5984a77ca6f052aa38,12, #4D3E3A
1e5984a77ca6f052aa38,24, #CEBF8A
1e5984a77ca6f052aa38,9,#2B282D
1e5984a77ca6f052aa38,19, #706359
1e5984a77ca6f052aa38,16, #F0E6BC
1e5984a77ca6f052aa38,18, #A2895E
1e5c6a331d55ee529458,9, #1D1A13
1e5c6a331d55ee529458,1, #AB9D7A
1e5c6a331d55ee529458,18, #7C6441
1e5c6a331d55ee529458,0, #425553
1e5c6a331d55ee529458,30, #60442A
1e5c6a331d55ee529458,37,#393429
1e5c6a331d55ee529458,3, #94815F
1e61f4971f527a86965a,4, #B5AC92
1e61f4971f527a86965a,12, #593A25
1e61f4971f527a86965a,57, #241912
1e61f4971f527a86965a,8, #505B60
1e61f4971f527a86965a,14,#938168
1e61f4971f527a86965a,1, #203042
1e64aafca30ef584809b,7, #52514E
1e64aafca30ef584809b,9, #767470
1e64aafca30ef584809b,16, #989691
1e64aafca30ef584809b,0, #2D2C2B
1e64aafca30ef584809b,41, #C6C2B9
1e64aafca30ef584809b,24,#F4F2E7
1e68d9edf4cae447dc52,3, #7B7E54
1e68d9edf4cae447dc52,11, #636841
1e68d9edf4cae447dc52,24,#393519
1e68d9edf4cae447dc52,50, #1C1B0D
1e68d9edf4cae447dc52,9, #4C4E2A
1e68d9edf4cae447dc52,0, #8D8E67
1e6a7503c8a6359fefc6,11, #909185
1e6a7503c8a6359fefc6,54,#F4F4EC
1e6a7503c8a6359fefc6,12, #404139
1e6a7503c8a6359fefc6,2, #D3D3C7
1e6a7503c8a6359fefc6,7, #69695E
1e6a7503c8a6359fefc6,12, #B9B9AE
1e71aa4942e9b1dc32b9,0, #C5C2B5
1e71aa4942e9b1dc32b9,12, #6B6856
1e71aa4942e9b1dc32b9,7,#181815
1e71aa4942e9b1dc32b9,15, #918470
1e71aa4942e9b1dc32b9,13, #504F42
1e71aa4942e9b1dc32b9,50, #37362D
1e86b1561b587721c71d,0,#FEFAEA
1e86b1561b587721c71d,1, #686658
1e86b1561b587721c71d,24, #A29E90
1e86b1561b587721c71d,46, #DFD8C8
1e86b1561b587721c71d,7, #838073
1e86b1561b587721c71d,18, #C6BFAE
1e8e61c928c5bfef88b0,18,#231D16
1e8e61c928c5bfef88b0,3, #D5BF90
1e8e61c928c5bfef88b0,12, #AB9163
1e8e61c928c5bfef88b0,0, #EFDAA8
1e8e61c928c5bfef88b0,42, #483D2D
1e8e61c928c5bfef88b0,23, #746141
1e975ebf5931741f7733,2, #BDB099
1e975ebf5931741f7733,6,#6F4F28
1e975ebf5931741f7733,18, #2F2F25
1e975ebf5931741f7733,9, #8E8561
1e975ebf5931741f7733,3, #4C5E61
1e975ebf5931741f7733,60, #0F0E08
1e9af57331cef6c7f4d5,25, #403E38
1e9af57331cef6c7f4d5,24, #69655A
1e9af57331cef6c7f4d5,2,#F9F8F3
1e9af57331cef6c7f4d5,17, #ADA798
1e9af57331cef6c7f4d5,16, #D6D0BF
1e9af57331cef6c7f4d5,13, #868174
1e9ca77a212e11761fb1,19, #625644
1e9ca77a212e11761fb1,26, #504232
1e9ca77a212e11761fb1,23, #81735B
1e9ca77a212e11761fb1,27, #2A221C
1e9ca77a212e11761fb1,2,#A3957B
1e9ca77a212e11761fb1,0, #BAAD93
1ea464fd98725663b198,1, #14100A
1ea464fd98725663b198,3, #B7B6AC
1ea464fd98725663b198,51,#7B6F50
1ea464fd98725663b198,12, #F3F1E7
1ea464fd98725663b198,16, #4D453B
1ea464fd98725663b198,4, #D0CFC1
1ea464fd98725663b198,10, #96938E
1ea78e193b6afa528973,23, #9F927B
1ea78e193b6afa528973,7, #C1B8A4
1ea78e193b6afa528973,22, #817059
1ea78e193b6afa528973,2, #DBD6C8
1ea78e193b6afa528973,29,#EBE8DF
1ea78e193b6afa528973,3, #41301B
1ea78e193b6afa528973,10, #61523C
1eae1bab484d72d0000a,70,#5E2120
1eae1bab484d72d0000a,2, #E4E3DB
1eae1bab484d72d0000a,7, #A9855E
1eae1bab484d72d0000a,6, #CBBA98
1eae1bab484d72d0000a,6, #485F72
1eae1bab484d72d0000a,0, #183254
1eae1bab484d72d0000a,6, #96522D
1edb69f910d9d7347a24,5, #DED6BD
1edb69f910d9d7347a24,15, #454136
1edb69f910d9d7347a24,36,#F9F7E6
1edb69f910d9d7347a24,22, #766F5E
1edb69f910d9d7347a24,9, #9D9581
1edb69f910d9d7347a24,10, #B9B098
1ee09d4426ac4f537484,23, #C9C5AF
1ee09d4426ac4f537484,17, #807B70
1ee09d4426ac4f537484,4, #1E1B1A
1ee09d4426ac4f537484,14, #5A554E
1ee09d4426ac4f537484,9, #F3F3E8
1ee09d4426ac4f537484,23,#3A3532
1ee09d4426ac4f537484,7, #A19C8D
1ee1a0da59775a11dd79,10, #7A745D
1ee1a0da59775a11dd79,58, #2D2B22
1ee1a0da59775a11dd79,8, #514C3A
1ee1a0da59775a11dd79,8, #D8CFB3
1ee1a0da59775a11dd79,7,#F8F6EE
1ee1a0da59775a11dd79,5, #AAA187
1ee6bb32659c0f1fe68b,22, #B5AE97
1ee6bb32659c0f1fe68b,9, #83522A
1ee6bb32659c0f1fe68b,3, #917E51
1ee6bb32659c0f1fe68b,18, #949286
1ee6bb32659c0f1fe68b,46, #3F280F
1ee6bb32659c0f1fe68b,0,#57585B
1ee8593dcfad7e560eae,12, #120E0A
1ee8593dcfad7e560eae,38, #3E2B22
1ee8593dcfad7e560eae,0,#FCFBF6
1ee8593dcfad7e560eae,25, #B1A67E
1ee8593dcfad7e560eae,5, #E1DDC3
1ee8593dcfad7e560eae,18, #68614F
1eed2aeb39524f3eb248,2, #5A584E
1eed2aeb39524f3eb248,3, #7B786E
1eed2aeb39524f3eb248,39,#F7F7E9
1eed2aeb39524f3eb248,46, #D7D3C1
1eed2aeb39524f3eb248,0, #403F36
1eed2aeb39524f3eb248,7, #9F9D92
1ef14a5c8be59b7c0cfc,4, #938C79
1ef14a5c8be59b7c0cfc,2, #787464
1ef14a5c8be59b7c0cfc,6, #ABA593
1ef14a5c8be59b7c0cfc,38,#F9F8F1
1ef14a5c8be59b7c0cfc,2, #555243
1ef14a5c8be59b7c0cfc,44, #CDC7B2
1efa003d46f464d9b619,20, #9E927A
1efa003d46f464d9b619,0, #DED7C8
1efa003d46f464d9b619,2,#F8F6EF
1efa003d46f464d9b619,9, #746950
1efa003d46f464d9b619,59, #C7B696
1efa003d46f464d9b619,7, #413D2D
1efbab1c1cbb922d6bca,10, #646039
1efbab1c1cbb922d6bca,32,#2F2816
1efbab1c1cbb922d6bca,24, #524829
1efbab1c1cbb922d6bca,7, #757144
1efbab1c1cbb922d6bca,7, #A79E6A
1efbab1c1cbb922d6bca,13, #898252
1efbab1c1cbb922d6bca,3, #B9AD77
1efd6b81443019c83903,12, #C0B59F
1efd6b81443019c83903,14, #52493F
1efd6b81443019c83903,59,#DDD6C5
1efd6b81443019c83903,2, #28291D
1efd6b81443019c83903,2, #F7F4EA
1efd6b81443019c83903,6, #827465
1efd6b81443019c83903,2, #B1A081
1efef6318f993de9f3e9,1, #F7F5EE
1efef6318f993de9f3e9,10, #A29481
1efef6318f993de9f3e9,19, #E3DCCE
1efef6318f993de9f3e9,0, #7D6A5A
1efef6318f993de9f3e9,4, #897B6B
1efef6318f993de9f3e9,20, #C1B29A
1efef6318f993de9f3e9,42,#D2C7B5
1f01b47f430c2f0648e4,15, #49482C
1f01b47f430c2f0648e4,16,#232217
1f01b47f430c2f0648e4,2, #C4B788
1f01b47f430c2f0648e4,7, #8E855F
1f01b47f430c2f0648e4,12, #AE9D71
1f01b47f430c2f0648e4,44, #6E6B43
1f07136c7a1a4d1c86fa,31, #736B59
1f07136c7a1a4d1c86fa,3, #D3D6D6
1f07136c7a1a4d1c86fa,20, #B8BBB6
1f07136c7a1a4d1c86fa,2,#F0F4F5
1f07136c7a1a4d1c86fa,11, #3B2C20
1f07136c7a1a4d1c86fa,30, #9E9986
1f145fdd1401e01db72f,23, #7D7856
1f145fdd1401e01db72f,0, #A69E75
1f145fdd1401e01db72f,16, #5B5331
1f145fdd1401e01db72f,13, #191812
1f145fdd1401e01db72f,0,#D3C79C
1f145fdd1401e01db72f,46, #3E3624
1f1b27e2d1d80831f12c,13, #E1DDD0
1f1b27e2d1d80831f12c,9, #5A574A
1f1b27e2d1d80831f12c,14, #8D897B
1f1b27e2d1d80831f12c,0, #3A3830
1f1b27e2d1d80831f12c,13, #BBB7AA
1f1b27e2d1d80831f12c,48,#F9F8F4
1f1c474523bcc9dc8baa,4, #7A7162
1f1c474523bcc9dc8baa,6, #918B7B
1f1c474523bcc9dc8baa,5, #AAA38F
1f1c474523bcc9dc8baa,0, #625A4F
1f1c474523bcc9dc8baa,71,#F2F3EF
1f1c474523bcc9dc8baa,8, #C4BFAA
1f1c474523bcc9dc8baa,2, #E2DFD0
1f20d96f6df367b94159,7, #908A75
1f20d96f6df367b94159,13, #2B291F
1f20d96f6df367b94159,11, #827555
1f20d96f6df367b94159,2, #D2CDB7
1f20d96f6df367b94159,22, #453F2F
1f20d96f6df367b94159,18, #AAA38A
1f20d96f6df367b94159,23,#5C5540
1f31d750778284af243f,15, #57554F
1f31d750778284af243f,16, #F2E9D9
1f31d750778284af243f,18, #D5CDC0
1f31d750778284af243f,6, #918C83
1f31d750778284af243f,8, #B2ADA2
1f31d750778284af243f,26,#32322F
1f31d750778284af243f,8, #747169
1f32602e4bc6156ca35e,5, #464742
1f32602e4bc6156ca35e,8, #FAFAF8
1f32602e4bc6156ca35e,10, #656661
1f32602e4bc6156ca35e,24,#D6D5CB
1f32602e4bc6156ca35e,15, #AEAFAC
1f32602e4bc6156ca35e,22, #30302A
1f32602e4bc6156ca35e,11, #868683
1f394beb4a5ab8d7ca61,1, #5B4E46
1f394beb4a5ab8d7ca61,3, #BAAE98
1f394beb4a5ab8d7ca61,16, #D1C9BB
1f394beb4a5ab8d7ca61,73,#F3F3F1
1f394beb4a5ab8d7ca61,2, #999084
1f394beb4a5ab8d7ca61,1, #362D28
1f394beb4a5ab8d7ca61,1, #7B6E63
1f3b23fa30eba8d02ddf,8, #705B31
1f3b23fa30eba8d02ddf,0, #DDCB7C
1f3b23fa30eba8d02ddf,12, #080F14
1f3b23fa30eba8d02ddf,6, #AC9147
1f3b23fa30eba8d02ddf,71,#39393F
1f3b23fa30eba8d02ddf,0, #7B7C81
1f3b23fa30eba8d02ddf,0, #5D6068
1f43e58091e2a612698c,30,#A0A4B1
1f43e58091e2a612698c,44, #E1E1DB
1f43e58091e2a612698c,5, #323736
1f43e58091e2a612698c,3, #0C1314
1f43e58091e2a612698c,12, #5E605F
1f43e58091e2a612698c,3, #8C8271
1f4c95660db4447b5786,11, #6E6055
1f4c95660db4447b5786,29,#ACA297
1f4c95660db4447b5786,0, #35241B
1f4c95660db4447b5786,25, #CECBBF
1f4c95660db4447b5786,3, #5C4539
1f4c95660db4447b5786,29, #897F74
1f4d53b3d351f69d7fd4,4, #8A8767
1f4d53b3d351f69d7fd4,71,#17160B
1f4d53b3d351f69d7fd4,14, #3E3C23
1f4d53b3d351f69d7fd4,0, #C6CFAF
1f4d53b3d351f69d7fd4,6, #615939
1f4d53b3d351f69d7fd4,0, #EEF3E2
1f4d53b3d351f69d7fd4,1, #ABAC8D
1f4fc73b65762518fff5,21, #928E80
1f4fc73b65762518fff5,20,#EBE4D3
1f4fc73b65762518fff5,3, #48463C
1f4fc73b65762518fff5,24, #6B675A
1f4fc73b65762518fff5,8, #C9C3B4
1f4fc73b65762518fff5,22, #AEA99B
1f54461144751c937c29,32,#47474E
1f54461144751c937c29,25, #B9A37D
1f54461144751c937c29,29, #D8C697
1f54461144751c937c29,1, #E4E0D6
1f54461144751c937c29,5, #8B7B6B
1f54461144751c937c29,0, #090803
1f54461144751c937c29,4, #1E1F24
1f552fa960680dd685eb,37,#E5DFC6
1f552fa960680dd685eb,0, #272118
1f552fa960680dd685eb,10, #C4BA9E
1f552fa960680dd685eb,21, #6E6252
1f552fa960680dd685eb,29, #9E937B
1f552fa960680dd685eb,1, #4D3F30
1f590fbc4212e630d5c9,0, #7E2617
1f590fbc4212e630d5c9,15, #77583C
1f590fbc4212e630d5c9,1, #C5AF90
1f590fbc4212e630d5c9,11,#394D63
1f590fbc4212e630d5c9,4, #95846E
1f590fbc4212e630d5c9,65, #271E17
1f59877a9c74e1949473,16, #918A81
1f59877a9c74e1949473,10, #58544E
1f59877a9c74e1949473,6, #B3A99E
1f59877a9c74e1949473,14, #CDC3B3
1f59877a9c74e1949473,20, #756E66
1f59877a9c74e1949473,31,#F0E8D5
1f5d97c7f8542a1a96fb,11, #877C61
1f5d97c7f8542a1a96fb,16,#FCFBF3
1f5d97c7f8542a1a96fb,6, #EBE5D2
1f5d97c7f8542a1a96fb,8, #9C9581
1f5d97c7f8542a1a96fb,28, #DACFB3
1f5d97c7f8542a1a96fb,28, #BEB598
1f5e8d3424fbea3b7f37,22, #ECE8D0
1f5e8d3424fbea3b7f37,6, #9D998A
1f5e8d3424fbea3b7f37,16,#371D1E
1f5e8d3424fbea3b7f37,6, #D0C9AF
1f5e8d3424fbea3b7f37,32, #5F403B
1f5e8d3424fbea3b7f37,14, #95705D
1f660125f5ab3b5583a3,1, #8C6C5D
1f660125f5ab3b5583a3,0, #271D0F
1f660125f5ab3b5583a3,10, #D5CCB1
1f660125f5ab3b5583a3,7, #9C917C
1f660125f5ab3b5583a3,0, #463921
1f660125f5ab3b5583a3,1, #685845
1f660125f5ab3b5583a3,78,#F3F1E1
1f6cb5ff1ea7cc2f5b28,3, #3C3A30
1f6cb5ff1ea7cc2f5b28,8, #A29E8D
1f6cb5ff1ea7cc2f5b28,8, #7F7A6A
1f6cb5ff1ea7cc2f5b28,18, #C9C2AC
1f6cb5ff1ea7cc2f5b28,11, #5E5A4D
1f6cb5ff1ea7cc2f5b28,49,#F1ECDB
1f8979faf773dc8a014f,8, #878373
1f8979faf773dc8a014f,19, #B4AF9C
1f8979faf773dc8a014f,19, #D8D2BF
1f8979faf773dc8a014f,7, #5C594B
1f8979faf773dc8a014f,1, #38372C
1f8979faf773dc8a014f,42,#F8F5E4
1f8bafd75d3046064f5f,1, #39362D
1f8bafd75d3046064f5f,10, #747164
1f8bafd75d3046064f5f,24, #BFBDAF
1f8bafd75d3046064f5f,22, #949184
1f8bafd75d3046064f5f,34,#EEEDDD
1f8bafd75d3046064f5f,6, #575448
1f95a48903d66d34a369,22, #464339
1f95a48903d66d34a369,18, #787260
1f95a48903d66d34a369,0,#FFFEEC
1f95a48903d66d34a369,14, #CEC6A8
1f95a48903d66d34a369,20, #A49D85
1f95a48903d66d34a369,23, #EDE6C9
1f967cfa40e9d615f616,3, #C3BFA9
1f967cfa40e9d615f616,14, #FBFAED
1f967cfa40e9d615f616,0, #6E6954
1f967cfa40e9d615f616,2, #A6A18D
1f967cfa40e9d615f616,0, #57513E
1f967cfa40e9d615f616,78,#E5DFC6
1f967cfa40e9d615f616,0, #87826C
1f9a145219bb9223503c,65,#D2C9AA
1f9a145219bb9223503c,1, #AFA68A
1f9a145219bb9223503c,1, #948C74
1f9a145219bb9223503c,14, #5A5545
1f9a145219bb9223503c,1, #3E3B2F
1f9a145219bb9223503c,3, #77715C
1f9a145219bb9223503c,12, #F7EFCF
1f9dc12375e2334ccde1,34, #71787F
1f9dc12375e2334ccde1,22, #423434
1f9dc12375e2334ccde1,40,#090809
1f9dc12375e2334ccde1,0, #BBA562
1f9dc12375e2334ccde1,0, #815E41
1f9dc12375e2334ccde1,1, #B7B5B7
1f9eb7470e0849aa53fa,5, #575548
1f9eb7470e0849aa53fa,20, #B1AA98
1f9eb7470e0849aa53fa,33, #D1CAB7
1f9eb7470e0849aa53fa,13, #898473
1f9eb7470e0849aa53fa,1, #373730
1f9eb7470e0849aa53fa,24,#EEE8D8
1f9f120ab0e7c988333d,34,#3B3329
1f9f120ab0e7c988333d,16, #836E41
1f9f120ab0e7c988333d,2, #C7CBBB
1f9f120ab0e7c988333d,8, #B0A47C
1f9f120ab0e7c988333d,29, #0E0B05
1f9f120ab0e7c988333d,1, #7C8984
1f9f120ab0e7c988333d,8, #384F55
1fa23bb4bcc3e65c2302,0, #67654F
1fa23bb4bcc3e65c2302,40, #D0CBAE
1fa23bb4bcc3e65c2302,2, #88846C
1fa23bb4bcc3e65c2302,46,#F6F2D7
1fa23bb4bcc3e65c2302,10, #A7A389
1fa23bb4bcc3e65c2302,0, #3A3C2B
1fb201b6c24351e283c9,21, #E3DAC7
1fb201b6c24351e283c9,12, #787470
1fb201b6c24351e283c9,3, #BEB7AB
1fb201b6c24351e283c9,6, #9B9690
1fb201b6c24351e283c9,0,#FEFEF9
1fb201b6c24351e283c9,55, #4F4D49
1fba8defdf3b6a25ba81,36,#F8F6F1
1fba8defdf3b6a25ba81,9, #5D534A
1fba8defdf3b6a25ba81,7, #817A6E
1fba8defdf3b6a25ba81,21, #D8CFBB
1fba8defdf3b6a25ba81,15, #B8B09F
1fba8defdf3b6a25ba81,4, #999180
1fba8defdf3b6a25ba81,5, #2D2B25
1fbc3aabf90e11bfefac,16, #452D1C
1fbc3aabf90e11bfefac,1, #AC9A65
1fbc3aabf90e11bfefac,28,#878164
1fbc3aabf90e11bfefac,5, #20180E
1fbc3aabf90e11bfefac,24, #66593D
1fbc3aabf90e11bfefac,0, #7A3E29
1fbc3aabf90e11bfefac,23, #B7B499
1fc487faf236fc45b7f8,45, #342714
1fc487faf236fc45b7f8,6, #9C8E5D
1fc487faf236fc45b7f8,15,#0A0908
1fc487faf236fc45b7f8,0, #B5AE81
1fc487faf236fc45b7f8,0, #D0CAA1
1fc487faf236fc45b7f8,32, #7B6036
1fcb854441194d91b63d,41, #DCD7C1
1fcb854441194d91b63d,19, #6E6F5E
1fcb854441194d91b63d,0,#FEFEE8
1fcb854441194d91b63d,13, #B7B5A0
1fcb854441194d91b63d,18, #989683
1fcb854441194d91b63d,5, #42483A
1fce058d336546f63220,7, #F8F7F2
1fce058d336546f63220,11, #87806D
1fce058d336546f63220,14, #676251
1fce058d336546f63220,13, #C5BEAB
1fce058d336546f63220,29,#E1D9C5
1fce058d336546f63220,11, #444136
1fce058d336546f63220,11, #A49D8C
1fd184e854539a857b6f,13, #524740
1fd184e854539a857b6f,32, #EFE9DB
1fd184e854539a857b6f,2,#29271F
1fd184e854539a857b6f,21, #948674
1fd184e854539a857b6f,20, #BDB098
1fd184e854539a857b6f,10, #74685C
1fdf8eb37575a6b0f727,25, #44413C
1fdf8eb37575a6b0f727,24,#EDE9DC
1fdf8eb37575a6b0f727,10, #746F67
1fdf8eb37575a6b0f727,7, #242120
1fdf8eb37575a6b0f727,11, #9C978C
1fdf8eb37575a6b0f727,19, #C7C2B2
1feb6a4cac306228a036,9, #75684B
1feb6a4cac306228a036,51, #DBDAC9
1feb6a4cac306228a036,10, #90876F
1feb6a4cac306228a036,0,#F6F5EC
1feb6a4cac306228a036,25, #B3AC97
1feb6a4cac306228a036,2, #433427
1ff8b5985009b5cf5d22,0, #66655D
1ff8b5985009b5cf5d22,3, #BDB8AC
1ff8b5985009b5cf5d22,5, #827E74
1ff8b5985009b5cf5d22,7, #A59E90
1ff8b5985009b5cf5d22,35,#F8F7EA
1ff8b5985009b5cf5d22,48, #DBD7CA
20073fb0df0797c946ea,3, #545655
20073fb0df0797c946ea,34,#D9D7D0
20073fb0df0797c946ea,22, #8F908B
20073fb0df0797c946ea,1, #6D706D
20073fb0df0797c946ea,31, #B4B4AD
20073fb0df0797c946ea,0, #2A2929
20073fb0df0797c946ea,6, #3A3C3F
200cea0cb81234f89ed4,4, #DECCA8
200cea0cb81234f89ed4,58, #BBA983
200cea0cb81234f89ed4,1, #6B5A37
200cea0cb81234f89ed4,0, #362E1F
200cea0cb81234f89ed4,21,#0A0806
200cea0cb81234f89ed4,13, #9B885C
200f551ab67e06aa1044,11, #B5B2A2
200f551ab67e06aa1044,2,#F9F9F2
200f551ab67e06aa1044,34, #DBD8C5
200f551ab67e06aa1044,19, #6C6B60
200f551ab67e06aa1044,13, #3B3C34
200f551ab67e06aa1044,18, #979487
20147c384dbad43a586b,9,#888370
20147c384dbad43a586b,7, #74694C
20147c384dbad43a586b,22, #433319
20147c384dbad43a586b,15, #1A160D
20147c384dbad43a586b,12, #604D2F
20147c384dbad43a586b,32, #9FA096
2015891003235a6470e1,26, #423324
2015891003235a6470e1,26, #615640
2015891003235a6470e1,0, #AAA58C
2015891003235a6470e1,11,#819298
2015891003235a6470e1,14, #7B7763
2015891003235a6470e1,20, #181710
20167e53a8dcd7f15ed4,16,#625A48
20167e53a8dcd7f15ed4,5, #D4CEC0
20167e53a8dcd7f15ed4,3, #897E6D
20167e53a8dcd7f15ed4,18, #443D2B
20167e53a8dcd7f15ed4,46, #161511
20167e53a8dcd7f15ed4,8, #B8A289
2017caec5cd8c7579647,1, #312F28
2017caec5cd8c7579647,27, #A09A92
2017caec5cd8c7579647,10,#F5F0E7
2017caec5cd8c7579647,4, #4C4943
2017caec5cd8c7579647,39, #CDC7BD
2017caec5cd8c7579647,16, #6F6B64
201f8622d067a944862d,13, #727266
201f8622d067a944862d,17, #979489
201f8622d067a944862d,10, #52534A
201f8622d067a944862d,5, #373833
201f8622d067a944862d,4,#F6F3EC
201f8622d067a944862d,47, #C3BFB4
20346dfae52b2aefc01a,34, #DAD5C9
20346dfae52b2aefc01a,27, #B1ACA0
20346dfae52b2aefc01a,11, #6F6E62
20346dfae52b2aefc01a,14, #41413A
20346dfae52b2aefc01a,2,#FAF9F5
20346dfae52b2aefc01a,9, #8F8C80
20379a85d4379082da1a,11, #A8A091
20379a85d4379082da1a,1, #484134
20379a85d4379082da1a,2, #847B69
20379a85d4379082da1a,60,#F6F1E8
20379a85d4379082da1a,20, #D5CEBF
20379a85d4379082da1a,3, #665E4E
203d8b776b265ea673b1,37, #C9BFA7
203d8b776b265ea673b1,11, #E9E3D0
203d8b776b265ea673b1,8,#F8F8EF
203d8b776b265ea673b1,15, #6D6251
203d8b776b265ea673b1,0, #4E3F32
203d8b776b265ea673b1,27, #A1947D
203fdde97ccb4c63f9a1,22, #ADAA91
203fdde97ccb4c63f9a1,45, #D6D4C0
203fdde97ccb4c63f9a1,8,#7D775D
203fdde97ccb4c63f9a1,8, #9A9274
203fdde97ccb4c63f9a1,14, #504C3B
203fdde97ccb4c63f9a1,0, #2A291F
2045d068f990f84cfc9d,30,#B8B098
2045d068f990f84cfc9d,12, #706559
2045d068f990f84cfc9d,13, #3F352F
2045d068f990f84cfc9d,4, #DCDBD3
2045d068f990f84cfc9d,21, #8D8577
2045d068f990f84cfc9d,9, #1F1715
2045d068f990f84cfc9d,7, #584D43
2047f37d7ea12e9165ee,0, #6E7465
2047f37d7ea12e9165ee,10, #A8937D
2047f37d7ea12e9165ee,4, #97604A
2047f37d7ea12e9165ee,16, #D5C4A1
2047f37d7ea12e9165ee,66,#F5F3E4
2047f37d7ea12e9165ee,0, #403E35
2055d457d6ded714c2e8,7, #988461
2055d457d6ded714c2e8,31,#4F4439
2055d457d6ded714c2e8,22, #6E5E45
2055d457d6ded714c2e8,0, #BDAD82
2055d457d6ded714c2e8,0, #CFC697
2055d457d6ded714c2e8,27, #2A2928
2055d457d6ded714c2e8,9, #141617
2055e8610f2f27048424,3, #D3CDC3
2055e8610f2f27048424,2, #9C9085
2055e8610f2f27048424,69,#54493F
2055e8610f2f27048424,6, #1B1917
2055e8610f2f27048424,6, #E9E6E1
2055e8610f2f27048424,2, #B9AEA2
2055e8610f2f27048424,8, #7E7165
2056f74be3138d9cfb10,6, #7A7157
2056f74be3138d9cfb10,5, #9D9378
2056f74be3138d9cfb10,44,#F5F3DE
2056f74be3138d9cfb10,16, #BEB594
2056f74be3138d9cfb10,6, #4F4A3C
2056f74be3138d9cfb10,19, #D8D1B5
2059d4253cf7225e504a,8,#C1BEBA
2059d4253cf7225e504a,42, #221912
2059d4253cf7225e504a,23, #5C4E56
2059d4253cf7225e504a,10, #7B7856
2059d4253cf7225e504a,6, #A09D95
2059d4253cf7225e504a,8, #493837
205e37ce0e1b8e3c3aad,5, #232221
205e37ce0e1b8e3c3aad,6, #D0CFC6
205e37ce0e1b8e3c3aad,51, #B3B0A3
205e37ce0e1b8e3c3aad,21, #918E80
205e37ce0e1b8e3c3aad,6,#F1EEDF
205e37ce0e1b8e3c3aad,8, #5F5F5D
2060d775a3ccaddd661d,19, #C9C0A4
2060d775a3ccaddd661d,2,#FCF9DC
2060d775a3ccaddd661d,33, #897D67
2060d775a3ccaddd661d,14, #B0A68B
2060d775a3ccaddd661d,13, #5C4935
2060d775a3ccaddd661d,16, #E4DDBF
20610d521c518b6d7077,71, #B6A588
20610d521c518b6d7077,19, #DCD1B9
20610d521c518b6d7077,0, #7B715E
20610d521c518b6d7077,5,#F7F5F0
20610d521c518b6d7077,1, #625C4D
20610d521c518b6d7077,1, #958E80
2066d74180f05f066f36,53, #140E0A
2066d74180f05f066f36,1, #D4C18A
2066d74180f05f066f36,28, #3D2314
2066d74180f05f066f36,10, #584820
2066d74180f05f066f36,5,#7F6833
2066d74180f05f066f36,1, #AC9051
2068f6298871c0a0d820,18, #5C4E28
2068f6298871c0a0d820,24, #998E58
2068f6298871c0a0d820,2, #BFB787
2068f6298871c0a0d820,1, #7F5E1F
2068f6298871c0a0d820,16, #6F6B41
2068f6298871c0a0d820,36,#262216
2070fd0c813a1283649c,10, #3B2F1F
2070fd0c813a1283649c,8, #B8A282
2070fd0c813a1283649c,19, #988B72
2070fd0c813a1283649c,18, #857249
2070fd0c813a1283649c,15, #6E6551
2070fd0c813a1283649c,23,#524A39
2070fd0c813a1283649c,4, #22190F
2074fbe26eea6ab28859,2, #4F473E
2074fbe26eea6ab28859,12, #D1CCBF
2074fbe26eea6ab28859,3, #271C14
2074fbe26eea6ab28859,13, #706961
2074fbe26eea6ab28859,32,#B8B2A3
2074fbe26eea6ab28859,30, #959086
2074fbe26eea6ab28859,4, #EAE9E7
2078a2f6c7424a5368df,38,#F7EEE0
2078a2f6c7424a5368df,9, #5C5756
2078a2f6c7424a5368df,11, #A09A96
2078a2f6c7424a5368df,5, #413E3F
2078a2f6c7424a5368df,16, #797270
2078a2f6c7424a5368df,18, #C9C0B6
207bc1bde604a5dcc529,6, #6F431E
207bc1bde604a5dcc529,11, #79663F
207bc1bde604a5dcc529,4, #404943
207bc1bde604a5dcc529,70,#1E170C
207bc1bde604a5dcc529,2, #B09E73
207bc1bde604a5dcc529,2, #978457
207bc1bde604a5dcc529,1, #CFC196
207dc961e98883b3a0f1,2, #625232
207dc961e98883b3a0f1,9, #B18C40
207dc961e98883b3a0f1,7, #9AA49F
207dc961e98883b3a0f1,0, #516E60
207dc961e98883b3a0f1,17, #E3D7B9
207dc961e98883b3a0f1,46,#CDB982
207dc961e98883b3a0f1,15, #8A8A70
207df6f82c96452740d8,14, #3F341D
207df6f82c96452740d8,2, #A0966D
207df6f82c96452740d8,8, #624F25
207df6f82c96452740d8,63,#21190D
207df6f82c96452740d8,2, #8D7B49
207df6f82c96452740d8,6, #72643B
207df6f82c96452740d8,1, #C0B68B
20812bbe76bbcbef1476,11, #8C8277
20812bbe76bbcbef1476,4, #6E655D
20812bbe76bbcbef1476,29, #D2C6B7
20812bbe76bbcbef1476,32,#EFE2D1
20812bbe76bbcbef1476,21, #AEA494
20812bbe76bbcbef1476,0, #463E39
2085dd39ede043b8f888,22, #86867C
2085dd39ede043b8f888,3, #444640
2085dd39ede043b8f888,12, #5F6158
2085dd39ede043b8f888,14, #CDCBBD
2085dd39ede043b8f888,25, #B0AEA1
2085dd39ede043b8f888,21,#F0EEDE
2092ca6dd9847f60fd5e,30,#F5F4EC
2092ca6dd9847f60fd5e,9, #5B5956
2092ca6dd9847f60fd5e,3, #373634
2092ca6dd9847f60fd5e,16, #898682
2092ca6dd9847f60fd5e,20, #DBD6CD
2092ca6dd9847f60fd5e,19, #BAB6AF
2092df9dfbe3762da069,5, #917E5B
2092df9dfbe3762da069,55,#0D0B05
2092df9dfbe3762da069,11, #6A4228
2092df9dfbe3762da069,21, #342417
2092df9dfbe3762da069,2, #9B9480
2092df9dfbe3762da069,2, #B5AE9A
2094f644820e2947a6db,84, #EDE8D8
2094f644820e2947a6db,9, #CBC2A9
2094f644820e2947a6db,2, #A19A88
2094f644820e2947a6db,0, #494537
2094f644820e2947a6db,0,#FEFEFD
2094f644820e2947a6db,2, #79735E
2097f14e20c79efaf4c1,14, #8A7951
2097f14e20c79efaf4c1,17, #625031
2097f14e20c79efaf4c1,33, #B1A59B
2097f14e20c79efaf4c1,12, #978C8B
2097f14e20c79efaf4c1,15,#F6F2DB
2097f14e20c79efaf4c1,7, #CEC4AF
20a10438341a9c9f60f6,18, #483623
20a10438341a9c9f60f6,0, #C2C4AC
20a10438341a9c9f60f6,11, #858C8B
20a10438341a9c9f60f6,34,#786345
20a10438341a9c9f60f6,1, #281B0F
20a10438341a9c9f60f6,28, #777770
20a10438341a9c9f60f6,3, #A6A691
20a735f5cdcc0388fb4f,64,#3D2C1C
20a735f5cdcc0388fb4f,0, #BAA991
20a735f5cdcc0388fb4f,0, #A5917A
20a735f5cdcc0388fb4f,1, #746752
20a735f5cdcc0388fb4f,0, #92775C
20a735f5cdcc0388fb4f,26, #19120B
20a735f5cdcc0388fb4f,5, #60472D
20b4d6911af4f91c1a12,2, #AE986B
20b4d6911af4f91c1a12,12, #100B05
20b4d6911af4f91c1a12,0, #D9CCA1
20b4d6911af4f91c1a12,71,#66311C
20b4d6911af4f91c1a12,3, #927C55
20b4d6911af4f91c1a12,7, #65593D
20b4d6911af4f91c1a12,2, #C6B486
20b4fa461f7143fb334e,17, #948D7F
20b4fa461f7143fb334e,2, #463E39
20b4fa461f7143fb334e,3, #716655
20b4fa461f7143fb334e,5,#F7F5EB
20b4fa461f7143fb334e,37, #DAD6C7
20b4fa461f7143fb334e,34, #BDB29A
20b85c45d6793e22f069,49,#322B1C
20b85c45d6793e22f069,34, #1C1910
20b85c45d6793e22f069,0, #A29162
20b85c45d6793e22f069,11, #654B26
20b85c45d6793e22f069,0, #B5A474
20b85c45d6793e22f069,1, #7A5E36
20b85c45d6793e22f069,0, #87764C
20c1acd9df99f153b812,43, #18110E
20c1acd9df99f153b812,1,#968E88
20c1acd9df99f153b812,34, #423634
20c1acd9df99f153b812,12, #726765
20c1acd9df99f153b812,0, #BDB7AC
20c1acd9df99f153b812,7, #E9E5D3
20c646c114dfee338ba1,13, #56341D
20c646c114dfee338ba1,0, #BBA576
20c646c114dfee338ba1,5, #6E5733
20c646c114dfee338ba1,63,#342014
20c646c114dfee338ba1,1, #A38F66
20c646c114dfee338ba1,14, #0D0D06
20c646c114dfee338ba1,1, #877550
20cab24ff175bcc42909,0,#FCF9EE
20cab24ff175bcc42909,17, #B8AF9A
20cab24ff175bcc42909,33, #DCD6C4
20cab24ff175bcc42909,17, #9B9583
20cab24ff175bcc42909,12, #494B43
20cab24ff175bcc42909,19, #78766A
20cdf34b2f9863ec5dd2,4, #76694D
20cdf34b2f9863ec5dd2,13, #151107
20cdf34b2f9863ec5dd2,11, #A9A69E
20cdf34b2f9863ec5dd2,11, #5D5441
20cdf34b2f9863ec5dd2,0, #C8C4BA
20cdf34b2f9863ec5dd2,37,#3B3724
20cdf34b2f9863ec5dd2,20, #8F826F
20d132d42232a54b3721,7, #A39484
20d132d42232a54b3721,3, #4B3932
20d132d42232a54b3721,47,#C3B5A2
20d132d42232a54b3721,10, #8C7E72
20d132d42232a54b3721,4, #E7E0C7
20d132d42232a54b3721,7, #605048
20d132d42232a54b3721,18, #75675D
20d546bc0f9a93a4a07b,2,#FCF9E6
20d546bc0f9a93a4a07b,9, #B8B2A5
20d546bc0f9a93a4a07b,41, #DBD5C4
20d546bc0f9a93a4a07b,24, #6A665D
20d546bc0f9a93a4a07b,0, #403C34
20d546bc0f9a93a4a07b,20, #938E83
20d9cd5397d09d7d8882,11, #7C6D34
20d9cd5397d09d7d8882,4, #272413
20d9cd5397d09d7d8882,30, #625B2B
20d9cd5397d09d7d8882,2, #958950
20d9cd5397d09d7d8882,0, #D1BB74
20d9cd5397d09d7d8882,48,#453E21
20d9cd5397d09d7d8882,2, #B09D5D
20daa947bf247638c68c,73, #C7C3B2
20daa947bf247638c68c,10, #85785D
20daa947bf247638c68c,2, #66553E
20daa947bf247638c68c,3,#F4EFE4
20daa947bf247638c68c,8, #A69E8B
20daa947bf247638c68c,1, #473523
20f018f8966c28ff75dd,5, #BDBA92
20f018f8966c28ff75dd,0, #CED1D5
20f018f8966c28ff75dd,40,#5C2528
20f018f8966c28ff75dd,22, #969373
20f018f8966c28ff75dd,8, #F1F2F1
20f018f8966c28ff75dd,0, #E7E3A0
20f018f8966c28ff75dd,21, #835448
20f0348269bf1f703e5b,25, #171315
20f0348269bf1f703e5b,4, #838785
20f0348269bf1f703e5b,1, #752312
20f0348269bf1f703e5b,2, #AFA9A2
20f0348269bf1f703e5b,5, #5F442D
20f0348269bf1f703e5b,55,#482212
20f0348269bf1f703e5b,6, #846853
20f151e91f0fbafa470f,7, #3B3930
20f151e91f0fbafa470f,42,#EBE3CE
20f151e91f0fbafa470f,0, #FEFDF4
20f151e91f0fbafa470f,10, #706C5E
20f151e91f0fbafa470f,27, #C6BFAC
20f151e91f0fbafa470f,12, #9F9A89
20f929b8a18f609b01a3,16, #6B5945
20f929b8a18f609b01a3,14,#F4F1E4
20f929b8a18f609b01a3,14, #3F352A
20f929b8a18f609b01a3,32, #D5CEB5
20f929b8a18f609b01a3,9, #B7AC96
20f929b8a18f609b01a3,12, #928572
210073ee611979661283,0, #575754
210073ee611979661283,38, #CFC8B8
210073ee611979661283,5, #8F8E87
210073ee611979661283,45, #F3EBDD
210073ee611979661283,9, #ABABA2
210073ee611979661283,0,#74736E
210358ffd0958d0b8b05,59, #E6DECB
210358ffd0958d0b8b05,0, #49423C
210358ffd0958d0b8b05,5, #9A9587
210358ffd0958d0b8b05,6, #726B60
210358ffd0958d0b8b05,27, #C1B9A5
210358ffd0958d0b8b05,0,#FDFAF2
2104c5e40d272b84610f,13, #BDBCAE
2104c5e40d272b84610f,3, #DEDED0
2104c5e40d272b84610f,11, #928F81
2104c5e40d272b84610f,3,#6C685B
2104c5e40d272b84610f,10, #534D3F
2104c5e40d272b84610f,57, #363226
2107417810a0d23798ac,1,#F9F6EC
2107417810a0d23798ac,7, #E0DAC6
2107417810a0d23798ac,12, #A09C8D
2107417810a0d23798ac,64, #4D4C43
2107417810a0d23798ac,10, #757365
2107417810a0d23798ac,3, #C6C0AD
2108011e61c5af23128d,26, #898075
2108011e61c5af23128d,12, #B4AC98
2108011e61c5af23128d,2, #FBFAF6
2108011e61c5af23128d,16, #6B615B
2108011e61c5af23128d,28,#DBD7C8
2108011e61c5af23128d,1, #332825
2108011e61c5af23128d,11, #524642
2109944aafe29b1c3ed1,1, #847A65
2109944aafe29b1c3ed1,12, #C3BCA8
2109944aafe29b1c3ed1,0, #71644A
2109944aafe29b1c3ed1,0, #4C463B
2109944aafe29b1c3ed1,2, #9D937C
2109944aafe29b1c3ed1,40, #EAE3CF
2109944aafe29b1c3ed1,42,#FBF9F1
210bdd7a54c6fd04d122,0, #C7AE71
210bdd7a54c6fd04d122,40,#563B19
210bdd7a54c6fd04d122,3, #886A33
210bdd7a54c6fd04d122,12, #9C7C46
210bdd7a54c6fd04d122,20, #32220E
210bdd7a54c6fd04d122,10, #B79657
210bdd7a54c6fd04d122,12, #6A512A
21123b08248ddbbafece,11, #4B290E
21123b08248ddbbafece,9, #9A7C39
21123b08248ddbbafece,61,#290F06
21123b08248ddbbafece,9, #80541C
21123b08248ddbbafece,1, #D2C797
21123b08248ddbbafece,6, #B9A463
2114f610dcae5f935282,4, #BDAE91
2114f610dcae5f935282,8,#F3F0E6
2114f610dcae5f935282,36, #504334
2114f610dcae5f935282,13, #978B78
2114f610dcae5f935282,14, #7B6C58
2114f610dcae5f935282,22, #D6CCB3
21165f7d900fda8edc1d,19, #775B40
21165f7d900fda8edc1d,3, #B6AF82
21165f7d900fda8edc1d,11, #888158
21165f7d900fda8edc1d,2, #979976
21165f7d900fda8edc1d,23, #2C2D25
21165f7d900fda8edc1d,2, #C3BF9A
21165f7d900fda8edc1d,36,#414232
2118000801331a812c77,21, #A9A290
2118000801331a812c77,8, #48473A
2118000801331a812c77,20,#F3EDE1
2118000801331a812c77,32, #D3C8B3
2118000801331a812c77,7, #827D6B
2118000801331a812c77,9, #686555
211fa4af6835b7b9974d,1, #DDD9CF
211fa4af6835b7b9974d,1, #986D35
211fa4af6835b7b9974d,16, #B8A38E
211fa4af6835b7b9974d,3, #EEC498
211fa4af6835b7b9974d,56,#272118
211fa4af6835b7b9974d,21, #5A4F3F
212bbeced6372c1d4f88,2, #C1BDB2
212bbeced6372c1d4f88,8, #7F7C70
212bbeced6372c1d4f88,4, #9E9A8F
212bbeced6372c1d4f88,74,#F0ECE2
212bbeced6372c1d4f88,2, #44433A
212bbeced6372c1d4f88,7, #646156
21318ff9d0c8c74841a8,23, #2F312D
21318ff9d0c8c74841a8,17, #899795
21318ff9d0c8c74841a8,6, #5B7682
21318ff9d0c8c74841a8,9, #4D5E63
21318ff9d0c8c74841a8,6, #C2B79E
21318ff9d0c8c74841a8,11, #8B7F65
21318ff9d0c8c74841a8,24,#695439
21379b5ef5cbabe955e8,16, #C4B6A6
21379b5ef5cbabe955e8,7, #4F463E
21379b5ef5cbabe955e8,12, #83786A
21379b5ef5cbabe955e8,1,#FDF6EB
21379b5ef5cbabe955e8,56, #EBD8C8
21379b5ef5cbabe955e8,6, #A09689
21391692d90f30c14b60,9, #B7B2A7
21391692d90f30c14b60,14, #5A584E
21391692d90f30c14b60,6, #3A3A32
21391692d90f30c14b60,0,#F9F3E7
21391692d90f30c14b60,12, #898579
21391692d90f30c14b60,56, #D9D3C9
21407253a154c67d7947,3, #C8C5B9
21407253a154c67d7947,11, #A8A598
21407253a154c67d7947,55,#F8F7F2
21407253a154c67d7947,15, #DFDDCF
21407253a154c67d7947,9, #807D6F
21407253a154c67d7947,1, #4D4A3F
21407253a154c67d7947,3, #625F52
21468bedcb66740cfbab,21, #4B4B47
21468bedcb66740cfbab,28, #BFBAA5
21468bedcb66740cfbab,25, #6C6A5E
21468bedcb66740cfbab,11, #969384
21468bedcb66740cfbab,6,#F8F6ED
21468bedcb66740cfbab,6, #DBD5BC
214708357a61bce28f92,43, #F4EEE1
214708357a61bce28f92,3, #6E665D
214708357a61bce28f92,29,#D6CAB2
214708357a61bce28f92,16, #B1A896
214708357a61bce28f92,0, #4F4741
214708357a61bce28f92,6, #8D867B
21491a98dc44adb5a580,9, #ADA89B
21491a98dc44adb5a580,33, #484237
21491a98dc44adb5a580,7, #7E786A
21491a98dc44adb5a580,5, #918B7D
21491a98dc44adb5a580,1,#CBC6B3
21491a98dc44adb5a580,42, #615B50
21592a9c8ce34318d9d1,14, #7F7A6D
21592a9c8ce34318d9d1,7,#B7B2A4
21592a9c8ce34318d9d1,8, #666154
21592a9c8ce34318d9d1,0, #4B473E
21592a9c8ce34318d9d1,32, #DDD8C9
21592a9c8ce34318d9d1,35, #9E998A
215c3afa8727e81ae095,2, #41413D
215c3afa8727e81ae095,5, #7F6453
215c3afa8727e81ae095,2, #B7765D
215c3afa8727e81ae095,80,#F6F1E4
215c3afa8727e81ae095,3, #8C8D88
215c3afa8727e81ae095,2, #E2DACB
215c3afa8727e81ae095,3, #B6A796
21618088ea8aa54a60ce,7, #1E1B1C
21618088ea8aa54a60ce,24,#C6C3AE
21618088ea8aa54a60ce,0, #FEFDF9
21618088ea8aa54a60ce,14, #E7E4D4
21618088ea8aa54a60ce,11, #666459
21618088ea8aa54a60ce,21, #3D3B39
21618088ea8aa54a60ce,20, #979585
2162fd81de41e5236602,0, #433E32
2162fd81de41e5236602,1, #68604D
2162fd81de41e5236602,32, #D7D1BF
2162fd81de41e5236602,57,#FAF9F2
2162fd81de41e5236602,4, #8F8773
2162fd81de41e5236602,3, #B6AF9B
216461b2f45741dbf52f,25, #332C17
216461b2f45741dbf52f,2, #A2935E
216461b2f45741dbf52f,2, #BAB081
216461b2f45741dbf52f,5, #7C6C3C
216461b2f45741dbf52f,3, #54451F
216461b2f45741dbf52f,59,#14120C
2164c1d63df767a4e476,16, #5A564F
2164c1d63df767a4e476,20, #807B73
2164c1d63df767a4e476,5, #383632
2164c1d63df767a4e476,21, #AFAAA1
2164c1d63df767a4e476,5,#F8F6EE
2164c1d63df767a4e476,30, #D9D3C9
21686a700f4e96cf1504,37,#D9D4CA
21686a700f4e96cf1504,17, #7A6B60
21686a700f4e96cf1504,17, #A19388
21686a700f4e96cf1504,4, #665044
21686a700f4e96cf1504,3, #412B22
21686a700f4e96cf1504,18, #BEB5AA
216f58f381b612695c19,54, #5E3B2B
216f58f381b612695c19,2, #B79D78
216f58f381b612695c19,34, #201F1B
216f58f381b612695c19,5,#685A45
216f58f381b612695c19,1, #957D5E
216f58f381b612695c19,1, #BEB697
2172e3f4dcc3eeb67374,30,#939278
2172e3f4dcc3eeb67374,17, #7A785F
2172e3f4dcc3eeb67374,16, #B5B191
2172e3f4dcc3eeb67374,11, #5D5C42
2172e3f4dcc3eeb67374,1, #1F1D14
2172e3f4dcc3eeb67374,14, #373723
2172e3f4dcc3eeb67374,8, #474834
21744f6a12d9dcd87812,6, #AA9D87
21744f6a12d9dcd87812,61, #D4CBB7
21744f6a12d9dcd87812,3, #29281C
21744f6a12d9dcd87812,20, #51463C
21744f6a12d9dcd87812,1,#F7F4EA
21744f6a12d9dcd87812,6, #938063
217b47ef73c09d7d5036,2, #6F614E
217b47ef73c09d7d5036,0, #4B3A21
217b47ef73c09d7d5036,6, #998C73
217b47ef73c09d7d5036,0, #2E1F0E
217b47ef73c09d7d5036,3, #BBB198
217b47ef73c09d7d5036,75,#F2EFE1
217b47ef73c09d7d5036,11, #D6CEB5
217be622b775d03658ae,3, #F6F2E3
217be622b775d03658ae,5, #7F7977
217be622b775d03658ae,5, #665D5E
217be622b775d03658ae,52,#D0C8B5
217be622b775d03658ae,5, #443839
217be622b775d03658ae,8, #1A0E0B
217be622b775d03658ae,18, #AAA18E
217d3a2499e690391494,25, #DACFAD
217d3a2499e690391494,62,#F7EFCD
217d3a2499e690391494,1, #6E6B56
217d3a2499e690391494,2, #8B856D
217d3a2499e690391494,2, #414034
217d3a2499e690391494,6, #B2AA8D
21840c1b22851a0650a5,22, #B1B2A1
21840c1b22851a0650a5,28, #787E71
21840c1b22851a0650a5,6, #0B0E08
21840c1b22851a0650a5,4,#F8F6E2
21840c1b22851a0650a5,10, #DAD5BF
21840c1b22851a0650a5,27, #3C4438
218bb456fb755061b10b,35,#0D0E08
218bb456fb755061b10b,0, #886E53
218bb456fb755061b10b,32, #242017
218bb456fb755061b10b,28, #463421
218bb456fb755061b10b,0, #988062
218bb456fb755061b10b,0, #785D46
218bb456fb755061b10b,1, #5B503F
218e31d5b7beb3d52d42,19, #D3CEB9
218e31d5b7beb3d52d42,25, #8A8778
218e31d5b7beb3d52d42,11,#F7F3DE
218e31d5b7beb3d52d42,23, #666458
218e31d5b7beb3d52d42,6, #ACA897
218e31d5b7beb3d52d42,14, #46453E
2192417c75cf3306bd15,28, #A09A77
2192417c75cf3306bd15,0, #E1DBBA
2192417c75cf3306bd15,6, #F9F9F9
2192417c75cf3306bd15,28,#393023
2192417c75cf3306bd15,2, #C7C1A1
2192417c75cf3306bd15,13, #151211
2192417c75cf3306bd15,19, #6A6141
21940f89d421027e8975,8, #77683B
21940f89d421027e8975,7, #877C50
21940f89d421027e8975,31,#D1C99E
21940f89d421027e8975,4, #2F2917
21940f89d421027e8975,24, #504829
21940f89d421027e8975,11, #B1B18F
21940f89d421027e8975,11, #A4996D
219849c468690f2d9eb6,14, #9F9C92
219849c468690f2d9eb6,2,#F8F7F2
219849c468690f2d9eb6,12, #383934
219849c468690f2d9eb6,45, #CECABD
219849c468690f2d9eb6,14, #7C7B70
219849c468690f2d9eb6,11, #57584F
2198808e72ed0286b0b6,4, #A0998C
2198808e72ed0286b0b6,8, #DEDED6
2198808e72ed0286b0b6,7, #877A6C
2198808e72ed0286b0b6,13, #F8F8F6
2198808e72ed0286b0b6,8, #6B5A4C
2198808e72ed0286b0b6,1, #4F3C31
2198808e72ed0286b0b6,56,#C1BEAF
219b0615b9d857c905a1,36, #C5BFA9
219b0615b9d857c905a1,17, #5F5C50
219b0615b9d857c905a1,13,#F3EAD2
219b0615b9d857c905a1,12, #9E9887
219b0615b9d857c905a1,13, #817C6D
219b0615b9d857c905a1,6, #414038
21a1367ecd9f615cc80d,23, #E1D8C5
21a1367ecd9f615cc80d,0, #5E5650
21a1367ecd9f615cc80d,0, #3D3733
21a1367ecd9f615cc80d,3, #BBB3A4
21a1367ecd9f615cc80d,1, #9E968B
21a1367ecd9f615cc80d,1, #80776E
21a1367ecd9f615cc80d,69,#FCF7EB
21a13cc38f38ee1c4533,4, #BBA686
21a13cc38f38ee1c4533,2, #7E664B
21a13cc38f38ee1c4533,32, #473E2E
21a13cc38f38ee1c4533,2, #DCD5B9
21a13cc38f38ee1c4533,2, #9F8668
21a13cc38f38ee1c4533,0, #764F2C
21a13cc38f38ee1c4533,54,#120F07
21a338e8f45cf2279538,24,#4B4A42
21a338e8f45cf2279538,8, #9F998B
21a338e8f45cf2279538,20, #716E61
21a338e8f45cf2279538,9, #B4AEA0
21a338e8f45cf2279538,9, #F5F0DA
21a338e8f45cf2279538,9, #8B8679
21a338e8f45cf2279538,18, #D2CBB9
21a52beae7a91de9dde2,3, #8B725A
21a52beae7a91de9dde2,20, #BEB4A7
21a52beae7a91de9dde2,70, #DFD9C8
21a52beae7a91de9dde2,4, #A8988B
21a52beae7a91de9dde2,0,#FCF4DF
21a52beae7a91de9dde2,0, #754E2C
21a5c70e9d28a7b939d4,12, #A08874
21a5c70e9d28a7b939d4,6,#F5EDD7
21a5c70e9d28a7b939d4,23, #68767F
21a5c70e9d28a7b939d4,8, #314053
21a5c70e9d28a7b939d4,36, #D2C6AB
21a5c70e9d28a7b939d4,11, #ACAD9E
21aaa424d89c16d90db0,5, #C0AE8A
21aaa424d89c16d90db0,19, #7F6C4A
21aaa424d89c16d90db0,0, #ECE6CE
21aaa424d89c16d90db0,4, #1D1B14
21aaa424d89c16d90db0,4, #DECFA5
21aaa424d89c16d90db0,54,#533924
21aaa424d89c16d90db0,11, #A78E6E
21b4bc750592cb7fd74e,11, #847146
21b4bc750592cb7fd74e,22, #48351C
21b4bc750592cb7fd74e,27, #BAB086
21b4bc750592cb7fd74e,17, #A4945E
21b4bc750592cb7fd74e,13,#221B0F
21b4bc750592cb7fd74e,7, #625332
21c63a0e8656f80b6bd1,8, #827869
21c63a0e8656f80b6bd1,6, #BCB6A4
21c63a0e8656f80b6bd1,1,#9F988A
21c63a0e8656f80b6bd1,20, #695B49
21c63a0e8656f80b6bd1,54, #E9E4D1
21c63a0e8656f80b6bd1,8, #50402F
21d07bf147efef50223e,30, #7C7467
21d07bf147efef50223e,9,#FAF8F6
21d07bf147efef50223e,28, #AAA191
21d07bf147efef50223e,5, #D7CEC1
21d07bf147efef50223e,17, #524D45
21d07bf147efef50223e,8, #34312C
21d5b5f8a5f2167509f0,24, #E6E4D4
21d5b5f8a5f2167509f0,52,#F8F8F3
21d5b5f8a5f2167509f0,3, #C7C4B0
21d5b5f8a5f2167509f0,3, #9F9E92
21d5b5f8a5f2167509f0,3, #858478
21d5b5f8a5f2167509f0,8, #6B695D
21d5b5f8a5f2167509f0,5, #44433A
21e0665f0b0c053947bc,40, #392B24
21e0665f0b0c053947bc,3, #AEA27D
21e0665f0b0c053947bc,1, #D1C69B
21e0665f0b0c053947bc,2,#857555
21e0665f0b0c053947bc,31, #684838
21e0665f0b0c053947bc,21, #181411
21e47f56c4402c5fd192,4, #E8E7D1
21e47f56c4402c5fd192,21, #543E28
21e47f56c4402c5fd192,8, #837756
21e47f56c4402c5fd192,16, #B1A06F
21e47f56c4402c5fd192,9, #2E2516
21e47f56c4402c5fd192,31,#615B4B
21e47f56c4402c5fd192,9, #D9CD99
21f97db7f56982fc0054,4, #7F7765
21f97db7f56982fc0054,4, #6E5535
21f97db7f56982fc0054,6, #ACA798
21f97db7f56982fc0054,65, #C9C5B5
21f97db7f56982fc0054,13,#DFD9CB
21f97db7f56982fc0054,5, #A09178
21fca401e5bb6d5d908f,75,#110B05
21fca401e5bb6d5d908f,0, #B0AB8D
21fca401e5bb6d5d908f,8, #441D0B
21fca401e5bb6d5d908f,4, #776F4F
21fca401e5bb6d5d908f,4, #424032
21fca401e5bb6d5d908f,4, #958C66
21fca401e5bb6d5d908f,2, #695C36
22028f6766ffc1144695,34,#F9F7EE
22028f6766ffc1144695,0, #363327
22028f6766ffc1144695,2, #545043
22028f6766ffc1144695,11, #A6A091
22028f6766ffc1144695,45, #CEC7B6
22028f6766ffc1144695,6, #7C7768
22062fa5e3bf7d436bd2,9, #4B391A
22062fa5e3bf7d436bd2,0, #8B7D52
22062fa5e3bf7d436bd2,63, #38260D
22062fa5e3bf7d436bd2,1, #786035
22062fa5e3bf7d436bd2,4,#604B26
22062fa5e3bf7d436bd2,21, #171208
221990781b63f8da1998,36, #8B8A7F
221990781b63f8da1998,4, #464741
221990781b63f8da1998,19, #B8B6AA
221990781b63f8da1998,14,#F5F3E4
221990781b63f8da1998,4, #65655B
221990781b63f8da1998,21, #D9D8CA
222915beb651700cd595,7, #10100B
222915beb651700cd595,1, #86815C
222915beb651700cd595,0, #4C4C45
222915beb651700cd595,84,#372E20
222915beb651700cd595,0, #67675C
222915beb651700cd595,4, #655529
222915beb651700cd595,1, #756F3A
22373d7bf1618f01dffa,1, #43413A
22373d7bf1618f01dffa,21, #B1AB9E
22373d7bf1618f01dffa,41, #827E72
22373d7bf1618f01dffa,0,#F9F4E8
22373d7bf1618f01dffa,24, #5D5B50
22373d7bf1618f01dffa,10, #D7CFC2
2239f269a9e52eca7f91,5, #C4B175
2239f269a9e52eca7f91,25, #356372
2239f269a9e52eca7f91,8, #63391E
2239f269a9e52eca7f91,38,#1F1717
2239f269a9e52eca7f91,3, #DDD290
2239f269a9e52eca7f91,15, #877A5F
2239f269a9e52eca7f91,2, #1E3E52
223c4cc0ba4c2488bc92,13, #BDB9AC
223c4cc0ba4c2488bc92,8, #D9D4C6
223c4cc0ba4c2488bc92,7, #807D70
223c4cc0ba4c2488bc92,9, #9F9C8F
223c4cc0ba4c2488bc92,46,#F5F0E0
223c4cc0ba4c2488bc92,14, #49483E
224324bcd3073389727d,23,#F9F6E8
224324bcd3073389727d,15, #847E6D
224324bcd3073389727d,13, #3F3D34
224324bcd3073389727d,9, #ADA691
224324bcd3073389727d,15, #5F5B4E
224324bcd3073389727d,22, #DAD1B9
2249a7b7eaefbabb23aa,11, #705E42
2249a7b7eaefbabb23aa,1, #A8976F
2249a7b7eaefbabb23aa,6, #827452
2249a7b7eaefbabb23aa,3, #968660
2249a7b7eaefbabb23aa,29, #281F0F
2249a7b7eaefbabb23aa,0, #BAAB80
2249a7b7eaefbabb23aa,47,#564029
2254f79ef67ca52ccbb1,1, #A0905E
2254f79ef67ca52ccbb1,34, #4E4121
2254f79ef67ca52ccbb1,5, #96622B
2254f79ef67ca52ccbb1,35,#1E1C09
2254f79ef67ca52ccbb1,3, #C8BC8B
2254f79ef67ca52ccbb1,15, #6A5F32
2254f79ef67ca52ccbb1,2, #B2A676
22585dfb9ccfd921ac64,28, #91897F
22585dfb9ccfd921ac64,2, #3D3935
22585dfb9ccfd921ac64,4,#E7DCCE
22585dfb9ccfd921ac64,31, #C4BBAE
22585dfb9ccfd921ac64,20, #706A62
22585dfb9ccfd921ac64,13, #544F4A
2259968866829eb76ee2,24, #BCB7A5
2259968866829eb76ee2,0, #575447
2259968866829eb76ee2,13, #9D9889
2259968866829eb76ee2,10, #F7F5EB
2259968866829eb76ee2,39,#E0DCCB
2259968866829eb76ee2,7, #858070
2259968866829eb76ee2,2, #6E6A5B
22638975fdc25c322c77,25, #261F12
22638975fdc25c322c77,13, #C8B77C
22638975fdc25c322c77,30,#968B5C
22638975fdc25c322c77,10, #5D4F24
22638975fdc25c322c77,9, #726B3C
22638975fdc25c322c77,9, #4A381B
227164d77eb6969362b0,4, #969082
227164d77eb6969362b0,74,#F2EBDF
227164d77eb6969362b0,11, #756E5F
227164d77eb6969362b0,2, #4F4B40
227164d77eb6969362b0,3, #B3AB9D
227164d77eb6969362b0,2, #D1C9BE
2273c280623ca60a447c,5, #A2966C
2273c280623ca60a447c,2, #2B2110
2273c280623ca60a447c,0,#D2D2C2
2273c280623ca60a447c,68, #BDB795
2273c280623ca60a447c,14, #796D4C
2273c280623ca60a447c,8, #83472D
2282d0d6741583e07372,2, #62544C
2282d0d6741583e07372,1, #C4B9A7
2282d0d6741583e07372,17, #40322B
2282d0d6741583e07372,11, #E0D5BE
2282d0d6741583e07372,9, #7B6E63
2282d0d6741583e07372,52,#F5F1E7
2282d0d6741583e07372,5, #9D9388
228b0867a7a6d957d1d4,7, #75623B
228b0867a7a6d957d1d4,33, #3F4037
228b0867a7a6d957d1d4,0, #918463
228b0867a7a6d957d1d4,32, #57625E
228b0867a7a6d957d1d4,0,#ADA27D
228b0867a7a6d957d1d4,24, #252521
228d7281fdf0b45052f9,1, #8C7C5B
228d7281fdf0b45052f9,1, #A7976A
228d7281fdf0b45052f9,2, #66573E
228d7281fdf0b45052f9,27, #3D3829
228d7281fdf0b45052f9,63,#1C1B14
228d7281fdf0b45052f9,1, #CAC09F
228d7281fdf0b45052f9,1, #BAAB80
229650f6e65d063acdf1,3, #706554
229650f6e65d063acdf1,26, #382F1C
229650f6e65d063acdf1,1, #907D53
229650f6e65d063acdf1,8,#4D4532
229650f6e65d063acdf1,60, #16110A
229650f6e65d063acdf1,0, #B4A276
229792b56200dbc60f78,10, #FAF9F5
229792b56200dbc60f78,32,#E2DED0
229792b56200dbc60f78,20, #BCB7A7
229792b56200dbc60f78,9, #4E4A3D
229792b56200dbc60f78,3, #2C281E
229792b56200dbc60f78,10, #989384
229792b56200dbc60f78,14, #736E60
2297a53d7fcd5d53bd00,0, #DBD29D
2297a53d7fcd5d53bd00,4, #C6B579
2297a53d7fcd5d53bd00,10, #1C1B11
2297a53d7fcd5d53bd00,10, #A1935C
2297a53d7fcd5d53bd00,25, #867842
2297a53d7fcd5d53bd00,18, #6C6133
2297a53d7fcd5d53bd00,30,#4A4422
2299a59b3a61179a5191,10, #5D5D55
2299a59b3a61179a5191,20, #D5D1C9
2299a59b3a61179a5191,3, #363732
2299a59b3a61179a5191,6, #828278
2299a59b3a61179a5191,13, #ABA9A0
2299a59b3a61179a5191,44,#F5F2EB
229a982320353228b9af,15, #76622F
229a982320353228b9af,2, #35301B
229a982320353228b9af,42,#D3CA95
229a982320353228b9af,32, #BAAB6B
229a982320353228b9af,4, #B6912C
229a982320353228b9af,1, #948A54
22a748435c25765774f7,10, #AC8342
22a748435c25765774f7,1, #E3B84F
22a748435c25765774f7,28, #5A4A37
22a748435c25765774f7,3, #B5A272
22a748435c25765774f7,0, #EFDFAE
22a748435c25765774f7,55,#1F2021
22afd249cad518b2aa41,31,#999384
22afd249cad518b2aa41,27, #D2CEBE
22afd249cad518b2aa41,12, #817C70
22afd249cad518b2aa41,7, #535149
22afd249cad518b2aa41,0, #EDE8D7
22afd249cad518b2aa41,13, #B6B1A1
22afd249cad518b2aa41,8, #6E6B5F
22b0a0ca022b05231ca3,6, #33312A
22b0a0ca022b05231ca3,25, #535148
22b0a0ca022b05231ca3,5,#ECE6D4
22b0a0ca022b05231ca3,14, #747168
22b0a0ca022b05231ca3,18, #949086
22b0a0ca022b05231ca3,29, #C4BEB0
22b667e572a58b820abc,83,#A5A08F
22b667e572a58b820abc,0, #443620
22b667e572a58b820abc,2, #7C6E51
22b667e572a58b820abc,8, #BBB9AC
22b667e572a58b820abc,0, #5C492B
22b667e572a58b820abc,0, #645943
22b667e572a58b820abc,3, #92876E
22bcca27b7e944b5bcae,1, #4A483D
22bcca27b7e944b5bcae,6, #878272
22bcca27b7e944b5bcae,16,#F8F7E7
22bcca27b7e944b5bcae,12, #B3AF9C
22bcca27b7e944b5bcae,60, #DFDBC7
22bcca27b7e944b5bcae,3, #696656
22c78e6229276edc37b0,0, #FCFBF2
22c78e6229276edc37b0,4, #393127
22c78e6229276edc37b0,2, #070705
22c78e6229276edc37b0,4, #9A9892
22c78e6229276edc37b0,64,#776D58
22c78e6229276edc37b0,7, #BDBBAE
22c78e6229276edc37b0,14, #E4E1D3
22cc71f2a375b48034f1,2, #594F41
22cc71f2a375b48034f1,8, #ADA592
22cc71f2a375b48034f1,8, #837762
22cc71f2a375b48034f1,0, #19120B
22cc71f2a375b48034f1,1, #3B3022
22cc71f2a375b48034f1,42,#D7CEBA
22cc71f2a375b48034f1,35, #FAF9F0
22d30cbce72124712c7d,11, #979184
22d30cbce72124712c7d,14, #615C52
22d30cbce72124712c7d,17, #F6F4ED
22d30cbce72124712c7d,21,#DCD5C7
22d30cbce72124712c7d,2, #413D38
22d30cbce72124712c7d,20, #BCB5A6
22d30cbce72124712c7d,11, #7F796C
22e2dce897ff716024f9,12, #97948E
22e2dce897ff716024f9,7, #D0CEC7
22e2dce897ff716024f9,5, #52514A
22e2dce897ff716024f9,16, #76736D
22e2dce897ff716024f9,36,#EFEEE6
22e2dce897ff716024f9,2, #32312C
22e2dce897ff716024f9,19, #B1AFA9
22e97de3ea31b3817e6a,15, #CDC3B8
22e97de3ea31b3817e6a,14, #77726B
22e97de3ea31b3817e6a,32,#E7DED2
22e97de3ea31b3817e6a,5, #625E58
22e97de3ea31b3817e6a,2, #433F3B
22e97de3ea31b3817e6a,11, #ACA49B
22e97de3ea31b3817e6a,18, #8B857E
2309de31e5a9a5c0f3ab,0, #A09E8F
2309de31e5a9a5c0f3ab,0,#E0DFDE
2309de31e5a9a5c0f3ab,0, #C2C0BC
2309de31e5a9a5c0f3ab,55, #494738
2309de31e5a9a5c0f3ab,7, #7B7969
2309de31e5a9a5c0f3ab,35, #130F0D
230a61e4187ce7d0f0dc,4, #899DA6
230a61e4187ce7d0f0dc,4, #5F7C97
230a61e4187ce7d0f0dc,17, #365785
230a61e4187ce7d0f0dc,11, #B2BBB5
230a61e4187ce7d0f0dc,62, #CACFC3
230a61e4187ce7d0f0dc,0,#6B6B65
230bd73b7dde764c6959,5, #756D5F
230bd73b7dde764c6959,16, #3B3933
230bd73b7dde764c6959,46, #E2DBCC
230bd73b7dde764c6959,20, #C3B8A0
230bd73b7dde764c6959,0,#FEFEFE
230bd73b7dde764c6959,10, #9F9785
230f7e7c22bfc5e8a2b4,12, #BEBDC1
230f7e7c22bfc5e8a2b4,8, #838284
230f7e7c22bfc5e8a2b4,6, #575658
230f7e7c22bfc5e8a2b4,32,#F3F1F2
230f7e7c22bfc5e8a2b4,40, #282728
230f7e7c22bfc5e8a2b4,0, #C74B3C
2311feed5a491db52ee5,0, #BFBA9E
2311feed5a491db52ee5,3, #857A61
2311feed5a491db52ee5,2, #FDFBF5
2311feed5a491db52ee5,0, #A49D85
2311feed5a491db52ee5,0, #D4D0B7
2311feed5a491db52ee5,0, #EBE9D7
2311feed5a491db52ee5,92,#534F49
2313824540585d811273,0,#FEFBEF
2313824540585d811273,7, #7E6B59
2313824540585d811273,55, #E4D9CE
2313824540585d811273,28, #C3B29F
2313824540585d811273,6, #958675
2313824540585d811273,0, #604F3E
2317c6359c2d852ad7b2,21, #D2CFB7
2317c6359c2d852ad7b2,3, #ECE6CF
2317c6359c2d852ad7b2,11, #262214
2317c6359c2d852ad7b2,9, #4D4429
2317c6359c2d852ad7b2,4, #635C3E
2317c6359c2d852ad7b2,8, #827B57
2317c6359c2d852ad7b2,40,#B0A982
231b9b61a3295e8ac791,1, #516168
231b9b61a3295e8ac791,26, #151412
231b9b61a3295e8ac791,15, #98725B
231b9b61a3295e8ac791,45,#4C3F37
231b9b61a3295e8ac791,0, #808B89
231b9b61a3295e8ac791,1, #E5DCBF
231b9b61a3295e8ac791,9, #B9B39D
2320b38ef240732b5a61,31,#7A5530
2320b38ef240732b5a61,0, #B7AD8D
2320b38ef240732b5a61,17, #3B2B17
2320b38ef240732b5a61,0, #EBEAE3
2320b38ef240732b5a61,24, #8A7C59
2320b38ef240732b5a61,10, #A19574
2320b38ef240732b5a61,14, #0C0803
2322650d886583880881,49, #EAE6D6
2322650d886583880881,7,#908C7F
2322650d886583880881,13, #C9C4B5
2322650d886583880881,4, #3C392F
2322650d886583880881,13, #AAA698
2322650d886583880881,11, #686559
2326bf4de1af74052344,1, #4B4540
2326bf4de1af74052344,63, #E2D7C2
2326bf4de1af74052344,14, #C3B7A0
2326bf4de1af74052344,2, #6F665E
2326bf4de1af74052344,4,#FCFBF5
2326bf4de1af74052344,13, #968D80
232f06ca16218f417f8a,17, #BEA57D
232f06ca16218f417f8a,14, #D5CA9F
232f06ca16218f417f8a,13, #504638
232f06ca16218f417f8a,6,#242018
232f06ca16218f417f8a,24, #827968
232f06ca16218f417f8a,23, #F7F6E3
233a536c03993cce4bb6,27, #ADA08E
233a536c03993cce4bb6,12, #887E6F
233a536c03993cce4bb6,5, #D6CBB9
233a536c03993cce4bb6,5, #EAE3DA
233a536c03993cce4bb6,27,#695F52
233a536c03993cce4bb6,21, #4C4337
23426a56de25455dbb52,6, #A58E54
23426a56de25455dbb52,9, #887643
23426a56de25455dbb52,21, #743D25
23426a56de25455dbb52,10, #C2AF78
23426a56de25455dbb52,40,#161410
23426a56de25455dbb52,1, #E9DBAC
23426a56de25455dbb52,10, #433120
2346df38d5edcfff6130,82,#EEECD9
2346df38d5edcfff6130,3, #D3D1BF
2346df38d5edcfff6130,0, #413E35
2346df38d5edcfff6130,0, #625E52
2346df38d5edcfff6130,6, #8B8779
2346df38d5edcfff6130,5, #B2B09F
23477fb7b40930f538e4,2, #534C3F
23477fb7b40930f538e4,30, #A89572
23477fb7b40930f538e4,26, #8B7655
23477fb7b40930f538e4,1,#FBF7EA
23477fb7b40930f538e4,18, #DFD6C4
23477fb7b40930f538e4,19, #BEB7A6
234b480e1cec9b74c46b,21, #505648
234b480e1cec9b74c46b,3, #BBC0B9
234b480e1cec9b74c46b,36,#272010
234b480e1cec9b74c46b,3, #D5D6C6
234b480e1cec9b74c46b,15, #5B4326
234b480e1cec9b74c46b,11, #888A7D
234b480e1cec9b74c46b,7, #9DA4A4
2352c73bcd1867803aff,3, #D8D5C1
2352c73bcd1867803aff,27, #93897A
2352c73bcd1867803aff,29,#3F2F25
2352c73bcd1867803aff,8, #F4F3E8
2352c73bcd1867803aff,15, #615043
2352c73bcd1867803aff,2, #BCB59D
2352c73bcd1867803aff,11, #796A5A
2359f7aab5df93d7813b,46, #B4A996
2359f7aab5df93d7813b,4, #13100C
2359f7aab5df93d7813b,0, #FAF9F8
2359f7aab5df93d7813b,11,#DAD7CF
2359f7aab5df93d7813b,12, #372F20
2359f7aab5df93d7813b,25, #6E6656
235ae5906d1905695ddd,8, #F6F5EB
235ae5906d1905695ddd,3, #554C40
235ae5906d1905695ddd,32,#DBD3BB
235ae5906d1905695ddd,0, #40342A
235ae5906d1905695ddd,13, #C1BAA8
235ae5906d1905695ddd,23, #A29885
235ae5906d1905695ddd,18, #776E5D
235c37dad100d6f786c5,5, #49473C
235c37dad100d6f786c5,11, #AAA08A
235c37dad100d6f786c5,10, #918A77
235c37dad100d6f786c5,8,#F4E5C7
235c37dad100d6f786c5,34, #C7BBA1
235c37dad100d6f786c5,28, #6C6859
235c694e26717963eb6a,8, #BAA67E
235c694e26717963eb6a,56, #1D1713
235c694e26717963eb6a,11,#8E7851
235c694e26717963eb6a,0, #636E78
235c694e26717963eb6a,21, #504C43
235c694e26717963eb6a,1, #CCBF9E
235cce10179aaab8e145,10, #1A262D
235cce10179aaab8e145,2, #D6C49C
235cce10179aaab8e145,4, #B5A281
235cce10179aaab8e145,17, #3A3F3D
235cce10179aaab8e145,42,#5F5C4E
235cce10179aaab8e145,0, #F2E6C1
235cce10179aaab8e145,21, #86775D
2360052d96f19bfc394a,5, #222E25
2360052d96f19bfc394a,12, #7C8377
2360052d96f19bfc394a,13, #B4B5A5
2360052d96f19bfc394a,11,#FDFCEF
2360052d96f19bfc394a,49, #E4DEC7
2360052d96f19bfc394a,6, #4B564C
2368b40ddb52453a0e6d,4, #39382F
2368b40ddb52453a0e6d,25, #635E50
2368b40ddb52453a0e6d,17, #8B8672
2368b40ddb52453a0e6d,8,#FAF5DC
2368b40ddb52453a0e6d,26, #E1DABF
2368b40ddb52453a0e6d,17, #B6B099
236cfcf88d88bd144e54,14, #848073
236cfcf88d88bd144e54,3,#EEEFE4
236cfcf88d88bd144e54,8, #20201B
236cfcf88d88bd144e54,11, #A29E90
236cfcf88d88bd144e54,40, #504F44
236cfcf88d88bd144e54,21, #C8C6B8
237d9304593fc2b76661,15, #EFECE1
237d9304593fc2b76661,4, #ADA7A0
237d9304593fc2b76661,24, #2F201E
237d9304593fc2b76661,19,#CEC9BE
237d9304593fc2b76661,19, #857C78
237d9304593fc2b76661,16, #5B4C49
238354d12e0abdd0e585,4, #795E24
238354d12e0abdd0e585,1, #917633
238354d12e0abdd0e585,1, #A48A43
238354d12e0abdd0e585,7, #543E19
238354d12e0abdd0e585,23,#0F0E06
238354d12e0abdd0e585,61, #2D2413
238d2e656aa0c624e359,20, #7C6F4D
238d2e656aa0c624e359,2, #433323
238d2e656aa0c624e359,3, #7F8F87
238d2e656aa0c624e359,54, #BBC2C9
238d2e656aa0c624e359,19, #BAAD71
238d2e656aa0c624e359,0,#111314
23a109e8d42cbc5ecc3e,17, #636151
23a109e8d42cbc5ecc3e,9, #A19C88
23a109e8d42cbc5ecc3e,9, #C0BAA6
23a109e8d42cbc5ecc3e,42,#EDE7D0
23a109e8d42cbc5ecc3e,4, #424134
23a109e8d42cbc5ecc3e,16, #86826F
23a4e98d2b4378e6f6a0,4, #666459
23a4e98d2b4378e6f6a0,45, #CDCABD
23a4e98d2b4378e6f6a0,22,#F4F1E5
23a4e98d2b4378e6f6a0,18, #A2A094
23a4e98d2b4378e6f6a0,6, #828075
23a4e98d2b4378e6f6a0,2, #3B3B32
23a9a97323d0150adabc,3, #8D8A7E
23a9a97323d0150adabc,6, #B3B0A2
23a9a97323d0150adabc,75,#F7F5E6
23a9a97323d0150adabc,9, #DCD9C7
23a9a97323d0150adabc,3, #6B685E
23a9a97323d0150adabc,1, #47463C
23a9d6df835903ffdeef,3,#E6E3D2
23a9d6df835903ffdeef,6, #787668
23a9d6df835903ffdeef,49, #4B493B
23a9d6df835903ffdeef,11, #C2BCA9
23a9d6df835903ffdeef,10, #9F9780
23a9d6df835903ffdeef,18, #1F1D12
23aa322b20e289f5dd43,9, #7D6D4C
23aa322b20e289f5dd43,46,#D0C9B3
23aa322b20e289f5dd43,4, #473C23
23aa322b20e289f5dd43,7, #9E8963
23aa322b20e289f5dd43,25, #B7A88C
23aa322b20e289f5dd43,1, #262018
23aa322b20e289f5dd43,4, #714A2D
23abad815d8fa5a7d044,0, #B7BCC9
23abad815d8fa5a7d044,3, #191918
23abad815d8fa5a7d044,26, #71463F
23abad815d8fa5a7d044,36,#3C3530
23abad815d8fa5a7d044,3, #97958D
23abad815d8fa5a7d044,2, #C4B785
23abad815d8fa5a7d044,28, #EEE7C2
23ad18b8af90be3d9fe5,8, #9C6D5A
23ad18b8af90be3d9fe5,1, #CBBEAD
23ad18b8af90be3d9fe5,79,#EBE2D1
23ad18b8af90be3d9fe5,2, #393838
23ad18b8af90be3d9fe5,3, #5D5B57
23ad18b8af90be3d9fe5,3, #AF9D8F
23af653782490e09bd58,1, #817664
23af653782490e09bd58,51,#F9F5EC
23af653782490e09bd58,4, #635748
23af653782490e09bd58,4, #CCAD94
23af653782490e09bd58,6, #32271F
23af653782490e09bd58,5, #A09581
23af653782490e09bd58,24, #DAD1C1
23bcba4c799717244adf,2, #5C473C
23bcba4c799717244adf,5, #7C675C
23bcba4c799717244adf,68, #DACEC2
23bcba4c799717244adf,0,#FEFBF8
23bcba4c799717244adf,5, #96877E
23bcba4c799717244adf,18, #B8A599
23c8821bb121ea9303dd,6, #F5F4EE
23c8821bb121ea9303dd,56, #A09787
23c8821bb121ea9303dd,4, #C5BCAA
23c8821bb121ea9303dd,0,#E0DCCE
23c8821bb121ea9303dd,8, #7C7469
23c8821bb121ea9303dd,23, #544D46
23d2177c038ac942b991,27,#827667
23d2177c038ac942b991,23, #999080
23d2177c038ac942b991,16, #564B43
23d2177c038ac942b991,0, #2F2521
23d2177c038ac942b991,3, #F0EFE9
23d2177c038ac942b991,7, #D1CBB5
23d2177c038ac942b991,20, #B6AC94
23d7ed4e8dc1fdf0a4ba,3, #937450
23d7ed4e8dc1fdf0a4ba,27, #D1C58F
23d7ed4e8dc1fdf0a4ba,20,#F4F1E2
23d7ed4e8dc1fdf0a4ba,11, #949482
23d7ed4e8dc1fdf0a4ba,28, #3A3033
23d7ed4e8dc1fdf0a4ba,8, #636B6B
23e7849e3bacd3f4e006,25, #534829
23e7849e3bacd3f4e006,7, #675A35
23e7849e3bacd3f4e006,6, #716B47
23e7849e3bacd3f4e006,18, #19150A
23e7849e3bacd3f4e006,1, #623016
23e7849e3bacd3f4e006,37,#342D1B
23e7849e3bacd3f4e006,2, #8C845C
23eb8f2eead18b05d9d9,12, #DBD3C1
23eb8f2eead18b05d9d9,1, #34302C
23eb8f2eead18b05d9d9,26, #ACA69A
23eb8f2eead18b05d9d9,46,#F6F1E5
23eb8f2eead18b05d9d9,6, #7F7871
23eb8f2eead18b05d9d9,5, #58524C
23ef28a42b028368f5df,1, #383631
23ef28a42b028368f5df,34, #827F75
23ef28a42b028368f5df,15, #ACA79C
23ef28a42b028368f5df,18, #58574F
23ef28a42b028368f5df,2,#F7F5EC
23ef28a42b028368f5df,27, #D4CFC2
23fb11e184ef6f8ae116,4, #938C84
23fb11e184ef6f8ae116,5, #58524A
23fb11e184ef6f8ae116,56,#E7E2DE
23fb11e184ef6f8ae116,9, #C9C2BB
23fb11e184ef6f8ae116,7, #ADA49B
23fb11e184ef6f8ae116,16, #797168
240036d5478b4f1dbc58,15, #44433A
240036d5478b4f1dbc58,17, #C0BAA6
240036d5478b4f1dbc58,12, #848071
240036d5478b4f1dbc58,13, #69675B
240036d5478b4f1dbc58,1, #F8EFD7
240036d5478b4f1dbc58,14, #9F9A89
240036d5478b4f1dbc58,24,#DED5C0
24065dbcbc46e5f38878,33, #4F4329
24065dbcbc46e5f38878,27, #6A5A39
24065dbcbc46e5f38878,9, #959785
24065dbcbc46e5f38878,9, #7F7B62
24065dbcbc46e5f38878,2,#5F685E
24065dbcbc46e5f38878,17, #2B2414
240ba14417afa68d5968,0,#A9A78B
240ba14417afa68d5968,9, #9B8E6A
240ba14417afa68d5968,11, #827049
240ba14417afa68d5968,24, #1A170D
240ba14417afa68d5968,42, #362C17
240ba14417afa68d5968,12, #724222
241139172aef0acb14d8,8, #5A534B
241139172aef0acb14d8,35,#D8CEBA
241139172aef0acb14d8,18, #F8F2E4
241139172aef0acb14d8,3, #37322D
241139172aef0acb14d8,11, #B6AD9A
241139172aef0acb14d8,9, #928A7A
241139172aef0acb14d8,12, #766F62
24192720edc04b2f693b,25, #F8EDE1
24192720edc04b2f693b,24, #C0B1A0
24192720edc04b2f693b,2, #473E37
24192720edc04b2f693b,24,#DECBB8
24192720edc04b2f693b,6, #6A5F56
24192720edc04b2f693b,15, #988C7F
241a90c475c2aa8aab1c,20, #312A1A
241a90c475c2aa8aab1c,18, #4E4223
241a90c475c2aa8aab1c,3, #84753F
241a90c475c2aa8aab1c,4, #93864F
241a90c475c2aa8aab1c,4, #6B5F31
241a90c475c2aa8aab1c,0, #C4AF66
241a90c475c2aa8aab1c,48,#A89B61
241bc2c08ba7c96fd5c6,16,#060401
241bc2c08ba7c96fd5c6,33, #605B30
241bc2c08ba7c96fd5c6,4, #B8B296
241bc2c08ba7c96fd5c6,9, #978F50
241bc2c08ba7c96fd5c6,1, #D5D1B9
241bc2c08ba7c96fd5c6,34, #2A2818
241e10740f470be88ca8,17,#EFEDC4
241e10740f470be88ca8,20, #56512E
241e10740f470be88ca8,34, #1C1C19
241e10740f470be88ca8,19, #CCCFB6
241e10740f470be88ca8,6, #817F62
241e10740f470be88ca8,1, #B5AD72
242140fbadf56ec53f92,36, #7F7771
242140fbadf56ec53f92,22, #58524F
242140fbadf56ec53f92,1,#F7F2E9
242140fbadf56ec53f92,17, #ABA398
242140fbadf56ec53f92,10, #3D3938
242140fbadf56ec53f92,11, #D9CCBE
24334174b238e4e11c21,8, #9B978C
24334174b238e4e11c21,22, #747167
24334174b238e4e11c21,22, #49483F
24334174b238e4e11c21,4, #D6D0C0
24334174b238e4e11c21,32,#F6F2E0
24334174b238e4e11c21,1, #312F27
24334174b238e4e11c21,7, #B6B3A5
243d8e34b2f3b9fe052e,26, #7D726C
243d8e34b2f3b9fe052e,7, #554A40
243d8e34b2f3b9fe052e,28, #BBB8AB
243d8e34b2f3b9fe052e,33,#A49C92
243d8e34b2f3b9fe052e,0, #FAFCFA
243d8e34b2f3b9fe052e,2, #372A1E
243d8e34b2f3b9fe052e,2, #DEDED9
243db611e784e0ef96a6,2, #33281B
243db611e784e0ef96a6,3, #7E7564
243db611e784e0ef96a6,2, #5B4F41
243db611e784e0ef96a6,17, #A39883
243db611e784e0ef96a6,30,#D2CBB8
243db611e784e0ef96a6,43, #F7F5E8
243e12af21aa36abf6e3,2, #7E766A
243e12af21aa36abf6e3,1, #F8F6E9
243e12af21aa36abf6e3,30, #36302A
243e12af21aa36abf6e3,40, #D5CDB5
243e12af21aa36abf6e3,21, #A59A87
243e12af21aa36abf6e3,2,#60584E
24468cc77b1f38b2ff2a,10, #A0A484
24468cc77b1f38b2ff2a,11,#12110B
24468cc77b1f38b2ff2a,39, #3C341B
24468cc77b1f38b2ff2a,3, #CCC99B
24468cc77b1f38b2ff2a,13, #89865C
24468cc77b1f38b2ff2a,21, #64582C
244b20025cbca60ff8ea,28, #AB9961
244b20025cbca60ff8ea,22, #686F6C
244b20025cbca60ff8ea,3, #DDCB8A
244b20025cbca60ff8ea,0, #8F99A1
244b20025cbca60ff8ea,41, #3C3D35
244b20025cbca60ff8ea,2,#11110D
244fd19389cf6eaf2498,24, #595032
244fd19389cf6eaf2498,21,#38301D
244fd19389cf6eaf2498,12, #1C1A12
244fd19389cf6eaf2498,20, #766C4A
244fd19389cf6eaf2498,4, #B3A378
244fd19389cf6eaf2498,15, #93845A
245983cb5e48415e5e8c,49, #CFCBBE
245983cb5e48415e5e8c,16, #838175
245983cb5e48415e5e8c,14, #5D5D52
245983cb5e48415e5e8c,5, #383B33
245983cb5e48415e5e8c,2,#F8F7F3
245983cb5e48415e5e8c,10, #A29E92
246093e1a51e24cd5dd8,5, #5F3B1E
246093e1a51e24cd5dd8,0, #A28647
246093e1a51e24cd5dd8,0, #917539
246093e1a51e24cd5dd8,62,#1B1911
246093e1a51e24cd5dd8,0, #7E632F
246093e1a51e24cd5dd8,30, #403223
246967dbd750ab75f033,69,#A48F72
246967dbd750ab75f033,11, #7B6D58
246967dbd750ab75f033,3, #CFB896
246967dbd750ab75f033,0, #E6E5DD
246967dbd750ab75f033,11, #100A04
246967dbd750ab75f033,3, #322819
246967dbd750ab75f033,1, #544734
246b2f1597097bb3ce41,20, #95948A
246b2f1597097bb3ce41,33,#EDEDE0
246b2f1597097bb3ce41,16, #CAC9BE
246b2f1597097bb3ce41,0, #4E4E48
246b2f1597097bb3ce41,10, #717168
246b2f1597097bb3ce41,17, #ACAAA1
2476bb4514f4b9f20686,17, #644E2D
2476bb4514f4b9f20686,48,#19140A
2476bb4514f4b9f20686,2, #BFB289
2476bb4514f4b9f20686,3, #947144
2476bb4514f4b9f20686,26, #382E1B
2476bb4514f4b9f20686,2, #A78B5E
2480a42a75dcf42ef1a8,5, #6E6150
2480a42a75dcf42ef1a8,12, #9E937B
2480a42a75dcf42ef1a8,23, #C5BC9E
2480a42a75dcf42ef1a8,4, #EBE5CE
2480a42a75dcf42ef1a8,24,#D0CAB2
2480a42a75dcf42ef1a8,15, #857966
2480a42a75dcf42ef1a8,15, #B4A98C
2482152154f2cc806414,8, #68594A
2482152154f2cc806414,8, #F1F1EE
2482152154f2cc806414,58,#BEB9A9
2482152154f2cc806414,7, #887D6C
2482152154f2cc806414,11, #9D9689
2482152154f2cc806414,3, #49372A
2482152154f2cc806414,1, #D4D3C8
2484b4a19bc00c698c8c,24, #F4F1E2
2484b4a19bc00c698c8c,17, #46382C
2484b4a19bc00c698c8c,5, #8B8172
2484b4a19bc00c698c8c,8,#6E6253
2484b4a19bc00c698c8c,31, #D9D1B9
2484b4a19bc00c698c8c,13, #B3A790
2484b7814f05b374d70b,4, #9D8E6A
2484b7814f05b374d70b,1, #C3B78C
2484b7814f05b374d70b,64,#201B17
2484b7814f05b374d70b,5, #705D3E
2484b7814f05b374d70b,2, #8A7653
2484b7814f05b374d70b,19, #61341C
2484b7814f05b374d70b,1, #B3A67F
249ab4ea703d8498c3da,3, #424138
249ab4ea703d8498c3da,12, #838072
249ab4ea703d8498c3da,21, #C9C4B2
249ab4ea703d8498c3da,16, #A39F8F
249ab4ea703d8498c3da,25, #616054
249ab4ea703d8498c3da,20,#F3F0DC
24a274d7eb8680502390,0, #F4EDBE
24a274d7eb8680502390,29,#605021
24a274d7eb8680502390,0, #656A50
24a274d7eb8680502390,21, #A89A5E
24a274d7eb8680502390,23, #9B6932
24a274d7eb8680502390,18, #CEC792
24a274d7eb8680502390,7, #3A260D
24a277808359cfa4bb6e,18, #D9D4AD
24a277808359cfa4bb6e,15, #5F5642
24a277808359cfa4bb6e,0, #FAFAE0
24a277808359cfa4bb6e,38,#A09D83
24a277808359cfa4bb6e,4, #3F2F19
24a277808359cfa4bb6e,20, #8B805C
24a277808359cfa4bb6e,1, #1F1206
24a3bd969570118f53c6,19, #776F4C
24a3bd969570118f53c6,13, #65522C
24a3bd969570118f53c6,8, #C0B588
24a3bd969570118f53c6,29,#91865A
24a3bd969570118f53c6,12, #A4A17B
24a3bd969570118f53c6,7, #46381B
24a3bd969570118f53c6,9, #201C0E
24a4f900171ef4cdff4b,0, #B1872B
24a4f900171ef4cdff4b,9, #483416
24a4f900171ef4cdff4b,4, #86561C
24a4f900171ef4cdff4b,0, #89753C
24a4f900171ef4cdff4b,86,#191A16
24a4f900171ef4cdff4b,0, #BAA75C
24a93e62a4d7e27c0812,8, #B0ACA0
24a93e62a4d7e27c0812,11, #3A3934
24a93e62a4d7e27c0812,7,#F6F5E9
24a93e62a4d7e27c0812,9, #5F5D56
24a93e62a4d7e27c0812,51, #D1CEBF
24a93e62a4d7e27c0812,12, #848279
24a9c2dd7d3aaa469379,1, #E0DACC
24a9c2dd7d3aaa469379,14, #53422D
24a9c2dd7d3aaa469379,3,#F9F6ED
24a9c2dd7d3aaa469379,12, #7F7258
24a9c2dd7d3aaa469379,45, #C0BBA9
24a9c2dd7d3aaa469379,22, #9C927B
24ad1ce69d62133b080e,11, #C3BDAA
24ad1ce69d62133b080e,0,#FFFEF7
24ad1ce69d62133b080e,9, #3E3D36
24ad1ce69d62133b080e,49, #E3DFCB
24ad1ce69d62133b080e,13, #999584
24ad1ce69d62133b080e,14, #626054
24b0f0006a47d42553aa,0, #D2C090
24b0f0006a47d42553aa,9,#322D19
24b0f0006a47d42553aa,4, #907E4C
24b0f0006a47d42553aa,2, #B59D6E
24b0f0006a47d42553aa,0, #E5DCB0
24b0f0006a47d42553aa,83, #5E5432
24bd6cf19bfdb5210fd8,9,#F4F1E4
24bd6cf19bfdb5210fd8,15, #3C3933
24bd6cf19bfdb5210fd8,16, #D2C8B3
24bd6cf19bfdb5210fd8,13, #6A6459
24bd6cf19bfdb5210fd8,16, #898275
24bd6cf19bfdb5210fd8,28, #B2A997
24c070c44da89a382b72,21, #868371
24c070c44da89a382b72,11, #ACA796
24c070c44da89a382b72,12, #696858
24c070c44da89a382b72,6, #CCC7B4
24c070c44da89a382b72,35,#F1EEDB
24c070c44da89a382b72,13, #4F4F42
24c22cba471631c8ae71,41,#969186
24c22cba471631c8ae71,6, #5F564D
24c22cba471631c8ae71,2, #A7A196
24c22cba471631c8ae71,4, #6D655B
24c22cba471631c8ae71,8, #232832
24c22cba471631c8ae71,13, #807A70
24c22cba471631c8ae71,24, #4A4645
24c3c4a3cf2eb9ab06f1,1, #9E8E5C
24c3c4a3cf2eb9ab06f1,34, #5B5132
24c3c4a3cf2eb9ab06f1,2, #827247
24c3c4a3cf2eb9ab06f1,16, #34311F
24c3c4a3cf2eb9ab06f1,2, #BFAD75
24c3c4a3cf2eb9ab06f1,40,#1F1B0F
24c3c4a3cf2eb9ab06f1,1, #E1D597
24d4bbe9dd6bc1e49954,0, #BDBCBB
24d4bbe9dd6bc1e49954,5, #989589
24d4bbe9dd6bc1e49954,7, #4A483E
24d4bbe9dd6bc1e49954,79, #282924
24d4bbe9dd6bc1e49954,3, #706E60
24d4bbe9dd6bc1e49954,3,#E5E2DD
24d9ada151ab2873a3f0,3, #B29F70
24d9ada151ab2873a3f0,12, #514323
24d9ada151ab2873a3f0,11, #6A5D36
24d9ada151ab2873a3f0,0, #C7BB8A
24d9ada151ab2873a3f0,65,#262211
24d9ada151ab2873a3f0,7, #897D55
24db0d9665e0ef5b7c51,7,#FBFAED
24db0d9665e0ef5b7c51,18, #DED4BF
24db0d9665e0ef5b7c51,8, #B3B0A2
24db0d9665e0ef5b7c51,22, #82857D
24db0d9665e0ef5b7c51,15, #141E20
24db0d9665e0ef5b7c51,26, #4E5654
24e285671467d71e05fc,12, #2C2920
24e285671467d71e05fc,30, #E5DEC8
24e285671467d71e05fc,7, #7A7667
24e285671467d71e05fc,30, #B2AC97
24e285671467d71e05fc,9,#FAF9F2
24e285671467d71e05fc,9, #545246
24e545094e52427f7276,25, #F1E5D9
24e545094e52427f7276,4,#8D857B
24e545094e52427f7276,5, #746E66
24e545094e52427f7276,20, #B0A79A
24e545094e52427f7276,5, #4B4843
24e545094e52427f7276,38, #D7CCC1
24f86a417af0ea6716df,18, #E4E9E5
24f86a417af0ea6716df,5, #989C99
24f86a417af0ea6716df,20,#636561
24f86a417af0ea6716df,34, #363631
24f86a417af0ea6716df,14, #B6BEBD
24f86a417af0ea6716df,6, #838583
24fa0ec9b34124f2a4e0,15, #61665B
24fa0ec9b34124f2a4e0,25, #8C8B7A
24fa0ec9b34124f2a4e0,28, #343C35
24fa0ec9b34124f2a4e0,20, #CCBFA6
24fa0ec9b34124f2a4e0,5,#F8EFD2
24fa0ec9b34124f2a4e0,4, #0A130D
24fcf4cecf1595a9875e,7, #D7C279
24fcf4cecf1595a9875e,11, #A09570
24fcf4cecf1595a9875e,13, #7A6B50
24fcf4cecf1595a9875e,6, #EDEDE6
24fcf4cecf1595a9875e,12, #63483B
24fcf4cecf1595a9875e,2, #BEBEB1
24fcf4cecf1595a9875e,45,#39221A
24fdd3db35f928eb6f23,2, #BFB474
24fdd3db35f928eb6f23,42,#292510
24fdd3db35f928eb6f23,7, #9C9154
24fdd3db35f928eb6f23,10, #81702F
24fdd3db35f928eb6f23,0, #D4D09D
24fdd3db35f928eb6f23,31, #52471F
24fdd3db35f928eb6f23,5, #636245
2502d9c2f4702ab4ea15,22, #5A574B
2502d9c2f4702ab4ea15,2, #776A58
2502d9c2f4702ab4ea15,38,#221D18
2502d9c2f4702ab4ea15,3, #603F2F
2502d9c2f4702ab4ea15,0, #999683
2502d9c2f4702ab4ea15,1, #898372
2502d9c2f4702ab4ea15,30, #453225
2506e9ac2b240c39371c,8, #46453A
2506e9ac2b240c39371c,17, #6A685B
2506e9ac2b240c39371c,0,#FBF7EA
2506e9ac2b240c39371c,43, #DAD3C4
2506e9ac2b240c39371c,13, #B5B0A1
2506e9ac2b240c39371c,17, #949182
25106ed38aee522f1129,0, #302514
25106ed38aee522f1129,3, #9A9381
25106ed38aee522f1129,72,#F4F1E1
25106ed38aee522f1129,12, #D4CCB2
25106ed38aee522f1129,5, #B5AC94
25106ed38aee522f1129,0, #5E4935
25106ed38aee522f1129,4, #87715E
2511364c811a82ea9787,2,#2C261C
2511364c811a82ea9787,7, #836F4C
2511364c811a82ea9787,22, #A7997A
2511364c811a82ea9787,35, #463A27
2511364c811a82ea9787,8, #735433
2511364c811a82ea9787,23, #BDB99B
253249cf8dbfed25664f,15,#F8F4E5
253249cf8dbfed25664f,21, #DAD4C1
253249cf8dbfed25664f,12, #454945
253249cf8dbfed25664f,15, #7A7C72
253249cf8dbfed25664f,27, #AFAD9D
253249cf8dbfed25664f,8, #141817
253316532c0e145a01a6,33, #E2DCCC
253316532c0e145a01a6,4, #8A8575
253316532c0e145a01a6,11, #B6B09E
253316532c0e145a01a6,0, #2C261A
253316532c0e145a01a6,0, #4E4739
253316532c0e145a01a6,1, #6A6558
253316532c0e145a01a6,49,#FAF9F2
2538a652363ca96cdc3e,16, #6F4F2B
2538a652363ca96cdc3e,49, #372117
2538a652363ca96cdc3e,4, #85725B
2538a652363ca96cdc3e,3, #C3BEAF
2538a652363ca96cdc3e,6, #A69B8A
2538a652363ca96cdc3e,20,#120B0A
253a1a2228a9fc5f2ffa,6, #A39E8D
253a1a2228a9fc5f2ffa,4, #78766A
253a1a2228a9fc5f2ffa,0, #5D5F5A
253a1a2228a9fc5f2ffa,20, #DDD7C8
253a1a2228a9fc5f2ffa,0, #C08B70
253a1a2228a9fc5f2ffa,22, #C7B9A4
253a1a2228a9fc5f2ffa,45,#F4EDDF
253ad7ef20fcc7586a91,15, #979181
253ad7ef20fcc7586a91,18, #B9B3A1
253ad7ef20fcc7586a91,8, #4D493E
253ad7ef20fcc7586a91,37, #DAD4C2
253ad7ef20fcc7586a91,9, #797463
253ad7ef20fcc7586a91,11,#FAF8F2
25470e9c6ab123bc4582,17, #696557
25470e9c6ab123bc4582,22,#F9F7EC
25470e9c6ab123bc4582,16, #959182
25470e9c6ab123bc4582,3, #373429
25470e9c6ab123bc4582,21, #BBB7A9
25470e9c6ab123bc4582,19, #E1DCC9
254cc45c065cdd476abe,56, #7E7F81
254cc45c065cdd476abe,14, #575654
254cc45c065cdd476abe,5,#F6F2E8
254cc45c065cdd476abe,11, #ADAA9C
254cc45c065cdd476abe,1, #3C3B39
254cc45c065cdd476abe,9, #D4D0BE
254e0360293a9128b812,4, #7A6733
254e0360293a9128b812,7, #5E4D26
254e0360293a9128b812,16,#0F0E0A
254e0360293a9128b812,61, #3E3018
254e0360293a9128b812,4, #B7A76C
254e0360293a9128b812,4, #99864A
255348a68db161848444,10, #9D987E
255348a68db161848444,2, #C3B88D
255348a68db161848444,13, #152322
255348a68db161848444,0,#D9D4B8
255348a68db161848444,41, #534D3E
255348a68db161848444,32, #91815D
255d738c42f149f3e987,31,#1A241F
255d738c42f149f3e987,1, #E8E2BD
255d738c42f149f3e987,13, #777B5C
255d738c42f149f3e987,7, #A29F79
255d738c42f149f3e987,6, #C9C8A9
255d738c42f149f3e987,39, #4E5240
2566ea3da285a4546839,20, #706B61
2566ea3da285a4546839,6, #33302B
2566ea3da285a4546839,0, #F8F0DB
2566ea3da285a4546839,1, #E0D8C5
2566ea3da285a4546839,53,#4B473F
2566ea3da285a4546839,9, #9B9488
2566ea3da285a4546839,7, #C5BDAE
256e84d5d61accf30bf7,12, #928974
256e84d5d61accf30bf7,26, #736144
256e84d5d61accf30bf7,1, #D4BB87
256e84d5d61accf30bf7,11, #B3A17E
256e84d5d61accf30bf7,20, #4C3D2C
256e84d5d61accf30bf7,27,#221A11
256e84d5d61accf30bf7,1, #7F3014
256edaaeab68b7f672c6,3, #756659
256edaaeab68b7f672c6,5, #968A7E
256edaaeab68b7f672c6,3, #362720
256edaaeab68b7f672c6,2, #59483B
256edaaeab68b7f672c6,73, #E2DAC4
256edaaeab68b7f672c6,11,#BDB39C
257b59a7bd21805dee78,72,#1A160D
257b59a7bd21805dee78,0, #9D8353
257b59a7bd21805dee78,4, #6E572F
257b59a7bd21805dee78,1, #886C3C
257b59a7bd21805dee78,0, #AA9E77
257b59a7bd21805dee78,20, #4E331D
257fe4dd9771e9e52811,18, #846147
257fe4dd9771e9e52811,4, #B4A67F
257fe4dd9771e9e52811,0, #5D6764
257fe4dd9771e9e52811,16, #302E22
257fe4dd9771e9e52811,3, #CFC49A
257fe4dd9771e9e52811,42,#544D40
257fe4dd9771e9e52811,14, #888260
2584a475fbce1a30bd99,15, #BBAD9D
2584a475fbce1a30bd99,16, #8D8276
2584a475fbce1a30bd99,9, #443C35
2584a475fbce1a30bd99,45, #DFCDBB
2584a475fbce1a30bd99,9, #695F55
2584a475fbce1a30bd99,4,#F8F0E6
258ca2312791c4f51f4d,24,#F2EBDB
258ca2312791c4f51f4d,7, #373232
258ca2312791c4f51f4d,12, #CEC7B9
258ca2312791c4f51f4d,18, #58524F
258ca2312791c4f51f4d,23, #A29B91
258ca2312791c4f51f4d,13, #7B746E
25b716e594a0538ec7fe,12, #423A32
25b716e594a0538ec7fe,9, #F7F4E8
25b716e594a0538ec7fe,47,#DCD2BB
25b716e594a0538ec7fe,10, #A19179
25b716e594a0538ec7fe,3, #221E18
25b716e594a0538ec7fe,9, #6D6052
25b716e594a0538ec7fe,8, #C5B597
25b9551f86c02d686c7b,2, #A08F5F
25b9551f86c02d686c7b,0, #C4B177
25b9551f86c02d686c7b,21, #524927
25b9551f86c02d686c7b,45,#3C321C
25b9551f86c02d686c7b,0, #D4C294
25b9551f86c02d686c7b,27, #74653C
25b9551f86c02d686c7b,2, #201C12
25c22cc09dc196758fd9,44,#705B46
25c22cc09dc196758fd9,5, #322F24
25c22cc09dc196758fd9,0, #DBC98D
25c22cc09dc196758fd9,7, #967458
25c22cc09dc196758fd9,2, #C5AD75
25c22cc09dc196758fd9,2, #A18D6D
25c22cc09dc196758fd9,36, #494234
25c28237d8f1d2b98fa7,2, #8F8A80
25c28237d8f1d2b98fa7,72,#DACFBE
25c28237d8f1d2b98fa7,0, #3D3A36
25c28237d8f1d2b98fa7,11, #F9F4E7
25c28237d8f1d2b98fa7,4, #79746B
25c28237d8f1d2b98fa7,5, #57534E
25c28237d8f1d2b98fa7,2, #B0A89B
25c32772280afd6efc78,19, #838074
25c32772280afd6efc78,21, #B7B3A6
25c32772280afd6efc78,4, #514E45
25c32772280afd6efc78,18, #D9D4C4
25c32772280afd6efc78,0, #2A2721
25c32772280afd6efc78,34,#F6F3E4
25c4e0eb70dfc507981e,2, #6B665A
25c4e0eb70dfc507981e,7, #D3CFC2
25c4e0eb70dfc507981e,13, #8F8B7E
25c4e0eb70dfc507981e,4, #434037
25c4e0eb70dfc507981e,58,#F2F0E6
25c4e0eb70dfc507981e,12, #BAB6A9
25cfdd16ef2abce9b750,55, #D1C09E
25cfdd16ef2abce9b750,7, #9D9883
25cfdd16ef2abce9b750,6, #E7DFCC
25cfdd16ef2abce9b750,16, #7F6C58
25cfdd16ef2abce9b750,0,#FEF8E4
25cfdd16ef2abce9b750,13, #403D37
25d0aae2d42a86b79692,39, #6A675E
25d0aae2d42a86b79692,15, #A8A399
25d0aae2d42a86b79692,19,#87837A
25d0aae2d42a86b79692,13, #CCC6BB
25d0aae2d42a86b79692,10, #4E4C45
25d0aae2d42a86b79692,1, #F5F1E6
25d3c40c586a75576e1e,11, #605F56
25d3c40c586a75576e1e,22, #B0ADA1
25d3c40c586a75576e1e,0,#FEFEF0
25d3c40c586a75576e1e,7, #3D3C36
25d3c40c586a75576e1e,39, #E0DDCE
25d3c40c586a75576e1e,17, #858279
25d4fc638ba9a66045c4,25, #604A2A
25d4fc638ba9a66045c4,11, #A68444
25d4fc638ba9a66045c4,0, #CEBB84
25d4fc638ba9a66045c4,5, #9B6924
25d4fc638ba9a66045c4,2, #B29C67
25d4fc638ba9a66045c4,53,#2E2416
25d4fc638ba9a66045c4,2, #806B40
25d65d18fb2ecefcb109,16, #5C4B3A
25d65d18fb2ecefcb109,15, #A89E8C
25d65d18fb2ecefcb109,5, #98886B
25d65d18fb2ecefcb109,22, #382A20
25d65d18fb2ecefcb109,25,#BAB2A2
25d65d18fb2ecefcb109,9, #D1CCC1
25d65d18fb2ecefcb109,4, #7A7062
25d7c8fb682c8b5722c3,16, #704825
25d7c8fb682c8b5722c3,2, #967742
25d7c8fb682c8b5722c3,0, #BD9D53
25d7c8fb682c8b5722c3,0, #E5E3BD
25d7c8fb682c8b5722c3,54,#2A2C20
25d7c8fb682c8b5722c3,24, #050604
25d7c8fb682c8b5722c3,0, #C6BD89
25e1002c382738eb04ef,6, #9C9978
25e1002c382738eb04ef,0, #93583C
25e1002c382738eb04ef,19, #2F2A1F
25e1002c382738eb04ef,9, #7D7A57
25e1002c382738eb04ef,28, #D4D5BF
25e1002c382738eb04ef,28,#4D4E48
25e1002c382738eb04ef,7, #AAAC9C
25e48d9cc03d90ea3998,15, #A19A8F
25e48d9cc03d90ea3998,5, #403C3C
25e48d9cc03d90ea3998,23, #807973
25e48d9cc03d90ea3998,9, #F6F0E2
25e48d9cc03d90ea3998,25, #CDC3B1
25e48d9cc03d90ea3998,19,#625C59
25e50cbe1b37cb7a7e22,17, #807663
25e50cbe1b37cb7a7e22,6, #E7E6D3
25e50cbe1b37cb7a7e22,27, #CDCAAF
25e50cbe1b37cb7a7e22,3, #372D24
25e50cbe1b37cb7a7e22,9, #B3AE9C
25e50cbe1b37cb7a7e22,30,#5E554A
25e50cbe1b37cb7a7e22,5, #A0967E
25e8d32a053875d76654,4, #E5E1D0
25e8d32a053875d76654,6, #666357
25e8d32a053875d76654,16, #797568
25e8d32a053875d76654,28,#CBC8B8
25e8d32a053875d76654,23, #AEA99A
25e8d32a053875d76654,19, #948F7F
25e8d32a053875d76654,2, #4F4D45
25ebafc57ce9af2b67ca,0, #403E37
25ebafc57ce9af2b67ca,3,#8E8982
25ebafc57ce9af2b67ca,0, #C09E56
25ebafc57ce9af2b67ca,5, #B4AFA8
25ebafc57ce9af2b67ca,4, #66625B
25ebafc57ce9af2b67ca,85, #EEEBDF
25eef7b34e6d34a61db6,62,#D0C8B3
25eef7b34e6d34a61db6,15, #7A6D56
25eef7b34e6d34a61db6,0, #3D2E18
25eef7b34e6d34a61db6,10, #AEA38D
25eef7b34e6d34a61db6,10, #978B72
25eef7b34e6d34a61db6,0, #F0EBDE
25eef7b34e6d34a61db6,0, #58503F
25f70117e58f41b2fd71,12, #9F8654
25f70117e58f41b2fd71,2, #5F5D49
25f70117e58f41b2fd71,2, #B9A26E
25f70117e58f41b2fd71,31, #653217
25f70117e58f41b2fd71,1, #CFBB86
25f70117e58f41b2fd71,40,#171412
25f70117e58f41b2fd71,10, #855728
25fb229855fb01e68d2a,14, #BEC2AC
25fb229855fb01e68d2a,6, #898463
25fb229855fb01e68d2a,57,#DEE3D2
25fb229855fb01e68d2a,9, #454131
25fb229855fb01e68d2a,6, #6B654A
25fb229855fb01e68d2a,5, #A89E76
260bfe82594127e73c45,9, #55483C
260bfe82594127e73c45,20, #766C60
260bfe82594127e73c45,10, #979083
260bfe82594127e73c45,8, #32271E
260bfe82594127e73c45,1, #FCFBF6
260bfe82594127e73c45,22, #BFBBAB
260bfe82594127e73c45,28,#E4E1D2
261109a12cac0b80d4a1,21, #5D5950
261109a12cac0b80d4a1,20, #C8C3B1
261109a12cac0b80d4a1,20, #9D988A
261109a12cac0b80d4a1,9, #777368
261109a12cac0b80d4a1,23,#F3ECD8
261109a12cac0b80d4a1,3, #423F38
261726147bcd0cd6847f,3,#73654B
261726147bcd0cd6847f,1, #D4C499
261726147bcd0cd6847f,3, #907E5B
261726147bcd0cd6847f,1, #AA9B77
261726147bcd0cd6847f,34, #1B1B16
261726147bcd0cd6847f,56, #433727
261b9c0efd738522ebe3,0, #110C07
261b9c0efd738522ebe3,30, #D3C9B1
261b9c0efd738522ebe3,9, #988C74
261b9c0efd738522ebe3,1, #6F6555
261b9c0efd738522ebe3,1, #34291B
261b9c0efd738522ebe3,54,#F6F3E8
261b9c0efd738522ebe3,2, #534537
261f286f78ccf5c58c87,39, #7F776B
261f286f78ccf5c58c87,0,#FFFEEF
261f286f78ccf5c58c87,3, #CDC4B3
261f286f78ccf5c58c87,24, #E9DFCF
261f286f78ccf5c58c87,20, #49433C
261f286f78ccf5c58c87,12, #ADA596
26274ffbc233e1242003,58,#262018
26274ffbc233e1242003,0, #DED9BC
26274ffbc233e1242003,2, #C2BDA3
26274ffbc233e1242003,8, #88642E
26274ffbc233e1242003,15, #594A30
26274ffbc233e1242003,4, #B3A47E
26274ffbc233e1242003,10, #92825F
2633ee2e08adebf2e78b,1, #49493F
2633ee2e08adebf2e78b,11, #8F8D80
2633ee2e08adebf2e78b,0, #FDFCED
2633ee2e08adebf2e78b,43,#E4E0D2
2633ee2e08adebf2e78b,10, #AEAB9D
2633ee2e08adebf2e78b,10, #C7C4B6
2633ee2e08adebf2e78b,21, #6C6B5E
263f33b2a32279688d47,36, #5F523A
263f33b2a32279688d47,0, #9A8F7D
263f33b2a32279688d47,39,#332F25
263f33b2a32279688d47,2, #B4A883
263f33b2a32279688d47,16, #827153
263f33b2a32279688d47,3, #AB9869
263f33b2a32279688d47,1, #C4BFA0
26499df833f366c5676c,0, #302D26
26499df833f366c5676c,12, #CAC4B9
26499df833f366c5676c,17, #69655E
26499df833f366c5676c,47,#F0ECE2
26499df833f366c5676c,8, #8D8880
26499df833f366c5676c,3, #47453E
26499df833f366c5676c,9, #ABA69C
264f35c2f865adbc33e3,26, #C3BB9E
264f35c2f865adbc33e3,17, #988B66
264f35c2f865adbc33e3,50, #B2A584
264f35c2f865adbc33e3,0, #DDD6BC
264f35c2f865adbc33e3,4, #74694D
264f35c2f865adbc33e3,0,#49402D
2651169523c73ebd4437,3,#0D0A04
2651169523c73ebd4437,13, #645942
2651169523c73ebd4437,12, #7D6E58
2651169523c73ebd4437,24, #CABDAD
2651169523c73ebd4437,14, #9F9180
2651169523c73ebd4437,32, #3F3420
265235027255db42d808,2, #9E8F71
265235027255db42d808,33, #35312B
265235027255db42d808,0, #D2CDC9
265235027255db42d808,51,#141110
265235027255db42d808,4, #CCBA8F
265235027255db42d808,6, #5E5345
265235027255db42d808,2, #867459
26554677c1ea9b74252e,2, #3B3431
26554677c1ea9b74252e,32,#9B9283
26554677c1ea9b74252e,3, #EBEAE5
26554677c1ea9b74252e,5, #585049
26554677c1ea9b74252e,19, #B7AF9A
26554677c1ea9b74252e,17, #766B60
26554677c1ea9b74252e,19, #CFCAB5
26556f42f49be71b257d,4, #928772
26556f42f49be71b257d,40, #65584A
26556f42f49be71b257d,1,#ADA490
26556f42f49be71b257d,14, #131110
26556f42f49be71b257d,0, #C5BFB0
26556f42f49be71b257d,38, #42362F
26571f9244b5605d43b5,3, #D3BE65
26571f9244b5605d43b5,69,#665938
26571f9244b5605d43b5,4, #AD9855
26571f9244b5605d43b5,14, #302C1B
26571f9244b5605d43b5,7, #917B47
26571f9244b5605d43b5,0, #F3EBA6
26571f9244b5605d43b5,0, #E6DA89
265e804d061045725840,3, #A59570
265e804d061045725840,27, #191309
265e804d061045725840,4, #907F5A
265e804d061045725840,26, #392916
265e804d061045725840,4, #826A3E
265e804d061045725840,0, #BBAD86
265e804d061045725840,33,#5D4829
265eee0462cbee4bd88b,10, #5A5547
265eee0462cbee4bd88b,12, #7C7665
265eee0462cbee4bd88b,21,#CEC6B1
265eee0462cbee4bd88b,17, #F7F6E9
265eee0462cbee4bd88b,18, #A9A290
265eee0462cbee4bd88b,15, #E2DCCA
265eee0462cbee4bd88b,3, #3A372E
266252f2aa7a75e09def,4, #7F7C72
266252f2aa7a75e09def,2, #A4A195
266252f2aa7a75e09def,5, #C6C2B3
266252f2aa7a75e09def,2, #5C5A52
266252f2aa7a75e09def,83,#EEEADA
266252f2aa7a75e09def,1, #3E3E38
266c2af96e8cbb472a9f,40, #55412B
266c2af96e8cbb472a9f,1, #866D48
266c2af96e8cbb472a9f,1, #A58D66
266c2af96e8cbb472a9f,0, #C8BF9E
266c2af96e8cbb472a9f,54,#1C1A15
266c2af96e8cbb472a9f,0, #715C3C
266c2af96e8cbb472a9f,0, #BEA87E
2672015cee438b685c6e,9, #AAA794
2672015cee438b685c6e,31,#EFEDDA
2672015cee438b685c6e,14, #C3C0AD
2672015cee438b685c6e,21, #868270
2672015cee438b685c6e,14, #615F4E
2672015cee438b685c6e,9, #3F3F31
2676f51cd5cdca53fecd,19, #E0D6C5
2676f51cd5cdca53fecd,49,#FAF7F3
2676f51cd5cdca53fecd,8, #948C80
2676f51cd5cdca53fecd,6, #474239
2676f51cd5cdca53fecd,8, #696256
2676f51cd5cdca53fecd,8, #BAB2A6
2677d68df804e2fe01b5,10, #322817
2677d68df804e2fe01b5,21, #736748
2677d68df804e2fe01b5,0, #BBA674
2677d68df804e2fe01b5,13, #53472F
2677d68df804e2fe01b5,29,#A6ABA5
2677d68df804e2fe01b5,24, #918B71
267ee3a32e82b50f1ec8,17, #3E3B30
267ee3a32e82b50f1ec8,12, #8C7453
267ee3a32e82b50f1ec8,17, #A89974
267ee3a32e82b50f1ec8,0,#212421
267ee3a32e82b50f1ec8,0, #CAC19D
267ee3a32e82b50f1ec8,51, #6F5640
268469bee089d28157f8,49,#F8F7F1
268469bee089d28157f8,9, #6C685D
268469bee089d28157f8,6, #C2BEB1
268469bee089d28157f8,10, #DBD7CA
268469bee089d28157f8,5, #88847A
268469bee089d28157f8,11, #3C3B33
268469bee089d28157f8,7, #A19E93
2688d6a26594859dfa37,4, #3A392F
2688d6a26594859dfa37,22, #D8CFB9
2688d6a26594859dfa37,8, #B7AF9D
2688d6a26594859dfa37,9, #625D50
2688d6a26594859dfa37,5, #948F81
2688d6a26594859dfa37,42,#F6F3EB
2688d6a26594859dfa37,6, #7C7769
268cd17fd5185d536c62,0, #46463C
268cd17fd5185d536c62,8,#F6F4EF
268cd17fd5185d536c62,6, #636256
268cd17fd5185d536c62,35, #D5D1C7
268cd17fd5185d536c62,26, #8C897C
268cd17fd5185d536c62,21, #B8B4A8
268d665b7df7f711ab2f,4, #38372D
268d665b7df7f711ab2f,16, #C2BBAC
268d665b7df7f711ab2f,23, #575448
268d665b7df7f711ab2f,11, #7E796A
268d665b7df7f711ab2f,8, #9D9788
268d665b7df7f711ab2f,36,#F3EFDF
2691b978381e710a11b9,1, #8E8169
2691b978381e710a11b9,13, #392B1E
2691b978381e710a11b9,3, #B2A185
2691b978381e710a11b9,2, #755032
2691b978381e710a11b9,1, #CBC6AE
2691b978381e710a11b9,77,#111009
2699bc00629d971d51ce,9, #72665A
2699bc00629d971d51ce,21,#D6D1C1
2699bc00629d971d51ce,32, #B0A995
2699bc00629d971d51ce,23, #908879
2699bc00629d971d51ce,7, #4F4034
2699bc00629d971d51ce,5, #2F2016
269f433af5343a46af69,3, #593D20
269f433af5343a46af69,35,#04070B
269f433af5343a46af69,0, #374353
269f433af5343a46af69,50, #201F24
269f433af5343a46af69,3, #896C3C
269f433af5343a46af69,7, #AB935A
269f914bed03a71fd3c5,14, #332516
269f914bed03a71fd3c5,2, #6D6442
269f914bed03a71fd3c5,3, #A49160
269f914bed03a71fd3c5,73,#100904
269f914bed03a71fd3c5,0, #C3B684
269f914bed03a71fd3c5,1, #89794F
269f914bed03a71fd3c5,2, #54442A
26a571f449188da52162,9, #58564A
26a571f449188da52162,3, #38372F
26a571f449188da52162,13, #A9A79A
26a571f449188da52162,9, #777568
26a571f449188da52162,25, #D0CEC2
26a571f449188da52162,30,#F0F0E8
26a571f449188da52162,8, #8E8C80
26af2407641ee869f0a1,41,#30231A
26af2407641ee869f0a1,6, #5F543B
26af2407641ee869f0a1,33, #634127
26af2407641ee869f0a1,12, #7D6E4C
26af2407641ee869f0a1,2, #BBA473
26af2407641ee869f0a1,0, #111010
26af2407641ee869f0a1,3, #A08150
26b7fc5d0b2e10d786f5,20, #E4DED5
26b7fc5d0b2e10d786f5,4, #848177
26b7fc5d0b2e10d786f5,8, #A39D91
26b7fc5d0b2e10d786f5,5, #2B291F
26b7fc5d0b2e10d786f5,3, #C6BFB3
26b7fc5d0b2e10d786f5,57,#635F53
26b7fc5d0b2e10d786f5,0, #FEFCF7
26ba7e7b33fccad48d90,63, #D6D1C0
26ba7e7b33fccad48d90,7, #888476
26ba7e7b33fccad48d90,5,#FAF8F1
26ba7e7b33fccad48d90,5, #6C695C
26ba7e7b33fccad48d90,14, #A8A394
26ba7e7b33fccad48d90,3, #49473E
26bfe667b7d3b1b446d6,13, #7A766E
26bfe667b7d3b1b446d6,6, #BAB4A9
26bfe667b7d3b1b446d6,10, #9A968D
26bfe667b7d3b1b446d6,17, #DDD5C9
26bfe667b7d3b1b446d6,6, #F7F3ED
26bfe667b7d3b1b446d6,36,#54534E
26bfe667b7d3b1b446d6,9, #30312F
26c109ed3b1e955bb3f5,4, #313028
26c109ed3b1e955bb3f5,15, #4F4C40
26c109ed3b1e955bb3f5,39,#E9E1C9
26c109ed3b1e955bb3f5,11, #6D6857
26c109ed3b1e955bb3f5,18, #958F7B
26c109ed3b1e955bb3f5,9, #BCB59F
26c4f8b5a103236896b6,14, #DBD6C5
26c4f8b5a103236896b6,13, #8F8A7F
26c4f8b5a103236896b6,17, #69655B
26c4f8b5a103236896b6,23,#FBF8E8
26c4f8b5a103236896b6,7, #413E36
26c4f8b5a103236896b6,0, #27231E
26c4f8b5a103236896b6,22, #B1AC9F
26d0580f649785af1843,58,#241F18
26d0580f649785af1843,3, #82653B
26d0580f649785af1843,2, #9A804F
26d0580f649785af1843,1, #B09662
26d0580f649785af1843,1, #C5AD78
26d0580f649785af1843,25, #573B25
26d0580f649785af1843,6, #704E2F
26d293781e4781a2a84b,2, #614E3E
26d293781e4781a2a84b,27, #C7BEA9
26d293781e4781a2a84b,48, #E2DED2
26d293781e4781a2a84b,6, #948978
26d293781e4781a2a84b,3, #786858
26d293781e4781a2a84b,11,#F7F6F1
26d454f0ce5345754d3c,23, #4D4A41
26d454f0ce5345754d3c,4, #C6BFB0
26d454f0ce5345754d3c,3,#F7F2E7
26d454f0ce5345754d3c,36, #DFD9CB
26d454f0ce5345754d3c,12, #A59F90
26d454f0ce5345754d3c,19, #7C766A
26dd9301137c9db33117,29, #FAF9F0
26dd9301137c9db33117,12, #D5CDB8
26dd9301137c9db33117,6, #9B9484
26dd9301137c9db33117,2, #827B6A
26dd9301137c9db33117,6, #B8AF9C
26dd9301137c9db33117,42,#EBE4D0
26dd9301137c9db33117,0, #635E50
26e45e324498b71e0d3a,3, #4A413D
26e45e324498b71e0d3a,10, #9E9582
26e45e324498b71e0d3a,17, #827A6C
26e45e324498b71e0d3a,40,#E2DFC8
26e45e324498b71e0d3a,6, #BEB599
26e45e324498b71e0d3a,21, #68605A
26ec050c9f8859e8c781,70, #221B10
26ec050c9f8859e8c781,0,#646F65
26ec050c9f8859e8c781,8, #95896D
26ec050c9f8859e8c781,11, #504A39
26ec050c9f8859e8c781,7, #78623F
26ec050c9f8859e8c781,2, #B9AE97
26ee890646cf26306231,0, #AF8B3E
26ee890646cf26306231,23, #726A5C
26ee890646cf26306231,2, #8C652B
26ee890646cf26306231,32, #514230
26ee890646cf26306231,3, #A1936E
26ee890646cf26306231,35,#0C0A05
26ee890646cf26306231,2, #C7BF99
26ef9b431c1dc1728e8d,6,#F2EFE5
26ef9b431c1dc1728e8d,13, #897A6A
26ef9b431c1dc1728e8d,2, #69594E
26ef9b431c1dc1728e8d,14, #AD9C8A
26ef9b431c1dc1728e8d,59, #D4C3AE
26ef9b431c1dc1728e8d,2, #514138
26f087508a96ce7e35fc,23, #756559
26f087508a96ce7e35fc,17, #A19585
26f087508a96ce7e35fc,2, #20100D
26f087508a96ce7e35fc,44, #CBC2B1
26f087508a96ce7e35fc,7, #422F28
26f087508a96ce7e35fc,5,#F5F0E5
26fc61a8caaa331a3b26,13, #5B4327
26fc61a8caaa331a3b26,0, #A1A19A
26fc61a8caaa331a3b26,7, #837D55
26fc61a8caaa331a3b26,0, #A1946B
26fc61a8caaa331a3b26,29, #432518
26fc61a8caaa331a3b26,32,#71613C
26fc61a8caaa331a3b26,15, #1E170F
270106b476efcae34c5b,54,#C6CCB8
270106b476efcae34c5b,4, #A4A165
270106b476efcae34c5b,14, #DFE3CE
270106b476efcae34c5b,7, #ACAC96
270106b476efcae34c5b,0, #373325
270106b476efcae34c5b,11, #787760
270106b476efcae34c5b,6, #565442
2703c62126549884daa1,0, #AEA78C
2703c62126549884daa1,9, #837664
2703c62126549884daa1,75,#635B50
2703c62126549884daa1,9, #948C7E
2703c62126549884daa1,2, #E2DECF
2703c62126549884daa1,3, #FAF8F0
2703c62126549884daa1,0, #C8C3B0
27064b306afa5e6d5109,68,#1A150D
27064b306afa5e6d5109,23, #4C3C23
27064b306afa5e6d5109,1, #96825B
27064b306afa5e6d5109,0, #4E5448
27064b306afa5e6d5109,0, #A69D7F
27064b306afa5e6d5109,5, #7D6139
270b70c2f7e1fe7e8c0a,20, #B0AB9F
270b70c2f7e1fe7e8c0a,3, #747065
270b70c2f7e1fe7e8c0a,41,#F6F0DE
270b70c2f7e1fe7e8c0a,7, #4B483F
270b70c2f7e1fe7e8c0a,7, #8F8A7E
270b70c2f7e1fe7e8c0a,20, #D7D1C0
271131375077d1822f7d,42,#3B2E1E
271131375077d1822f7d,10, #161210
271131375077d1822f7d,0, #A23929
271131375077d1822f7d,1, #8F8B6B
271131375077d1822f7d,10, #C5AE70
271131375077d1822f7d,18, #93693B
271131375077d1822f7d,15, #65542B
271a87c407b928486fad,6, #A09780
271a87c407b928486fad,29, #E4DDC9
271a87c407b928486fad,18, #6D6B62
271a87c407b928486fad,13,#F8F7F1
271a87c407b928486fad,18, #C1B698
271a87c407b928486fad,13, #44423E
2726947fccc46de9d31a,1, #65523F
2726947fccc46de9d31a,80, #E3DABA
2726947fccc46de9d31a,5, #B2A486
2726947fccc46de9d31a,8,#C8BFA5
2726947fccc46de9d31a,2, #847865
2726947fccc46de9d31a,1, #9C8D75
27285092933119b8293e,22, #C2B999
27285092933119b8293e,31, #7A705B
27285092933119b8293e,9, #564636
27285092933119b8293e,24, #A49892
27285092933119b8293e,11,#DADDD1
27285092933119b8293e,0, #816AA0
272936057845b1baaaa6,0, #B9A67F
272936057845b1baaaa6,5, #A48D68
272936057845b1baaaa6,10, #1F1B15
272936057845b1baaaa6,13, #322620
272936057845b1baaaa6,50,#483C32
272936057845b1baaaa6,7, #63513E
272936057845b1baaaa6,12, #816D50
272a1ccf6d8687052989,5, #CDBE96
272a1ccf6d8687052989,6, #312D27
272a1ccf6d8687052989,8, #948E6A
272a1ccf6d8687052989,26, #E8D9AF
272a1ccf6d8687052989,18, #4F4C3E
272a1ccf6d8687052989,5, #B2A983
272a1ccf6d8687052989,29,#696A54
272c9c25fdc0341c5637,0, #B2A575
272c9c25fdc0341c5637,80, #514C36
272c9c25fdc0341c5637,0, #AF694C
272c9c25fdc0341c5637,4,#2C291F
272c9c25fdc0341c5637,13, #898059
272c9c25fdc0341c5637,0, #D2C898
2736d5531762237b6895,2, #D3CD9A
2736d5531762237b6895,7, #9A8E5D
2736d5531762237b6895,2, #7A683A
2736d5531762237b6895,54, #54482C
2736d5531762237b6895,21,#13120B
2736d5531762237b6895,10, #B9AA77
273efbde0281c85522ad,9, #B4AC97
273efbde0281c85522ad,24, #7A7463
273efbde0281c85522ad,40, #D7CFB9
273efbde0281c85522ad,9, #9C9581
273efbde0281c85522ad,0,#F8F6EB
273efbde0281c85522ad,14, #4E4C40
274139288e652460a6b8,8, #CCC5B7
274139288e652460a6b8,9, #312F2A
274139288e652460a6b8,21, #625E54
274139288e652460a6b8,1, #EEE6D4
274139288e652460a6b8,5, #AAA398
274139288e652460a6b8,46,#47443E
274139288e652460a6b8,7, #837E73
27444ec0e16513f2e900,32,#3A3127
27444ec0e16513f2e900,12, #5F533B
27444ec0e16513f2e900,0, #A6946B
27444ec0e16513f2e900,0, #ACA28B
27444ec0e16513f2e900,54, #171512
27444ec0e16513f2e900,1, #83724D
27492f6b708885d35df4,1, #61461F
27492f6b708885d35df4,0, #B0A484
27492f6b708885d35df4,86,#211408
27492f6b708885d35df4,10, #492E17
27492f6b708885d35df4,0, #877148
27492f6b708885d35df4,0, #9E885F
27492f6b708885d35df4,0, #725A33
27534281988d6ddb7734,7, #50452D
27534281988d6ddb7734,78, #16120D
27534281988d6ddb7734,0, #ACAA96
27534281988d6ddb7734,2,#776448
27534281988d6ddb7734,10, #3C2518
27534281988d6ddb7734,0, #8F8974
275fd8892d7eaef6d822,0, #8A8678
275fd8892d7eaef6d822,2, #A09B90
275fd8892d7eaef6d822,10, #D4CEC2
275fd8892d7eaef6d822,1, #6D6B5D
275fd8892d7eaef6d822,77,#F1EEE6
275fd8892d7eaef6d822,3, #494840
275fd8892d7eaef6d822,3, #B9B3A7
27697de92e89f7228c7f,40, #E0DAC8
27697de92e89f7228c7f,6, #5E594D
27697de92e89f7228c7f,15, #908B7D
27697de92e89f7228c7f,33, #BEB8A7
27697de92e89f7228c7f,1, #3A362E
27697de92e89f7228c7f,2,#F9F6EE
2769f1a7c8621e463ca9,10, #ADA9A2
2769f1a7c8621e463ca9,25, #3C3E35
2769f1a7c8621e463ca9,30, #F0EEE5
2769f1a7c8621e463ca9,15, #6B6C60
2769f1a7c8621e463ca9,9,#8C8B81
2769f1a7c8621e463ca9,8, #C9C5BC
277133ae3cc65eb61ff6,46, #F5F4EB
277133ae3cc65eb61ff6,17, #A8A390
277133ae3cc65eb61ff6,10, #645F4F
277133ae3cc65eb61ff6,10,#D4CFBB
277133ae3cc65eb61ff6,9, #847E6A
277133ae3cc65eb61ff6,5, #464235
2774b15dbb9574f964bb,17, #6E7167
2774b15dbb9574f964bb,43, #DFD7C0
2774b15dbb9574f964bb,0, #202722
2774b15dbb9574f964bb,24, #A2A091
2774b15dbb9574f964bb,5,#FCFBEE
2774b15dbb9574f964bb,8, #434842
2777d7aad67bbcc6ad6e,7, #655243
2777d7aad67bbcc6ad6e,9, #989085
2777d7aad67bbcc6ad6e,29,#B8B3A4
2777d7aad67bbcc6ad6e,15, #ECECE7
2777d7aad67bbcc6ad6e,28, #D2D0C6
2777d7aad67bbcc6ad6e,4, #463024
2777d7aad67bbcc6ad6e,3, #837465
27806ec2a673c7c2ab50,1, #F0E8C0
27806ec2a673c7c2ab50,44,#0D0905
27806ec2a673c7c2ab50,20, #988859
27806ec2a673c7c2ab50,4, #635836
27806ec2a673c7c2ab50,0, #FCFBEF
27806ec2a673c7c2ab50,11, #D1C18B
27806ec2a673c7c2ab50,16, #3C311D
27833109db57488c4896,3, #91877A
27833109db57488c4896,4, #8D5F46
27833109db57488c4896,0, #4A3E34
27833109db57488c4896,23, #C6B7A2
27833109db57488c4896,65,#EFDCC5
27833109db57488c4896,2, #5C544C
27833109db57488c4896,0, #6B6A66
2784b3ced391f6f80ba9,4, #857E74
2784b3ced391f6f80ba9,9, #BFB5A9
2784b3ced391f6f80ba9,6, #A0988D
2784b3ced391f6f80ba9,1, #3B3733
2784b3ced391f6f80ba9,5, #6E685F
2784b3ced391f6f80ba9,67,#E5DBCE
2784b3ced391f6f80ba9,4, #544F48
2788d4cb7ab76711d884,9, #AB9F8E
2788d4cb7ab76711d884,15, #C5BEAC
2788d4cb7ab76711d884,42,#D6D2C3
2788d4cb7ab76711d884,4, #BAAF9C
2788d4cb7ab76711d884,20, #7B6E61
2788d4cb7ab76711d884,7, #988A7B
278ee2c11c789ad5d399,5, #4F4C3D
278ee2c11c789ad5d399,9, #827C67
278ee2c11c789ad5d399,8, #C2B89F
278ee2c11c789ad5d399,61, #E1D8BE
278ee2c11c789ad5d399,4,#F9F7F0
278ee2c11c789ad5d399,9, #A59E8A
279057983d0ae4f87c50,1, #50403A
279057983d0ae4f87c50,10, #AC9C8B
279057983d0ae4f87c50,18, #C6BAA9
279057983d0ae4f87c50,10, #715E52
279057983d0ae4f87c50,15, #918071
279057983d0ae4f87c50,43,#E8E1D1
2795c0e87465c88dc1c2,8, #CEC7B3
2795c0e87465c88dc1c2,31,#F1EFE4
2795c0e87465c88dc1c2,11, #92887A
2795c0e87465c88dc1c2,6, #B0A693
2795c0e87465c88dc1c2,21, #564C47
2795c0e87465c88dc1c2,0, #342724
2795c0e87465c88dc1c2,20, #786E67
279674e499fe163256ef,73,#CFC4AC
279674e499fe163256ef,2, #605646
279674e499fe163256ef,1, #F6F4EA
279674e499fe163256ef,0, #161009
279674e499fe163256ef,6, #867A63
279674e499fe163256ef,3, #443626
279674e499fe163256ef,13, #AB9D81
279acc7bd3477356f185,41,#D9D1C5
279acc7bd3477356f185,8, #C1B9A8
279acc7bd3477356f185,14, #6C665A
279acc7bd3477356f185,8, #8A8376
279acc7bd3477356f185,0, #F7EEDC
279acc7bd3477356f185,9, #A69F91
279acc7bd3477356f185,16, #454038
279cc10c4866b1ae6c75,13, #837D71
279cc10c4866b1ae6c75,2,#FAF8F2
279cc10c4866b1ae6c75,10, #555047
279cc10c4866b1ae6c75,32, #E0D9C7
279cc10c4866b1ae6c75,24, #A69F91
279cc10c4866b1ae6c75,16, #C4BCAC
27a76875290f555a4ffe,1,#FCF8F0
27a76875290f555a4ffe,1, #423A30
27a76875290f555a4ffe,34, #887B6C
27a76875290f555a4ffe,21, #E2D5C5
27a76875290f555a4ffe,21, #B8A999
27a76875290f555a4ffe,20, #62584C
27ab398766291ec217ac,16, #959084
27ab398766291ec217ac,22,#747066
27ab398766291ec217ac,15, #ADA89C
27ab398766291ec217ac,8, #494640
27ab398766291ec217ac,1, #F9F5E4
27ab398766291ec217ac,15, #C6C0B3
27ab398766291ec217ac,20, #DFD9CA
27ab63773c1ccc349270,0, #A6763B
27ab63773c1ccc349270,48,#5E4B37
27ab63773c1ccc349270,1, #E0CFA1
27ab63773c1ccc349270,26, #797967
27ab63773c1ccc349270,0, #FBF3CD
27ab63773c1ccc349270,22, #B3A27A
27ab63773c1ccc349270,0, #0E0A05
27ac0beb166e7f1a3aa3,17, #CDC8B3
27ac0beb166e7f1a3aa3,3, #414038
27ac0beb166e7f1a3aa3,16, #A4A08F
27ac0beb166e7f1a3aa3,12, #7F7C6F
27ac0beb166e7f1a3aa3,35,#EEEAD7
27ac0beb166e7f1a3aa3,13, #5D5B50
27add25b495e4bfda5f7,30, #615E59
27add25b495e4bfda5f7,14, #88847B
27add25b495e4bfda5f7,12,#F2E9D8
27add25b495e4bfda5f7,14, #3F3F3C
27add25b495e4bfda5f7,12, #A39E94
27add25b495e4bfda5f7,15, #CCC3B3
27b1624be53c44c3ac9d,2, #BBB5A5
27b1624be53c44c3ac9d,3, #6C695C
27b1624be53c44c3ac9d,2,#8B8779
27b1624be53c44c3ac9d,1, #A19C8D
27b1624be53c44c3ac9d,21, #D6D0BD
27b1624be53c44c3ac9d,68, #F6F1DD
27b738f9452b08399a25,19, #ACA193
27b738f9452b08399a25,25, #C3B8A3
27b738f9452b08399a25,20, #8F847B
27b738f9452b08399a25,1, #FAF8EA
27b738f9452b08399a25,13,#6C6058
27b738f9452b08399a25,18, #DFDAC8
27b9f6f6a0d2e839f179,15, #515148
27b9f6f6a0d2e839f179,18, #A3A094
27b9f6f6a0d2e839f179,8, #383732
27b9f6f6a0d2e839f179,23,#F3EFE2
27b9f6f6a0d2e839f179,10, #78776B
27b9f6f6a0d2e839f179,23, #CFCABF
27c3526b3fc730571f14,1, #C0B496
27c3526b3fc730571f14,22, #222015
27c3526b3fc730571f14,0, #B09E7B
27c3526b3fc730571f14,60,#5D4725
27c3526b3fc730571f14,0, #464E4D
27c3526b3fc730571f14,5, #92805C
27c3526b3fc730571f14,8, #736139
27c561e68361e32c9a53,10, #B2B8C6
27c561e68361e32c9a53,39, #34424E
27c561e68361e32c9a53,21, #6B737F
27c561e68361e32c9a53,3, #D0D4E0
27c561e68361e32c9a53,8,#EFF3F4
27c561e68361e32c9a53,16, #9096A1
27d1e52b6e2c4c2d72b8,12, #867B5B
27d1e52b6e2c4c2d72b8,38,#0A0604
27d1e52b6e2c4c2d72b8,16, #5E5331
27d1e52b6e2c4c2d72b8,18, #BDAC78
27d1e52b6e2c4c2d72b8,11, #2E291B
27d1e52b6e2c4c2d72b8,1, #FAF8E2
27da99fe826c69402027,24, #CEC8B8
27da99fe826c69402027,4, #383932
27da99fe826c69402027,3,#EDE5D2
27da99fe826c69402027,25, #757267
27da99fe826c69402027,30, #A8A396
27da99fe826c69402027,11, #535249
27e4c073937b844f2bbc,13, #383A30
27e4c073937b844f2bbc,9, #62635A
27e4c073937b844f2bbc,17,#F6F7EE
27e4c073937b844f2bbc,9, #979991
27e4c073937b844f2bbc,10, #CFD0C6
27e4c073937b844f2bbc,39, #11120C
27e723beb9d8820e5a78,9, #764F2A
27e723beb9d8820e5a78,5, #AA905F
27e723beb9d8820e5a78,62,#231D15
27e723beb9d8820e5a78,6, #8D7246
27e723beb9d8820e5a78,11, #4B3820
27e723beb9d8820e5a78,4, #CABC92
27ea7051cb8462dfc6a6,4, #D6D0C1
27ea7051cb8462dfc6a6,3, #B8B2A9
27ea7051cb8462dfc6a6,5, #908A81
27ea7051cb8462dfc6a6,2, #615C54
27ea7051cb8462dfc6a6,83,#F2EEE1
27ea7051cb8462dfc6a6,0, #444139
27fcbf0270da1c614c4c,43, #5D5846
27fcbf0270da1c614c4c,11, #1F1D16
27fcbf0270da1c614c4c,11, #808279
27fcbf0270da1c614c4c,1, #6F4826
27fcbf0270da1c614c4c,18,#B2A687
27fcbf0270da1c614c4c,12, #413728
28054c39a9618dadc537,4, #5E5A4D
28054c39a9618dadc537,8, #3B3931
28054c39a9618dadc537,3,#FAF6E1
28054c39a9618dadc537,0, #B5AE9B
28054c39a9618dadc537,80, #D9D2BE
28054c39a9618dadc537,1, #8E8877
2808c911a98259f82d9f,49,#302316
2808c911a98259f82d9f,18, #14120D
2808c911a98259f82d9f,19, #413826
2808c911a98259f82d9f,1, #B28C53
2808c911a98259f82d9f,3, #5F5234
2808c911a98259f82d9f,1, #CCA463
2808c911a98259f82d9f,6, #866C42
280a571f8979d517ef89,13, #33231C
280a571f8979d517ef89,11, #9C9388
280a571f8979d517ef89,12, #57493F
280a571f8979d517ef89,3, #EAE6D7
280a571f8979d517ef89,47,#BFB7A6
280a571f8979d517ef89,7, #6F6358
280a571f8979d517ef89,4, #857C71
280bb6affce2d7e736dc,11, #9F8458
280bb6affce2d7e736dc,1, #D5CBA6
280bb6affce2d7e736dc,6, #9EADB2
280bb6affce2d7e736dc,46,#464A49
280bb6affce2d7e736dc,10, #547392
280bb6affce2d7e736dc,3, #7E2C1A
280bb6affce2d7e736dc,20, #11100B
2810f6d8bd7dc4f0b982,28,#DAD1BB
2810f6d8bd7dc4f0b982,16, #57544B
2810f6d8bd7dc4f0b982,8, #767265
2810f6d8bd7dc4f0b982,14, #B5AE9C
2810f6d8bd7dc4f0b982,8, #948E7F
2810f6d8bd7dc4f0b982,13, #F9F6EC
2810f6d8bd7dc4f0b982,10, #3D3C36
28118fd9120afe567803,6, #DBC99D
28118fd9120afe567803,46, #8A7053
28118fd9120afe567803,14, #CEAD71
28118fd9120afe567803,1, #FAF4D7
28118fd9120afe567803,8, #959084
28118fd9120afe567803,23,#2F251C
2825918f47688da0bd64,7, #B69765
2825918f47688da0bd64,15, #79402C
2825918f47688da0bd64,18, #766B57
2825918f47688da0bd64,17, #2A2017
2825918f47688da0bd64,36, #959489
2825918f47688da0bd64,5,#C4B695
2827b2e67de3dab3a737,33, #4D2A15
2827b2e67de3dab3a737,9, #714E28
2827b2e67de3dab3a737,2, #958758
2827b2e67de3dab3a737,1, #AC9D6D
2827b2e67de3dab3a737,0, #792113
2827b2e67de3dab3a737,45,#181109
2827b2e67de3dab3a737,6, #76653F
2829a07296531504edb4,57, #87989F
2829a07296531504edb4,2, #C8CDBE
2829a07296531504edb4,10, #446482
2829a07296531504edb4,26, #6A8495
2829a07296531504edb4,2, #A9A899
2829a07296531504edb4,0,#73766D
28311eb62302c8a7e695,4, #6B5D40
28311eb62302c8a7e695,11, #8E8265
28311eb62302c8a7e695,8,#262119
28311eb62302c8a7e695,22, #BCB294
28311eb62302c8a7e695,2, #4B402F
28311eb62302c8a7e695,50, #DFD9C2
2834010718b4531d9291,10, #63665D
2834010718b4531d9291,3, #40433B
2834010718b4531d9291,9, #C7C7C0
2834010718b4531d9291,44,#FAFAF5
2834010718b4531d9291,6, #7F8179
2834010718b4531d9291,14, #E4E3DB
2834010718b4531d9291,11, #9C9D96
2839af2bfb4f5ff07972,27, #887C4D
2839af2bfb4f5ff07972,2, #AD964D
2839af2bfb4f5ff07972,0, #5A5E4D
2839af2bfb4f5ff07972,50, #4B3F2A
2839af2bfb4f5ff07972,17,#241E14
2839af2bfb4f5ff07972,0, #B6AC75
283f2d057e03625beca5,3, #BFB797
283f2d057e03625beca5,3, #DDD6B8
283f2d057e03625beca5,55, #39332D
283f2d057e03625beca5,7,#090C15
283f2d057e03625beca5,19, #6D6250
283f2d057e03625beca5,10, #968A71
283f91a72e5905679ef3,17, #6D6A59
283f91a72e5905679ef3,8, #48483A
283f91a72e5905679ef3,6, #A89E88
283f91a72e5905679ef3,15, #C7BA9F
283f91a72e5905679ef3,41,#EFDDBB
283f91a72e5905679ef3,11, #8E8873
284205588aceace3ace4,18, #514E48
284205588aceace3ace4,28, #33302A
284205588aceace3ace4,24, #7E7B74
284205588aceace3ace4,10,#F9F6EF
284205588aceace3ace4,9, #ABA89D
284205588aceace3ace4,7, #D6D0C0
28465a081e0bd9583da9,13, #393837
28465a081e0bd9583da9,7, #767576
28465a081e0bd9583da9,11, #D0CFD3
28465a081e0bd9583da9,6, #AEADB0
28465a081e0bd9583da9,9, #595858
28465a081e0bd9583da9,43,#1B1A18
28465a081e0bd9583da9,7, #949395
284a066387d08a30ff33,41,#5A5535
284a066387d08a30ff33,0, #C5C197
284a066387d08a30ff33,27, #302819
284a066387d08a30ff33,1, #A09456
284a066387d08a30ff33,0, #AAAB7E
284a066387d08a30ff33,27, #7D8260
28507202cf0e3244ba0c,14, #745E46
28507202cf0e3244ba0c,8, #957752
28507202cf0e3244ba0c,0, #DBB773
28507202cf0e3244ba0c,6, #B99761
28507202cf0e3244ba0c,20, #2B2923
28507202cf0e3244ba0c,0, #C3B091
28507202cf0e3244ba0c,49,#694433
285133fa6154f709c131,0, #433F33
285133fa6154f709c131,65,#EBE4D3
285133fa6154f709c131,3, #7B7665
285133fa6154f709c131,2, #5F594B
285133fa6154f709c131,19, #BEB8A7
285133fa6154f709c131,9, #9A9484
28648ac6eea57b275ed9,19, #A39A88
28648ac6eea57b275ed9,2, #4B4541
28648ac6eea57b275ed9,7, #746C65
28648ac6eea57b275ed9,15, #CDC1AC
28648ac6eea57b275ed9,5,#FBFAF4
28648ac6eea57b275ed9,49, #E6DDCC
2866e8fedb65ec5b7bef,5, #706D5F
2866e8fedb65ec5b7bef,40,#DBD7C6
2866e8fedb65ec5b7bef,7, #57554A
2866e8fedb65ec5b7bef,18, #928E80
2866e8fedb65ec5b7bef,7, #F7F6F0
2866e8fedb65ec5b7bef,6, #383830
2866e8fedb65ec5b7bef,14, #B7B3A1
286e0da9cd7218351137,11, #7D7769
286e0da9cd7218351137,25, #5B574C
286e0da9cd7218351137,12, #3D3B32
286e0da9cd7218351137,11, #9C9787
286e0da9cd7218351137,19, #CFCAB7
286e0da9cd7218351137,19,#F7F4E4
2879253ded1a7545dbae,48,#F9F1E6
2879253ded1a7545dbae,11, #D3BFAB
2879253ded1a7545dbae,11, #E7D5C2
2879253ded1a7545dbae,7, #A78C7A
2879253ded1a7545dbae,17, #BBA390
2879253ded1a7545dbae,3, #817669
2879253ded1a7545dbae,0, #685E54
28822e65b5c65851f72f,19, #798580
28822e65b5c65851f72f,41,#A5A896
28822e65b5c65851f72f,17, #656C60
28822e65b5c65851f72f,15, #D0CDB3
28822e65b5c65851f72f,0, #1B281C
28822e65b5c65851f72f,3, #414638
28822e65b5c65851f72f,2, #AB975E
288a915be995474e11d4,21, #9F9A90
288a915be995474e11d4,5, #FAF7F4
288a915be995474e11d4,19, #454441
288a915be995474e11d4,1, #262623
288a915be995474e11d4,9, #817D75
288a915be995474e11d4,13, #65625D
288a915be995474e11d4,29,#D1CABD
2890663ab6009a930ebf,0, #7A7A6F
2890663ab6009a930ebf,4, #E1DDD2
2890663ab6009a930ebf,4,#C2C0B5
2890663ab6009a930ebf,0, #646459
2890663ab6009a930ebf,4, #9B998F
2890663ab6009a930ebf,86, #F9F7ED
2898da184c17921930bd,16, #97948A
2898da184c17921930bd,7, #B9B5AB
2898da184c17921930bd,22,#5A5951
2898da184c17921930bd,21, #D6D1C7
2898da184c17921930bd,3, #3E3D37
2898da184c17921930bd,12, #79766D
2898da184c17921930bd,16, #F5F1E9
28a0c24d0cef93878eaa,8, #AFA898
28a0c24d0cef93878eaa,1, #5E584A
28a0c24d0cef93878eaa,16, #C3BBAB
28a0c24d0cef93878eaa,12, #7D7667
28a0c24d0cef93878eaa,15, #999282
28a0c24d0cef93878eaa,1, #FBF5EA
28a0c24d0cef93878eaa,44,#E1D6C4
28a25c676d3ed4a8322a,8, #FAF9F4
28a25c676d3ed4a8322a,7, #656257
28a25c676d3ed4a8322a,11, #CEC9B8
28a25c676d3ed4a8322a,11, #817E72
28a25c676d3ed4a8322a,13, #A9A597
28a25c676d3ed4a8322a,44,#E8E4D4
28a25c676d3ed4a8322a,2, #47463D
28a3e352ccc8db8ccbab,44, #A49070
28a3e352ccc8db8ccbab,4,#030200
28a3e352ccc8db8ccbab,35, #6F6945
28a3e352ccc8db8ccbab,11, #C4C6A5
28a3e352ccc8db8ccbab,3, #453F1D
28a3e352ccc8db8ccbab,0, #24230F
28a90a71805a2892dd34,0, #A49C86
28a90a71805a2892dd34,12, #4D402D
28a90a71805a2892dd34,2, #8C7F65
28a90a71805a2892dd34,4, #726853
28a90a71805a2892dd34,45,#1B1611
28a90a71805a2892dd34,25, #3E2F21
28a90a71805a2892dd34,8, #5E513C
28a9be1fb231fda6f219,20, #180F06
28a9be1fb231fda6f219,17, #413112
28a9be1fb231fda6f219,12, #D6CEB1
28a9be1fb231fda6f219,8, #5D4C20
28a9be1fb231fda6f219,7, #7D5E27
28a9be1fb231fda6f219,22,#B7AE89
28a9be1fb231fda6f219,10, #968751
28c04f7baab842d6563e,11, #6A665C
28c04f7baab842d6563e,9, #8C8473
28c04f7baab842d6563e,5, #4A4841
28c04f7baab842d6563e,19, #BBB299
28c04f7baab842d6563e,0, #EFECD7
28c04f7baab842d6563e,39,#D3CDB5
28c04f7baab842d6563e,13, #A49A83
28c2a73239d872129ea6,11, #634D25
28c2a73239d872129ea6,1, #BBAC78
28c2a73239d872129ea6,0, #A6955E
28c2a73239d872129ea6,20, #403219
28c2a73239d872129ea6,7, #887441
28c2a73239d872129ea6,1, #6F3214
28c2a73239d872129ea6,57,#1E150A
28c9518305ca2729071f,17, #444339
28c9518305ca2729071f,4,#F2EDD5
28c9518305ca2729071f,17, #858170
28c9518305ca2729071f,35, #CFCAB5
28c9518305ca2729071f,7, #6C695A
28c9518305ca2729071f,16, #A7A290
28ca133e53786a03afd0,0, #61513F
28ca133e53786a03afd0,7, #736353
28ca133e53786a03afd0,11, #ADA48E
28ca133e53786a03afd0,32,#C5BBA4
28ca133e53786a03afd0,22, #DCD5C1
28ca133e53786a03afd0,16, #978C7A
28ca133e53786a03afd0,9, #827463
28cc25127326a9e2bf76,70, #FAF8F1
28cc25127326a9e2bf76,0, #7D7866
28cc25127326a9e2bf76,17,#E5DFC6
28cc25127326a9e2bf76,2, #BDB69F
28cc25127326a9e2bf76,3, #A19D89
28cc25127326a9e2bf76,5, #D1CBB3
28ce0674c5e3a6cae8d1,2, #817C68
28ce0674c5e3a6cae8d1,4, #F0F2E6
28ce0674c5e3a6cae8d1,4, #9D9A83
28ce0674c5e3a6cae8d1,58,#383834
28ce0674c5e3a6cae8d1,25, #5E594B
28ce0674c5e3a6cae8d1,4, #BCB89F
28ce0674c5e3a6cae8d1,0, #D4D3C5
28ce8aa8b1f703be1d64,69,#272115
28ce8aa8b1f703be1d64,1, #524627
28ce8aa8b1f703be1d64,5, #41361E
28ce8aa8b1f703be1d64,19, #12110E
28ce8aa8b1f703be1d64,1, #5F5737
28ce8aa8b1f703be1d64,1, #807148
28ce8aa8b1f703be1d64,0, #96895D
28d0143da68833c32d87,24, #211C11
28d0143da68833c32d87,10, #84815A
28d0143da68833c32d87,23, #A69056
28d0143da68833c32d87,10, #5F4925
28d0143da68833c32d87,15, #7D6637
28d0143da68833c32d87,16,#463117
28d1c293c4ea715ded74,15, #F8F4DF
28d1c293c4ea715ded74,27,#DED6BE
28d1c293c4ea715ded74,2, #3F3E35
28d1c293c4ea715ded74,13, #BFBAA7
28d1c293c4ea715ded74,11, #5B584C
28d1c293c4ea715ded74,19, #858172
28d1c293c4ea715ded74,9, #A39F8D
28dafb1cdaa5e02622c9,11,#F7F5F1
28dafb1cdaa5e02622c9,27, #ADA593
28dafb1cdaa5e02622c9,14, #D7CFBC
28dafb1cdaa5e02622c9,14, #877F70
28dafb1cdaa5e02622c9,17, #373430
28dafb1cdaa5e02622c9,14, #625C51
28dbdb333371c2424219,2, #6F5F41
28dbdb333371c2424219,22, #A6A187
28dbdb333371c2424219,5, #867A5C
28dbdb333371c2424219,7,#FBFAF3
28dbdb333371c2424219,39, #C3C1AE
28dbdb333371c2424219,22, #E3E0CF
28e0ce0e86185145634c,17, #736E5B
28e0ce0e86185145634c,15, #9A917B
28e0ce0e86185145634c,1,#F9E5C4
28e0ce0e86185145634c,6, #484538
28e0ce0e86185145634c,8, #B9AD94
28e0ce0e86185145634c,50, #DACAAD
28e4adc72035abc45df1,5, #393C40
28e4adc72035abc45df1,19, #666866
28e4adc72035abc45df1,43, #D8CFBB
28e4adc72035abc45df1,9, #BDB6A2
28e4adc72035abc45df1,8, #F0EAD5
28e4adc72035abc45df1,13,#9A9383
28eccc5e617769a107fc,13, #72717A
28eccc5e617769a107fc,0,#F3EFDF
28eccc5e617769a107fc,48, #D8D3C1
28eccc5e617769a107fc,3, #A99D87
28eccc5e617769a107fc,31, #4D433C
28eccc5e617769a107fc,1, #BEB8A7
28fa8da0848a8bf4ea56,14, #2D2315
28fa8da0848a8bf4ea56,9, #B2B7B0
28fa8da0848a8bf4ea56,24, #4C483B
28fa8da0848a8bf4ea56,5, #85774D
28fa8da0848a8bf4ea56,27, #8D8F83
28fa8da0848a8bf4ea56,18,#5D676E
28faa90513f745086bc0,7, #746F60
28faa90513f745086bc0,1, #9C9582
28faa90513f745086bc0,2, #C4BCA5
28faa90513f745086bc0,13, #565348
28faa90513f745086bc0,3, #3C3A33
28faa90513f745086bc0,71,#F4ECD3
28fb043084466a604868,18, #998977
28fb043084466a604868,7, #D2C7B4
28fb043084466a604868,10, #B8A894
28fb043084466a604868,2,#FBF8F2
28fb043084466a604868,58, #746053
28fb043084466a604868,2, #EDE5D3
29062d4ca2b3bde4a3b4,0, #ABAA8F
29062d4ca2b3bde4a3b4,35, #3F2B11
29062d4ca2b3bde4a3b4,50,#120D04
29062d4ca2b3bde4a3b4,2, #60634C
29062d4ca2b3bde4a3b4,0, #87774E
29062d4ca2b3bde4a3b4,0, #988D67
29062d4ca2b3bde4a3b4,10, #575032
290648ebf5ab7e09c06a,8, #24231C
290648ebf5ab7e09c06a,24, #958A41
290648ebf5ab7e09c06a,32, #635026
290648ebf5ab7e09c06a,20, #6E6D5D
290648ebf5ab7e09c06a,10, #AAA899
290648ebf5ab7e09c06a,3,#CFCEB6
290f8b890a27d0fb0e9a,20, #888276
290f8b890a27d0fb0e9a,4, #444038
290f8b890a27d0fb0e9a,0, #FEFCEA
290f8b890a27d0fb0e9a,7, #A8A193
290f8b890a27d0fb0e9a,23, #605B50
290f8b890a27d0fb0e9a,35,#ECE4D2
290f8b890a27d0fb0e9a,7, #CDC2AC
290fc84ded8b41ae2e96,32, #433F3C
290fc84ded8b41ae2e96,7, #6F7077
290fc84ded8b41ae2e96,5, #98929C
290fc84ded8b41ae2e96,6, #C0B5BE
290fc84ded8b41ae2e96,7, #E6DADE
290fc84ded8b41ae2e96,41,#070B06
2917bb1077f1c8bab7e2,16, #B2A788
2917bb1077f1c8bab7e2,36,#D4CEB6
2917bb1077f1c8bab7e2,5, #32241C
2917bb1077f1c8bab7e2,19, #574735
2917bb1077f1c8bab7e2,8, #73644E
2917bb1077f1c8bab7e2,12, #887C65
2917bb1077f1c8bab7e2,0, #F3EED8
29212447f3e9146abaf0,3,#F5F1EA
29212447f3e9146abaf0,4, #2E302C
29212447f3e9146abaf0,39, #CFCBBD
29212447f3e9146abaf0,12, #757569
29212447f3e9146abaf0,20, #9F9B8F
29212447f3e9146abaf0,19, #4E5046
29267db5c3c84d1c02c8,12, #A79E7E
29267db5c3c84d1c02c8,1, #C6BD9D
29267db5c3c84d1c02c8,26, #756441
29267db5c3c84d1c02c8,13,#574A2A
29267db5c3c84d1c02c8,20, #918259
29267db5c3c84d1c02c8,25, #262011
29297e83bc4a28e543c0,34, #D6D0B6
29297e83bc4a28e543c0,9,#B0AA94
29297e83bc4a28e543c0,1, #4B483C
29297e83bc4a28e543c0,2, #6A6556
29297e83bc4a28e543c0,39, #F9F6DD
29297e83bc4a28e543c0,12, #8C8774
292adc6ef25d8d52e168,0, #726F5E
292adc6ef25d8d52e168,4, #AFAB9B
292adc6ef25d8d52e168,75,#E3DECE
292adc6ef25d8d52e168,5, #C6C3B3
292adc6ef25d8d52e168,3, #908D7D
292adc6ef25d8d52e168,0, #5F5D4C
292adc6ef25d8d52e168,10, #FBFAF1
292e84c7652ffa8c21b0,8, #5E4E47
292e84c7652ffa8c21b0,16, #332621
292e84c7652ffa8c21b0,0,#F9F9F6
292e84c7652ffa8c21b0,16, #8A7F77
292e84c7652ffa8c21b0,52, #D6D5CC
292e84c7652ffa8c21b0,4, #B4AEA2
29365ed3345873b5a3d3,2, #403827
29365ed3345873b5a3d3,11, #7B7454
29365ed3345873b5a3d3,16, #E6DEB2
29365ed3345873b5a3d3,30,#C9C49B
29365ed3345873b5a3d3,10, #948E67
29365ed3345873b5a3d3,9, #60573D
29365ed3345873b5a3d3,19, #B8AD76
293afc9c982e80f4c39c,10, #645B53
293afc9c982e80f4c39c,1, #3C3630
293afc9c982e80f4c39c,11, #CDC6B3
293afc9c982e80f4c39c,4, #8F8475
293afc9c982e80f4c39c,5, #AB9F8A
293afc9c982e80f4c39c,67,#EAE7DD
293beaec3702d9eb3081,3, #362D22
293beaec3702d9eb3081,0, #F8F6EB
293beaec3702d9eb3081,10,#796B56
293beaec3702d9eb3081,51, #D5CCB5
293beaec3702d9eb3081,6, #5D4C39
293beaec3702d9eb3081,28, #A69C84
293ea30506257bb3f02c,8, #6E5E50
293ea30506257bb3f02c,43,#BFBAAB
293ea30506257bb3f02c,8, #4F3A2E
293ea30506257bb3f02c,13, #D4D3C9
293ea30506257bb3f02c,5, #F1F2EE
293ea30506257bb3f02c,6, #827465
293ea30506257bb3f02c,13, #A0998B
293fcb78efebfb05d0aa,3,#F6EBD0
293fcb78efebfb05d0aa,7, #97917F
293fcb78efebfb05d0aa,29, #7E7968
293fcb78efebfb05d0aa,10, #B4AD99
293fcb78efebfb05d0aa,14, #555145
293fcb78efebfb05d0aa,35, #D9D0B8
294223c9a18e7c93e47c,4, #634F1C
294223c9a18e7c93e47c,0, #B3903F
294223c9a18e7c93e47c,0, #46453B
294223c9a18e7c93e47c,0, #9E7C2E
294223c9a18e7c93e47c,1, #826D2D
294223c9a18e7c93e47c,16, #41361A
294223c9a18e7c93e47c,76,#1A140C
2944bc346be4243ce3f8,1, #B39F68
2944bc346be4243ce3f8,7, #806435
2944bc346be4243ce3f8,8, #968250
2944bc346be4243ce3f8,1, #75765F
2944bc346be4243ce3f8,46,#5F4424
2944bc346be4243ce3f8,0, #565947
2944bc346be4243ce3f8,33, #312817
2954fff253a664c9f55e,23,#E7E4D4
2954fff253a664c9f55e,3, #C0BCB3
2954fff253a664c9f55e,13, #938E89
2954fff253a664c9f55e,42, #605854
2954fff253a664c9f55e,7, #221E1D
2954fff253a664c9f55e,10, #403936
295cbfb23d9404de529c,18, #8F8177
295cbfb23d9404de529c,5, #BB9678
295cbfb23d9404de529c,49, #CFC1AF
295cbfb23d9404de529c,11, #765E4E
295cbfb23d9404de529c,3, #F4EFE5
295cbfb23d9404de529c,11,#523D32
2963ef0157c09c6eaede,5, #AAA999
2963ef0157c09c6eaede,14, #DDD6BE
2963ef0157c09c6eaede,6, #4F5451
2963ef0157c09c6eaede,4, #7F8178
2963ef0157c09c6eaede,67,#FCFCE8
2963ef0157c09c6eaede,0, #23282B
2969ba41a46e40ca88df,17,#F5F1DD
2969ba41a46e40ca88df,5, #3B3930
2969ba41a46e40ca88df,11, #918E7F
2969ba41a46e40ca88df,23, #D5D1BD
2969ba41a46e40ca88df,18, #B7B4A2
2969ba41a46e40ca88df,25, #636154
2969d4fc8369208f0a15,5, #5A584E
2969d4fc8369208f0a15,2, #C3BEAE
2969d4fc8369208f0a15,78, #E4DECB
2969d4fc8369208f0a15,2,#A7A294
2969d4fc8369208f0a15,1, #3B3A34
2969d4fc8369208f0a15,8, #858276
296f67885688740469b7,11, #EAD46C
296f67885688740469b7,8, #A78D44
296f67885688740469b7,15, #82652A
296f67885688740469b7,23, #C9B361
296f67885688740469b7,26, #473613
296f67885688740469b7,15,#F5ECA9
296ffb6d2399886077aa,11, #FCF7F3
296ffb6d2399886077aa,0,#867F76
296ffb6d2399886077aa,23, #D4C9BC
296ffb6d2399886077aa,2, #A0978A
296ffb6d2399886077aa,13, #C3B39F
296ffb6d2399886077aa,48, #E9DCCD
2970ca2f020bfc9bc953,8, #605954
2970ca2f020bfc9bc953,10, #A5A094
2970ca2f020bfc9bc953,1, #383431
2970ca2f020bfc9bc953,55, #F3EEE0
2970ca2f020bfc9bc953,9, #89847B
2970ca2f020bfc9bc953,14,#C9BFA7
297276bb842281a9b786,2,#5F593E
297276bb842281a9b786,6, #7E7656
297276bb842281a9b786,3, #EFE3BA
297276bb842281a9b786,73, #D2C598
297276bb842281a9b786,0, #413E2A
297276bb842281a9b786,14, #A69C72
297a11d319d1c3c2a611,11, #A19E91
297a11d319d1c3c2a611,49,#F2EEE0
297a11d319d1c3c2a611,12, #444237
297a11d319d1c3c2a611,9, #C6C1B0
297a11d319d1c3c2a611,6, #676456
297a11d319d1c3c2a611,9, #817E70
29823eb1a640640e9979,21, #322E26
29823eb1a640640e9979,8, #8B8673
29823eb1a640640e9979,9, #5B574A
29823eb1a640640e9979,35, #F1EEDC
29823eb1a640640e9979,13,#CEC8B2
29823eb1a640640e9979,10, #B3AE99
2983b5fa8a89e0383a2a,16, #948A76
2983b5fa8a89e0383a2a,3, #4B4843
2983b5fa8a89e0383a2a,15, #AFA893
2983b5fa8a89e0383a2a,9, #726C60
2983b5fa8a89e0383a2a,23, #CFC6B0
2983b5fa8a89e0383a2a,31,#F6F3EC
2987cb3524a2dde32f37,27, #CAC2AE
2987cb3524a2dde32f37,2, #423F38
2987cb3524a2dde32f37,24, #ABA591
2987cb3524a2dde32f37,12, #605C52
2987cb3524a2dde32f37,30, #858071
2987cb3524a2dde32f37,1,#F1E9D4
298c06cd5482d75d5719,11, #736F5F
298c06cd5482d75d5719,12, #94907D
298c06cd5482d75d5719,14, #ADA893
298c06cd5482d75d5719,35,#EEEAD4
298c06cd5482d75d5719,12, #44433A
298c06cd5482d75d5719,14, #CBC5B0
299079845120101e7bdf,2, #0C0908
299079845120101e7bdf,21, #CCBB8B
299079845120101e7bdf,14, #392D24
299079845120101e7bdf,6, #F1EAC7
299079845120101e7bdf,32,#735344
299079845120101e7bdf,0, #B3B7BF
299079845120101e7bdf,21, #A28C74
2992d160dd71a3e61690,28, #C4BDB0
2992d160dd71a3e61690,41,#EFE7D7
2992d160dd71a3e61690,12, #716C67
2992d160dd71a3e61690,16, #99938A
2992d160dd71a3e61690,1, #4C4744
2992d160dd71a3e61690,0, #2A2626
29970021e5a3488368ea,15, #C2BDA1
29970021e5a3488368ea,30,#B0AA89
29970021e5a3488368ea,3, #332E1F
29970021e5a3488368ea,18, #988E68
29970021e5a3488368ea,8, #7F7552
29970021e5a3488368ea,9, #695F42
29970021e5a3488368ea,14, #4E4731
29a07e873a5150e5cf75,8, #706D5C
29a07e873a5150e5cf75,12, #8F8A77
29a07e873a5150e5cf75,54,#E6DABF
29a07e873a5150e5cf75,14, #C3B9A1
29a07e873a5150e5cf75,3, #504D40
29a07e873a5150e5cf75,6, #A9A28E
29a238e635df44ae3e60,7, #A99778
29a238e635df44ae3e60,72, #DAD1B9
29a238e635df44ae3e60,5, #4E4B40
29a238e635df44ae3e60,0,#F6EED5
29a238e635df44ae3e60,6, #C0B399
29a238e635df44ae3e60,7, #7C7769
29b33381f60d3d475a33,22, #A2A5A1
29b33381f60d3d475a33,7, #8A8A85
29b33381f60d3d475a33,0, #1F1913
29b33381f60d3d475a33,56,#C6CED0
29b33381f60d3d475a33,4, #483C30
29b33381f60d3d475a33,8, #6D6962
29b8b7fc9eb07ed2dc5e,22,#9C9791
29b8b7fc9eb07ed2dc5e,11, #565351
29b8b7fc9eb07ed2dc5e,21, #E7E0DA
29b8b7fc9eb07ed2dc5e,5, #F9F6F5
29b8b7fc9eb07ed2dc5e,13, #797471
29b8b7fc9eb07ed2dc5e,19, #B9B4B1
29b8b7fc9eb07ed2dc5e,5, #D4CBC3
29c15d683fe82e994182,22, #2C2219
29c15d683fe82e994182,0, #99855D
29c15d683fe82e994182,1, #7E653E
29c15d683fe82e994182,30,#090705
29c15d683fe82e994182,39, #4C3421
29c15d683fe82e994182,5, #684C2C
29c332d0cc505981ae5a,44, #DED7C2
29c332d0cc505981ae5a,14,#F9F6EA
29c332d0cc505981ae5a,15, #847F71
29c332d0cc505981ae5a,14, #B2AB99
29c332d0cc505981ae5a,10, #5E5B4F
29c332d0cc505981ae5a,1, #403E36
29c78e792e1a3c42b36a,7, #4D4B36
29c78e792e1a3c42b36a,3,#F6F6F0
29c78e792e1a3c42b36a,44, #CBD1BB
29c78e792e1a3c42b36a,20, #A0A386
29c78e792e1a3c42b36a,23, #73775B
29c78e792e1a3c42b36a,0, #2F2D22
29c88c622e612ba168d6,1, #C2B99B
29c88c622e612ba168d6,5, #7F755C
29c88c622e612ba168d6,1, #A99D7F
29c88c622e612ba168d6,3, #4C4634
29c88c622e612ba168d6,55,#262521
29c88c622e612ba168d6,32, #0A0A0A
29c88c622e612ba168d6,0, #A3895F
29cd88167d1f96f84d1e,9,#F2EDE3
29cd88167d1f96f84d1e,15, #CFC4B1
29cd88167d1f96f84d1e,21, #ADA597
29cd88167d1f96f84d1e,13, #5C5A56
29cd88167d1f96f84d1e,17, #7F7C77
29cd88167d1f96f84d1e,23, #353332
29d57d6ced22161bac79,2, #CEB186
29d57d6ced22161bac79,43,#2C291D
29d57d6ced22161bac79,36, #4D4432
29d57d6ced22161bac79,13, #906742
29d57d6ced22161bac79,0, #DBD1A3
29d57d6ced22161bac79,3, #AE9D72
29d757dc69d30c69d9db,68, #E8DFCC
29d757dc69d30c69d9db,0, #49413C
29d757dc69d30c69d9db,4, #8C847B
29d757dc69d30c69d9db,8, #686059
29d757dc69d30c69d9db,5,#FAF9F2
29d757dc69d30c69d9db,14, #BDB29D
29dd0e92dc3c35ac36a9,24, #4C4033
29dd0e92dc3c35ac36a9,11, #92866D
29dd0e92dc3c35ac36a9,1, #CBB77F
29dd0e92dc3c35ac36a9,1, #B6B6B4
29dd0e92dc3c35ac36a9,19, #665E4B
29dd0e92dc3c35ac36a9,7, #E7DEB8
29dd0e92dc3c35ac36a9,33,#1D1916
29dd451200826bd67dd1,26, #DBD1BC
29dd451200826bd67dd1,8, #696458
29dd451200826bd67dd1,2, #44413C
29dd451200826bd67dd1,28, #FBF7F0
29dd451200826bd67dd1,5, #867F70
29dd451200826bd67dd1,27,#B3AA96
29e3fee6c031947a202c,7, #534C2D
29e3fee6c031947a202c,3, #9D9981
29e3fee6c031947a202c,3, #CBCCB7
29e3fee6c031947a202c,4, #7D7456
29e3fee6c031947a202c,32, #090908
29e3fee6c031947a202c,2, #BEB797
29e3fee6c031947a202c,45,#2A2818
29e6da63772c7f87285a,17, #A7A08F
29e6da63772c7f87285a,14, #C3BAA7
29e6da63772c7f87285a,24, #E0D6C1
29e6da63772c7f87285a,29, #7B7568
29e6da63772c7f87285a,13, #504B43
29e6da63772c7f87285a,0,#FAF3E3
29ee3648f1b29239635e,7, #B3AE9C
29ee3648f1b29239635e,7, #D3CDBA
29ee3648f1b29239635e,13,#8C897B
29ee3648f1b29239635e,35, #F4F1E7
29ee3648f1b29239635e,14, #5E5B4E
29ee3648f1b29239635e,21, #353329
2a01ffe60b7d949b4924,0, #272217
2a01ffe60b7d949b4924,8, #6E6A5F
2a01ffe60b7d949b4924,64,#E3DFD0
2a01ffe60b7d949b4924,9, #9A9689
2a01ffe60b7d949b4924,1, #454034
2a01ffe60b7d949b4924,15, #BAB6A7
2a0a83f433287d83aa0a,26, #A89A86
2a0a83f433287d83aa0a,19, #E7E6E3
2a0a83f433287d83aa0a,2, #523D31
2a0a83f433287d83aa0a,17, #857361
2a0a83f433287d83aa0a,11, #685446
2a0a83f433287d83aa0a,22,#D2C4AA
2a12242bab590faed567,15, #F7F4EA
2a12242bab590faed567,21, #665F57
2a12242bab590faed567,7, #A49D92
2a12242bab590faed567,9, #827B71
2a12242bab590faed567,1, #241E18
2a12242bab590faed567,34,#CFC9BB
2a12242bab590faed567,10, #443E37
2a20b43adbc40657509b,31,#F6F0E3
2a20b43adbc40657509b,3, #38322E
2a20b43adbc40657509b,10, #867F73
2a20b43adbc40657509b,11, #A49C8E
2a20b43adbc40657509b,26, #CCC3AF
2a20b43adbc40657509b,17, #615A52
2a27bcb3bb610641f6f6,73, #CFCABC
2a27bcb3bb610641f6f6,8, #B0A18E
2a27bcb3bb610641f6f6,1, #7E756B
2a27bcb3bb610641f6f6,13, #BEB4A2
2a27bcb3bb610641f6f6,0,#615248
2a27bcb3bb610641f6f6,2, #9B8B7A
2a2cbb9e8466cbe8ec0d,4, #443E35
2a2cbb9e8466cbe8ec0d,8, #958878
2a2cbb9e8466cbe8ec0d,30,#F6F1DE
2a2cbb9e8466cbe8ec0d,34, #DFD4B9
2a2cbb9e8466cbe8ec0d,8, #BAAF9B
2a2cbb9e8466cbe8ec0d,12, #8C6556
2a3b4539f8fbcd5858d7,59, #D2C6A1
2a3b4539f8fbcd5858d7,0, #2B2211
2a3b4539f8fbcd5858d7,4, #837559
2a3b4539f8fbcd5858d7,29,#B4A582
2a3b4539f8fbcd5858d7,4, #9F8A62
2a3b4539f8fbcd5858d7,2, #73603F
2a3b9bf8fe03ba174948,7, #54463A
2a3b9bf8fe03ba174948,9, #2A1F18
2a3b9bf8fe03ba174948,3,#F1F0EB
2a3b9bf8fe03ba174948,23, #B4A88F
2a3b9bf8fe03ba174948,35, #D8D2BA
2a3b9bf8fe03ba174948,19, #827465
2a40481ec686f987de20,16, #71654A
2a40481ec686f987de20,12, #918666
2a40481ec686f987de20,1, #E6E2CD
2a40481ec686f987de20,16, #ABA180
2a40481ec686f987de20,18, #4E4836
2a40481ec686f987de20,15, #CBC6A8
2a40481ec686f987de20,19,#2D2A20
2a46dd0c4e252178380f,20, #D8D0B5
2a46dd0c4e252178380f,0,#2F2D28
2a46dd0c4e252178380f,50, #B2A88D
2a46dd0c4e252178380f,20, #F5F3E7
2a46dd0c4e252178380f,6, #827A67
2a46dd0c4e252178380f,1, #605441
2a50907da1f06c738385,5, #E5DFCF
2a50907da1f06c738385,2, #5A3E21
2a50907da1f06c738385,9, #766332
2a50907da1f06c738385,4, #918C65
2a50907da1f06c738385,9, #B5A37E
2a50907da1f06c738385,67,#CAC1A8
2a50907da1f06c738385,0, #FEFBED
2a5198f1e4043e603845,65,#1F1C16
2a5198f1e4043e603845,1, #67260E
2a5198f1e4043e603845,6, #D4D1C5
2a5198f1e4043e603845,12, #AFA688
2a5198f1e4043e603845,6, #83775C
2a5198f1e4043e603845,7, #5C4A2E
2a58abf97d6791a45335,0, #C7B180
2a58abf97d6791a45335,1, #957C49
2a58abf97d6791a45335,16, #6B5932
2a58abf97d6791a45335,31, #221F17
2a58abf97d6791a45335,47,#463A23
2a58abf97d6791a45335,0, #A78F58
2a58abf97d6791a45335,1, #BAA068
2a5cd217d942200fa401,23, #CBC6B7
2a5cd217d942200fa401,4, #34342B
2a5cd217d942200fa401,13, #605F52
2a5cd217d942200fa401,13, #918E80
2a5cd217d942200fa401,9, #AFAB9D
2a5cd217d942200fa401,35,#EFEBE0
2a5ea1227f8b6c82dc15,8, #919085
2a5ea1227f8b6c82dc15,8,#EAE9D2
2a5ea1227f8b6c82dc15,7, #B5B4A4
2a5ea1227f8b6c82dc15,29, #373730
2a5ea1227f8b6c82dc15,35, #595850
2a5ea1227f8b6c82dc15,9, #79786F
2a615cd13d143fe0527c,8,#F5F1DF
2a615cd13d143fe0527c,15, #908E82
2a615cd13d143fe0527c,17, #6A6A5E
2a615cd13d143fe0527c,10, #B0ADA0
2a615cd13d143fe0527c,42, #D2CEBF
2a615cd13d143fe0527c,6, #484840
2a6307d1596775400a10,64,#E6E1D7
2a6307d1596775400a10,7, #51423A
2a6307d1596775400a10,17, #72594B
2a6307d1596775400a10,1, #AD9E92
2a6307d1596775400a10,6, #8B786C
2a6307d1596775400a10,2, #CABDAB
2a6a55975749fece322c,61,#22190E
2a6a55975749fece322c,0, #BE9C6F
2a6a55975749fece322c,2, #7E6F49
2a6a55975749fece322c,1, #A0875F
2a6a55975749fece322c,0, #D4B780
2a6a55975749fece322c,33, #584723
2a71dae50dfdf9f83371,28, #DBD7C0
2a71dae50dfdf9f83371,18, #5A4F41
2a71dae50dfdf9f83371,18,#F4F4ED
2a71dae50dfdf9f83371,12, #867D69
2a71dae50dfdf9f83371,5, #C3BB9D
2a71dae50dfdf9f83371,15, #A39B84
2a77ae80ae94395b8f5f,19, #A09FA0
2a77ae80ae94395b8f5f,26, #656463
2a77ae80ae94395b8f5f,8, #171616
2a77ae80ae94395b8f5f,9, #D2D1D2
2a77ae80ae94395b8f5f,22,#F9F7F6
2a77ae80ae94395b8f5f,13, #383736
2a7bf365dcc74c45d9fa,3, #80775C
2a7bf365dcc74c45d9fa,12, #7C5033
2a7bf365dcc74c45d9fa,1, #C9BE8E
2a7bf365dcc74c45d9fa,32, #0F120D
2a7bf365dcc74c45d9fa,3, #585E57
2a7bf365dcc74c45d9fa,42,#393932
2a7bf365dcc74c45d9fa,4, #A29775
2a7bf67d2ef3d20e6396,1, #4B493C
2a7bf67d2ef3d20e6396,38, #F5F0D6
2a7bf67d2ef3d20e6396,7, #99937F
2a7bf67d2ef3d20e6396,29, #D9D2B9
2a7bf67d2ef3d20e6396,10, #B6B099
2a7bf67d2ef3d20e6396,12,#75705F
2a7e4ec2be07f175e200,12, #FAF7EC
2a7e4ec2be07f175e200,2, #32312C
2a7e4ec2be07f175e200,29, #56554D
2a7e4ec2be07f175e200,10, #7C786E
2a7e4ec2be07f175e200,31,#E6DBC5
2a7e4ec2be07f175e200,4, #D0C0A5
2a7e4ec2be07f175e200,10, #A0998B
2a8661b1fcadc3eb3af8,51, #CBC1B4
2a8661b1fcadc3eb3af8,3, #725849
2a8661b1fcadc3eb3af8,16, #AC9C8E
2a8661b1fcadc3eb3af8,13, #8D7869
2a8661b1fcadc3eb3af8,12,#EEE9DD
2a8661b1fcadc3eb3af8,2, #563E32
2a913144e18f41ac2ff3,16, #F7F4EC
2a913144e18f41ac2ff3,24,#BDB7AC
2a913144e18f41ac2ff3,8, #5D584F
2a913144e18f41ac2ff3,20, #7B766C
2a913144e18f41ac2ff3,14, #DED8CD
2a913144e18f41ac2ff3,14, #999589
2a913144e18f41ac2ff3,1, #413D35
2a913e468413333a608d,3, #414037
2a913e468413333a608d,15,#F7F4E1
2a913e468413333a608d,15, #615E51
2a913e468413333a608d,29, #DAD4BC
2a913e468413333a608d,18, #888373
2a913e468413333a608d,17, #B6B09D
2a91ee65d6f3edfb61ea,9, #5E5C50
2a91ee65d6f3edfb61ea,15, #C9C0AD
2a91ee65d6f3edfb61ea,0, #47463C
2a91ee65d6f3edfb61ea,22, #857F71
2a91ee65d6f3edfb61ea,12, #A8A190
2a91ee65d6f3edfb61ea,38,#EEE3D0
2a927ecf61ca69270462,1, #954430
2a927ecf61ca69270462,0,#CEBF9D
2a927ecf61ca69270462,46, #623720
2a927ecf61ca69270462,32, #281B0E
2a927ecf61ca69270462,7, #AB9670
2a927ecf61ca69270462,11, #7B6744
2a95eab5c4c434c8d715,6, #A69E90
2a95eab5c4c434c8d715,7, #6B6259
2a95eab5c4c434c8d715,9, #49403A
2a95eab5c4c434c8d715,59,#EBE6D4
2a95eab5c4c434c8d715,1, #2C2420
2a95eab5c4c434c8d715,8, #C7C1AE
2a95eab5c4c434c8d715,6, #878075
2a963ad1426a772c7bb5,2,#F9F7F2
2a963ad1426a772c7bb5,37, #D4D0C4
2a963ad1426a772c7bb5,10, #6E6D62
2a963ad1426a772c7bb5,15, #45453E
2a963ad1426a772c7bb5,8, #8A887D
2a963ad1426a772c7bb5,25, #AAA79D
2a976efa5366f35b10b6,0, #402E1F
2a976efa5366f35b10b6,3, #6A5C4B
2a976efa5366f35b10b6,36,#C6BA9D
2a976efa5366f35b10b6,26, #E8D9B7
2a976efa5366f35b10b6,10, #827662
2a976efa5366f35b10b6,2, #564634
2a976efa5366f35b10b6,21, #A3977F
2a98037fd68469e86698,5, #C9C0AD
2a98037fd68469e86698,82, #EEEADF
2a98037fd68469e86698,1, #ABA08E
2a98037fd68469e86698,3, #47413D
2a98037fd68469e86698,2,#908679
2a98037fd68469e86698,4, #686058
2aa013fcd9dcdd66be1e,0, #CF7259
2aa013fcd9dcdd66be1e,0, #BE5438
2aa013fcd9dcdd66be1e,11, #E4DDB9
2aa013fcd9dcdd66be1e,10, #2A2714
2aa013fcd9dcdd66be1e,54,#6F5B33
2aa013fcd9dcdd66be1e,5, #978E61
2aa013fcd9dcdd66be1e,16, #C1B58F
2aa197ce0ad03a1c5db2,5, #9B8E79
2aa197ce0ad03a1c5db2,2,#F9F6E4
2aa197ce0ad03a1c5db2,58, #E0D8C0
2aa197ce0ad03a1c5db2,4, #735944
2aa197ce0ad03a1c5db2,24, #C1B293
2aa197ce0ad03a1c5db2,5, #8E7359
2aa659df8674717ef06a,3, #C9B88E
2aa659df8674717ef06a,10, #A78A58
2aa659df8674717ef06a,30, #67573D
2aa659df8674717ef06a,0, #767672
2aa659df8674717ef06a,39,#000000
2aa659df8674717ef06a,15, #22201E
2aa7462396ad439dbd1f,16, #B7B7A6
2aa7462396ad439dbd1f,13, #A79579
2aa7462396ad439dbd1f,10, #51473D
2aa7462396ad439dbd1f,4, #E2DDCB
2aa7462396ad439dbd1f,28,#F5F3EB
2aa7462396ad439dbd1f,19, #786856
2aa7462396ad439dbd1f,7, #DABD92
2aa9f2d797cdc9294246,1,#FDFDFB
2aa9f2d797cdc9294246,8, #E2D6BC
2aa9f2d797cdc9294246,37, #68513B
2aa9f2d797cdc9294246,2, #B9AFA4
2aa9f2d797cdc9294246,44, #291F1A
2aa9f2d797cdc9294246,5, #8F817B
2aac5b84ab58fb71fa37,0, #978258
2aac5b84ab58fb71fa37,37, #322B1E
2aac5b84ab58fb71fa37,47,#0D0D09
2aac5b84ab58fb71fa37,10, #484134
2aac5b84ab58fb71fa37,0, #BCB691
2aac5b84ab58fb71fa37,1, #AD9A6D
2aac5b84ab58fb71fa37,1, #756141
2aae543ba3efad103f22,19, #8D7C6C
2aae543ba3efad103f22,1, #37342D
2aae543ba3efad103f22,12, #555046
2aae543ba3efad103f22,13, #B1AA9C
2aae543ba3efad103f22,38, #D1CABD
2aae543ba3efad103f22,14,#EFE7D7
2ab10232ed948294851e,20, #D8CAA4
2ab10232ed948294851e,9, #ACA185
2ab10232ed948294851e,17, #8A826B
2ab10232ed948294851e,4, #625D4F
2ab10232ed948294851e,44,#F6E7BC
2ab10232ed948294851e,4, #C2B693
2abadbd070b0303b6f88,9, #555248
2abadbd070b0303b6f88,8, #757064
2abadbd070b0303b6f88,52,#F1ECDA
2abadbd070b0303b6f88,1, #302F28
2abadbd070b0303b6f88,5, #ACA799
2abadbd070b0303b6f88,15, #918D80
2abadbd070b0303b6f88,7, #C7C2B0
2abe778bc2cc75380b67,6, #46433A
2abe778bc2cc75380b67,16, #635F52
2abe778bc2cc75380b67,22, #CBC8B7
2abe778bc2cc75380b67,14,#F5F2E4
2abe778bc2cc75380b67,21, #A4A090
2abe778bc2cc75380b67,18, #827E70
2ac65f8d5c134cedb4fa,22, #7C7653
2ac65f8d5c134cedb4fa,33,#DDD0AC
2ac65f8d5c134cedb4fa,6, #5E583B
2ac65f8d5c134cedb4fa,6, #B9AF8F
2ac65f8d5c134cedb4fa,9, #A8A180
2ac65f8d5c134cedb4fa,16, #968F6D
2ac65f8d5c134cedb4fa,5, #C9BD9B
2acecd0bed019e73c3cf,31, #C7BBA5
2acecd0bed019e73c3cf,22, #7E7766
2acecd0bed019e73c3cf,22, #555045
2acecd0bed019e73c3cf,16, #9F9787
2acecd0bed019e73c3cf,3,#FCF9F6
2acecd0bed019e73c3cf,2, #E7DFD1
2ad04c1c27e5a16675f2,22, #8D7B5D
2ad04c1c27e5a16675f2,32, #B3A484
2ad04c1c27e5a16675f2,13, #433D33
2ad04c1c27e5a16675f2,4, #151310
2ad04c1c27e5a16675f2,4, #E6DDB9
2ad04c1c27e5a16675f2,23,#D1C19C
2ad5707a5349b4d2fd59,13, #7B6651
2ad5707a5349b4d2fd59,5,#F4F3EC
2ad5707a5349b4d2fd59,22, #DDD4BA
2ad5707a5349b4d2fd59,7, #A29683
2ad5707a5349b4d2fd59,48, #C7B899
2ad5707a5349b4d2fd59,2, #4B3426
2adf8427ce90801c8f82,1, #322217
2adf8427ce90801c8f82,6, #8C8472
2adf8427ce90801c8f82,4, #716556
2adf8427ce90801c8f82,4, #514030
2adf8427ce90801c8f82,71,#C7C3B3
2adf8427ce90801c8f82,11, #A8A08B
2ae1cf06b0fa95505ff1,11,#EDE0CF
2ae1cf06b0fa95505ff1,20, #696357
2ae1cf06b0fa95505ff1,15, #888072
2ae1cf06b0fa95505ff1,4, #4B463F
2ae1cf06b0fa95505ff1,33, #C3B6A2
2ae1cf06b0fa95505ff1,14, #A79D8B
2ae1de50328b533faaa1,5,#DFCBA2
2ae1de50328b533faaa1,0, #F5EFD7
2ae1de50328b533faaa1,53, #21180E
2ae1de50328b533faaa1,3, #AC9E8F
2ae1de50328b533faaa1,19, #513A2D
2ae1de50328b533faaa1,17, #7F6F6A
2ae2233db4aa8e2be9fb,46,#F4EFDF
2ae2233db4aa8e2be9fb,6, #B5B2A6
2ae2233db4aa8e2be9fb,21, #CFCBBE
2ae2233db4aa8e2be9fb,9, #77766C
2ae2233db4aa8e2be9fb,11, #9C998F
2ae2233db4aa8e2be9fb,3, #41423A
2ae2a3d9ae23b2a5b735,9, #B0A997
2ae2a3d9ae23b2a5b735,43,#F6EFDB
2ae2a3d9ae23b2a5b735,7, #95907E
2ae2a3d9ae23b2a5b735,8, #7D7868
2ae2a3d9ae23b2a5b735,27, #D6CDB6
2ae2a3d9ae23b2a5b735,3, #5B584B
2aea9a60549ff525179e,6, #544D33
2aea9a60549ff525179e,2, #B0A263
2aea9a60549ff525179e,2, #97874D
2aea9a60549ff525179e,58,#171510
2aea9a60549ff525179e,1, #7B6F3E
2aea9a60549ff525179e,28, #3C3218
2aea9a60549ff525179e,0, #BCB582
2af47751c0a8ab0e1ce8,4, #F9F6EA
2af47751c0a8ab0e1ce8,15, #A29D93
2af47751c0a8ab0e1ce8,2, #4A463E
2af47751c0a8ab0e1ce8,17, #8B867C
2af47751c0a8ab0e1ce8,14, #6E6B60
2af47751c0a8ab0e1ce8,20, #C1BCB2
2af47751c0a8ab0e1ce8,25,#E2DED3
2af4a8132ecca85fa03b,9,#D7CBB5
2af4a8132ecca85fa03b,3, #BDAE99
2af4a8132ecca85fa03b,3, #9A8B7B
2af4a8132ecca85fa03b,3, #776154
2af4a8132ecca85fa03b,3, #50372D
2af4a8132ecca85fa03b,76, #F3EDE1
2afcf2fd52b9008ae6b0,1, #ADA99A
2afcf2fd52b9008ae6b0,58, #CFC7AF
2afcf2fd52b9008ae6b0,0,#595957
2afcf2fd52b9008ae6b0,1, #FCFBF7
2afcf2fd52b9008ae6b0,0, #94938E
2afcf2fd52b9008ae6b0,38, #EFE9D6
2b07359471161494fd0e,2, #5D6260
2b07359471161494fd0e,1, #B4A87A
2b07359471161494fd0e,7, #6E5637
2b07359471161494fd0e,5, #92825A
2b07359471161494fd0e,52,#443F36
2b07359471161494fd0e,6, #D8CA92
2b07359471161494fd0e,23, #120F0B
2b0a36625afeb52ef938,0, #272E1C
2b0a36625afeb52ef938,0, #444D37
2b0a36625afeb52ef938,7,#0B0C05
2b0a36625afeb52ef938,30, #8F8E73
2b0a36625afeb52ef938,54, #B8BDAA
2b0a36625afeb52ef938,6, #6D6A4B
2b0d7f99ae0d87ef769c,25, #AFA685
2b0d7f99ae0d87ef769c,13, #6E6241
2b0d7f99ae0d87ef769c,7, #A3905C
2b0d7f99ae0d87ef769c,25,#CBC5AC
2b0d7f99ae0d87ef769c,7, #453B23
2b0d7f99ae0d87ef769c,19, #1A160D
2b1155190b99e0ef0198,15, #252019
2b1155190b99e0ef0198,28, #3F3626
2b1155190b99e0ef0198,3, #9B885D
2b1155190b99e0ef0198,1, #726F56
2b1155190b99e0ef0198,7, #8B7547
2b1155190b99e0ef0198,37,#5E5339
2b1155190b99e0ef0198,4, #B5A67B
2b12b88e2b9e0cad111e,1, #413E37
2b12b88e2b9e0cad111e,6, #5D5A50
2b12b88e2b9e0cad111e,19, #837F75
2b12b88e2b9e0cad111e,15, #A7A298
2b12b88e2b9e0cad111e,27,#F4F1E5
2b12b88e2b9e0cad111e,30, #CBC6BC
2b181c24846197ceb1da,1,#B8A792
2b181c24846197ceb1da,0, #614937
2b181c24846197ceb1da,1, #A08E7C
2b181c24846197ceb1da,6, #D4C5B1
2b181c24846197ceb1da,89, #F6EED9
2b181c24846197ceb1da,0, #7F6754
2b1cf7d53c5a6a0286cc,6, #B8AC90
2b1cf7d53c5a6a0286cc,19, #685847
2b1cf7d53c5a6a0286cc,28, #3A291D
2b1cf7d53c5a6a0286cc,14, #918269
2b1cf7d53c5a6a0286cc,24, #D2CAB1
2b1cf7d53c5a6a0286cc,7,#F2ECDB
2b1e28bb6d37304e9a81,0,#4B4534
2b1e28bb6d37304e9a81,70, #D7CFB5
2b1e28bb6d37304e9a81,4, #A1987D
2b1e28bb6d37304e9a81,0, #625844
2b1e28bb6d37304e9a81,3, #807660
2b1e28bb6d37304e9a81,20, #B9B095
2b21095ee00fd07af6a8,17, #F7F2DC
2b21095ee00fd07af6a8,12, #A19774
2b21095ee00fd07af6a8,0,#5B5135
2b21095ee00fd07af6a8,56, #DAD2B4
2b21095ee00fd07af6a8,13, #C4B892
2b21095ee00fd07af6a8,0, #746948
2b2290cee7edefa2b63d,2,#FCFBF8
2b2290cee7edefa2b63d,16, #A39D8E
2b2290cee7edefa2b63d,14, #827A67
2b2290cee7edefa2b63d,17, #C6BEAE
2b2290cee7edefa2b63d,39, #E6E1D4
2b2290cee7edefa2b63d,8, #595244
2b258f30eeca267ec846,3, #F9F5E4
2b258f30eeca267ec846,2, #605B4F
2b258f30eeca267ec846,13, #7D776A
2b258f30eeca267ec846,1, #433F35
2b258f30eeca267ec846,49,#DBD2BC
2b258f30eeca267ec846,10, #9F9989
2b258f30eeca267ec846,19, #B9B29F
2b282a236c9f2699f45b,18,#F0EDE0
2b282a236c9f2699f45b,10, #756E5A
2b282a236c9f2699f45b,3, #323027
2b282a236c9f2699f45b,9, #524D3D
2b282a236c9f2699f45b,34, #D0C9B1
2b282a236c9f2699f45b,22, #A19A86
2b28fab68f3c169d1a9c,8, #F3F0E8
2b28fab68f3c169d1a9c,21, #555245
2b28fab68f3c169d1a9c,14, #BBAE98
2b28fab68f3c169d1a9c,8, #3A3931
2b28fab68f3c169d1a9c,8, #8B8575
2b28fab68f3c169d1a9c,7, #706B59
2b28fab68f3c169d1a9c,31,#DAD0BD
2b2b9733ab0bf61e0272,39, #413E3E
2b2b9733ab0bf61e0272,0,#F9E7D3
2b2b9733ab0bf61e0272,37, #6D655F
2b2b9733ab0bf61e0272,5, #D9C9B6
2b2b9733ab0bf61e0272,5, #BEB09E
2b2b9733ab0bf61e0272,11, #9B9084
2b2fc8a22899c3ba6d75,40, #CFCCB9
2b2fc8a22899c3ba6d75,6,#F3F0DB
2b2fc8a22899c3ba6d75,13, #8E8B7D
2b2fc8a22899c3ba6d75,4, #B5B2A1
2b2fc8a22899c3ba6d75,27, #605E54
2b2fc8a22899c3ba6d75,7, #3F3F38
2b3d6ce3ab91a94e1d08,76,#F8F6E7
2b3d6ce3ab91a94e1d08,8, #A19C89
2b3d6ce3ab91a94e1d08,1, #5D594A
2b3d6ce3ab91a94e1d08,0, #403D31
2b3d6ce3ab91a94e1d08,3, #7C7765
2b3d6ce3ab91a94e1d08,10, #D0C9B2
2b40d71cf47c3ba0b644,77, #F6F2E8
2b40d71cf47c3ba0b644,7, #BAB09C
2b40d71cf47c3ba0b644,0, #3F3322
2b40d71cf47c3ba0b644,1,#665F51
2b40d71cf47c3ba0b644,10, #E2D9C7
2b40d71cf47c3ba0b644,3, #938873
2b429bb2edbf812a5cfd,0, #D0C8A0
2b429bb2edbf812a5cfd,2, #918356
2b429bb2edbf812a5cfd,1, #AB9E70
2b429bb2edbf812a5cfd,33, #4B422C
2b429bb2edbf812a5cfd,1, #BBB084
2b429bb2edbf812a5cfd,55,#1F1B16
2b429bb2edbf812a5cfd,3, #73643C
2b4c14b2df872e6c2e8d,7, #8A847A
2b4c14b2df872e6c2e8d,6, #3F3D38
2b4c14b2df872e6c2e8d,14, #645F59
2b4c14b2df872e6c2e8d,23, #F1EDE6
2b4c14b2df872e6c2e8d,12,#ABA496
2b4c14b2df872e6c2e8d,34, #D0C8B8
2b53dcb60188a85fe7f3,36,#DBCEAF
2b53dcb60188a85fe7f3,6, #6B5E4D
2b53dcb60188a85fe7f3,1, #4E3E31
2b53dcb60188a85fe7f3,14, #A5987F
2b53dcb60188a85fe7f3,28, #C1B398
2b53dcb60188a85fe7f3,1, #F5E3BD
2b53dcb60188a85fe7f3,11, #887C68
2b5b785b1833e07b0519,21, #453925
2b5b785b1833e07b0519,42, #928B74
2b5b785b1833e07b0519,5, #6A5636
2b5b785b1833e07b0519,21, #21180D
2b5b785b1833e07b0519,6,#C0B697
2b5b785b1833e07b0519,1, #6D6A5A
2b5f2f811374283adb4d,12, #504233
2b5f2f811374283adb4d,7,#E3DBC3
2b5f2f811374283adb4d,17, #978F7D
2b5f2f811374283adb4d,26, #6E6150
2b5f2f811374283adb4d,16, #BBB39C
2b5f2f811374283adb4d,18, #817766
2b5fcebdc6a2f2de872e,31,#6B5F55
2b5fcebdc6a2f2de872e,11, #9A9183
2b5fcebdc6a2f2de872e,10, #837669
2b5fcebdc6a2f2de872e,23, #4C423A
2b5fcebdc6a2f2de872e,3, #EFEEE9
2b5fcebdc6a2f2de872e,15, #BEB69F
2b5fcebdc6a2f2de872e,3, #DAD6C3
2b60a44ab317b05d6643,37, #393527
2b60a44ab317b05d6643,60,#190F07
2b60a44ab317b05d6643,0, #826C4B
2b60a44ab317b05d6643,0, #938E7E
2b60a44ab317b05d6643,1, #6B5234
2b60a44ab317b05d6643,0, #AE9860
2b60a44ab317b05d6643,0, #867C69
2b672248b1cc7c5c14a2,14, #B3AFA6
2b672248b1cc7c5c14a2,17, #D7D3C9
2b672248b1cc7c5c14a2,22,#757169
2b672248b1cc7c5c14a2,11, #56534C
2b672248b1cc7c5c14a2,13, #949188
2b672248b1cc7c5c14a2,17, #F6F3EA
2b672248b1cc7c5c14a2,2, #424039
2b694d4790892cec42af,25, #B7A896
2b694d4790892cec42af,7, #ECE5CD
2b694d4790892cec42af,7, #84756A
2b694d4790892cec42af,9, #64534C
2b694d4790892cec42af,2, #45332E
2b694d4790892cec42af,41,#D1C5B0
2b694d4790892cec42af,7, #9E8F82
2b6ab4e1d3f6e33ec2d0,24, #D4CFC1
2b6ab4e1d3f6e33ec2d0,37, #A4A195
2b6ab4e1d3f6e33ec2d0,13, #827F74
2b6ab4e1d3f6e33ec2d0,9, #43433B
2b6ab4e1d3f6e33ec2d0,10, #69675D
2b6ab4e1d3f6e33ec2d0,4,#F8F6ED
2b6e25fa7118b7aa6882,42, #E7E2CB
2b6e25fa7118b7aa6882,0,#FEFEF0
2b6e25fa7118b7aa6882,15, #AAA38D
2b6e25fa7118b7aa6882,16, #847F6D
2b6e25fa7118b7aa6882,13, #484439
2b6e25fa7118b7aa6882,11, #C9C2AA
2b749c9383b2eb874ae3,18, #736B67
2b749c9383b2eb874ae3,23, #999289
2b749c9383b2eb874ae3,0,#FEFCEA
2b749c9383b2eb874ae3,15, #C5BDAE
2b749c9383b2eb874ae3,6, #4F4949
2b749c9383b2eb874ae3,34, #EAE0CE
2b7f9fbbcd24fd7539bd,7, #584334
2b7f9fbbcd24fd7539bd,0,#FEFEF9
2b7f9fbbcd24fd7539bd,49, #CBBF9F
2b7f9fbbcd24fd7539bd,20, #988970
2b7f9fbbcd24fd7539bd,6, #786652
2b7f9fbbcd24fd7539bd,15, #E3DFCE
2b880c18320b7ee0935d,19, #5F4D36
2b880c18320b7ee0935d,2, #EDE9DE
2b880c18320b7ee0935d,6, #D1C6AE
2b880c18320b7ee0935d,26, #998E7A
2b880c18320b7ee0935d,37, #301810
2b880c18320b7ee0935d,7,#7E6D54
2b897c32be9b59d95181,30, #393A31
2b897c32be9b59d95181,7, #A49A84
2b897c32be9b59d95181,8, #857E6B
2b897c32be9b59d95181,11,#232321
2b897c32be9b59d95181,39, #5E4E3F
2b897c32be9b59d95181,3, #BBB7A2
2b8d179f63be758ace8c,5, #13120E
2b8d179f63be758ace8c,23, #D9D6C7
2b8d179f63be758ace8c,13, #857B5A
2b8d179f63be758ace8c,0,#FCFAF2
2b8d179f63be758ace8c,5, #AEAC9F
2b8d179f63be758ace8c,51, #494136
2b903b21b688b87c6d6d,54,#231F16
2b903b21b688b87c6d6d,7, #908670
2b903b21b688b87c6d6d,2, #725832
2b903b21b688b87c6d6d,5, #A49C88
2b903b21b688b87c6d6d,20, #463F31
2b903b21b688b87c6d6d,1, #BBB5A5
2b903b21b688b87c6d6d,8, #686D63
2b914ec7654a692b566d,15, #C1BDAD
2b914ec7654a692b566d,13, #969183
2b914ec7654a692b566d,22, #545147
2b914ec7654a692b566d,22,#EFEBD6
2b914ec7654a692b566d,4, #3A3831
2b914ec7654a692b566d,21, #726D61
2b926c22f4d69d607b80,10, #333329
2b926c22f4d69d607b80,15, #5A5A4A
2b926c22f4d69d607b80,16, #83806E
2b926c22f4d69d607b80,10,#C0B9A6
2b926c22f4d69d607b80,34, #EAE0C9
2b926c22f4d69d607b80,12, #A49F8D
2b9a0116a28c4c553711,37, #F6F1E0
2b9a0116a28c4c553711,8, #5A5452
2b9a0116a28c4c553711,2, #3A3737
2b9a0116a28c4c553711,24, #CCC4B6
2b9a0116a28c4c553711,10,#78726C
2b9a0116a28c4c553711,16, #9E978E
2b9aa06a0e92e3552deb,15,#F8F6EB
2b9aa06a0e92e3552deb,7, #3A3A32
2b9aa06a0e92e3552deb,20, #DED8C1
2b9aa06a0e92e3552deb,19, #908B7A
2b9aa06a0e92e3552deb,17, #BFBAA4
2b9aa06a0e92e3552deb,19, #5E5C4E
2b9c0357e24ec14f91b4,16, #694D29
2b9c0357e24ec14f91b4,22,#493A17
2b9c0357e24ec14f91b4,10, #A0854E
2b9c0357e24ec14f91b4,13, #B59C6A
2b9c0357e24ec14f91b4,22, #84683A
2b9c0357e24ec14f91b4,3, #D8C28C
2b9c0357e24ec14f91b4,11, #291F0C
2b9f492e0e1bf03682c3,11, #554E34
2b9f492e0e1bf03682c3,1, #F9F5DB
2b9f492e0e1bf03682c3,2, #DFD6AB
2b9f492e0e1bf03682c3,18, #877D5A
2b9f492e0e1bf03682c3,8, #BBB496
2b9f492e0e1bf03682c3,43,#0A0905
2b9f492e0e1bf03682c3,14, #332E1C
2b9fa76daa184290eb73,3,#EFE7D8
2b9fa76daa184290eb73,11, #887566
2b9fa76daa184290eb73,1, #6F5544
2b9fa76daa184290eb73,29, #D2C5B2
2b9fa76daa184290eb73,41, #A59181
2b9fa76daa184290eb73,12, #BCAC9C
2ba66143d4f927a0cfae,21, #1A1810
2ba66143d4f927a0cfae,4, #635C4D
2ba66143d4f927a0cfae,3, #A7A498
2ba66143d4f927a0cfae,14, #4D4636
2ba66143d4f927a0cfae,4, #826F55
2ba66143d4f927a0cfae,6, #A38F73
2ba66143d4f927a0cfae,44,#393428
2baa54bb363909dc2bdb,23, #B4AFA1
2baa54bb363909dc2bdb,15, #DCD6C7
2baa54bb363909dc2bdb,18, #5A574C
2baa54bb363909dc2bdb,1, #3C3A31
2baa54bb363909dc2bdb,31, #868276
2baa54bb363909dc2bdb,8,#F6F4EB
2bad3da695f2c7123147,1, #716C4B
2bad3da695f2c7123147,0, #9B9777
2bad3da695f2c7123147,2, #623B10
2bad3da695f2c7123147,0, #8D5D1E
2bad3da695f2c7123147,12, #363126
2bad3da695f2c7123147,0, #AB8141
2bad3da695f2c7123147,83,#0D0D0C
2badc5679ee3e15a6013,52, #EBE3C8
2badc5679ee3e15a6013,13, #B4A386
2badc5679ee3e15a6013,9, #566D6D
2badc5679ee3e15a6013,0, #B46148
2badc5679ee3e15a6013,16,#0C1411
2badc5679ee3e15a6013,7, #5C3D33
2bb6e51d8a372ef512dc,42,#2F2B1A
2bb6e51d8a372ef512dc,2, #C3B472
2bb6e51d8a372ef512dc,3, #AB8E3F
2bb6e51d8a372ef512dc,14, #746D43
2bb6e51d8a372ef512dc,23, #12120C
2bb6e51d8a372ef512dc,10, #4A4629
2bb6e51d8a372ef512dc,2, #A3A186
2bb7903437faebb58e18,3, #31312C
2bb7903437faebb58e18,15, #55554E
2bb7903437faebb58e18,17, #EFEEE4
2bb7903437faebb58e18,15, #7A7872
2bb7903437faebb58e18,22,#D2D0C5
2bb7903437faebb58e18,19, #9A9991
2bb7903437faebb58e18,6, #BAB8AF
2bb93ddb9f88ede53218,15, #29251C
2bb93ddb9f88ede53218,0, #B7B4AE
2bb93ddb9f88ede53218,4, #A19170
2bb93ddb9f88ede53218,30, #7A674C
2bb93ddb9f88ede53218,0, #E2D4AD
2bb93ddb9f88ede53218,47,#4E4533
2bb93ddb9f88ede53218,0, #CEBC8D
2bbbaab0a407ff581dac,10, #525247
2bbbaab0a407ff581dac,17, #7B7C72
2bbbaab0a407ff581dac,29, #A9ABA3
2bbbaab0a407ff581dac,2, #353328
2bbbaab0a407ff581dac,13,#F6F7EF
2bbbaab0a407ff581dac,27, #D7D8CF
2bc69c1aac8c04848ca1,4, #1E1E18
2bc69c1aac8c04848ca1,19, #87816D
2bc69c1aac8c04848ca1,15, #ACA38B
2bc69c1aac8c04848ca1,29,#D2C5A9
2bc69c1aac8c04848ca1,14, #F8F1D8
2bc69c1aac8c04848ca1,16, #535144
2bc862224b1b115c7883,25, #C3BDAE
2bc862224b1b115c7883,32,#DAD7CA
2bc862224b1b115c7883,1, #442A1D
2bc862224b1b115c7883,7, #7D6F60
2bc862224b1b115c7883,4, #674F3D
2bc862224b1b115c7883,28, #A39584
2bd3b4722fc8aa8ef9b4,16,#F9F6E8
2bd3b4722fc8aa8ef9b4,30, #D4CCBC
2bd3b4722fc8aa8ef9b4,9, #6C695C
2bd3b4722fc8aa8ef9b4,13, #434139
2bd3b4722fc8aa8ef9b4,12, #B1AB9B
2bd3b4722fc8aa8ef9b4,18, #8F8A7C
2bd6b2cf5dfc2d3058e7,62, #19150D
2bd6b2cf5dfc2d3058e7,1, #D4C8A0
2bd6b2cf5dfc2d3058e7,19, #643F22
2bd6b2cf5dfc2d3058e7,0, #EAE5CB
2bd6b2cf5dfc2d3058e7,5, #AE9A67
2bd6b2cf5dfc2d3058e7,10,#766A44
2bdb1038f776e7af049a,6,#D8CEC1
2bdb1038f776e7af049a,2, #4B4743
2bdb1038f776e7af049a,12, #946858
2bdb1038f776e7af049a,4, #B8A998
2bdb1038f776e7af049a,66, #F7F1EC
2bdb1038f776e7af049a,6, #9F8A79
2bdb1dd7c1eb853e7fa3,9,#F6F0E2
2bdb1dd7c1eb853e7fa3,17, #444240
2bdb1dd7c1eb853e7fa3,12, #D9CCBB
2bdb1dd7c1eb853e7fa3,18, #6B6662
2bdb1dd7c1eb853e7fa3,22, #B5ADA0
2bdb1dd7c1eb853e7fa3,18, #8E8880
2bdbabdbee134d553132,8, #786F68
2bdbabdbee134d553132,20, #5E5852
2bdbabdbee134d553132,22,#3A3634
2bdbabdbee134d553132,10, #CFC6B8
2bdbabdbee134d553132,10, #8E857D
2bdbabdbee134d553132,13, #AEA59A
2bdbabdbee134d553132,13, #F1E8D3
2be5407356e667eb7683,15, #1D1914
2be5407356e667eb7683,21,#453F38
2be5407356e667eb7683,12, #B3AB96
2be5407356e667eb7683,1, #DAC68A
2be5407356e667eb7683,40, #6C634D
2be5407356e667eb7683,9, #DFDCC7
2bf2bc3f7318c79bc213,9,#D4CDB9
2bf2bc3f7318c79bc213,10, #948E7F
2bf2bc3f7318c79bc213,56, #F4EFDB
2bf2bc3f7318c79bc213,10, #BBB5A1
2bf2bc3f7318c79bc213,7, #736D5E
2bf2bc3f7318c79bc213,5, #4B483F
2bf4558431adfa719aec,27,#ECE5D8
2bf4558431adfa719aec,9, #C2B5A0
2bf4558431adfa719aec,13, #978C80
2bf4558431adfa719aec,26, #2D1F1B
2bf4558431adfa719aec,11, #75665D
2bf4558431adfa719aec,12, #57463C
2bf8e60f5ad37a3b70f4,21, #C9C1AE
2bf8e60f5ad37a3b70f4,8, #A69B8B
2bf8e60f5ad37a3b70f4,58,#F2EDDA
2bf8e60f5ad37a3b70f4,0, #6A4529
2bf8e60f5ad37a3b70f4,6, #918172
2bf8e60f5ad37a3b70f4,4, #7E644F
2bfc57ed74d163dfd01e,0, #C8BC8E
2bfc57ed74d163dfd01e,38, #3D3726
2bfc57ed74d163dfd01e,12, #887849
2bfc57ed74d163dfd01e,2, #AB9F72
2bfc57ed74d163dfd01e,4,#191712
2bfc57ed74d163dfd01e,40, #655B3B
2c115b2f3c150aaeb48c,10, #6D6F67
2c115b2f3c150aaeb48c,12,#EAEAEB
2c115b2f3c150aaeb48c,1, #C0BFB5
2c115b2f3c150aaeb48c,11, #8D918F
2c115b2f3c150aaeb48c,51, #222222
2c115b2f3c150aaeb48c,12, #4C4D49
2c11b3996aa59b879b5d,9, #3F3F37
2c11b3996aa59b879b5d,14, #838074
2c11b3996aa59b879b5d,24, #ACA799
2c11b3996aa59b879b5d,37, #616156
2c11b3996aa59b879b5d,6,#F9F6EA
2c11b3996aa59b879b5d,7, #DAD4C3
2c17238839ac3648a25b,32, #1F130B
2c17238839ac3648a25b,1, #EAEBDA
2c17238839ac3648a25b,5, #AA9B75
2c17238839ac3648a25b,0, #E8D98D
2c17238839ac3648a25b,11, #7D6347
2c17238839ac3648a25b,47,#563629
2c17238839ac3648a25b,1, #CAC6B8
2c1acc4296443aaaa956,7, #8E7E73
2c1acc4296443aaaa956,3, #CEB5A4
2c1acc4296443aaaa956,1, #8F5843
2c1acc4296443aaaa956,77, #F5F0E8
2c1acc4296443aaaa956,3,#E0CFC0
2c1acc4296443aaaa956,7, #BC9883
2c1b15e3aade29c20533,45,#3F3523
2c1b15e3aade29c20533,0, #EFE6B2
2c1b15e3aade29c20533,1, #BFAC69
2c1b15e3aade29c20533,35, #62502F
2c1b15e3aade29c20533,7, #211A11
2c1b15e3aade29c20533,0, #DCCC87
2c1b15e3aade29c20533,9, #968045
2c1e3b404d3c0fad1b84,5, #414038
2c1e3b404d3c0fad1b84,22,#7D7967
2c1e3b404d3c0fad1b84,7, #F8F6EA
2c1e3b404d3c0fad1b84,11, #C3BA9F
2c1e3b404d3c0fad1b84,17, #E1D7BA
2c1e3b404d3c0fad1b84,20, #59574B
2c1e3b404d3c0fad1b84,15, #A59F8A
2c2372946d0b4b5bccf7,24, #786758
2c2372946d0b4b5bccf7,12, #504038
2c2372946d0b4b5bccf7,0,#F9F8F2
2c2372946d0b4b5bccf7,35, #D6D3C2
2c2372946d0b4b5bccf7,21, #A59A86
2c2372946d0b4b5bccf7,5, #2F221D
2c250440c5344286ec6a,23, #3C3326
2c250440c5344286ec6a,0, #F9E274
2c250440c5344286ec6a,27,#161612
2c250440c5344286ec6a,1, #DCBE47
2c250440c5344286ec6a,3, #AC9469
2c250440c5344286ec6a,44, #71573E
2c25808acc94e21ae778,19,#F4EBDB
2c25808acc94e21ae778,19, #978E82
2c25808acc94e21ae778,8, #5F554E
2c25808acc94e21ae778,17, #CCC1B3
2c25808acc94e21ae778,18, #7F756B
2c25808acc94e21ae778,17, #ACA396
2c2d265af04582c26405,67,#160D0A
2c2d265af04582c26405,16, #442A1B
2c2d265af04582c26405,3, #776A5B
2c2d265af04582c26405,0, #AF8F4C
2c2d265af04582c26405,6, #8D8272
2c2d265af04582c26405,3, #634D3D
2c2d265af04582c26405,1, #B6B5A9
2c2e817854702efa70fb,2, #A2988D
2c2e817854702efa70fb,1, #382017
2c2e817854702efa70fb,17, #C5BBAA
2c2e817854702efa70fb,1, #7E6E60
2c2e817854702efa70fb,1, #614937
2c2e817854702efa70fb,75,#E7E1D3
2c2e84b31ff1ac8051ae,19, #B1AFA1
2c2e84b31ff1ac8051ae,8, #949185
2c2e84b31ff1ac8051ae,40,#F8F4E0
2c2e84b31ff1ac8051ae,10, #716F64
2c2e84b31ff1ac8051ae,20, #D9D5C3
2c2e84b31ff1ac8051ae,1, #423F35
2c2ed1b126b2441e4570,1, #383634
2c2ed1b126b2441e4570,15, #B2AEA8
2c2ed1b126b2441e4570,55,#D5D1C6
2c2ed1b126b2441e4570,7, #777370
2c2ed1b126b2441e4570,4, #595653
2c2ed1b126b2441e4570,10, #93908B
2c2ed1b126b2441e4570,4, #F6F4ED
2c310bf1d9bd75372a36,7, #373934
2c310bf1d9bd75372a36,14, #56574E
2c310bf1d9bd75372a36,3,#F4F1E9
2c310bf1d9bd75372a36,25, #ABA79C
2c310bf1d9bd75372a36,31, #D1CCC0
2c310bf1d9bd75372a36,16, #818075
2c3335e45c8e947d3adc,23, #9F9788
2c3335e45c8e947d3adc,10, #E0D6BE
2c3335e45c8e947d3adc,33, #766F60
2c3335e45c8e947d3adc,4,#F7F4E8
2c3335e45c8e947d3adc,7, #BEB49F
2c3335e45c8e947d3adc,20, #423F36
2c35a1c3be17331d1fe9,22,#ADA27E
2c35a1c3be17331d1fe9,9, #90845F
2c35a1c3be17331d1fe9,30, #50452E
2c35a1c3be17331d1fe9,13, #232013
2c35a1c3be17331d1fe9,15, #665C3C
2c35a1c3be17331d1fe9,8, #7C704C
2c3c928c814e90ab5a2a,34, #D3CDBB
2c3c928c814e90ab5a2a,27, #656158
2c3c928c814e90ab5a2a,20, #413F37
2c3c928c814e90ab5a2a,7, #868276
2c3c928c814e90ab5a2a,7, #A9A494
2c3c928c814e90ab5a2a,2,#FCF8E6
2c4ec11aff034d22a743,9, #B3A894
2c4ec11aff034d22a743,2, #EEE3D4
2c4ec11aff034d22a743,3, #FCFAF6
2c4ec11aff034d22a743,19, #8D8576
2c4ec11aff034d22a743,54,#D6C8B3
2c4ec11aff034d22a743,1, #403D35
2c4ec11aff034d22a743,9, #605A4F
2c596e8b0149734969de,3,#F7F6F1
2c596e8b0149734969de,14, #BAB4A7
2c596e8b0149734969de,13, #E1DCCF
2c596e8b0149734969de,31, #969183
2c596e8b0149734969de,8, #402D2A
2c596e8b0149734969de,29, #72695C
2c6565fcd071805ced5c,7, #C2B69F
2c6565fcd071805ced5c,56,#F9F7F0
2c6565fcd071805ced5c,28, #E1D6C0
2c6565fcd071805ced5c,5, #948872
2c6565fcd071805ced5c,0, #413526
2c6565fcd071805ced5c,2, #655F51
2c6cff6d98f3bb41e384,5, #7F6236
2c6cff6d98f3bb41e384,0, #AD9B7D
2c6cff6d98f3bb41e384,34, #4A3D29
2c6cff6d98f3bb41e384,0, #68665A
2c6cff6d98f3bb41e384,2, #572011
2c6cff6d98f3bb41e384,54,#1C130A
2c6cff6d98f3bb41e384,2, #987D5F
2c6f9314744d6519455a,13, #868476
2c6f9314744d6519455a,0, #414137
2c6f9314744d6519455a,34,#A4A193
2c6f9314744d6519455a,24, #C7C3B3
2c6f9314744d6519455a,13, #E2DFCF
2c6f9314744d6519455a,1, #FBFAF5
2c6f9314744d6519455a,11, #605F53
2c761486ea180c661a9d,38,#E7E1C9
2c761486ea180c661a9d,24, #FBFAF3
2c761486ea180c661a9d,14, #807B66
2c761486ea180c661a9d,1, #CBC4AB
2c761486ea180c661a9d,1, #5E5946
2c761486ea180c661a9d,19, #A8A28D
2c761486ea180c661a9d,0, #353229
2c7b1d862b8901550f6a,3, #4A4942
2c7b1d862b8901550f6a,11, #949183
2c7b1d862b8901550f6a,11, #6B695D
2c7b1d862b8901550f6a,0,#FDF7E1
2c7b1d862b8901550f6a,2, #BDB8A8
2c7b1d862b8901550f6a,69, #E0DAC6
2c82339c8387c1c885d0,1, #BBA675
2c82339c8387c1c885d0,22, #674A32
2c82339c8387c1c885d0,0,#D0C192
2c82339c8387c1c885d0,65, #0F1616
2c82339c8387c1c885d0,3, #62645F
2c82339c8387c1c885d0,6, #9A8459
2c8dbcab891c4b2b9215,8, #BCB080
2c8dbcab891c4b2b9215,15, #928465
2c8dbcab891c4b2b9215,30, #5A4E3E
2c8dbcab891c4b2b9215,0, #120D0B
2c8dbcab891c4b2b9215,7, #E0DAB5
2c8dbcab891c4b2b9215,33,#302821
2c8dbcab891c4b2b9215,3, #F5F4E0
2c91e7ff14b80542de58,17, #8D8275
2c91e7ff14b80542de58,16, #B9AB99
2c91e7ff14b80542de58,4, #423934
2c91e7ff14b80542de58,5, #665C53
2c91e7ff14b80542de58,36, #F9F0E4
2c91e7ff14b80542de58,20,#DCC9B6
2c935186a0dd4ca4dfcb,9, #49453C
2c935186a0dd4ca4dfcb,7,#FAF8F1
2c935186a0dd4ca4dfcb,47, #E1D9C4
2c935186a0dd4ca4dfcb,8, #6D6656
2c935186a0dd4ca4dfcb,14, #B5AD99
2c935186a0dd4ca4dfcb,11, #8B8373
2c960fa3b5b47ee4cded,17, #B4AD96
2c960fa3b5b47ee4cded,3, #393834
2c960fa3b5b47ee4cded,14, #898475
2c960fa3b5b47ee4cded,12, #5C594F
2c960fa3b5b47ee4cded,17,#F6F4E2
2c960fa3b5b47ee4cded,34, #D7D0B6
2c99f95f051cceaecaf9,52, #796142
2c99f95f051cceaecaf9,0,#282618
2c99f95f051cceaecaf9,1, #B39568
2c99f95f051cceaecaf9,0, #CCC3A7
2c99f95f051cceaecaf9,7, #967653
2c99f95f051cceaecaf9,39, #48422E
2c9e9f9c94f87e0f24c1,9, #B8B4A4
2c9e9f9c94f87e0f24c1,45, #D8D4C3
2c9e9f9c94f87e0f24c1,7, #302E25
2c9e9f9c94f87e0f24c1,9, #676457
2c9e9f9c94f87e0f24c1,17, #F8F7ED
2c9e9f9c94f87e0f24c1,10,#979385
2ca0c83712107429bfac,1, #BCB8A6
2ca0c83712107429bfac,67,#FBF2D8
2ca0c83712107429bfac,4, #505041
2ca0c83712107429bfac,3, #8E8A79
2ca0c83712107429bfac,10, #71705E
2ca0c83712107429bfac,1, #A5A18F
2ca0c83712107429bfac,9, #E2D5B9
2ca2527648f3c4e910f1,15, #7B7974
2ca2527648f3c4e910f1,4, #4F4D4A
2ca2527648f3c4e910f1,0, #2E2D2B
2ca2527648f3c4e910f1,28, #B1AEA7
2ca2527648f3c4e910f1,3,#F6F3E7
2ca2527648f3c4e910f1,47, #DAD6CC
2ca38ca1ddf6a9a5fc2b,15, #DAD5C0
2ca38ca1ddf6a9a5fc2b,25, #676254
2ca38ca1ddf6a9a5fc2b,26, #B8B19B
2ca38ca1ddf6a9a5fc2b,3, #3A3831
2ca38ca1ddf6a9a5fc2b,17, #908B79
2ca38ca1ddf6a9a5fc2b,11,#F8F8F2
2ca3db89aa67cbf60ff7,1, #776C5E
2ca3db89aa67cbf60ff7,4, #CBB298
2ca3db89aa67cbf60ff7,19, #474542
2ca3db89aa67cbf60ff7,2, #E3DCD1
2ca3db89aa67cbf60ff7,3, #999083
2ca3db89aa67cbf60ff7,67,#182021
2cc2f93391bea37167bb,6, #F0F1EB
2cc2f93391bea37167bb,6, #6A594C
2cc2f93391bea37167bb,5, #938A7E
2cc2f93391bea37167bb,11, #D0D1C4
2cc2f93391bea37167bb,3, #807365
2cc2f93391bea37167bb,40,#B3AFA1
2cc2f93391bea37167bb,25, #503D31
2ccd464cb8b12c36f50c,16, #3D2918
2ccd464cb8b12c36f50c,21, #645535
2ccd464cb8b12c36f50c,21, #857A5D
2ccd464cb8b12c36f50c,30, #B7AE8D
2ccd464cb8b12c36f50c,9,#E8E2C9
2ccd464cb8b12c36f50c,0, #1E125D
2cd1378ac19d7e0adcbd,10, #5C4C31
2cd1378ac19d7e0adcbd,6, #7E6F4C
2cd1378ac19d7e0adcbd,25,#D6D2B9
2cd1378ac19d7e0adcbd,23, #EAE8DA
2cd1378ac19d7e0adcbd,0, #FEFCEE
2cd1378ac19d7e0adcbd,13, #A19675
2cd1378ac19d7e0adcbd,19, #C0B998
2ce2a659a7a41f1d09a0,24, #61522B
2ce2a659a7a41f1d09a0,20, #1E180B
2ce2a659a7a41f1d09a0,31,#4E2E11
2ce2a659a7a41f1d09a0,2, #D5C88A
2ce2a659a7a41f1d09a0,3, #646E4D
2ce2a659a7a41f1d09a0,7, #C0AA6E
2ce2a659a7a41f1d09a0,10, #898659
2cf7e11898dbe0daa0f8,34, #D6D0B9
2cf7e11898dbe0daa0f8,20, #8B8674
2cf7e11898dbe0daa0f8,9, #B7B19D
2cf7e11898dbe0daa0f8,3, #302F27
2cf7e11898dbe0daa0f8,12,#F4EFD8
2cf7e11898dbe0daa0f8,19, #585547
2cfb40869e5d376b8b48,43,#D6CEC0
2cfb40869e5d376b8b48,16, #948F84
2cfb40869e5d376b8b48,4, #5C5751
2cfb40869e5d376b8b48,7, #767168
2cfb40869e5d376b8b48,15, #B6B0A4
2cfb40869e5d376b8b48,10, #F5EFDF
2cfb40869e5d376b8b48,0, #46423C
2d07e17de9ba037d760c,11, #3E3432
2d07e17de9ba037d760c,0, #A89074
2d07e17de9ba037d760c,8, #684F3B
2d07e17de9ba037d760c,3, #7A6955
2d07e17de9ba037d760c,19,#5B2219
2d07e17de9ba037d760c,57, #1A1516
2d09d4fd9621327da18e,3, #B2A799
2d09d4fd9621327da18e,74, #200D08
2d09d4fd9621327da18e,2, #99856D
2d09d4fd9621327da18e,2,#CAC6B9
2d09d4fd9621327da18e,3, #7F6747
2d09d4fd9621327da18e,13, #4F3726
2d136fdaa40ff3e845e2,5, #B8A883
2d136fdaa40ff3e845e2,34, #D3C6A1
2d136fdaa40ff3e845e2,17, #83684F
2d136fdaa40ff3e845e2,22, #978E7B
2d136fdaa40ff3e845e2,13, #4F3929
2d136fdaa40ff3e845e2,7,#F6F4ED
2d14d0e61712e80e04b6,5, #BEA88A
2d14d0e61712e80e04b6,9,#F7F6EF
2d14d0e61712e80e04b6,19, #D0C1A5
2d14d0e61712e80e04b6,3, #705C4E
2d14d0e61712e80e04b6,52, #E1D8C4
2d14d0e61712e80e04b6,9, #998774
2d220c63ed253d7f3c4b,25, #8E8A7A
2d220c63ed253d7f3c4b,5, #49473E
2d220c63ed253d7f3c4b,22, #DFD8C2
2d220c63ed253d7f3c4b,25, #B9B4A0
2d220c63ed253d7f3c4b,19, #6A6759
2d220c63ed253d7f3c4b,2,#F8F4E3
2d27327c1fce157ef4c5,23, #574333
2d27327c1fce157ef4c5,45,#1A0D09
2d27327c1fce157ef4c5,3, #67010D
2d27327c1fce157ef4c5,8, #CCB38A
2d27327c1fce157ef4c5,0, #ED3C52
2d27327c1fce157ef4c5,12, #8D775C
2d27327c1fce157ef4c5,5, #F0E3B9
2d2b0ed8e0a5a1f73b9d,25, #D0C9A4
2d2b0ed8e0a5a1f73b9d,9, #B7AB82
2d2b0ed8e0a5a1f73b9d,15, #968F7A
2d2b0ed8e0a5a1f73b9d,4, #F6F6ED
2d2b0ed8e0a5a1f73b9d,2, #6D5F4C
2d2b0ed8e0a5a1f73b9d,40,#E3DFC6
2d2b0ed8e0a5a1f73b9d,2, #83735C
2d2cd8c0a3c34b10f722,10, #4C4839
2d2cd8c0a3c34b10f722,20, #6C6A5A
2d2cd8c0a3c34b10f722,22,#272218
2d2cd8c0a3c34b10f722,4, #DBD4B2
2d2cd8c0a3c34b10f722,5, #BAAD7D
2d2cd8c0a3c34b10f722,35, #99895E
2d43acd6cb00bbd20fd5,4,#F4EEE5
2d43acd6cb00bbd20fd5,41, #CFC4B8
2d43acd6cb00bbd20fd5,16, #6E6660
2d43acd6cb00bbd20fd5,7, #4E4845
2d43acd6cb00bbd20fd5,27, #9D948B
2d43acd6cb00bbd20fd5,2, #34302D
2d4ee8c3b1d396c78816,33,#B9B3A2
2d4ee8c3b1d396c78816,28, #968F81
2d4ee8c3b1d396c78816,0, #FBFBF7
2d4ee8c3b1d396c78816,2, #3D3530
2d4ee8c3b1d396c78816,10, #7A7267
2d4ee8c3b1d396c78816,14, #DEDBCE
2d4ee8c3b1d396c78816,9, #5D554E
2d5547e178757da59cfd,13, #29271F
2d5547e178757da59cfd,44, #4C4B42
2d5547e178757da59cfd,5,#6A685F
2d5547e178757da59cfd,6, #B8B6A8
2d5547e178757da59cfd,13, #8D8B80
2d5547e178757da59cfd,16, #E4E1D3
2d5ac8d73cca3a40814f,4, #D5D1C0
2d5ac8d73cca3a40814f,10, #948770
2d5ac8d73cca3a40814f,0,#FEFEF9
2d5ac8d73cca3a40814f,1, #786850
2d5ac8d73cca3a40814f,71, #C1B393
2d5ac8d73cca3a40814f,11, #EBE8DA
2d6de56a07205af2e595,16, #DBD5BE
2d6de56a07205af2e595,21, #8B8675
2d6de56a07205af2e595,29,#F7F3DE
2d6de56a07205af2e595,12, #59574A
2d6de56a07205af2e595,4, #36352F
2d6de56a07205af2e595,15, #BBB5A1
2d748bc75e924588e862,30, #DAD5C3
2d748bc75e924588e862,15, #726A58
2d748bc75e924588e862,5, #948A76
2d748bc75e924588e862,22, #3F3D34
2d748bc75e924588e862,26, #B6A991
2d748bc75e924588e862,0,#F5EFDB
2d80426167c816083baf,11, #A59D87
2d80426167c816083baf,1, #725747
2d80426167c816083baf,61,#E5DFC9
2d80426167c816083baf,11, #F8F7EF
2d80426167c816083baf,3, #857460
2d80426167c816083baf,1, #514739
2d80426167c816083baf,7, #CDC3A7
2d8700543546b0bde548,6, #231812
2d8700543546b0bde548,12,#F4F3EE
2d8700543546b0bde548,29, #C8BCA6
2d8700543546b0bde548,21, #4B372C
2d8700543546b0bde548,22, #938677
2d8700543546b0bde548,6, #6B584A
2d8b099a424964bf3976,56, #341D18
2d8b099a424964bf3976,19, #5E4841
2d8b099a424964bf3976,9, #816F67
2d8b099a424964bf3976,0, #C9C0B1
2d8b099a424964bf3976,8,#EDE6D5
2d8b099a424964bf3976,5, #A5988C
2d8b60255c8f144e629b,43, #D4D1C2
2d8b60255c8f144e629b,9, #6F6C61
2d8b60255c8f144e629b,16, #908D81
2d8b60255c8f144e629b,14, #B5AD99
2d8b60255c8f144e629b,13,#F8F7F2
2d8b60255c8f144e629b,2, #46433A
2d8f33118222805244c8,17, #725E38
2d8f33118222805244c8,64, #3A3524
2d8f33118222805244c8,4, #B18F5E
2d8f33118222805244c8,6,#BEAD75
2d8f33118222805244c8,4, #937F4A
2d8f33118222805244c8,1, #DDCF94
2d99df4bc4bbe21fa9a1,14, #A99E83
2d99df4bc4bbe21fa9a1,26, #8B7E67
2d99df4bc4bbe21fa9a1,2, #241712
2d99df4bc4bbe21fa9a1,29,#64594E
2d99df4bc4bbe21fa9a1,6, #F1F0E0
2d99df4bc4bbe21fa9a1,18, #473733
2d99df4bc4bbe21fa9a1,2, #CDC498
2d9d1b3f89386650b300,20, #D9D1B7
2d9d1b3f89386650b300,18, #96907A
2d9d1b3f89386650b300,13, #BAB29A
2d9d1b3f89386650b300,11, #454339
2d9d1b3f89386650b300,11, #726E5B
2d9d1b3f89386650b300,23,#F6EFD5
2da05853c48d67b0aca6,7, #FBF9F4
2da05853c48d67b0aca6,0, #454137
2da05853c48d67b0aca6,84,#E8E0CF
2da05853c48d67b0aca6,0, #6E6758
2da05853c48d67b0aca6,6, #C9C2B2
2da05853c48d67b0aca6,0, #AFA898
2da05853c48d67b0aca6,0, #958F7F
2da3e97b94d31d9fca3c,9, #E5DEC7
2da3e97b94d31d9fca3c,13,#9A9485
2da3e97b94d31d9fca3c,16, #5C594D
2da3e97b94d31d9fca3c,37, #BEB9A8
2da3e97b94d31d9fca3c,17, #7A7668
2da3e97b94d31d9fca3c,5, #3D3B32
2da75ffb61b0c4dd2576,0,#65675D
2da75ffb61b0c4dd2576,27, #211D12
2da75ffb61b0c4dd2576,5, #D3CBAE
2da75ffb61b0c4dd2576,24, #AD9966
2da75ffb61b0c4dd2576,9, #906F2C
2da75ffb61b0c4dd2576,31, #4D442A
2dae1e2e4dd131fc2b6c,29, #C3BEAD
2dae1e2e4dd131fc2b6c,2,#FBF9F6
2dae1e2e4dd131fc2b6c,17, #A19E90
2dae1e2e4dd131fc2b6c,8, #807F71
2dae1e2e4dd131fc2b6c,33, #E3DECD
2dae1e2e4dd131fc2b6c,8, #4E4F44
2dc290b55f2048b6cad0,74,#EAE2C9
2dc290b55f2048b6cad0,2, #ACA692
2dc290b55f2048b6cad0,5, #2D2C25
2dc290b55f2048b6cad0,5, #7C7768
2dc290b55f2048b6cad0,1, #CEC6AF
2dc290b55f2048b6cad0,9, #555246
2dc290b55f2048b6cad0,0, #FEFCE5
2dc518feb3bdbd30902e,7, #726863
2dc518feb3bdbd30902e,1, #39302B
2dc518feb3bdbd30902e,5, #D4CDBE
2dc518feb3bdbd30902e,34,#B3AA9D
2dc518feb3bdbd30902e,17, #F1EDDE
2dc518feb3bdbd30902e,28, #938A82
2dc518feb3bdbd30902e,4, #584E49
2dc663109c0b2135fc26,28, #56402B
2dc663109c0b2135fc26,6, #9DA19B
2dc663109c0b2135fc26,0,#A38A65
2dc663109c0b2135fc26,17, #796144
2dc663109c0b2135fc26,20, #7C817E
2dc663109c0b2135fc26,27, #1B170F
2dc69069267f83b57df7,1, #BBA76C
2dc69069267f83b57df7,17, #40140F
2dc69069267f83b57df7,7, #78622C
2dc69069267f83b57df7,2, #9C8645
2dc69069267f83b57df7,68,#160608
2dc69069267f83b57df7,2, #543C20
2dd1c941812006275be9,0,#57475F
2dd1c941812006275be9,32, #C2B697
2dd1c941812006275be9,2, #847C65
2dd1c941812006275be9,2, #A9996E
2dd1c941812006275be9,59, #EAE2D0
2dd1c941812006275be9,2, #796644
2dd2d832ee269b49f4cd,0, #C3BC85
2dd2d832ee269b49f4cd,4, #71532D
2dd2d832ee269b49f4cd,0, #A99C6E
2dd2d832ee269b49f4cd,0, #908356
2dd2d832ee269b49f4cd,35, #423E32
2dd2d832ee269b49f4cd,0, #89733A
2dd2d832ee269b49f4cd,59,#23211E
2dd5f73b8c00dda4aab4,3, #3A3932
2dd5f73b8c00dda4aab4,1, #7A776A
2dd5f73b8c00dda4aab4,3, #5E5C51
2dd5f73b8c00dda4aab4,6, #9B988A
2dd5f73b8c00dda4aab4,77,#EDE9D8
2dd5f73b8c00dda4aab4,7, #C3BEAE
2dd71da0c813ce427e4a,9, #838175
2dd71da0c813ce427e4a,18, #C3BFB3
2dd71da0c813ce427e4a,42, #F0EDE4
2dd71da0c813ce427e4a,8, #5F5E53
2dd71da0c813ce427e4a,5,#A4A095
2dd71da0c813ce427e4a,15, #393930
2dd93e520e1d6a91b4a0,13, #54524B
2dd93e520e1d6a91b4a0,19, #B3AFA1
2dd93e520e1d6a91b4a0,20, #827F75
2dd93e520e1d6a91b4a0,6,#F7F6E9
2dd93e520e1d6a91b4a0,37, #D7D3C3
2dd93e520e1d6a91b4a0,2, #32312B
2dde248ce400fd0d30df,3, #414039
2dde248ce400fd0d30df,31,#F7F4E8
2dde248ce400fd0d30df,16, #646257
2dde248ce400fd0d30df,38, #D5CFC0
2dde248ce400fd0d30df,1, #B4AFA2
2dde248ce400fd0d30df,9, #938F83
2de4d96d8fdf8982113a,6, #7E7B6B
2de4d96d8fdf8982113a,19, #4F4E44
2de4d96d8fdf8982113a,7, #9C9786
2de4d96d8fdf8982113a,16, #BCB7A3
2de4d96d8fdf8982113a,13,#F8F5E2
2de4d96d8fdf8982113a,36, #DFD9C3
2de6a2fa8fb2f48312b0,0, #C1BEAE
2de6a2fa8fb2f48312b0,35, #3B2F23
2de6a2fa8fb2f48312b0,1, #A99B7F
2de6a2fa8fb2f48312b0,58,#110F0C
2de6a2fa8fb2f48312b0,1, #94876F
2de6a2fa8fb2f48312b0,1, #7E6F58
2de6a2fa8fb2f48312b0,1, #5E4E3A
2deea3a9f2cb8d7d59d8,70, #F8F4EC
2deea3a9f2cb8d7d59d8,7, #918982
2deea3a9f2cb8d7d59d8,10, #DAD5CC
2deea3a9f2cb8d7d59d8,1,#BBB5AE
2deea3a9f2cb8d7d59d8,1, #413A35
2deea3a9f2cb8d7d59d8,7, #676059
2df1b99fc42031915511,6, #46423C
2df1b99fc42031915511,7, #A9A193
2df1b99fc42031915511,44,#EBE7D9
2df1b99fc42031915511,9, #837C6F
2df1b99fc42031915511,0, #FEFEF8
2df1b99fc42031915511,5, #625C52
2df1b99fc42031915511,25, #C7C0B2
2df91c6842dfac16f79b,4, #71695B
2df91c6842dfac16f79b,11, #B0A690
2df91c6842dfac16f79b,3, #9A8E77
2df91c6842dfac16f79b,33, #F7F5EA
2df91c6842dfac16f79b,41,#D2CAB5
2df91c6842dfac16f79b,4, #514434
2df91c6842dfac16f79b,0, #2D2317
2e06725e90d4a9abf349,1, #B2AEA1
2e06725e90d4a9abf349,0, #C7C4B8
2e06725e90d4a9abf349,4, #A09785
2e06725e90d4a9abf349,1, #7E7A6D
2e06725e90d4a9abf349,28, #635F51
2e06725e90d4a9abf349,14, #2B2017
2e06725e90d4a9abf349,49,#443B31
2e0a5393ef1b35ae823f,11, #969080
2e0a5393ef1b35ae823f,7,#E5DEC6
2e0a5393ef1b35ae823f,7, #635E51
2e0a5393ef1b35ae823f,15, #7B7567
2e0a5393ef1b35ae823f,54, #BAB4A2
2e0a5393ef1b35ae823f,3, #49463B
2e108c14e903f64e6bf2,17, #86776A
2e108c14e903f64e6bf2,41, #D3CBB5
2e108c14e903f64e6bf2,6, #57453C
2e108c14e903f64e6bf2,2, #382720
2e108c14e903f64e6bf2,7,#F3F0DD
2e108c14e903f64e6bf2,24, #B0A493
2e125c4b9065aa0ad841,3, #5D5B51
2e125c4b9065aa0ad841,1, #3E3D35
2e125c4b9065aa0ad841,6, #7A776A
2e125c4b9065aa0ad841,46, #C3BCA9
2e125c4b9065aa0ad841,33,#ECE3CE
2e125c4b9065aa0ad841,7, #A19B8B
2e1749f8c59aad3ea1ef,3, #C7B985
2e1749f8c59aad3ea1ef,56,#3C3524
2e1749f8c59aad3ea1ef,1, #EBE6C1
2e1749f8c59aad3ea1ef,7, #8F825C
2e1749f8c59aad3ea1ef,7, #DDD29C
2e1749f8c59aad3ea1ef,6, #AE9E6E
2e1749f8c59aad3ea1ef,17, #8C5A3C
2e1c3a0b146813fc9cf2,7, #967737
2e1c3a0b146813fc9cf2,8, #4C4828
2e1c3a0b146813fc9cf2,46,#392714
2e1c3a0b146813fc9cf2,6, #763421
2e1c3a0b146813fc9cf2,23, #6B5D2E
2e1c3a0b146813fc9cf2,2, #14130A
2e1c3a0b146813fc9cf2,5, #B79A56
2e1ec9d6b8393560acf1,13, #987A4E
2e1ec9d6b8393560acf1,21, #604B35
2e1ec9d6b8393560acf1,44,#34271C
2e1ec9d6b8393560acf1,10, #AB9C77
2e1ec9d6b8393560acf1,9, #756352
2e1ec9d6b8393560acf1,0, #B9B69C
2e22ea7406eb043d19cf,7, #615F56
2e22ea7406eb043d19cf,4, #949185
2e22ea7406eb043d19cf,66,#F2EDDA
2e22ea7406eb043d19cf,4, #B6AE9D
2e22ea7406eb043d19cf,6, #403F38
2e22ea7406eb043d19cf,3, #7A776C
2e22ea7406eb043d19cf,6, #D3CBB8
2e2c81e2b9eb3724f87e,34, #E3E2D4
2e2c81e2b9eb3724f87e,31, #6A6B63
2e2c81e2b9eb3724f87e,4, #BFBDAF
2e2c81e2b9eb3724f87e,0,#343732
2e2c81e2b9eb3724f87e,20, #939188
2e2c81e2b9eb3724f87e,9, #4E534A
2e2e4cee77e59a9e399c,2,#FCFBF5
2e2e4cee77e59a9e399c,1, #EDE8D6
2e2e4cee77e59a9e399c,33, #AAA593
2e2e4cee77e59a9e399c,52, #C4BBA3
2e2e4cee77e59a9e399c,4, #D9D1B6
2e2e4cee77e59a9e399c,6, #918E81
2e2f47232edda2adf19a,46,#272217
2e2f47232edda2adf19a,13, #AD933A
2e2f47232edda2adf19a,0, #E4DA9E
2e2f47232edda2adf19a,11, #816A2A
2e2f47232edda2adf19a,2, #D1BF76
2e2f47232edda2adf19a,25, #564828
2e30b1aa81f4f227ad54,0, #99988A
2e30b1aa81f4f227ad54,26, #201E19
2e30b1aa81f4f227ad54,59,#614034
2e30b1aa81f4f227ad54,2, #BD926A
2e30b1aa81f4f227ad54,1, #D6BF93
2e30b1aa81f4f227ad54,0, #987D55
2e30b1aa81f4f227ad54,9, #726550
2e31009d0472940b5806,13, #626056
2e31009d0472940b5806,10, #F2EEE1
2e31009d0472940b5806,24, #888579
2e31009d0472940b5806,13, #CFCABC
2e31009d0472940b5806,1, #2F2F2A
2e31009d0472940b5806,27,#ACA79B
2e31009d0472940b5806,8, #47453E
2e34b17fd75409382295,1, #B8A888
2e34b17fd75409382295,10, #585248
2e34b17fd75409382295,6, #F8F5EA
2e34b17fd75409382295,44,#756A56
2e34b17fd75409382295,0, #CBBFA0
2e34b17fd75409382295,35, #968B77
2e34b17fd75409382295,0, #E1DCCA
2e34fcdeb7e89c4e7e0e,11, #9D9684
2e34fcdeb7e89c4e7e0e,2, #615748
2e34fcdeb7e89c4e7e0e,62,#EEE9D8
2e34fcdeb7e89c4e7e0e,3, #837B69
2e34fcdeb7e89c4e7e0e,2, #3F3325
2e34fcdeb7e89c4e7e0e,16, #C7C0AE
2e34fcdeb7e89c4e7e0e,0, #18120A
2e39da75aae0d09ca6fb,13, #CDCEB9
2e39da75aae0d09ca6fb,3, #B0A994
2e39da75aae0d09ca6fb,69,#F4F2DE
2e39da75aae0d09ca6fb,1, #575249
2e39da75aae0d09ca6fb,5, #766C5D
2e39da75aae0d09ca6fb,1, #383832
2e39da75aae0d09ca6fb,5, #978D76
2e3b8b3012f7b5c93958,2, #5D5345
2e3b8b3012f7b5c93958,0, #FEFDF5
2e3b8b3012f7b5c93958,64,#DFD9C7
2e3b8b3012f7b5c93958,2, #3D3022
2e3b8b3012f7b5c93958,14, #BDB5A3
2e3b8b3012f7b5c93958,1, #1A130B
2e3b8b3012f7b5c93958,15, #8D826D
2e3d06a5fd93bc0e5013,16, #796B59
2e3d06a5fd93bc0e5013,22, #C5C2B8
2e3d06a5fd93bc0e5013,8, #8E8476
2e3d06a5fd93bc0e5013,30, #5E4B37
2e3d06a5fd93bc0e5013,15,#F4F1E1
2e3d06a5fd93bc0e5013,7, #A59E92
2e3db5278d7fc74cbd6f,50,#292212
2e3db5278d7fc74cbd6f,0, #A6905F
2e3db5278d7fc74cbd6f,35, #4A3D23
2e3db5278d7fc74cbd6f,12, #795E39
2e3db5278d7fc74cbd6f,1, #967E4E
2e3db5278d7fc74cbd6f,0, #BAA66C
2e3db5278d7fc74cbd6f,0, #C7BC82
2e435b943930b69535c5,5, #796240
2e435b943930b69535c5,65,#241B0F
2e435b943930b69535c5,2, #8C815C
2e435b943930b69535c5,22, #55442A
2e435b943930b69535c5,1, #E5D39E
2e435b943930b69535c5,2, #B9AA81
2e47ce613e6426734756,13, #CDCBC3
2e47ce613e6426734756,10, #85807E
2e47ce613e6426734756,21, #A6A39E
2e47ce613e6426734756,18, #696662
2e47ce613e6426734756,28,#F2F3E6
2e47ce613e6426734756,6, #41403C
2e49e9446169e917cc4d,38, #B2A271
2e49e9446169e917cc4d,1,#3C3605
2e49e9446169e917cc4d,5, #EFE3C7
2e49e9446169e917cc4d,25, #7F794E
2e49e9446169e917cc4d,12, #D6C398
2e49e9446169e917cc4d,16, #5F5B24
2e4c82c4c01a483f108e,23, #A3A19A
2e4c82c4c01a483f108e,51, #EAE6D7
2e4c82c4c01a483f108e,5, #87857F
2e4c82c4c01a483f108e,9, #5D5B57
2e4c82c4c01a483f108e,8, #C9C3B2
2e4c82c4c01a483f108e,0,#FEFEFE
2e55a67b2444a951174d,17, #58472A
2e55a67b2444a951174d,11, #211402
2e55a67b2444a951174d,21, #7E6543
2e55a67b2444a951174d,7, #9C895C
2e55a67b2444a951174d,7, #C1BA93
2e55a67b2444a951174d,3, #A9A077
2e55a67b2444a951174d,30,#3F2D0A
2e5d409a6367633fdabf,3, #46443E
2e5d409a6367633fdabf,12, #8E8A7E
2e5d409a6367633fdabf,4, #A7A295
2e5d409a6367633fdabf,17, #69665C
2e5d409a6367633fdabf,16, #CCC6B5
2e5d409a6367633fdabf,44,#F5F2E6
2e65b2a412f26217c86d,13, #B2AEA4
2e65b2a412f26217c86d,21, #5B5850
2e65b2a412f26217c86d,27,#EDE9DF
2e65b2a412f26217c86d,3, #3A3932
2e65b2a412f26217c86d,6, #CDC9C0
2e65b2a412f26217c86d,17, #7C796F
2e65b2a412f26217c86d,9, #959287
2e67967cbbadd0dbca5a,24, #A39374
2e67967cbbadd0dbca5a,0, #BF7749
2e67967cbbadd0dbca5a,23, #9B4C26
2e67967cbbadd0dbca5a,29, #3B2C20
2e67967cbbadd0dbca5a,7,#DFD4BC
2e67967cbbadd0dbca5a,13, #64624E
2e6a781114e3fa64ec4a,13, #4B4027
2e6a781114e3fa64ec4a,9, #8E947D
2e6a781114e3fa64ec4a,0, #8D6A35
2e6a781114e3fa64ec4a,45,#191911
2e6a781114e3fa64ec4a,10, #61634C
2e6a781114e3fa64ec4a,21, #C5C3AA
2e6b03e8ca3bda4e5e76,3,#18100B
2e6b03e8ca3bda4e5e76,0, #A19265
2e6b03e8ca3bda4e5e76,7, #665234
2e6b03e8ca3bda4e5e76,86, #423020
2e6b03e8ca3bda4e5e76,1, #897C55
2e6b03e8ca3bda4e5e76,1, #692E1B
2e6d7a68e1213ed2a05f,0, #F5EEC8
2e6d7a68e1213ed2a05f,19, #796852
2e6d7a68e1213ed2a05f,1, #1F1204
2e6d7a68e1213ed2a05f,23, #A08F78
2e6d7a68e1213ed2a05f,44,#353023
2e6d7a68e1213ed2a05f,5, #C4B693
2e6d7a68e1213ed2a05f,5, #564B35
2e7226a63354cb8e528e,14, #444239
2e7226a63354cb8e528e,23, #6E6A5D
2e7226a63354cb8e528e,15, #ADA698
2e7226a63354cb8e528e,6,#E7DECF
2e7226a63354cb8e528e,16, #C7BFB1
2e7226a63354cb8e528e,22, #908A7C
2e7329d6894c65bd94df,64,#3B301C
2e7329d6894c65bd94df,3, #9C8864
2e7329d6894c65bd94df,7, #876C45
2e7329d6894c65bd94df,19, #0A0908
2e7329d6894c65bd94df,4, #C1AF92
2e7329d6894c65bd94df,0, #E4D8BD
2e766b4cb4713cde92d5,56, #665C4F
2e766b4cb4713cde92d5,0,#FEFCF0
2e766b4cb4713cde92d5,0, #CBBEA6
2e766b4cb4713cde92d5,21, #938570
2e766b4cb4713cde92d5,16, #E3DDCD
2e766b4cb4713cde92d5,4, #B7A88C
2e7dde7a264705ebb3d9,16,#F5EBD5
2e7dde7a264705ebb3d9,24, #837E6F
2e7dde7a264705ebb3d9,29, #CFC7B2
2e7dde7a264705ebb3d9,14, #5D5A4E
2e7dde7a264705ebb3d9,2, #434137
2e7dde7a264705ebb3d9,12, #A8A290
2e84fd28650b5c4890ba,1, #4F4642
2e84fd28650b5c4890ba,22, #BAAD9B
2e84fd28650b5c4890ba,5,#F6F3EF
2e84fd28650b5c4890ba,59, #DCCFBE
2e84fd28650b5c4890ba,4, #72675F
2e84fd28650b5c4890ba,6, #948A7E
2e862087b5a801850dc4,11, #7D7B71
2e862087b5a801850dc4,20, #A29E93
2e862087b5a801850dc4,16,#DCD5C8
2e862087b5a801850dc4,17, #F6F0E3
2e862087b5a801850dc4,32, #C1BCB0
2e862087b5a801850dc4,0, #58574E
2e933987edbfc454ed77,3, #A49E94
2e933987edbfc454ed77,2, #201F19
2e933987edbfc454ed77,14, #6E665C
2e933987edbfc454ed77,66,#DAD4C3
2e933987edbfc454ed77,7, #4A4139
2e933987edbfc454ed77,4, #93886F
2e933987edbfc454ed77,1, #F8F6F3
2e9389def6ab3e248379,7, #A59473
2e9389def6ab3e248379,1, #D6CAA2
2e9389def6ab3e248379,8, #292721
2e9389def6ab3e248379,1, #C5B691
2e9389def6ab3e248379,15, #6E6249
2e9389def6ab3e248379,10, #7D7762
2e9389def6ab3e248379,54,#423F32
2e93b49ca46a5c9749ce,0,#E1E1DE
2e93b49ca46a5c9749ce,2, #C9C4A5
2e93b49ca46a5c9749ce,9, #AC9874
2e93b49ca46a5c9749ce,73, #1F1D14
2e93b49ca46a5c9749ce,3, #83704A
2e93b49ca46a5c9749ce,11, #524F38
2e959867c096f73aac8b,22, #B5AC98
2e959867c096f73aac8b,43, #CFC9B3
2e959867c096f73aac8b,14, #6C5B49
2e959867c096f73aac8b,8,#FAF9F5
2e959867c096f73aac8b,3, #E8E3D4
2e959867c096f73aac8b,8, #938877
2e973694270e9af1d1bc,8,#878071
2e973694270e9af1d1bc,15, #A8A191
2e973694270e9af1d1bc,25, #EDE5D3
2e973694270e9af1d1bc,23, #C9C1B2
2e973694270e9af1d1bc,11, #3D3930
2e973694270e9af1d1bc,15, #696256
2e9daf361eab7f840525,17,#F9F4E9
2e9daf361eab7f840525,9, #8F887E
2e9daf361eab7f840525,10, #736D64
2e9daf361eab7f840525,35, #D4CBBB
2e9daf361eab7f840525,22, #AAA396
2e9daf361eab7f840525,5, #494440
2ea118ab8edd5567a704,36,#F6F5EC
2ea118ab8edd5567a704,14, #D5D4C4
2ea118ab8edd5567a704,6, #626257
2ea118ab8edd5567a704,3, #909083
2ea118ab8edd5567a704,30, #474840
2ea118ab8edd5567a704,4, #B0AF9F
2ea118ab8edd5567a704,3, #78786B
2ea967576e9c7fc8299b,4, #88806D
2ea967576e9c7fc8299b,0, #635F50
2ea967576e9c7fc8299b,12, #E5DDC6
2ea967576e9c7fc8299b,0, #413D32
2ea967576e9c7fc8299b,66,#F0EDE0
2ea967576e9c7fc8299b,12, #C4BBA6
2ea967576e9c7fc8299b,3, #AAA28F
2eac6c4ae91a6edaca49,20, #26221D
2eac6c4ae91a6edaca49,14, #F1F2F3
2eac6c4ae91a6edaca49,0, #F0DEA4
2eac6c4ae91a6edaca49,12, #958A79
2eac6c4ae91a6edaca49,0, #CECED0
2eac6c4ae91a6edaca49,50,#6A5E4C
2eac6c4ae91a6edaca49,2, #BEAF96
2eaf01c9c6908758fa21,8, #B8B59F
2eaf01c9c6908758fa21,11, #797767
2eaf01c9c6908758fa21,5, #3A3930
2eaf01c9c6908758fa21,20, #F8F7E9
2eaf01c9c6908758fa21,9, #989683
2eaf01c9c6908758fa21,15, #5B5A4D
2eaf01c9c6908758fa21,29,#D7D2BB
2eb5742d99895715890e,22, #C0B9A2
2eb5742d99895715890e,5, #52392F
2eb5742d99895715890e,52, #D9D5C2
2eb5742d99895715890e,6, #7F6D77
2eb5742d99895715890e,5,#F8F8F6
2eb5742d99895715890e,8, #A49988
2ec25b70bfd7904036b8,21, #DBDCB2
2ec25b70bfd7904036b8,32, #5E4A33
2ec25b70bfd7904036b8,10,#2C281B
2ec25b70bfd7904036b8,9, #C0B985
2ec25b70bfd7904036b8,10, #A69868
2ec25b70bfd7904036b8,15, #956C48
2ec948cfb548b44821c8,1, #603720
2ec948cfb548b44821c8,11, #755844
2ec948cfb548b44821c8,17, #8C7D74
2ec948cfb548b44821c8,49, #D6CDC1
2ec948cfb548b44821c8,0,#FDF4EA
2ec948cfb548b44821c8,18, #ADA197
2ec978b68d233664eac5,10, #696153
2ec978b68d233664eac5,15, #888272
2ec978b68d233664eac5,5, #302B24
2ec978b68d233664eac5,2, #C8C4B0
2ec978b68d233664eac5,48,#ACA591
2ec978b68d233664eac5,7, #EDEBDE
2ec978b68d233664eac5,9, #4D453A
2eceafff3fac736fc99c,3, #C4B094
2eceafff3fac736fc99c,7, #A0876A
2eceafff3fac736fc99c,2, #4F483F
2eceafff3fac736fc99c,75,#E9E0D3
2eceafff3fac736fc99c,0, #A76C4A
2eceafff3fac736fc99c,7, #796651
2eceafff3fac736fc99c,1, #D6C9B5
2ee65a07b03d3142ca0c,2, #766E4E
2ee65a07b03d3142ca0c,3, #B3A88B
2ee65a07b03d3142ca0c,2, #908769
2ee65a07b03d3142ca0c,27, #373322
2ee65a07b03d3142ca0c,4, #625838
2ee65a07b03d3142ca0c,58,#0D0D0C
2ee65a07b03d3142ca0c,1, #CCC2A7
2ef1a236edd36fdfc7c6,22, #211F19
2ef1a236edd36fdfc7c6,7, #090A08
2ef1a236edd36fdfc7c6,11, #A0A08A
2ef1a236edd36fdfc7c6,11, #8E8960
2ef1a236edd36fdfc7c6,36,#3C392B
2ef1a236edd36fdfc7c6,9, #6F6944
2ef4a51c328342fbfd9b,28,#242115
2ef4a51c328342fbfd9b,7, #E3DFB1
2ef4a51c328342fbfd9b,23, #C9C6A0
2ef4a51c328342fbfd9b,20, #A5A68C
2ef4a51c328342fbfd9b,3, #827F5A
2ef4a51c328342fbfd9b,4, #635F43
2ef4a51c328342fbfd9b,13, #4D4930
2f02e78d633140559b2b,0, #B2AD77
2f02e78d633140559b2b,6, #7E6126
2f02e78d633140559b2b,2, #A3894B
2f02e78d633140559b2b,43,#252111
2f02e78d633140559b2b,41, #4E4825
2f02e78d633140559b2b,5, #696F49
2f12aa2c3593d8f08b5c,5, #B1B0AB
2f12aa2c3593d8f08b5c,15, #63615E
2f12aa2c3593d8f08b5c,3, #FAF8F3
2f12aa2c3593d8f08b5c,12, #918F8B
2f12aa2c3593d8f08b5c,14, #DAD6CE
2f12aa2c3593d8f08b5c,22, #25201D
2f12aa2c3593d8f08b5c,25,#3E3A38
2f132cc0ed95c65910ee,11, #BAB097
2f132cc0ed95c65910ee,0,#F9F6E4
2f132cc0ed95c65910ee,36, #624B39
2f132cc0ed95c65910ee,34, #E0D7BD
2f132cc0ed95c65910ee,6, #A0917C
2f132cc0ed95c65910ee,10, #88755F
2f13f9bf13e9c99ee439,6, #51473D
2f13f9bf13e9c99ee439,36,#A8A093
2f13f9bf13e9c99ee439,25, #867D75
2f13f9bf13e9c99ee439,3, #EFEEEC
2f13f9bf13e9c99ee439,13, #C7C1B3
2f13f9bf13e9c99ee439,11, #6C6258
2f13f9bf13e9c99ee439,2, #2D2016
2f1d9768c79781d2850c,36, #D1CDC3
2f1d9768c79781d2850c,17,#EFECE0
2f1d9768c79781d2850c,8, #62615E
2f1d9768c79781d2850c,3, #3B3A38
2f1d9768c79781d2850c,11, #84827E
2f1d9768c79781d2850c,22, #AEABA5
2f261f8b2e72525206ab,3, #B6AD97
2f261f8b2e72525206ab,54, #4A5555
2f261f8b2e72525206ab,5, #998F77
2f261f8b2e72525206ab,3,#657F8A
2f261f8b2e72525206ab,14, #7A755E
2f261f8b2e72525206ab,18, #192935
2f27c0ce1810ab9e4451,24, #BBB7AB
2f27c0ce1810ab9e4451,26,#8F8C82
2f27c0ce1810ab9e4451,17, #E2DFD2
2f27c0ce1810ab9e4451,1, #302F29
2f27c0ce1810ab9e4451,1, #FDFCF6
2f27c0ce1810ab9e4451,8, #4C4A42
2f27c0ce1810ab9e4451,19, #67645C
2f2e2d12c2e84c97291a,10, #A7A091
2f2e2d12c2e84c97291a,10, #877A69
2f2e2d12c2e84c97291a,19, #DFDED5
2f2e2d12c2e84c97291a,2, #F8F9F6
2f2e2d12c2e84c97291a,5, #422C1F
2f2e2d12c2e84c97291a,7, #655343
2f2e2d12c2e84c97291a,44,#C3BFB1
2f2f04da3a7772cc0c9e,38,#474236
2f2f04da3a7772cc0c9e,9, #847758
2f2f04da3a7772cc0c9e,26, #655B44
2f2f04da3a7772cc0c9e,1, #B8AD8E
2f2f04da3a7772cc0c9e,18, #2A2216
2f2f04da3a7772cc0c9e,0, #D1C7A6
2f2f04da3a7772cc0c9e,5, #958D74
2f34b27846f7010e9f12,19, #D2C5A9
2f34b27846f7010e9f12,74,#EEE3CC
2f34b27846f7010e9f12,0, #5F594C
2f34b27846f7010e9f12,1, #7D7566
2f34b27846f7010e9f12,0, #413D34
2f34b27846f7010e9f12,3, #AA9F8B
2f3bae41edca84e6f39d,0, #847F5C
2f3bae41edca84e6f39d,10, #0D0601
2f3bae41edca84e6f39d,26, #595A44
2f3bae41edca84e6f39d,44,#4E4121
2f3bae41edca84e6f39d,0, #6F6D4E
2f3bae41edca84e6f39d,18, #3A1406
2f3bae41edca84e6f39d,0, #C0B78A
2f3bbe0e55ae581a929f,5, #4C4A41
2f3bbe0e55ae581a929f,4,#A39E92
2f3bbe0e55ae581a929f,5, #888478
2f3bbe0e55ae581a929f,56, #F3F0DC
2f3bbe0e55ae581a929f,6, #6E6B60
2f3bbe0e55ae581a929f,21, #D0CBBB
2f4aad08fa84444f7069,9, #626159
2f4aad08fa84444f7069,5,#FAF8EC
2f4aad08fa84444f7069,51, #DCD8CC
2f4aad08fa84444f7069,8, #BBB8AD
2f4aad08fa84444f7069,4, #393833
2f4aad08fa84444f7069,20, #8F8E84
2f58ca8a399337e3d6c5,3, #A18D5B
2f58ca8a399337e3d6c5,60,#3E362D
2f58ca8a399337e3d6c5,12, #1A1D22
2f58ca8a399337e3d6c5,0, #E5D495
2f58ca8a399337e3d6c5,5, #7F704D
2f58ca8a399337e3d6c5,1, #C7AA62
2f58ca8a399337e3d6c5,15, #65563D
2f5c153027e56e671d85,3, #5D4E2A
2f5c153027e56e671d85,4, #B5A169
2f5c153027e56e671d85,7,#6E6036
2f5c153027e56e671d85,13, #1B1B13
2f5c153027e56e671d85,12, #8E7A47
2f5c153027e56e671d85,58, #3D331E
2f71b11fa214b06f4b34,30, #5B5239
2f71b11fa214b06f4b34,4, #798069
2f71b11fa214b06f4b34,4, #AA955F
2f71b11fa214b06f4b34,9, #8B7343
2f71b11fa214b06f4b34,9, #1B170D
2f71b11fa214b06f4b34,0, #354543
2f71b11fa214b06f4b34,41,#442D1E
2f7bc050698055c6c424,15, #C2BAA8
2f7bc050698055c6c424,42, #E2DAC7
2f7bc050698055c6c424,8,#FAF8EC
2f7bc050698055c6c424,2, #31302A
2f7bc050698055c6c424,13, #5B584D
2f7bc050698055c6c424,18, #928C7C
2f7e3cf550c830c8a94a,23, #C0BBA9
2f7e3cf550c830c8a94a,6, #817C6C
2f7e3cf550c830c8a94a,0, #484334
2f7e3cf550c830c8a94a,28, #E3DECC
2f7e3cf550c830c8a94a,7, #A09B8A
2f7e3cf550c830c8a94a,33,#F8F4E5
2f7e3cf550c830c8a94a,0, #5D5847
2f8761886bc0b4eeec32,31, #8E8C82
2f8761886bc0b4eeec32,5, #D6D3C7
2f8761886bc0b4eeec32,8, #434139
2f8761886bc0b4eeec32,17, #656359
2f8761886bc0b4eeec32,9, #B6B3A9
2f8761886bc0b4eeec32,28,#F3F1EA
2f87fbe9ce8294ad4aa8,2, #B9B69E
2f87fbe9ce8294ad4aa8,28, #A09D86
2f87fbe9ce8294ad4aa8,47, #88846E
2f87fbe9ce8294ad4aa8,4, #615C4A
2f87fbe9ce8294ad4aa8,17, #77725F
2f87fbe9ce8294ad4aa8,0,#474438
2f8d59880120ee9249db,37, #BBB6A9
2f8d59880120ee9249db,8, #725F53
2f8d59880120ee9249db,12, #978C83
2f8d59880120ee9249db,6, #4A3227
2f8d59880120ee9249db,27, #D3D1C7
2f8d59880120ee9249db,6,#F2F2EF
2f93e981264b1f8de31b,18, #968562
2f93e981264b1f8de31b,33, #CDC6A9
2f93e981264b1f8de31b,31, #B6A883
2f93e981264b1f8de31b,10, #716246
2f93e981264b1f8de31b,0,#3B2F1B
2f93e981264b1f8de31b,6, #DDD8BE
2f9d5431df1e92e51587,5, #696B64
2f9d5431df1e92e51587,4, #8D8E88
2f9d5431df1e92e51587,15, #E5E5D9
2f9d5431df1e92e51587,7, #3B3D37
2f9d5431df1e92e51587,62, #151511
2f9d5431df1e92e51587,5,#B1B3AE
2fa62f0853e96164b770,10, #3A372E
2fa62f0853e96164b770,21,#514B3A
2fa62f0853e96164b770,10, #8D856A
2fa62f0853e96164b770,5, #AEA58A
2fa62f0853e96164b770,14, #BFBCA9
2fa62f0853e96164b770,19, #E3D7B9
2fa62f0853e96164b770,18, #69634A
2fae9aece7efe000a156,33, #BEB397
2fae9aece7efe000a156,24, #B19E82
2fae9aece7efe000a156,6, #958675
2fae9aece7efe000a156,0,#F6F1DF
2fae9aece7efe000a156,14, #E0DAC9
2fae9aece7efe000a156,19, #CFC6AF
2fb520889ee162b61646,27, #251B10
2fb520889ee162b61646,0,#4F4638
2fb520889ee162b61646,9, #846E3E
2fb520889ee162b61646,26, #69562B
2fb520889ee162b61646,32, #4B371D
2fb520889ee162b61646,4, #968456
2fb544a672ab0f008fa8,14, #B6B2A3
2fb544a672ab0f008fa8,3, #504E40
2fb544a672ab0f008fa8,2, #FCF7E7
2fb544a672ab0f008fa8,8, #727060
2fb544a672ab0f008fa8,0, #373427
2fb544a672ab0f008fa8,60,#DAD4C4
2fb544a672ab0f008fa8,9, #989686
2fba4e47ef88c811942d,8, #636255
2fba4e47ef88c811942d,6,#292722
2fba4e47ef88c811942d,42, #484134
2fba4e47ef88c811942d,25, #B4A88B
2fba4e47ef88c811942d,10, #85714B
2fba4e47ef88c811942d,5, #91866B
2fc475383c3c17449337,10, #898474
2fc475383c3c17449337,10, #C5BFA7
2fc475383c3c17449337,19, #42423C
2fc475383c3c17449337,0, #FEFDEA
2fc475383c3c17449337,8, #ABA690
2fc475383c3c17449337,15, #67655A
2fc475383c3c17449337,35,#E1DEC8
2fc91083f32e21e2e1c9,2, #2B2A21
2fc91083f32e21e2e1c9,34,#F8F6ED
2fc91083f32e21e2e1c9,28, #848171
2fc91083f32e21e2e1c9,11, #B9B4A5
2fc91083f32e21e2e1c9,6, #504F42
2fc91083f32e21e2e1c9,16, #DAD5C5
2fdb19f8e00e6cfb6e3a,5, #B5B4AD
2fdb19f8e00e6cfb6e3a,16, #66605E
2fdb19f8e00e6cfb6e3a,2, #838685
2fdb19f8e00e6cfb6e3a,0, #DBE4F0
2fdb19f8e00e6cfb6e3a,58,#171918
2fdb19f8e00e6cfb6e3a,0, #633229
2fdb19f8e00e6cfb6e3a,15, #3C4148
2fe227ad74d583e0ec37,20, #5D5850
2fe227ad74d583e0ec37,4, #393630
2fe227ad74d583e0ec37,15,#817B70
2fe227ad74d583e0ec37,17, #F0EBE0
2fe227ad74d583e0ec37,25, #C0B9AA
2fe227ad74d583e0ec37,17, #9F998D
2fe52e024a042d74e463,3, #CCB97A
2fe52e024a042d74e463,7, #5D4B26
2fe52e024a042d74e463,31, #383D32
2fe52e024a042d74e463,3, #A1905A
2fe52e024a042d74e463,3, #786436
2fe52e024a042d74e463,51,#141310
2fec06f3a0de6459a49d,0, #DDD4AF
2fec06f3a0de6459a49d,0, #989478
2fec06f3a0de6459a49d,7, #77614A
2fec06f3a0de6459a49d,0, #F0E9D4
2fec06f3a0de6459a49d,0, #BEB899
2fec06f3a0de6459a49d,39, #3C331D
2fec06f3a0de6459a49d,51,#1C170B
2ff19fabdd1bd34daf9c,3,#CAC0A9
2ff19fabdd1bd34daf9c,5, #776E63
2ff19fabdd1bd34daf9c,82, #D5D1C2
2ff19fabdd1bd34daf9c,4, #B1A897
2ff19fabdd1bd34daf9c,1, #5E574E
2ff19fabdd1bd34daf9c,3, #958877
2ff1c17f4c609b9f2077,6, #9A7B63
2ff1c17f4c609b9f2077,16, #F2EBDA
2ff1c17f4c609b9f2077,8, #BBB4A4
2ff1c17f4c609b9f2077,1, #504843
2ff1c17f4c609b9f2077,3, #73675B
2ff1c17f4c609b9f2077,8, #AC9B86
2ff1c17f4c609b9f2077,55,#D3CDBD
2ff30bd8e1f1fa02fbaa,11, #444342
2ff30bd8e1f1fa02fbaa,22, #A9A8AB
2ff30bd8e1f1fa02fbaa,9, #201F1E
2ff30bd8e1f1fa02fbaa,8,#D2D0D3
2ff30bd8e1f1fa02fbaa,26, #F4F2F2
2ff30bd8e1f1fa02fbaa,20, #747372
2ff465b3728db0273916,23,#979185
2ff465b3728db0273916,14, #B9B1A4
2ff465b3728db0273916,1, #F5ECD9
2ff465b3728db0273916,14, #D5CDBD
2ff465b3728db0273916,14, #36342E
2ff465b3728db0273916,22, #545047
2ff465b3728db0273916,9, #767066
2ff5c25a12e938f3d30d,27,#5B594E
2ff5c25a12e938f3d30d,5, #7D786A
2ff5c25a12e938f3d30d,4, #938E7E
2ff5c25a12e938f3d30d,1, #ACA38F
2ff5c25a12e938f3d30d,38, #3A352A
2ff5c25a12e938f3d30d,22, #1B1B17
2ff5d9eaaa6fce1bfbba,12, #706953
2ff5d9eaaa6fce1bfbba,8, #070707
2ff5d9eaaa6fce1bfbba,0, #8C7131
2ff5d9eaaa6fce1bfbba,6, #968762
2ff5d9eaaa6fce1bfbba,66,#52351E
2ff5d9eaaa6fce1bfbba,0, #D7D2B6
2ff5d9eaaa6fce1bfbba,4, #BEB28E
300cb22171c49078a9fe,43,#5C452A
300cb22171c49078a9fe,3, #9F926F
300cb22171c49078a9fe,16, #0B0904
300cb22171c49078a9fe,1, #C7B68D
300cb22171c49078a9fe,12, #976740
300cb22171c49078a9fe,7, #69634D
300cb22171c49078a9fe,15, #2F2815
300fa64c94e0ff7309b9,0, #6F6860
300fa64c94e0ff7309b9,0,#524B45
300fa64c94e0ff7309b9,0, #ACA498
300fa64c94e0ff7309b9,3, #CAC1B2
300fa64c94e0ff7309b9,94, #EFE7D6
300fa64c94e0ff7309b9,1, #8D867D
3010a2372cc4cbeb2e86,6, #949187
3010a2372cc4cbeb2e86,48, #E3DBCB
3010a2372cc4cbeb2e86,19, #76736A
3010a2372cc4cbeb2e86,20, #4D4B46
3010a2372cc4cbeb2e86,0,#FEFEFE
3010a2372cc4cbeb2e86,4, #B7AFA1
30163e4c3d3f0aa07437,2, #595447
30163e4c3d3f0aa07437,50,#DFD8C1
30163e4c3d3f0aa07437,5, #736D5D
30163e4c3d3f0aa07437,14, #96907E
30163e4c3d3f0aa07437,12, #F7F4DE
30163e4c3d3f0aa07437,13, #BDB6A2
30163e4c3d3f0aa07437,0, #3F3C33
301fd6c05ce19fc0d547,9, #3C3A32
301fd6c05ce19fc0d547,12, #F5F2E6
301fd6c05ce19fc0d547,72, #DFD4B7
301fd6c05ce19fc0d547,1, #AC9781
301fd6c05ce19fc0d547,1,#C4B497
301fd6c05ce19fc0d547,2, #7C6252
302d4de520adbca2bf20,12, #787877
302d4de520adbca2bf20,38,#1A1B17
302d4de520adbca2bf20,11, #555454
302d4de520adbca2bf20,6, #B7B7B7
302d4de520adbca2bf20,16, #373735
302d4de520adbca2bf20,9, #EBECEC
302d4de520adbca2bf20,4, #9B9B9B
302e8d2c3d17ab71ac24,2, #5E5850
302e8d2c3d17ab71ac24,1,#787167
302e8d2c3d17ab71ac24,33, #C4BCAA
302e8d2c3d17ab71ac24,55, #EFE7D6
302e8d2c3d17ab71ac24,1, #302C28
302e8d2c3d17ab71ac24,4, #968F82
30324fd2906719a1aece,11, #74665B
30324fd2906719a1aece,12, #B8A796
30324fd2906719a1aece,3, #59483B
30324fd2906719a1aece,0, #A7624D
30324fd2906719a1aece,32,#DAD0BE
30324fd2906719a1aece,31, #F6F2E7
30324fd2906719a1aece,8, #A1816D
3032d9b68b3f34692751,11, #68655A
3032d9b68b3f34692751,32,#E5E2D4
3032d9b68b3f34692751,0, #FEFEFD
3032d9b68b3f34692751,28, #A39984
3032d9b68b3f34692751,14, #CAC4B4
3032d9b68b3f34692751,7, #7E7A6D
3032d9b68b3f34692751,4, #47453E
303566d6c930a707f329,21,#C0B9B2
303566d6c930a707f329,9, #7D716D
303566d6c930a707f329,21, #5E4E4A
303566d6c930a707f329,25, #322320
303566d6c930a707f329,13, #988E89
303566d6c930a707f329,8, #F0EDE4
3039ef81a64b8e1430ca,42, #1F180D
3039ef81a64b8e1430ca,9, #A18C5F
3039ef81a64b8e1430ca,1, #C0AE7E
3039ef81a64b8e1430ca,0,#CEC5A5
3039ef81a64b8e1430ca,26, #564325
3039ef81a64b8e1430ca,20, #846E44
303c8ed066c4543d4cbc,11, #817D5A
303c8ed066c4543d4cbc,5,#AB955F
303c8ed066c4543d4cbc,11, #18160F
303c8ed066c4543d4cbc,0, #C0B485
303c8ed066c4543d4cbc,46, #423422
303c8ed066c4543d4cbc,24, #70572D
30464b71d5322b9eaf19,10, #423726
30464b71d5322b9eaf19,3,#F1EEDF
30464b71d5322b9eaf19,18, #8D8367
30464b71d5322b9eaf19,14, #ADA27E
30464b71d5322b9eaf19,10, #70664A
30464b71d5322b9eaf19,42, #D2CBA4
3046920f46f141805db5,3,#CAC9C5
3046920f46f141805db5,7, #887D64
3046920f46f141805db5,45, #261916
3046920f46f141805db5,21, #413329
3046920f46f141805db5,10, #615544
3046920f46f141805db5,12, #A19C85
3058c57bcb2657b598a8,3, #B6AF99
3058c57bcb2657b598a8,15, #D0C7AF
3058c57bcb2657b598a8,58,#F3F0E2
3058c57bcb2657b598a8,8, #9E9784
3058c57bcb2657b598a8,5, #574F3B
3058c57bcb2657b598a8,1, #363020
3058c57bcb2657b598a8,6, #7C735D
305fbef5f29116f4729c,4, #8D8672
305fbef5f29116f4729c,9, #B7AE98
305fbef5f29116f4729c,65,#F6F3E7
305fbef5f29116f4729c,3, #786D56
305fbef5f29116f4729c,14, #DCD5C0
305fbef5f29116f4729c,0, #292824
305fbef5f29116f4729c,2, #4E4C43
306029b3afa0dfbe3fe6,2, #B1B39E
306029b3afa0dfbe3fe6,0, #2B2E1B
306029b3afa0dfbe3fe6,7,#020200
306029b3afa0dfbe3fe6,61, #73765C
306029b3afa0dfbe3fe6,15, #525639
306029b3afa0dfbe3fe6,12, #959A86
30730b941b7562f54382,44,#5A3922
30730b941b7562f54382,3, #A59E8A
30730b941b7562f54382,5, #86755A
30730b941b7562f54382,20, #78553A
30730b941b7562f54382,0, #283550
30730b941b7562f54382,2, #C5BFAB
30730b941b7562f54382,22, #221B14
307570f359ad1945784f,12, #847E76
307570f359ad1945784f,16, #F2EDE1
307570f359ad1945784f,7, #625E58
307570f359ad1945784f,17, #4C4844
307570f359ad1945784f,1, #34312C
307570f359ad1945784f,37,#D2CABD
307570f359ad1945784f,7, #ADA69E
3094f75eec7dbac351d4,9, #918E7E
3094f75eec7dbac351d4,63, #3E3C33
3094f75eec7dbac351d4,4,#E1DCC8
3094f75eec7dbac351d4,14, #676557
3094f75eec7dbac351d4,7, #FBFAF6
3094f75eec7dbac351d4,1, #BDB7A1
309971a6e873103f6e1f,0, #EFEDE0
309971a6e873103f6e1f,22, #E1DCC8
309971a6e873103f6e1f,34, #CFC9B3
309971a6e873103f6e1f,27, #B2AC9A
309971a6e873103f6e1f,3, #918E83
309971a6e873103f6e1f,11,#FBFAF6
309e11c395312b82e770,13, #776F66
309e11c395312b82e770,42, #D5CCBD
309e11c395312b82e770,4,#F9F6EC
309e11c395312b82e770,24, #9C9488
309e11c395312b82e770,12, #55504A
309e11c395312b82e770,2, #363330
30a32fd0d9711f1237f3,22, #2A2420
30a32fd0d9711f1237f3,13, #F0EBD1
30a32fd0d9711f1237f3,2, #CEC4A3
30a32fd0d9711f1237f3,38,#534136
30a32fd0d9711f1237f3,9, #746C6B
30a32fd0d9711f1237f3,2, #110A09
30a32fd0d9711f1237f3,11, #A59371
30a55bc7b7c0b357bf19,32, #B8AFA0
30a55bc7b7c0b357bf19,1, #3A3533
30a55bc7b7c0b357bf19,4, #645D56
30a55bc7b7c0b357bf19,8,#F6EDD7
30a55bc7b7c0b357bf19,36, #D8CFBB
30a55bc7b7c0b357bf19,16, #90887D
30ad508990320e122738,16, #756B59
30ad508990320e122738,24, #D3CDB4
30ad508990320e122738,19, #BBB59B
30ad508990320e122738,21, #3D3229
30ad508990320e122738,10,#EBE5CF
30ad508990320e122738,7, #9F9782
30afc0212e0970cd5559,13, #5B5951
30afc0212e0970cd5559,9,#F2ECD9
30afc0212e0970cd5559,9, #D3CDBB
30afc0212e0970cd5559,36, #33332E
30afc0212e0970cd5559,14, #A29E90
30afc0212e0970cd5559,16, #787469
30bf8513b49d27c86516,1, #43413E
30bf8513b49d27c86516,1, #726D69
30bf8513b49d27c86516,9, #CCC6BE
30bf8513b49d27c86516,84,#F6F3EE
30bf8513b49d27c86516,1, #AAA6A1
30bf8513b49d27c86516,1, #928D89
30c21104b2e11b814dcd,22, #42423A
30c21104b2e11b814dcd,14, #ABA795
30c21104b2e11b814dcd,17, #F1EFDD
30c21104b2e11b814dcd,12, #666459
30c21104b2e11b814dcd,17,#D0CBB3
30c21104b2e11b814dcd,16, #817F6F
30c3e424f3d273820f63,20, #EFEFED
30c3e424f3d273820f63,24,#CCC8BB
30c3e424f3d273820f63,14, #9A978D
30c3e424f3d273820f63,15, #626259
30c3e424f3d273820f63,22, #30312F
30c3e424f3d273820f63,2, #161613
30c6d8340f85e9db7658,15,#191A14
30c6d8340f85e9db7658,26, #776C3B
30c6d8340f85e9db7658,0, #EDE8C7
30c6d8340f85e9db7658,18, #9D936C
30c6d8340f85e9db7658,8, #C9C19D
30c6d8340f85e9db7658,30, #454942
30d90fd392bf48c35e37,7, #C2BCA5
30d90fd392bf48c35e37,7, #8D8575
30d90fd392bf48c35e37,56,#E0DBC7
30d90fd392bf48c35e37,5, #615F54
30d90fd392bf48c35e37,9, #312A22
30d90fd392bf48c35e37,8, #F9F7EE
30d90fd392bf48c35e37,4, #AFA48B
30db1a689e541a90d87f,8, #656250
30db1a689e541a90d87f,9, #8B8672
30db1a689e541a90d87f,1, #403D2F
30db1a689e541a90d87f,14, #BBB39C
30db1a689e541a90d87f,62, #E1D9C0
30db1a689e541a90d87f,3,#FBF6DC
30df5b7c3dd7b38cde83,10, #7D796A
30df5b7c3dd7b38cde83,10, #B6B2A2
30df5b7c3dd7b38cde83,44,#EDEADC
30df5b7c3dd7b38cde83,8, #9C9788
30df5b7c3dd7b38cde83,4, #525146
30df5b7c3dd7b38cde83,20, #D5D0BF
30df5b7c3dd7b38cde83,1, #FEFEF9
30e21758523202f2c445,9, #9F9787
30e21758523202f2c445,14, #776F5E
30e21758523202f2c445,33, #F5F1E6
30e21758523202f2c445,3, #494439
30e21758523202f2c445,30,#DECCAC
30e21758523202f2c445,8, #C0B197
30e282ce7fa5c29d86ae,67, #C5BDAF
30e282ce7fa5c29d86ae,7, #6B665B
30e282ce7fa5c29d86ae,0, #343027
30e282ce7fa5c29d86ae,13,#928C81
30e282ce7fa5c29d86ae,8, #F3ECDF
30e282ce7fa5c29d86ae,2, #4D493F
30e3ae625f174428bf0b,7,#F0EDE1
30e3ae625f174428bf0b,1, #AD7D4E
30e3ae625f174428bf0b,50, #3A3933
30e3ae625f174428bf0b,2, #C9CDC4
30e3ae625f174428bf0b,12, #A9A17A
30e3ae625f174428bf0b,26, #6E6250
30e71c3639488db1473d,6, #0F110F
30e71c3639488db1473d,25, #363922
30e71c3639488db1473d,21, #B3A990
30e71c3639488db1473d,1, #6B7364
30e71c3639488db1473d,3, #B1BEC8
30e71c3639488db1473d,39,#6D6D38
30e71c3639488db1473d,0, #B3A02F
30f8ef090ddf7022c3d0,2, #7D7569
30f8ef090ddf7022c3d0,3, #605A51
30f8ef090ddf7022c3d0,1, #C1B9AC
30f8ef090ddf7022c3d0,2, #A39B8D
30f8ef090ddf7022c3d0,1, #4A4640
30f8ef090ddf7022c3d0,89,#DED5CB
30fcd2a3447b79874340,30,#202021
30fcd2a3447b79874340,1, #486791
30fcd2a3447b79874340,1, #C2C9D5
30fcd2a3447b79874340,8, #97906B
30fcd2a3447b79874340,57, #534D49
30fcd2a3447b79874340,1, #9099AA
310102de5bd61b4ff4e3,8,#F2EAD3
310102de5bd61b4ff4e3,32, #A79E8A
310102de5bd61b4ff4e3,4, #3D3A31
310102de5bd61b4ff4e3,25, #D1C9B1
310102de5bd61b4ff4e3,12, #7C7462
310102de5bd61b4ff4e3,16, #5F584B
310400a63be04c1cb5c2,6, #615E55
310400a63be04c1cb5c2,15, #B6B4A9
310400a63be04c1cb5c2,12, #969793
310400a63be04c1cb5c2,26,#787A74
310400a63be04c1cb5c2,18, #4C473E
310400a63be04c1cb5c2,15, #272D2B
310400a63be04c1cb5c2,4, #DDE5E5
3109c335428b57b08af5,3, #363032
3109c335428b57b08af5,26, #C3C4C4
3109c335428b57b08af5,18, #756D6A
3109c335428b57b08af5,13, #948C84
3109c335428b57b08af5,32,#A09FA6
3109c335428b57b08af5,0, #17181E
3109c335428b57b08af5,5, #554E4C
311255027b4c7d007a82,13, #B3AB9D
311255027b4c7d007a82,19, #695B50
311255027b4c7d007a82,3, #372922
311255027b4c7d007a82,28,#D8D7C6
311255027b4c7d007a82,25, #8B8276
311255027b4c7d007a82,9, #514239
31202f7e5bd8a8763a3b,25, #594C40
31202f7e5bd8a8763a3b,3, #CDC6B0
31202f7e5bd8a8763a3b,7,#EBE6D2
31202f7e5bd8a8763a3b,47, #857B6D
31202f7e5bd8a8763a3b,11, #ACA492
31202f7e5bd8a8763a3b,3, #3F3028
3128178d9deb24ce038d,5, #553F26
3128178d9deb24ce038d,42,#281E15
3128178d9deb24ce038d,2, #B3AB95
3128178d9deb24ce038d,46, #070604
3128178d9deb24ce038d,2, #756246
3128178d9deb24ce038d,1, #92866E
3131d21a9fe2aaf39f59,8,#89847B
3131d21a9fe2aaf39f59,27, #6C6860
3131d21a9fe2aaf39f59,34, #45423C
3131d21a9fe2aaf39f59,9, #A19C92
3131d21a9fe2aaf39f59,2, #EFE8D7
3131d21a9fe2aaf39f59,17, #CAC3B8
3148d8c1532f5053996b,1, #2D2B18
3148d8c1532f5053996b,10,#090805
3148d8c1532f5053996b,62, #5D5B41
3148d8c1532f5053996b,5, #A1A494
3148d8c1532f5053996b,15, #848873
3148d8c1532f5053996b,4, #C9D0BF
314a3d6d2243988d349f,2, #B0ACA0
314a3d6d2243988d349f,5, #706A62
314a3d6d2243988d349f,73,#ECEBDF
314a3d6d2243988d349f,6, #56534D
314a3d6d2243988d349f,5, #817D76
314a3d6d2243988d349f,3, #96928A
314a3d6d2243988d349f,3, #CDC7B7
31587a6b4f16191eaef1,5, #897767
31587a6b4f16191eaef1,0, #9E8C7C
31587a6b4f16191eaef1,17, #0E0B05
31587a6b4f16191eaef1,5, #706852
31587a6b4f16191eaef1,32, #302A17
31587a6b4f16191eaef1,0, #AFA08A
31587a6b4f16191eaef1,37,#565237
31644012accc9a0d949c,14, #9E9C80
31644012accc9a0d949c,2, #6C603F
31644012accc9a0d949c,17, #938968
31644012accc9a0d949c,58,#AEAE96
31644012accc9a0d949c,0, #564829
31644012accc9a0d949c,0, #5F655E
31644012accc9a0d949c,6, #7F7351
31687bfd22aa0d340b7c,10, #8A857D
31687bfd22aa0d340b7c,14, #3C3832
31687bfd22aa0d340b7c,35,#FBF9F3
31687bfd22aa0d340b7c,6, #B9B0A0
31687bfd22aa0d340b7c,28, #E4DECE
31687bfd22aa0d340b7c,4, #736A5B
316a60e1137da9718d74,63, #845F4A
316a60e1137da9718d74,0,#CDC6A4
316a60e1137da9718d74,8, #979067
316a60e1137da9718d74,19, #423D2D
316a60e1137da9718d74,4, #BEB383
316a60e1137da9718d74,3, #211F16
3174867004e6271716eb,45, #0E0E08
3174867004e6271716eb,2, #8C7853
3174867004e6271716eb,29,#2D271C
3174867004e6271716eb,4, #B5A382
3174867004e6271716eb,0, #D1C5A3
3174867004e6271716eb,17, #59472D
317826ee4f2095eb4858,18, #564B2B
317826ee4f2095eb4858,15, #A5956B
317826ee4f2095eb4858,8, #D9CDAE
317826ee4f2095eb4858,6, #84764E
317826ee4f2095eb4858,6, #271F0F
317826ee4f2095eb4858,43,#C2B388
317b121dff9c0d656f39,3,#D3C8AC
317b121dff9c0d656f39,18, #F7F2DB
317b121dff9c0d656f39,5, #B1A184
317b121dff9c0d656f39,20, #2A221E
317b121dff9c0d656f39,24, #8A7D67
317b121dff9c0d656f39,26, #5A4A3F
3183b5d2e75a799c2604,0,#EEEEED
3183b5d2e75a799c2604,23, #4E402B
3183b5d2e75a799c2604,17, #81795F
3183b5d2e75a799c2604,31, #BFB797
3183b5d2e75a799c2604,22, #A0987E
3183b5d2e75a799c2604,5, #D1CEC4
3183cce8c54e30e1381a,31, #696040
3183cce8c54e30e1381a,5, #B7A06D
3183cce8c54e30e1381a,3, #D7BF84
3183cce8c54e30e1381a,5, #978358
3183cce8c54e30e1381a,46, #463B24
3183cce8c54e30e1381a,7,#1E1A0F
318611074083fce22c63,33, #C8BFAB
318611074083fce22c63,27, #534844
318611074083fce22c63,5, #766E6A
318611074083fce22c63,1,#F5F1E5
318611074083fce22c63,19, #2A1F1B
318611074083fce22c63,12, #989188
318d97814f5771844fbc,10, #B1ABA0
318d97814f5771844fbc,2, #F4EDDD
318d97814f5771844fbc,27,#49473F
318d97814f5771844fbc,12, #D5CFC4
318d97814f5771844fbc,19, #68645B
318d97814f5771844fbc,21, #8A857B
318d97814f5771844fbc,4, #322F29
3192ae35fc73ac15e899,34, #656259
3192ae35fc73ac15e899,29, #3E3C36
3192ae35fc73ac15e899,6, #AEA99E
3192ae35fc73ac15e899,12,#EFEAE0
3192ae35fc73ac15e899,13, #8C897F
3192ae35fc73ac15e899,3, #CAC4B8
3198405dd4f5d5de511b,30, #7F735A
3198405dd4f5d5de511b,9, #BAB198
3198405dd4f5d5de511b,3,#F9F8F4
3198405dd4f5d5de511b,4, #D1C9B1
3198405dd4f5d5de511b,1, #E5E2D7
3198405dd4f5d5de511b,51, #98907C
319b91a11cfdea3578f4,2, #655838
319b91a11cfdea3578f4,66, #11100C
319b91a11cfdea3578f4,3, #A99467
319b91a11cfdea3578f4,2, #493B23
319b91a11cfdea3578f4,22, #332414
319b91a11cfdea3578f4,2,#8A744B
31a04f7500033d728ebf,16, #65532D
31a04f7500033d728ebf,16, #B2A76F
31a04f7500033d728ebf,12, #D3CB96
31a04f7500033d728ebf,5, #948A5E
31a04f7500033d728ebf,30,#4A3518
31a04f7500033d728ebf,5, #2F1A0B
31a04f7500033d728ebf,14, #7F6D3E
31af2e9a3358dcd27914,54, #83754D
31af2e9a3358dcd27914,2,#FDFBF8
31af2e9a3358dcd27914,13, #9D9479
31af2e9a3358dcd27914,6, #E4DDCC
31af2e9a3358dcd27914,1, #C4BFAB
31af2e9a3358dcd27914,21, #6B5B33
31bc2cb27ff82e8f85fd,9, #938A76
31bc2cb27ff82e8f85fd,10, #B0A691
31bc2cb27ff82e8f85fd,17, #6E6A5E
31bc2cb27ff82e8f85fd,0, #F9F3E3
31bc2cb27ff82e8f85fd,21, #DAD5C5
31bc2cb27ff82e8f85fd,36,#C6BFAB
31bc2cb27ff82e8f85fd,4, #545148
31be722094c55cf66c30,4, #45443D
31be722094c55cf66c30,23, #C2BDAE
31be722094c55cf66c30,6, #868376
31be722094c55cf66c30,5, #A29D90
31be722094c55cf66c30,3,#6C695E
31be722094c55cf66c30,57, #ECE6D8
31bf2716c8b2872dbae7,18, #30271A
31bf2716c8b2872dbae7,23, #18150D
31bf2716c8b2872dbae7,49,#564529
31bf2716c8b2872dbae7,2, #927E51
31bf2716c8b2872dbae7,5, #6E6341
31bf2716c8b2872dbae7,0, #A48F60
31bf2716c8b2872dbae7,0, #BAA576
31c09aa0997b0790a2d5,2, #C1B6A2
31c09aa0997b0790a2d5,62, #D7D0BE
31c09aa0997b0790a2d5,0, #49473E
31c09aa0997b0790a2d5,4, #926859
31c09aa0997b0790a2d5,6, #A69381
31c09aa0997b0790a2d5,24,#F4F0DF
31c94426c9d56a3fd1db,42, #0C0A03
31c94426c9d56a3fd1db,20,#5D7274
31c94426c9d56a3fd1db,0, #F0F1E3
31c94426c9d56a3fd1db,16, #303123
31c94426c9d56a3fd1db,1, #7B8F8C
31c94426c9d56a3fd1db,19, #4C5146
31d029013a8e989411e8,35, #8F8D84
31d029013a8e989411e8,1, #4F4E4A
31d029013a8e989411e8,12, #686760
31d029013a8e989411e8,11, #BAB7A8
31d029013a8e989411e8,38, #E5E2D7
31d029013a8e989411e8,0,#FEFEFE
31d21e6ef82f2ebe4fbb,29, #6C695A
31d21e6ef82f2ebe4fbb,15, #4D4A3D
31d21e6ef82f2ebe4fbb,32, #A49F8B
31d21e6ef82f2ebe4fbb,6,#F9F7F0
31d21e6ef82f2ebe4fbb,11, #2E2B24
31d21e6ef82f2ebe4fbb,4, #D7D0BC
31d3487f1fda997ca3dd,44,#97763D
31d3487f1fda997ca3dd,4, #CBAF58
31d3487f1fda997ca3dd,0, #526D75
31d3487f1fda997ca3dd,2, #DED9B4
31d3487f1fda997ca3dd,3, #AFBAA0
31d3487f1fda997ca3dd,2, #82927B
31d3487f1fda997ca3dd,42, #323735
31d4c6f32eaa92278641,0, #C3B076
31d4c6f32eaa92278641,1, #8D7C52
31d4c6f32eaa92278641,0, #D3C38D
31d4c6f32eaa92278641,23, #241F15
31d4c6f32eaa92278641,60,#4A3B26
31d4c6f32eaa92278641,2, #A99663
31d4c6f32eaa92278641,11, #726038
31dbcdfc4887559c7a0e,26, #737B82
31dbcdfc4887559c7a0e,8, #785144
31dbcdfc4887559c7a0e,16, #181610
31dbcdfc4887559c7a0e,9, #543A2B
31dbcdfc4887559c7a0e,19, #BCBCB4
31dbcdfc4887559c7a0e,18,#8AA2CF
31dc2c6bb6cf8bc3de78,7, #646053
31dc2c6bb6cf8bc3de78,3, #ACA794
31dc2c6bb6cf8bc3de78,67, #D7D1B9
31dc2c6bb6cf8bc3de78,6, #3C3B32
31dc2c6bb6cf8bc3de78,3, #8B8776
31dc2c6bb6cf8bc3de78,11,#FBF9E8
31df90fc0d78f5f22eb1,1,#8193AB
31df90fc0d78f5f22eb1,9, #A29A77
31df90fc0d78f5f22eb1,45, #312E21
31df90fc0d78f5f22eb1,19, #72633D
31df90fc0d78f5f22eb1,20, #B4B9B0
31df90fc0d78f5f22eb1,3, #8A815C
31e4eb880d45d8c3223d,9, #969897
31e4eb880d45d8c3223d,3, #696A6C
31e4eb880d45d8c3223d,3,#030302
31e4eb880d45d8c3223d,82, #C0B8B4
31e4eb880d45d8c3223d,0, #23211D
31e4eb880d45d8c3223d,1, #423F3F
31ff64cc422d4278d5ca,5, #CDBC7B
31ff64cc422d4278d5ca,7, #9B7F4C
31ff64cc422d4278d5ca,42, #755737
31ff64cc422d4278d5ca,2,#BAA461
31ff64cc422d4278d5ca,0, #EEE5A2
31ff64cc422d4278d5ca,41, #37311F
3208424467a51059f045,19, #312719
3208424467a51059f045,31,#C1B995
3208424467a51059f045,1, #B5A168
3208424467a51059f045,16, #6E4E25
3208424467a51059f045,16, #9AA194
3208424467a51059f045,3, #988B5D
3208424467a51059f045,10, #736641
320e9d035d55593d93fb,0,#F8F3E6
320e9d035d55593d93fb,29, #7C776B
320e9d035d55593d93fb,1, #403F39
320e9d035d55593d93fb,25, #CEC3AC
320e9d035d55593d93fb,18, #59564E
320e9d035d55593d93fb,25, #A19A88
32100d9e40c7449ec0c3,68,#512E1C
32100d9e40c7449ec0c3,0, #AFA98B
32100d9e40c7449ec0c3,0, #9D9576
32100d9e40c7449ec0c3,13, #26150C
32100d9e40c7449ec0c3,1, #8F8565
32100d9e40c7449ec0c3,7, #7B6F50
32100d9e40c7449ec0c3,8, #625238
321406a673a2b57fd295,1, #F3F0CB
321406a673a2b57fd295,65,#2E2F2A
321406a673a2b57fd295,6, #C0B38C
321406a673a2b57fd295,9, #474839
321406a673a2b57fd295,1, #978B67
321406a673a2b57fd295,3, #766B4D
321406a673a2b57fd295,12, #141613
321adebd164d252540e5,2, #E5D8A3
321adebd164d252540e5,50, #1C1D15
321adebd164d252540e5,0, #FBF7D8
321adebd164d252540e5,8, #BCAB7B
321adebd164d252540e5,31, #565544
321adebd164d252540e5,6,#8E8367
321b2c1fb8f2a98b3e8c,27, #D2CCBB
321b2c1fb8f2a98b3e8c,14,#F6F4E8
321b2c1fb8f2a98b3e8c,15, #A7A294
321b2c1fb8f2a98b3e8c,6, #3B3A34
321b2c1fb8f2a98b3e8c,21, #7D796E
321b2c1fb8f2a98b3e8c,15, #59574E
32204959de47695ed3ad,2, #645F55
32204959de47695ed3ad,10, #857F72
32204959de47695ed3ad,10, #A8A195
32204959de47695ed3ad,43,#CDC5B7
32204959de47695ed3ad,0, #4B4740
32204959de47695ed3ad,32, #F3EEDC
3234547ad283360fedcb,24,#F2EFDB
3234547ad283360fedcb,1, #2F2E25
3234547ad283360fedcb,19, #57564B
3234547ad283360fedcb,19, #A5A397
3234547ad283360fedcb,10, #C9C7B7
3234547ad283360fedcb,23, #7F7E74
323697eeade36aa3744d,38,#13150B
323697eeade36aa3744d,24, #433915
323697eeade36aa3744d,13, #3C4D38
323697eeade36aa3744d,2, #6F5B28
323697eeade36aa3744d,4, #AB9F78
323697eeade36aa3744d,7, #596950
323697eeade36aa3744d,9, #7F7952
32378181272856e0a743,7, #E3D2B0
32378181272856e0a743,25, #A09481
32378181272856e0a743,33, #C6B39B
32378181272856e0a743,5, #4B4951
32378181272856e0a743,18, #8E7059
32378181272856e0a743,9,#F5EFD5
323beef0866732aa4192,19, #C8BFAB
323beef0866732aa4192,71,#F6EEDB
323beef0866732aa4192,0, #4C453C
323beef0866732aa4192,2, #857D6E
323beef0866732aa4192,1, #665F52
323beef0866732aa4192,5, #A39B8A
3240f8df83e80ce07595,8, #A29781
3240f8df83e80ce07595,75, #C9C0AC
3240f8df83e80ce07595,10, #EAE8DF
3240f8df83e80ce07595,2, #8D7E63
3240f8df83e80ce07595,1, #6F5E47
3240f8df83e80ce07595,0,#FEFEFC
32483871ddc68dfe5103,5, #A49773
32483871ddc68dfe5103,4, #70654D
32483871ddc68dfe5103,32, #282721
32483871ddc68dfe5103,4, #92805E
32483871ddc68dfe5103,51,#12130F
32483871ddc68dfe5103,1, #423929
32483871ddc68dfe5103,1, #564B38
324bddf14743026caeb2,14, #A89771
324bddf14743026caeb2,33, #3A221E
324bddf14743026caeb2,5, #EDE9D0
324bddf14743026caeb2,27,#695341
324bddf14743026caeb2,7, #C3BB9E
324bddf14743026caeb2,11, #8B7A58
324be926e0ff5607014e,2, #777165
324be926e0ff5607014e,47,#E7DCCC
324be926e0ff5607014e,6, #958E81
324be926e0ff5607014e,33, #CDBFA8
324be926e0ff5607014e,6, #BAA686
324be926e0ff5607014e,0, #3F3A33
324be926e0ff5607014e,2, #5C564D
32678441f1268d37994e,10, #464238
32678441f1268d37994e,10, #B3AA94
32678441f1268d37994e,11, #938D7D
32678441f1268d37994e,19, #F3EFE0
32678441f1268d37994e,25, #6D6756
32678441f1268d37994e,22,#D4CCB3
3268b38106f3e4262927,69,#1F1C14
3268b38106f3e4262927,0, #A24927
3268b38106f3e4262927,19, #4F4228
3268b38106f3e4262927,2, #B9A572
3268b38106f3e4262927,0, #DAC588
3268b38106f3e4262927,2, #9F8A57
3268b38106f3e4262927,6, #8B6F36
3274017bb558976e436e,15, #989689
3274017bb558976e436e,13, #3F4239
3274017bb558976e436e,30, #717266
3274017bb558976e436e,17, #B9B6AA
3274017bb558976e436e,3,#F7F3E6
3274017bb558976e436e,19, #DCD8CA
3278c192ca3b34cbd3f2,37,#161203
3278c192ca3b34cbd3f2,0, #79774E
3278c192ca3b34cbd3f2,47, #422B0E
3278c192ca3b34cbd3f2,3, #5E633C
3278c192ca3b34cbd3f2,10, #4B4623
3278c192ca3b34cbd3f2,0, #97966D
32859580c9d444b5f035,8, #CECEC6
32859580c9d444b5f035,10, #2E2F2E
32859580c9d444b5f035,2, #0F100F
32859580c9d444b5f035,51,#F3F3F1
32859580c9d444b5f035,10, #B8B9A5
32859580c9d444b5f035,12, #9C9376
32859580c9d444b5f035,4, #615C4A
328a1cea3c74faf83a26,2, #B7A064
328a1cea3c74faf83a26,45, #533426
328a1cea3c74faf83a26,36,#262119
328a1cea3c74faf83a26,0, #D6C586
328a1cea3c74faf83a26,12, #765A3B
328a1cea3c74faf83a26,2, #9B8854
3290214604b5905e8795,23,#E6E3D9
3290214604b5905e8795,13, #89867D
3290214604b5905e8795,15, #A6A39A
3290214604b5905e8795,16, #CAC6BD
3290214604b5905e8795,22, #68665E
3290214604b5905e8795,3, #FAF7ED
3290214604b5905e8795,5, #3F3E38
32a48537fb670d047044,24, #CAC4B2
32a48537fb670d047044,8, #9C8D74
32a48537fb670d047044,9, #B4AC98
32a48537fb670d047044,7, #807766
32a48537fb670d047044,47,#DBD6C7
32a48537fb670d047044,2, #755D3C
32a80586b0e1ac232f4c,3, #76715E
32a80586b0e1ac232f4c,72,#EEE5D5
32a80586b0e1ac232f4c,2, #51504A
32a80586b0e1ac232f4c,1, #99654B
32a80586b0e1ac232f4c,5, #DBCFBD
32a80586b0e1ac232f4c,7, #9E8B73
32a80586b0e1ac232f4c,7, #C6B69F
32ace2fcde72ab1cbdb6,51, #EFE6D3
32ace2fcde72ab1cbdb6,8,#73705F
32ace2fcde72ab1cbdb6,24, #D1C8B4
32ace2fcde72ab1cbdb6,1, #504E3F
32ace2fcde72ab1cbdb6,7, #9B9685
32ace2fcde72ab1cbdb6,6, #B8B19F
32acfc8384a84a523d50,42, #C3BAAB
32acfc8384a84a523d50,1, #3C3834
32acfc8384a84a523d50,41, #938C80
32acfc8384a84a523d50,6, #605B54
32acfc8384a84a523d50,2,#FAF6EF
32acfc8384a84a523d50,6, #E6DCCF
32b681576f4c1d98600f,28, #CFC8B8
32b681576f4c1d98600f,28, #9F9B8F
32b681576f4c1d98600f,14, #545149
32b681576f4c1d98600f,1, #3B3932
32b681576f4c1d98600f,22, #736F64
32b681576f4c1d98600f,4,#F5F2E9
32b6cdc3198c64feb87e,1,#603921
32b6cdc3198c64feb87e,3, #3C2D1F
32b6cdc3198c64feb87e,93, #18140D
32b6cdc3198c64feb87e,0, #7A4C2C
32b6cdc3198c64feb87e,0, #615A4C
32b6cdc3198c64feb87e,0, #454034
32bb2ee0c3415ec4debd,23, #736C4E
32bb2ee0c3415ec4debd,7, #938D6C
32bb2ee0c3415ec4debd,0, #F8F9E8
32bb2ee0c3415ec4debd,4, #E1DCB8
32bb2ee0c3415ec4debd,6, #ABAA92
32bb2ee0c3415ec4debd,17, #403A2B
32bb2ee0c3415ec4debd,39,#0F0A05
32bd288497acf765dd1c,10, #2E2213
32bd288497acf765dd1c,5, #C0B79E
32bd288497acf765dd1c,0, #D6D1BE
32bd288497acf765dd1c,26, #4D4432
32bd288497acf765dd1c,30,#746B59
32bd288497acf765dd1c,2, #F4EFEB
32bd288497acf765dd1c,23, #A19985
32c73ee2495547aeb26a,13, #E6E2D3
32c73ee2495547aeb26a,12, #4F4537
32c73ee2495547aeb26a,5, #7D6E58
32c73ee2495547aeb26a,4, #9B9078
32c73ee2495547aeb26a,0, #FDFAEF
32c73ee2495547aeb26a,17, #D0CAAA
32c73ee2495547aeb26a,45,#B8AF91
32cf284b5b9572792999,13, #3C3932
32cf284b5b9572792999,20, #877558
32cf284b5b9572792999,6, #141414
32cf284b5b9572792999,27,#A59270
32cf284b5b9572792999,4, #BCB598
32cf284b5b9572792999,24, #695C4A
32cf284b5b9572792999,2, #D4CFB3
32d15c9a8dcdcb24158a,16, #88805D
32d15c9a8dcdcb24158a,7, #979784
32d15c9a8dcdcb24158a,7,#413F36
32d15c9a8dcdcb24158a,5, #BEB990
32d15c9a8dcdcb24158a,30, #DDDABB
32d15c9a8dcdcb24158a,31, #64614B
32d46d2134704cbeb8df,21, #807B69
32d46d2134704cbeb8df,13, #E6E0C8
32d46d2134704cbeb8df,26, #C6C0AA
32d46d2134704cbeb8df,22, #4E4B40
32d46d2134704cbeb8df,10, #A7A18D
32d46d2134704cbeb8df,6,#F9F7E1
32d5d5458782b1fbef7d,13, #8A8474
32d5d5458782b1fbef7d,13, #A9A290
32d5d5458782b1fbef7d,36, #F3F0E0
32d5d5458782b1fbef7d,18,#C9C1AB
32d5d5458782b1fbef7d,16, #645F51
32d5d5458782b1fbef7d,1, #444035
32ded703c40a925f7a81,1, #EDE5D4
32ded703c40a925f7a81,15, #393731
32ded703c40a925f7a81,8, #847F73
32ded703c40a925f7a81,19, #9F998C
32ded703c40a925f7a81,12, #BAB4A6
32ded703c40a925f7a81,30,#605D52
32ded703c40a925f7a81,12, #D3CABB
32e06474db06fc1e4810,47, #161616
32e06474db06fc1e4810,37,#404040
32e06474db06fc1e4810,0, #C4C4C4
32e06474db06fc1e4810,2, #A3A3A3
32e06474db06fc1e4810,4, #868686
32e06474db06fc1e4810,6, #666666
32ea34386b8e2f1688cf,6, #AFA695
32ea34386b8e2f1688cf,31, #0B0B06
32ea34386b8e2f1688cf,0, #D8D9CF
32ea34386b8e2f1688cf,3, #C6C4B7
32ea34386b8e2f1688cf,6, #82755B
32ea34386b8e2f1688cf,7, #604A2B
32ea34386b8e2f1688cf,45,#4C2416
32eb50bd26a1d762d567,8, #C1BAAA
32eb50bd26a1d762d567,69,#F8F6EE
32eb50bd26a1d762d567,15, #E2DDCB
32eb50bd26a1d762d567,4, #9E9683
32eb50bd26a1d762d567,2, #746F61
32eb50bd26a1d762d567,0, #474031
32eb50bd26a1d762d567,0, #595648
32ec0698c76a0161f950,8, #C4BCA5
32ec0698c76a0161f950,7, #2E2721
32ec0698c76a0161f950,6, #51493C
32ec0698c76a0161f950,2, #706E5F
32ec0698c76a0161f950,4, #9D9683
32ec0698c76a0161f950,37,#E1DBC2
32ec0698c76a0161f950,32, #F4F1E4
32ecc06bf49b0a95b923,6, #C1B282
32ecc06bf49b0a95b923,7, #484433
32ecc06bf49b0a95b923,11, #201F1B
32ecc06bf49b0a95b923,32, #A49B70
32ecc06bf49b0a95b923,7, #716140
32ecc06bf49b0a95b923,1, #DCD2AB
32ecc06bf49b0a95b923,33,#8A805A
32f8111e44b531138dfe,18,#F9F9F1
32f8111e44b531138dfe,20, #E2DCC2
32f8111e44b531138dfe,23, #B9B29B
32f8111e44b531138dfe,13, #6E6A5B
32f8111e44b531138dfe,8, #4C4A3F
32f8111e44b531138dfe,14, #8E8A7B
32f87b67bbb2d8348870,6, #F1E7DC
32f87b67bbb2d8348870,24, #BDB2A1
32f87b67bbb2d8348870,8,#7D766D
32f87b67bbb2d8348870,18, #9D968B
32f87b67bbb2d8348870,40, #DBD0C2
32f87b67bbb2d8348870,1, #534D46
32f982eb7d3cc3c6e777,20, #565440
32f982eb7d3cc3c6e777,13, #342214
32f982eb7d3cc3c6e777,23,#7B775C
32f982eb7d3cc3c6e777,12, #453A24
32f982eb7d3cc3c6e777,14, #110F0A
32f982eb7d3cc3c6e777,15, #9D987C
32f9a443ec821a7b1b71,4, #9C958B
32f9a443ec821a7b1b71,4, #523F34
32f9a443ec821a7b1b71,9, #EDEDE9
32f9a443ec821a7b1b71,26, #B5AFA2
32f9a443ec821a7b1b71,35,#CECBBF
32f9a443ec821a7b1b71,6, #897D71
32f9a443ec821a7b1b71,12, #695A4D
32ff7ba1633b3f23dea6,1, #3A3836
32ff7ba1633b3f23dea6,16, #CCC7BE
32ff7ba1633b3f23dea6,30,#E9E5DB
32ff7ba1633b3f23dea6,21, #B3AFA8
32ff7ba1633b3f23dea6,19, #928D88
32ff7ba1633b3f23dea6,3, #5A5653
32ff7ba1633b3f23dea6,8, #6F6B68
3309cc28bd60a19d2639,3, #8A867B
3309cc28bd60a19d2639,1, #3C382F
3309cc28bd60a19d2639,3, #5A564D
3309cc28bd60a19d2639,6, #A6A295
3309cc28bd60a19d2639,9, #CEC9B8
3309cc28bd60a19d2639,4, #747066
3309cc28bd60a19d2639,72,#F0EBD9
330a6e0bb38cb61ef52d,9, #635D51
330a6e0bb38cb61ef52d,6, #3B382F
330a6e0bb38cb61ef52d,13, #ACA698
330a6e0bb38cb61ef52d,46,#F4F0E5
330a6e0bb38cb61ef52d,11, #D4CEC1
330a6e0bb38cb61ef52d,12, #847E71
3323d3f2ec18657e7167,1,#FDFAF2
3323d3f2ec18657e7167,14, #E6DBCB
3323d3f2ec18657e7167,10, #3B3736
3323d3f2ec18657e7167,6, #C8C0B2
3323d3f2ec18657e7167,32, #665F5C
3323d3f2ec18657e7167,35, #9C958C
332c9565ea912361c24f,45,#F2EFE2
332c9565ea912361c24f,29, #56544D
332c9565ea912361c24f,5, #9F9C93
332c9565ea912361c24f,1, #CCCABD
332c9565ea912361c24f,4, #77756C
332c9565ea912361c24f,13, #35352F
33320a78287294e95ee1,8, #97825B
33320a78287294e95ee1,3, #B9A677
33320a78287294e95ee1,0, #A55C41
33320a78287294e95ee1,36, #2E281C
33320a78287294e95ee1,0, #E7DAA8
33320a78287294e95ee1,48,#564B38
33320a78287294e95ee1,1, #CEC191
33380add8a7dc7c9c0f1,4, #504535
33380add8a7dc7c9c0f1,55,#DFD6C2
33380add8a7dc7c9c0f1,13, #F8F6EC
33380add8a7dc7c9c0f1,3, #7D6F57
33380add8a7dc7c9c0f1,5, #8E8575
33380add8a7dc7c9c0f1,16, #B4A992
33380add8a7dc7c9c0f1,0, #251C12
333fc7c7107ced763779,81,#F0ECDD
333fc7c7107ced763779,5, #D1CBBB
333fc7c7107ced763779,4, #7A725E
333fc7c7107ced763779,1, #544E42
333fc7c7107ced763779,4, #999280
333fc7c7107ced763779,3, #B8B19F
3348b9210206e4d1022c,26, #D7D0BE
3348b9210206e4d1022c,6, #605F4F
3348b9210206e4d1022c,10,#827F6E
3348b9210206e4d1022c,32, #F5F0DD
3348b9210206e4d1022c,21, #AFAB99
3348b9210206e4d1022c,1, #3D3C31
33493f4e0165221f8475,2, #7B6C40
33493f4e0165221f8475,1, #564E36
33493f4e0165221f8475,14, #3A2E18
33493f4e0165221f8475,76,#0F0D0A
33493f4e0165221f8475,1, #BBA870
33493f4e0165221f8475,1, #D6CA94
33493f4e0165221f8475,2, #9E8E57
334d41c98381660c7ade,5, #C4BEAE
334d41c98381660c7ade,82,#ECE4D0
334d41c98381660c7ade,5, #A59D90
334d41c98381660c7ade,3, #857D71
334d41c98381660c7ade,1, #645E53
334d41c98381660c7ade,0, #3E3931
335fd28e5c03130d0408,7, #605F55
335fd28e5c03130d0408,8, #C9BEAF
335fd28e5c03130d0408,9, #9D8070
335fd28e5c03130d0408,7, #A99D8E
335fd28e5c03130d0408,4, #3F3F37
335fd28e5c03130d0408,61,#E9E4D4
3360c989bc6416052618,2, #B8B4A9
3360c989bc6416052618,83,#F6F2E5
3360c989bc6416052618,3, #47443B
3360c989bc6416052618,4, #949085
3360c989bc6416052618,2, #D3CFC3
3360c989bc6416052618,3, #706C60
33626a7ad76b4351f1f5,13, #5A3F3F
33626a7ad76b4351f1f5,3, #958981
33626a7ad76b4351f1f5,39,#F7F6F0
33626a7ad76b4351f1f5,2, #B4AFA8
33626a7ad76b4351f1f5,7, #77635F
33626a7ad76b4351f1f5,14, #D7D5CE
33626a7ad76b4351f1f5,19, #271616
336671a95a53e22a628d,4, #F0EFEC
336671a95a53e22a628d,51,#A69F94
336671a95a53e22a628d,25, #D0C9BA
336671a95a53e22a628d,7, #7F7769
336671a95a53e22a628d,2, #261708
336671a95a53e22a628d,2, #3E3021
336671a95a53e22a628d,6, #5A4F41
33702bbca0b25d76cd1a,15, #CDC7B4
33702bbca0b25d76cd1a,59,#9F9E95
33702bbca0b25d76cd1a,12, #868371
33702bbca0b25d76cd1a,4, #362E23
33702bbca0b25d76cd1a,2, #514837
33702bbca0b25d76cd1a,2, #1E1B16
33702bbca0b25d76cd1a,3, #686252
33770b572dfce8a39857,1, #857746
33770b572dfce8a39857,14, #171612
33770b572dfce8a39857,4, #BBB086
33770b572dfce8a39857,0, #DAD5AE
33770b572dfce8a39857,2, #9F8F59
33770b572dfce8a39857,21, #312C20
33770b572dfce8a39857,53,#5F4F22
337c7abffe52cd4653b6,0,#D0C6A5
337c7abffe52cd4653b6,9, #8B7F53
337c7abffe52cd4653b6,39, #56462B
337c7abffe52cd4653b6,6, #735D37
337c7abffe52cd4653b6,15, #30261B
337c7abffe52cd4653b6,29, #B8A970
33875621f57814d0ff0b,4,#8E8B81
33875621f57814d0ff0b,1, #434137
33875621f57814d0ff0b,29, #D9D5C4
33875621f57814d0ff0b,4, #AFACA1
33875621f57814d0ff0b,5, #68665C
33875621f57814d0ff0b,55, #F7F5E8
3389d72e18ccdf40dd39,12, #A4A095
3389d72e18ccdf40dd39,12, #89857B
3389d72e18ccdf40dd39,2, #312D26
3389d72e18ccdf40dd39,30,#EFEAD8
3389d72e18ccdf40dd39,18, #C3BEB0
3389d72e18ccdf40dd39,16, #6D695F
3389d72e18ccdf40dd39,6, #524F46
33909b682ea9a5771247,16, #CCC5B3
33909b682ea9a5771247,10, #AAA597
33909b682ea9a5771247,23,#56544D
33909b682ea9a5771247,14, #E8E2D0
33909b682ea9a5771247,20, #807C72
33909b682ea9a5771247,12, #F9F8F3
33909b682ea9a5771247,2, #373633
339a072850372eebcb3d,1, #ADA78D
339a072850372eebcb3d,2, #63533F
339a072850372eebcb3d,0, #C3C0B2
339a072850372eebcb3d,62,#14130E
339a072850372eebcb3d,2, #98896B
339a072850372eebcb3d,3, #7A6F58
339a072850372eebcb3d,27, #3F3626
339a3c343d6ee6c698b9,6, #7F7669
339a3c343d6ee6c698b9,36, #DDD4C4
339a3c343d6ee6c698b9,32, #BEB29D
339a3c343d6ee6c698b9,0, #534C43
339a3c343d6ee6c698b9,16, #A29888
339a3c343d6ee6c698b9,6,#F9F7F2
33a7d055fb052b1f9001,9, #948C85
33a7d055fb052b1f9001,43,#EEEADB
33a7d055fb052b1f9001,16, #D7D0BD
33a7d055fb052b1f9001,9, #BCB2A4
33a7d055fb052b1f9001,14, #6C625B
33a7d055fb052b1f9001,6, #4D3F39
33b57ec0af435adc7268,27,#F4EDD9
33b57ec0af435adc7268,8, #837C6D
33b57ec0af435adc7268,24, #5F594E
33b57ec0af435adc7268,19, #CDC5B5
33b57ec0af435adc7268,4, #38342F
33b57ec0af435adc7268,15, #A29B8B
33bad6dd4a374d65cc2d,5, #7F6E5D
33bad6dd4a374d65cc2d,11, #B1A490
33bad6dd4a374d65cc2d,61, #DFD9C9
33bad6dd4a374d65cc2d,10, #978B7D
33bad6dd4a374d65cc2d,1,#F7F5EE
33bad6dd4a374d65cc2d,9, #C8BEAB
33bccfdc18937b44cd4b,10, #4A4440
33bccfdc18937b44cd4b,13, #938A80
33bccfdc18937b44cd4b,13, #706860
33bccfdc18937b44cd4b,39,#F6F2E7
33bccfdc18937b44cd4b,12, #D4CBBC
33bccfdc18937b44cd4b,9, #B7ADA0
33c2c3ca1de5f6067a4e,5, #E7E3D4
33c2c3ca1de5f6067a4e,27, #B9AD99
33c2c3ca1de5f6067a4e,17, #766156
33c2c3ca1de5f6067a4e,1, #F9F6E7
33c2c3ca1de5f6067a4e,6, #D3CBBA
33c2c3ca1de5f6067a4e,1, #5B4034
33c2c3ca1de5f6067a4e,40,#A0937F
33cd8d67a5f4d4edb068,19, #A4A195
33cd8d67a5f4d4edb068,1, #3F4038
33cd8d67a5f4d4edb068,6, #7A7A6F
33cd8d67a5f4d4edb068,60, #EFEADC
33cd8d67a5f4d4edb068,3, #5A5B52
33cd8d67a5f4d4edb068,8,#D2CDC0
33d1aa42d4d99f4aa48a,7, #69645C
33d1aa42d4d99f4aa48a,18, #8E8981
33d1aa42d4d99f4aa48a,10, #D7D4C8
33d1aa42d4d99f4aa48a,3, #F5F3F1
33d1aa42d4d99f4aa48a,19, #B6B2A5
33d1aa42d4d99f4aa48a,11, #4B453C
33d1aa42d4d99f4aa48a,29,#262019
33d5f64bfeb5f44d32f6,22, #DDDBD2
33d5f64bfeb5f44d32f6,6, #9E9A90
33d5f64bfeb5f44d32f6,10, #1D130F
33d5f64bfeb5f44d32f6,3, #CEC7AC
33d5f64bfeb5f44d32f6,8, #87765B
33d5f64bfeb5f44d32f6,0, #F8F8F8
33d5f64bfeb5f44d32f6,47,#5E412E
33d7431a0d8726da485f,14, #6F6047
33d7431a0d8726da485f,10, #3B2615
33d7431a0d8726da485f,12, #ACA09F
33d7431a0d8726da485f,14, #57442C
33d7431a0d8726da485f,8, #FAF7E4
33d7431a0d8726da485f,9, #8E826C
33d7431a0d8726da485f,30,#DCD6CC
33dab6794576cb46164c,27, #5F5543
33dab6794576cb46164c,15, #332C20
33dab6794576cb46164c,0,#B7B89E
33dab6794576cb46164c,30, #7E7F6A
33dab6794576cb46164c,21, #A29D7A
33dab6794576cb46164c,4, #191712
33db9492185f8e24c896,20, #646256
33db9492185f8e24c896,11, #3C3B33
33db9492185f8e24c896,16,#F3ECDF
33db9492185f8e24c896,19, #B2ACA1
33db9492185f8e24c896,16, #CFC9BE
33db9492185f8e24c896,14, #8F8B7F
33e019e900050ad45094,10, #F8F9F3
33e019e900050ad45094,3, #847961
33e019e900050ad45094,27, #C2BCA0
33e019e900050ad45094,0,#635E4E
33e019e900050ad45094,45, #E1E1CC
33e019e900050ad45094,12, #98917C
33e691bf85ab8b31377c,8, #777468
33e691bf85ab8b31377c,9, #3B3A32
33e691bf85ab8b31377c,10, #918F81
33e691bf85ab8b31377c,7, #5D5B51
33e691bf85ab8b31377c,10, #F9F9F5
33e691bf85ab8b31377c,17, #B5B1A2
33e691bf85ab8b31377c,35,#DCD9CB
33eec38b630157e268b5,18, #9F9989
33eec38b630157e268b5,23, #797467
33eec38b630157e268b5,23, #C2BAA4
33eec38b630157e268b5,12, #E2D9C2
33eec38b630157e268b5,21, #47463E
33eec38b630157e268b5,0,#FAF8EB
33f1f57a0f89d2e6a90e,8, #A59888
33f1f57a0f89d2e6a90e,21, #3B3932
33f1f57a0f89d2e6a90e,11, #D6D0C5
33f1f57a0f89d2e6a90e,10, #BCB3A4
33f1f57a0f89d2e6a90e,21, #7E7A6F
33f1f57a0f89d2e6a90e,1, #EFE7D8
33f1f57a0f89d2e6a90e,25,#5E5A51
33f90524b2ed061692e5,19, #DDD8CC
33f90524b2ed061692e5,28, #C0BCB1
33f90524b2ed061692e5,8, #3C3D37
33f90524b2ed061692e5,5,#F8F6F1
33f90524b2ed061692e5,16, #9C998E
33f90524b2ed061692e5,21, #68685E
33f9563fddc12efd9069,0, #AE8947
33f9563fddc12efd9069,7, #0C1011
33f9563fddc12efd9069,42,#4A5047
33f9563fddc12efd9069,2, #BFAE6F
33f9563fddc12efd9069,22, #23282B
33f9563fddc12efd9069,23, #84816D
33f9563fddc12efd9069,1, #936739
33fa3c14640135575137,2, #D7C69A
33fa3c14640135575137,2, #EEE5BC
33fa3c14640135575137,38,#2C281D
33fa3c14640135575137,43, #6F553A
33fa3c14640135575137,9, #8A7C5B
33fa3c14640135575137,4, #B7A680
33fc5e53b9dec822de47,17, #F7F4E5
33fc5e53b9dec822de47,2, #3B382F
33fc5e53b9dec822de47,14, #D6D0C0
33fc5e53b9dec822de47,15, #918C7E
33fc5e53b9dec822de47,17, #B1AB9C
33fc5e53b9dec822de47,10, #555245
33fc5e53b9dec822de47,21,#726E60
33fcd4fda1eeffb180d0,16, #A09886
33fcd4fda1eeffb180d0,6, #433F37
33fcd4fda1eeffb180d0,16, #7E7868
33fcd4fda1eeffb180d0,40,#DCD0B9
33fcd4fda1eeffb180d0,9, #625D50
33fcd4fda1eeffb180d0,10, #BAB29D
33fcd4fda1eeffb180d0,0, #FCF3D7
33fd0fcb083450d629b4,17, #98A192
33fd0fcb083450d629b4,25, #474B40
33fd0fcb083450d629b4,27, #26281F
33fd0fcb083450d629b4,11, #5D655A
33fd0fcb083450d629b4,12, #727E74
33fd0fcb083450d629b4,4,#010100
34026629a218197ca1e0,18, #C5C1AD
34026629a218197ca1e0,37,#EDEAD6
34026629a218197ca1e0,9, #5B594D
34026629a218197ca1e0,6, #393831
34026629a218197ca1e0,13, #A4A08E
34026629a218197ca1e0,15, #7F7B6B
340616721fc2f046504c,8, #C0BDB2
340616721fc2f046504c,29, #44443E
340616721fc2f046504c,21, #68685F
340616721fc2f046504c,15, #949388
340616721fc2f046504c,24, #E9E5D8
340616721fc2f046504c,0,#FEFEF6
340dea4be45fc9885ada,6, #949080
340dea4be45fc9885ada,5, #B1A78F
340dea4be45fc9885ada,3, #514C3F
340dea4be45fc9885ada,23, #F9F7F0
340dea4be45fc9885ada,46,#E7E1CB
340dea4be45fc9885ada,7, #D0C8B0
340dea4be45fc9885ada,5, #797462
34217c5db19290fbacfc,3, #75552E
34217c5db19290fbacfc,45, #4D351F
34217c5db19290fbacfc,0, #B4A376
34217c5db19290fbacfc,0, #A29062
34217c5db19290fbacfc,50,#1E1A12
34217c5db19290fbacfc,0, #89784D
3430406befb9c6ef5fef,25, #DBD0BD
3430406befb9c6ef5fef,1,#F9EED9
3430406befb9c6ef5fef,4, #343032
3430406befb9c6ef5fef,15, #6A635E
3430406befb9c6ef5fef,33, #B4AC9D
3430406befb9c6ef5fef,19, #8F8980
343208ab3d8302d453ca,0, #26241D
343208ab3d8302d453ca,0, #3E3B2E
343208ab3d8302d453ca,26,#080706
343208ab3d8302d453ca,0, #56503B
343208ab3d8302d453ca,18, #7D725E
343208ab3d8302d453ca,54, #A7937B
3433905a07512b91471e,6, #96907E
3433905a07512b91471e,38,#C4C4BA
3433905a07512b91471e,8, #797668
3433905a07512b91471e,7, #0D0B07
3433905a07512b91471e,4, #2A261E
3433905a07512b91471e,29, #554D3B
3433905a07512b91471e,6, #ADAA9C
3433cefba7643ed02545,2, #A3956E
3433cefba7643ed02545,4, #8A774E
3433cefba7643ed02545,3, #C9C2A1
3433cefba7643ed02545,0, #708586
3433cefba7643ed02545,67,#2A302D
3433cefba7643ed02545,20, #664D29
3433cefba7643ed02545,1, #4A5C5D
3439416a538f9e4d9b92,37,#F9F8F1
3439416a538f9e4d9b92,12, #6F6A59
3439416a538f9e4d9b92,16, #B0AB97
3439416a538f9e4d9b92,1, #3A372D
3439416a538f9e4d9b92,12, #8E8A79
3439416a538f9e4d9b92,9, #514D3F
3439416a538f9e4d9b92,10, #D5D1BE
344453856d3fefda648b,26, #BCB3A4
344453856d3fefda648b,2,#F7F1E7
344453856d3fefda648b,2, #333131
344453856d3fefda648b,33, #605B57
344453856d3fefda648b,21, #8E877F
344453856d3fefda648b,12, #DFD5C7
3444bada127a1ce05800,2, #B7BCB3
3444bada127a1ce05800,9, #30322A
3444bada127a1ce05800,63,#555242
3444bada127a1ce05800,3, #939486
3444bada127a1ce05800,15, #7C7762
3444bada127a1ce05800,4, #A18D60
3444bada127a1ce05800,0, #A5A89D
3444eb5c40bb6622e47e,7, #7C7667
3444eb5c40bb6622e47e,13, #A9A08A
3444eb5c40bb6622e47e,7, #E1DDCD
3444eb5c40bb6622e47e,10, #CBC3AE
3444eb5c40bb6622e47e,0,#58564A
3444eb5c40bb6622e47e,60, #F7F5EB
344666285cba8a67cc59,8,#59532F
344666285cba8a67cc59,13, #867040
344666285cba8a67cc59,5, #A79A6E
344666285cba8a67cc59,0, #D9CA98
344666285cba8a67cc59,72, #1F1F18
344666285cba8a67cc59,0, #F2F1CC
34545c127cbc7764eedc,11, #6C6C59
34545c127cbc7764eedc,7, #E4D69F
34545c127cbc7764eedc,0, #1B251F
34545c127cbc7764eedc,14, #BBB28E
34545c127cbc7764eedc,64,#F8F2DE
34545c127cbc7764eedc,1, #3A4136
3454ffbfa911ed7626f9,0, #AE7854
3454ffbfa911ed7626f9,4, #C3A384
3454ffbfa911ed7626f9,11, #D3C9B5
3454ffbfa911ed7626f9,2, #62655F
3454ffbfa911ed7626f9,6, #8B8879
3454ffbfa911ed7626f9,74,#F3ECE1
3454ffbfa911ed7626f9,0, #4B4D47
3457c0b6eb253373cf22,22, #DFDAC8
3457c0b6eb253373cf22,17, #9F9B8C
3457c0b6eb253373cf22,7, #C1BDAC
3457c0b6eb253373cf22,9,#F8F6E8
3457c0b6eb253373cf22,17, #45433A
3457c0b6eb253373cf22,24, #726F62
3473d285473a74371106,0, #84481A
3473d285473a74371106,1, #715631
3473d285473a74371106,0, #927346
3473d285473a74371106,0, #A26328
3473d285473a74371106,79,#20160D
3473d285473a74371106,18, #4A321D
3478e6be8917135dde67,7, #6A563E
3478e6be8917135dde67,54,#48382B
3478e6be8917135dde67,4, #867855
3478e6be8917135dde67,2, #9F906B
3478e6be8917135dde67,0, #D2CBA8
3478e6be8917135dde67,1, #B9AB86
3478e6be8917135dde67,29, #0D0F0E
347df5126bafbd93ca5d,2, #E0E4DF
347df5126bafbd93ca5d,32, #877881
347df5126bafbd93ca5d,3, #67594C
347df5126bafbd93ca5d,0,#654883
347df5126bafbd93ca5d,33, #C6C4B6
347df5126bafbd93ca5d,26, #AB9F99
3481093c2e115bba7141,12, #6A695E
3481093c2e115bba7141,2,#F8F7F2
3481093c2e115bba7141,27, #D9D5C9
3481093c2e115bba7141,23, #44443E
3481093c2e115bba7141,18, #B9B5A8
3481093c2e115bba7141,15, #979487
348277e2e6f0b1f474ec,3, #7C7E6F
348277e2e6f0b1f474ec,2, #96988B
348277e2e6f0b1f474ec,27, #D7D8C8
348277e2e6f0b1f474ec,26, #F6F7EE
348277e2e6f0b1f474ec,3, #B3B6A7
348277e2e6f0b1f474ec,30,#2E2F26
348277e2e6f0b1f474ec,5, #57584A
3489c73e4eab858a3bde,7, #796952
3489c73e4eab858a3bde,0, #A39072
3489c73e4eab858a3bde,52,#3A2F1E
3489c73e4eab858a3bde,28, #15100A
3489c73e4eab858a3bde,0, #BCAA8A
3489c73e4eab858a3bde,0, #917A5A
3489c73e4eab858a3bde,11, #624D2E
348ab617feddf9596b32,8, #3B3931
348ab617feddf9596b32,27, #DCD8C8
348ab617feddf9596b32,11, #9D988A
348ab617feddf9596b32,18, #6A6559
348ab617feddf9596b32,21, #C0BBAA
348ab617feddf9596b32,12,#F6F5EF
348af36031252ed33403,1, #878279
348af36031252ed33403,1,#6F6A62
348af36031252ed33403,6, #A6A095
348af36031252ed33403,3, #4F4B45
348af36031252ed33403,79, #E2DCCE
348af36031252ed33403,7, #C8C2B4
3497227f906fdea72e6a,24, #777C5B
3497227f906fdea72e6a,9, #9C9B71
3497227f906fdea72e6a,17, #554831
3497227f906fdea72e6a,1, #C3B683
3497227f906fdea72e6a,26,#DFDFBD
3497227f906fdea72e6a,7, #ADBEB0
3497227f906fdea72e6a,12, #362E25
34a009f6633e6d5871cb,71, #D5C9B0
34a009f6633e6d5871cb,4, #4E4942
34a009f6633e6d5871cb,1, #9C927C
34a009f6633e6d5871cb,2, #7C7464
34a009f6633e6d5871cb,12,#EEE1C9
34a009f6633e6d5871cb,7, #B9AC93
34aa8473b2eabfc91802,19, #57463E
34aa8473b2eabfc91802,20, #8C7D70
34aa8473b2eabfc91802,1, #EDE6CE
34aa8473b2eabfc91802,3, #382824
34aa8473b2eabfc91802,15, #CFC4AF
34aa8473b2eabfc91802,17, #B1A391
34aa8473b2eabfc91802,22,#6F6055
34acc95625391c013f18,10, #A2A096
34acc95625391c013f18,0, #FAF8EE
34acc95625391c013f18,59,#716956
34acc95625391c013f18,4, #28201A
34acc95625391c013f18,13, #D8D5C5
34acc95625391c013f18,9, #4A4034
34acc95625391c013f18,2, #080705
34b44a360e7dd1195c81,52, #D4CDB5
34b44a360e7dd1195c81,11, #B0AA94
34b44a360e7dd1195c81,10, #625D4C
34b44a360e7dd1195c81,1, #3F3C30
34b44a360e7dd1195c81,3,#FAF8EC
34b44a360e7dd1195c81,20, #888371
34b71b2be701706e8248,4, #89817B
34b71b2be701706e8248,0,#F8F2EA
34b71b2be701706e8248,52, #443E3C
34b71b2be701706e8248,3, #A7A096
34b71b2be701706e8248,17, #6A615E
34b71b2be701706e8248,21, #D2C9BE
34b81775724ce9c3f8af,26, #D1CDBE
34b81775724ce9c3f8af,6, #484032
34b81775724ce9c3f8af,25, #A19D94
34b81775724ce9c3f8af,13, #635D4F
34b81775724ce9c3f8af,15,#827C6E
34b81775724ce9c3f8af,13, #2F291D
34cf20b292c7047c416a,0, #A2956E
34cf20b292c7047c416a,0, #8D7B54
34cf20b292c7047c416a,88,#1D1208
34cf20b292c7047c416a,7, #3A2F25
34cf20b292c7047c416a,1, #80572D
34cf20b292c7047c416a,3, #673A20
34cf6a5ab6d33441886f,0, #2A2921
34cf6a5ab6d33441886f,7, #6F6D62
34cf6a5ab6d33441886f,14, #C2BEB2
34cf6a5ab6d33441886f,4, #49473D
34cf6a5ab6d33441886f,55,#E8E5D8
34cf6a5ab6d33441886f,18, #99968B
34d10c02fe589b401a75,0, #FEFDF0
34d10c02fe589b401a75,24, #D8CFC6
34d10c02fe589b401a75,11, #BAB3AB
34d10c02fe589b401a75,20, #A09992
34d10c02fe589b401a75,32,#7D7774
34d10c02fe589b401a75,5, #5A5653
34d10c02fe589b401a75,4, #F0E7DA
34d4258d1a9f98e44660,0, #49463C
34d4258d1a9f98e44660,1, #615E53
34d4258d1a9f98e44660,4, #7F7C71
34d4258d1a9f98e44660,80,#F1EEDD
34d4258d1a9f98e44660,7, #CECBBA
34d4258d1a9f98e44660,5, #A6A396
34ef7f3b49e00b6c1fd2,22, #8A867F
34ef7f3b49e00b6c1fd2,0,#FDFCF7
34ef7f3b49e00b6c1fd2,23, #E6E1D9
34ef7f3b49e00b6c1fd2,24, #58564F
34ef7f3b49e00b6c1fd2,8, #30312A
34ef7f3b49e00b6c1fd2,19, #C1BCB3
34f349df27c82f9afbd9,25, #C0B9A9
34f349df27c82f9afbd9,1, #3F3C32
34f349df27c82f9afbd9,26,#F0E7D7
34f349df27c82f9afbd9,23, #7F7A6B
34f349df27c82f9afbd9,14, #A59E8F
34f349df27c82f9afbd9,8, #5B5749
34f4b147e618ba0c2ff7,20, #CFC7B2
34f4b147e618ba0c2ff7,31,#F6F3E3
34f4b147e618ba0c2ff7,18, #7B7769
34f4b147e618ba0c2ff7,13, #A8A390
34f4b147e618ba0c2ff7,13, #555348
34f4b147e618ba0c2ff7,2, #3A3932
34f8b0fa49eba1d7ce6b,12, #BBB3A1
34f8b0fa49eba1d7ce6b,3, #645E50
34f8b0fa49eba1d7ce6b,53,#D9D1BE
34f8b0fa49eba1d7ce6b,10, #F8F6EC
34f8b0fa49eba1d7ce6b,2, #48433B
34f8b0fa49eba1d7ce6b,6, #7F7869
34f8b0fa49eba1d7ce6b,10, #A19A8A
34fa7d82a90f0707523f,12, #918C82
34fa7d82a90f0707523f,18, #AFAA9F
34fa7d82a90f0707523f,35,#F5F3ED
34fa7d82a90f0707523f,12, #6A655B
34fa7d82a90f0707523f,2, #46423A
34fa7d82a90f0707523f,18, #CFC9BF
34fc9eba3d24172183f0,29, #7D7877
34fc9eba3d24172183f0,40, #67625E
34fc9eba3d24172183f0,0, #322B25
34fc9eba3d24172183f0,7, #51483E
34fc9eba3d24172183f0,3,#0F0D0A
34fc9eba3d24172183f0,19, #A3938A
34fd61be0296916564f8,27, #1E211A
34fd61be0296916564f8,1, #C8C084
34fd61be0296916564f8,4, #857842
34fd61be0296916564f8,3, #B3A669
34fd61be0296916564f8,3, #A08C45
34fd61be0296916564f8,50,#454931
34fd61be0296916564f8,9, #696138
3504a2f184ce1f8a40b8,24, #6D6348
3504a2f184ce1f8a40b8,15, #28211C
3504a2f184ce1f8a40b8,13, #F5F5F3
3504a2f184ce1f8a40b8,0, #CBC8BA
3504a2f184ce1f8a40b8,8, #8A7F5E
3504a2f184ce1f8a40b8,30,#4B4539
3504a2f184ce1f8a40b8,6, #AEA182
3509b0f01c785b091a88,16, #E0DBC9
3509b0f01c785b091a88,0, #FCFBEE
3509b0f01c785b091a88,17, #7B6E67
3509b0f01c785b091a88,19, #C5BBA9
3509b0f01c785b091a88,0,#63594D
3509b0f01c785b091a88,45, #A0968C
3512ffb642a6adccc632,1, #D6C79D
3512ffb642a6adccc632,16, #675337
3512ffb642a6adccc632,0, #EAE4C3
3512ffb642a6adccc632,46,#1E1A1B
3512ffb642a6adccc632,1, #857757
3512ffb642a6adccc632,2, #AC9B71
3512ffb642a6adccc632,30, #413328
352065dfbdb1b399ffbc,79,#F6F4E8
352065dfbdb1b399ffbc,3, #636056
352065dfbdb1b399ffbc,3, #ABA89B
352065dfbdb1b399ffbc,3, #3B3A33
352065dfbdb1b399ffbc,4, #8B887C
352065dfbdb1b399ffbc,6, #D1CDBE
35213686eb0bb2b29fab,2, #C0AB8D
35213686eb0bb2b29fab,4, #908D82
35213686eb0bb2b29fab,45,#17100A
35213686eb0bb2b29fab,5, #4E3A27
35213686eb0bb2b29fab,23, #352515
35213686eb0bb2b29fab,12, #63584C
35213686eb0bb2b29fab,5, #7A7265
352ad2876cd13fd70279,18, #AFAC9E
352ad2876cd13fd70279,6,#F4F0E3
352ad2876cd13fd70279,16, #5B5A50
352ad2876cd13fd70279,37, #7E7C70
352ad2876cd13fd70279,18, #D1CDBC
352ad2876cd13fd70279,2, #414139
3532290bb3fcfb08fb16,63, #ACA499
3532290bb3fcfb08fb16,8, #908A5B
3532290bb3fcfb08fb16,4, #766E5F
3532290bb3fcfb08fb16,14,#020100
3532290bb3fcfb08fb16,8, #4C4743
3532290bb3fcfb08fb16,0, #24201D
3532a82898683bbb8080,14, #898473
3532a82898683bbb8080,21, #686355
3532a82898683bbb8080,24, #A8A190
3532a82898683bbb8080,0,#F3EDDA
3532a82898683bbb8080,30, #CEC4AF
3532a82898683bbb8080,9, #47443B
3535399dd9ef1e710c90,1, #AE9972
3535399dd9ef1e710c90,1, #BDAC8D
3535399dd9ef1e710c90,7, #D1C6A7
3535399dd9ef1e710c90,79,#E9E2CA
3535399dd9ef1e710c90,1, #605145
3535399dd9ef1e710c90,2, #776858
3535399dd9ef1e710c90,4, #897C6A
3536d1167fe772fe0087,19, #7D704C
3536d1167fe772fe0087,3, #F7F4EC
3536d1167fe772fe0087,41,#312C24
3536d1167fe772fe0087,18, #514833
3536d1167fe772fe0087,9, #B8AE8B
3536d1167fe772fe0087,4, #958E78
3536d1167fe772fe0087,2, #D6D0C0
353a2d2ea8a0e3b28f2b,9,#F8F4E7
353a2d2ea8a0e3b28f2b,8, #7C6B5F
353a2d2ea8a0e3b28f2b,0, #C07560
353a2d2ea8a0e3b28f2b,25, #B6A08A
353a2d2ea8a0e3b28f2b,0, #3F4147
353a2d2ea8a0e3b28f2b,54, #DED3B7
35459bc93fa0c9f75d11,1, #747E81
35459bc93fa0c9f75d11,5, #816C4A
35459bc93fa0c9f75d11,69,#4F524E
35459bc93fa0c9f75d11,10, #1C1A17
35459bc93fa0c9f75d11,6, #A18B67
35459bc93fa0c9f75d11,0, #959B99
35459bc93fa0c9f75d11,6, #BCB393
3549cdad2aaa42a7087f,23,#FAF9EB
3549cdad2aaa42a7087f,35, #636053
3549cdad2aaa42a7087f,9, #38372F
3549cdad2aaa42a7087f,7, #8E8979
3549cdad2aaa42a7087f,17, #D7D2C0
3549cdad2aaa42a7087f,6, #ABA693
355598088c7724ce3afa,18, #7A776C
355598088c7724ce3afa,5, #5E5D56
355598088c7724ce3afa,19, #A29C88
355598088c7724ce3afa,0,#FDF8E5
355598088c7724ce3afa,40, #E2DBC1
355598088c7724ce3afa,14, #C6BA9C
355677af4ab061abb9b8,4, #D7D7D7
355677af4ab061abb9b8,14, #292821
355677af4ab061abb9b8,26,#4B4736
355677af4ab061abb9b8,4, #D9D197
355677af4ab061abb9b8,10, #A09A80
355677af4ab061abb9b8,19, #837A57
355677af4ab061abb9b8,20, #F5F3D7
3556cdf7d4fbdeeb176b,68, #EBE9D6
3556cdf7d4fbdeeb176b,1, #3C3930
3556cdf7d4fbdeeb176b,9, #B1AE9F
3556cdf7d4fbdeeb176b,2,#686458
3556cdf7d4fbdeeb176b,8, #CCCAB9
3556cdf7d4fbdeeb176b,9, #8C897B
35629705e596a01f0cb3,9, #3D4842
35629705e596a01f0cb3,1, #192724
35629705e596a01f0cb3,13, #777B71
35629705e596a01f0cb3,9,#FDFBEE
35629705e596a01f0cb3,57, #E1D8C2
35629705e596a01f0cb3,7, #B2B0A1
3564fa05e0349d311591,6, #B8B7AC
3564fa05e0349d311591,34, #76756E
3564fa05e0349d311591,17, #94938A
3564fa05e0349d311591,0,#30342E
3564fa05e0349d311591,2, #DFDDD0
3564fa05e0349d311591,38, #565951
35686fafb53bb3ba829a,9, #6A5C43
35686fafb53bb3ba829a,6, #24231D
35686fafb53bb3ba829a,4, #F0E0A1
35686fafb53bb3ba829a,14, #917043
35686fafb53bb3ba829a,36,#CABB86
35686fafb53bb3ba829a,17, #B59E5A
35686fafb53bb3ba829a,11, #504635
356b78ea7bff441a7c5b,26, #644233
356b78ea7bff441a7c5b,3, #DDCA89
356b78ea7bff441a7c5b,8, #9F6442
356b78ea7bff441a7c5b,33, #9E9173
356b78ea7bff441a7c5b,24, #272522
356b78ea7bff441a7c5b,4,#6C6959
357084abb16eb7377e35,78, #5B4825
357084abb16eb7377e35,13,#1C1D17
357084abb16eb7377e35,0, #F2DB88
357084abb16eb7377e35,0, #E1C26E
357084abb16eb7377e35,7, #997736
357084abb16eb7377e35,0, #C9A757
35742cda0d055284a858,6, #A6A79D
35742cda0d055284a858,4, #5C6054
35742cda0d055284a858,10, #7A7E72
35742cda0d055284a858,1, #464840
35742cda0d055284a858,62,#F3F1E6
35742cda0d055284a858,15, #CFCEC2
3578b478d07e988dcfc7,40, #A89E8B
3578b478d07e988dcfc7,17, #E1E0D8
3578b478d07e988dcfc7,3,#FAF8F6
3578b478d07e988dcfc7,19, #3B3934
3578b478d07e988dcfc7,6, #C6BEAB
3578b478d07e988dcfc7,10, #736C5E
3578f848330dc40184ec,4,#FBFAF3
3578f848330dc40184ec,13, #9E9381
3578f848330dc40184ec,15, #CBBFA7
3578f848330dc40184ec,54, #E8E0CD
3578f848330dc40184ec,5, #524A44
3578f848330dc40184ec,5, #7F766C
357a805d5866735f9f9a,2, #936E32
357a805d5866735f9f9a,0, #B58D45
357a805d5866735f9f9a,10, #7A5A29
357a805d5866735f9f9a,56, #231D16
357a805d5866735f9f9a,28, #5C3A1F
357a805d5866735f9f9a,1,#A47E3C
357b6cd419a5b19fdc5f,3, #BBB5A0
357b6cd419a5b19fdc5f,43, #503D2E
357b6cd419a5b19fdc5f,20, #776048
357b6cd419a5b19fdc5f,5, #A19782
357b6cd419a5b19fdc5f,14,#1B1815
357b6cd419a5b19fdc5f,12, #94805E
358bddc4351926e6deb9,0, #898053
358bddc4351926e6deb9,0, #A59A64
358bddc4351926e6deb9,4, #725E39
358bddc4351926e6deb9,0, #A67545
358bddc4351926e6deb9,3, #4A3D27
358bddc4351926e6deb9,89,#232017
359da7a16cd9538dbc18,3, #70674E
359da7a16cd9538dbc18,80,#28251E
359da7a16cd9538dbc18,12, #4B3E2D
359da7a16cd9538dbc18,2, #161612
359da7a16cd9538dbc18,1, #5F523C
359da7a16cd9538dbc18,0, #867E5E
35a351ef9cd4dc046e88,5, #DFD7C8
35a351ef9cd4dc046e88,6, #33312C
35a351ef9cd4dc046e88,35,#504D46
35a351ef9cd4dc046e88,13, #BEB6A8
35a351ef9cd4dc046e88,17, #888276
35a351ef9cd4dc046e88,8, #A39C90
35a351ef9cd4dc046e88,12, #6E695F
35b2d95d66f0ee1c718b,20,#818174
35b2d95d66f0ee1c718b,16, #5C5640
35b2d95d66f0ee1c718b,0, #CBBD8C
35b2d95d66f0ee1c718b,19, #231E19
35b2d95d66f0ee1c718b,8, #473E2A
35b2d95d66f0ee1c718b,18, #656868
35b2d95d66f0ee1c718b,16, #A0A091
35b2dfd082a674030ad3,20, #F7F6EE
35b2dfd082a674030ad3,2, #333129
35b2dfd082a674030ad3,8, #4C493D
35b2dfd082a674030ad3,12, #B1AB98
35b2dfd082a674030ad3,21,#D5CFBB
35b2dfd082a674030ad3,13, #666153
35b2dfd082a674030ad3,20, #878172
35beed76414ed89b7cf8,19, #726D5C
35beed76414ed89b7cf8,0, #4E432F
35beed76414ed89b7cf8,0, #312715
35beed76414ed89b7cf8,33, #C9C1AD
35beed76414ed89b7cf8,36, #A69E8A
35beed76414ed89b7cf8,10,#E8E3D4
35bff86ee625727e73f7,42, #B3A380
35bff86ee625727e73f7,17, #65513E
35bff86ee625727e73f7,9, #36281E
35bff86ee625727e73f7,6,#F7F6F2
35bff86ee625727e73f7,9, #8D7B5F
35bff86ee625727e73f7,14, #D8D3C1
35c0cbf35e6c86273998,3, #A39B86
35c0cbf35e6c86273998,80,#E2DBC4
35c0cbf35e6c86273998,3, #C3BCA5
35c0cbf35e6c86273998,3, #89836F
35c0cbf35e6c86273998,4, #746E5B
35c0cbf35e6c86273998,3, #514E40
35c0cbf35e6c86273998,0, #F9F2D9
35c7674df3977ad7af02,23, #514438
35c7674df3977ad7af02,15,#766B5B
35c7674df3977ad7af02,12, #9D927D
35c7674df3977ad7af02,33, #CCBD9F
35c7674df3977ad7af02,8, #362820
35c7674df3977ad7af02,5, #E9D9B5
35c7daa688ea0b79ffc2,19, #787174
35c7daa688ea0b79ffc2,13, #2B2623
35c7daa688ea0b79ffc2,21, #544C4E
35c7daa688ea0b79ffc2,11,#F5F2EA
35c7daa688ea0b79ffc2,0, #C8C2B6
35c7daa688ea0b79ffc2,35, #9F999C
35c8fbc00c43626c24b0,3, #707064
35c8fbc00c43626c24b0,12, #585646
35c8fbc00c43626c24b0,2, #8E8C77
35c8fbc00c43626c24b0,50,#17130C
35c8fbc00c43626c24b0,0, #AFAC9B
35c8fbc00c43626c24b0,30, #3A392B
35c8fbc00c43626c24b0,0, #CFCDC9
35d167a42c863364d6f0,12, #5A483D
35d167a42c863364d6f0,24,#9E9284
35d167a42c863364d6f0,16, #C4BAA7
35d167a42c863364d6f0,21, #2D1F19
35d167a42c863364d6f0,9, #7D6F64
35d167a42c863364d6f0,16, #F2F0DF
35d1802123d2e103de7e,59, #7A6E58
35d1802123d2e103de7e,17, #9C927D
35d1802123d2e103de7e,11, #544734
35d1802123d2e103de7e,6, #C0B598
35d1802123d2e103de7e,3,#F6F4E8
35d1802123d2e103de7e,1, #D9D3BE
35e1fe398971138f66eb,10, #5C574C
35e1fe398971138f66eb,44,#DCD0B4
35e1fe398971138f66eb,11, #F7F4E2
35e1fe398971138f66eb,7, #BEB49D
35e1fe398971138f66eb,11, #9C9482
35e1fe398971138f66eb,5, #36332E
35e1fe398971138f66eb,7, #7A7363
35e22c2281a32a179183,4, #1D1F17
35e22c2281a32a179183,33, #5D5F4B
35e22c2281a32a179183,3,#010101
35e22c2281a32a179183,41, #82877A
35e22c2281a32a179183,7, #9FA090
35e22c2281a32a179183,9, #393C2B
35e3bbf73da25f41277a,9, #DAD1BC
35e3bbf73da25f41277a,70, #F7F1DC
35e3bbf73da25f41277a,1, #4F4A3B
35e3bbf73da25f41277a,3, #7A7462
35e3bbf73da25f41277a,3,#9F9885
35e3bbf73da25f41277a,10, #C2B89F
35e7868b547416d46f9c,20, #5F5A4E
35e7868b547416d46f9c,2, #C0BBAD
35e7868b547416d46f9c,10, #7E796B
35e7868b547416d46f9c,15, #444039
35e7868b547416d46f9c,16, #DAD5C4
35e7868b547416d46f9c,23,#F8F4EA
35e7868b547416d46f9c,11, #A29E91
35f198e49b9f2ba5afcf,38, #F4EFE2
35f198e49b9f2ba5afcf,8, #525046
35f198e49b9f2ba5afcf,1, #37352E
35f198e49b9f2ba5afcf,15, #7C796D
35f198e49b9f2ba5afcf,22, #CFCBBE
35f198e49b9f2ba5afcf,13,#ABA79B
35f6483ac3cc30a91731,21, #A3A293
35f6483ac3cc30a91731,40,#F0EEDE
35f6483ac3cc30a91731,6, #626153
35f6483ac3cc30a91731,13, #7E7D6F
35f6483ac3cc30a91731,8, #D0CDBE
35f6483ac3cc30a91731,8, #3C3B30
360c771d08570903f240,7, #A5A398
360c771d08570903f240,2, #E0DCCB
360c771d08570903f240,1, #C2BFB1
360c771d08570903f240,4,#FAF8F2
360c771d08570903f240,67, #5D5C56
360c771d08570903f240,16, #888780
360ccbd374c1f8568785,11, #826A3C
360ccbd374c1f8568785,3, #F9DBA1
360ccbd374c1f8568785,15, #B68A3F
360ccbd374c1f8568785,11, #DFBB75
360ccbd374c1f8568785,33,#1B1811
360ccbd374c1f8568785,23, #4F3F25
36160206575018dfe60c,27, #77644F
36160206575018dfe60c,11, #A39681
36160206575018dfe60c,0, #392E22
36160206575018dfe60c,51, #E2D8BC
36160206575018dfe60c,6,#FBFAF7
36160206575018dfe60c,2, #C5B698
361e9f0872bac402eed3,12, #C8C3A5
361e9f0872bac402eed3,4, #F6F5E6
361e9f0872bac402eed3,20, #51514A
361e9f0872bac402eed3,35,#DFDABE
361e9f0872bac402eed3,9, #9B937B
361e9f0872bac402eed3,3, #B6AD8D
361e9f0872bac402eed3,13, #726D5C
3625fe25de9289f54884,5, #494842
3625fe25de9289f54884,10, #886A5D
3625fe25de9289f54884,43, #DBD2C6
3625fe25de9289f54884,6, #C8AC97
3625fe25de9289f54884,9, #B0917C
3625fe25de9289f54884,24,#F9F5EE
362936f2bbd0e734a2b8,37, #BBA785
362936f2bbd0e734a2b8,9, #9B7658
362936f2bbd0e734a2b8,3,#F7F4EA
362936f2bbd0e734a2b8,15, #7E8777
362936f2bbd0e734a2b8,6, #5C5E55
362936f2bbd0e734a2b8,27, #E3D7BC
3629c67cde68d2524d91,8, #B9B5A1
3629c67cde68d2524d91,0, #FDFCF5
3629c67cde68d2524d91,2, #A09D8D
3629c67cde68d2524d91,73,#ECE8D3
3629c67cde68d2524d91,3, #878270
3629c67cde68d2524d91,9, #D2CEB9
3629c67cde68d2524d91,0, #64604F
362acd724b239506bd73,28,#F4F1E8
362acd724b239506bd73,7, #ABA79D
362acd724b239506bd73,13, #75746B
362acd724b239506bd73,12, #918F85
362acd724b239506bd73,26, #C9C5BB
362acd724b239506bd73,11, #5A5852
362d8c5fb1b9f76dbdd8,19,#96A096
362d8c5fb1b9f76dbdd8,20, #6E643C
362d8c5fb1b9f76dbdd8,1, #E3D79F
362d8c5fb1b9f76dbdd8,2, #9F904D
362d8c5fb1b9f76dbdd8,46, #352E19
362d8c5fb1b9f76dbdd8,8, #C3BC85
362f1ef945fd53d9566d,10, #1B1812
362f1ef945fd53d9566d,10, #837F73
362f1ef945fd53d9566d,1, #FEFEFB
362f1ef945fd53d9566d,7, #DFDFD6
362f1ef945fd53d9566d,1, #B2B1A7
362f1ef945fd53d9566d,25, #5E5A4F
362f1ef945fd53d9566d,42,#3B3830
362f8bb35700f9e40e2f,17,#F5F4EC
362f8bb35700f9e40e2f,28, #766F5F
362f8bb35700f9e40e2f,7, #AFAA9B
362f8bb35700f9e40e2f,20, #5E543A
362f8bb35700f9e40e2f,9, #989074
362f8bb35700f9e40e2f,16, #D8D6C4
36381d30bc272c19bebe,3, #3F3325
36381d30bc272c19bebe,3, #817761
36381d30bc272c19bebe,42,#D8CBB0
36381d30bc272c19bebe,19, #A4977E
36381d30bc272c19bebe,27, #F5F2E6
36381d30bc272c19bebe,0, #161009
36381d30bc272c19bebe,2, #5E5647
363bd8da20b9ef577372,22, #A4A09A
363bd8da20b9ef577372,16, #7B7873
363bd8da20b9ef577372,31, #D3CDC3
363bd8da20b9ef577372,18,#F4F1E6
363bd8da20b9ef577372,9, #53514E
363bd8da20b9ef577372,1, #2F2E2C
364eab7c109361c31d6e,1, #CDC5A4
364eab7c109361c31d6e,62,#090906
364eab7c109361c31d6e,12, #535344
364eab7c109361c31d6e,10, #35311F
364eab7c109361c31d6e,4, #9D987F
364eab7c109361c31d6e,7, #908049
364eab7c109361c31d6e,1, #F3F1DD
3655c2846f9f4784c317,5, #C7BC8F
3655c2846f9f4784c317,1, #574525
3655c2846f9f4784c317,3, #957B4A
3655c2846f9f4784c317,82, #282214
3655c2846f9f4784c317,2,#6E5F37
3655c2846f9f4784c317,4, #B09868
365ecd26e0f4cd5f02d6,7, #96887B
365ecd26e0f4cd5f02d6,6, #B0A698
365ecd26e0f4cd5f02d6,17, #C0BAAD
365ecd26e0f4cd5f02d6,44,#D5D1C5
365ecd26e0f4cd5f02d6,17, #634E41
365ecd26e0f4cd5f02d6,5, #776A5E
366270dd80652239399f,18, #474540
366270dd80652239399f,24, #DEDAC9
366270dd80652239399f,15, #979589
366270dd80652239399f,18,#F8F5EF
366270dd80652239399f,5, #C1BDAD
366270dd80652239399f,17, #6D6C64
3662cc2e9256752d48ee,2, #3B3831
3662cc2e9256752d48ee,5, #ABA798
3662cc2e9256752d48ee,47, #655C4E
3662cc2e9256752d48ee,9, #CEC6AF
3662cc2e9256752d48ee,16, #86857B
3662cc2e9256752d48ee,18,#F4F0DC
3666c6fe49ed11e6445b,7, #827C70
3666c6fe49ed11e6445b,54, #D3CDBA
3666c6fe49ed11e6445b,13, #A5A092
3666c6fe49ed11e6445b,3, #353229
3666c6fe49ed11e6445b,15,#FBF8EE
3666c6fe49ed11e6445b,6, #605B50
3667452acd33e5b8e20e,24, #8C8571
3667452acd33e5b8e20e,13, #B3A991
3667452acd33e5b8e20e,3, #38362A
3667452acd33e5b8e20e,16, #605B49
3667452acd33e5b8e20e,28, #D1C6AC
3667452acd33e5b8e20e,13,#F4F1E2
366da881f64ba500513b,29, #B7AEA3
366da881f64ba500513b,16, #5F534D
366da881f64ba500513b,2, #443731
366da881f64ba500513b,0,#F4F2DF
366da881f64ba500513b,19, #D9D4C5
366da881f64ba500513b,31, #887F77
366fffd9b0de5c425d08,1, #5C574C
366fffd9b0de5c425d08,0, #3C3931
366fffd9b0de5c425d08,23, #AFA797
366fffd9b0de5c425d08,22, #EDE6D4
366fffd9b0de5c425d08,12,#7E786A
366fffd9b0de5c425d08,39, #D1C9B8
367340e5c08262094293,32,#E4E3DC
367340e5c08262094293,8, #696B5F
367340e5c08262094293,9, #212A30
367340e5c08262094293,12, #A7A48D
367340e5c08262094293,3, #4A504B
367340e5c08262094293,10, #8B8972
367340e5c08262094293,22, #D0CAB9
367d2aacf660fa098e0c,5, #B5B2A6
367d2aacf660fa098e0c,13, #DAD7C8
367d2aacf660fa098e0c,42, #928F87
367d2aacf660fa098e0c,11, #35352F
367d2aacf660fa098e0c,0,#FDFCEC
367d2aacf660fa098e0c,25, #5F5D56
367e74f80a9eabd855c0,7, #E2DAB4
367e74f80a9eabd855c0,3,#F7F7F8
367e74f80a9eabd855c0,0, #B2B1BF
367e74f80a9eabd855c0,6, #A89D7E
367e74f80a9eabd855c0,44, #1E191B
367e74f80a9eabd855c0,38, #57524D
3681281201f5c3012d89,13, #D9D2B8
3681281201f5c3012d89,0, #484338
3681281201f5c3012d89,0, #8C8777
3681281201f5c3012d89,1, #C0BAA5
3681281201f5c3012d89,1, #ACA693
3681281201f5c3012d89,0, #676254
3681281201f5c3012d89,82,#F6F3E2
36872dfc42f6fcd11cfb,11, #251E18
36872dfc42f6fcd11cfb,13, #5E5C52
36872dfc42f6fcd11cfb,18, #ADB2AE
36872dfc42f6fcd11cfb,14, #868377
36872dfc42f6fcd11cfb,7, #3F3524
36872dfc42f6fcd11cfb,33,#929B9E
368c56b3f23cddbd0640,3, #50422C
368c56b3f23cddbd0640,82,#191814
368c56b3f23cddbd0640,1, #735B3D
368c56b3f23cddbd0640,1, #8E704C
368c56b3f23cddbd0640,0, #8F8063
368c56b3f23cddbd0640,0, #AA8359
368c56b3f23cddbd0640,10, #362A1B
368d9fe5155d40687744,6, #DFDAC8
368d9fe5155d40687744,1, #585448
368d9fe5155d40687744,17, #C4C0B0
368d9fe5155d40687744,54,#F5F2E0
368d9fe5155d40687744,5, #7E796B
368d9fe5155d40687744,14, #A29D8E
3690ec9ddd2dd206cc4c,3, #8C7D68
3690ec9ddd2dd206cc4c,0, #B8B5A5
3690ec9ddd2dd206cc4c,14, #57452A
3690ec9ddd2dd206cc4c,1, #A89880
3690ec9ddd2dd206cc4c,40,#2E2619
3690ec9ddd2dd206cc4c,3, #785E3C
3690ec9ddd2dd206cc4c,36, #0D0C08
3690f4cc1c5b74c91651,8, #81715E
3690f4cc1c5b74c91651,7, #6D5640
3690f4cc1c5b74c91651,16, #513727
3690f4cc1c5b74c91651,9,#C1B9A1
3690f4cc1c5b74c91651,8, #A49680
3690f4cc1c5b74c91651,49, #E4DBBC
36a90a391513724ab171,1, #5C554E
36a90a391513724ab171,72,#F8F3EE
36a90a391513724ab171,3, #8D7161
36a90a391513724ab171,9, #DBD4CB
36a90a391513724ab171,6, #A29081
36a90a391513724ab171,5, #BEBAB0
36acab953ad1fe9174e8,26, #6C645A
36acab953ad1fe9174e8,25, #B3AA98
36acab953ad1fe9174e8,20, #D1C8B4
36acab953ad1fe9174e8,7, #423E39
36acab953ad1fe9174e8,7,#F4EFE2
36acab953ad1fe9174e8,12, #978F80
36af8beb37c9c420fb0d,14, #F9F9F5
36af8beb37c9c420fb0d,11, #827F6F
36af8beb37c9c420fb0d,15, #A19F90
36af8beb37c9c420fb0d,11, #5E5C50
36af8beb37c9c420fb0d,34,#DEDACB
36af8beb37c9c420fb0d,2, #393931
36af8beb37c9c420fb0d,8, #BDBAA8
36bba427e223d0b0164c,7, #201A0D
36bba427e223d0b0164c,3, #5C615C
36bba427e223d0b0164c,0, #917D4C
36bba427e223d0b0164c,44,#3A3A33
36bba427e223d0b0164c,13, #9FA49B
36bba427e223d0b0164c,19, #7C868A
36bba427e223d0b0164c,10, #644F28
36bdf025e67689ee8862,0, #E3CD8D
36bdf025e67689ee8862,5, #B99855
36bdf025e67689ee8862,31, #5D452D
36bdf025e67689ee8862,1, #D1B572
36bdf025e67689ee8862,21, #3A2B19
36bdf025e67689ee8862,39,#8B6F42
36bdf025e67689ee8862,0, #913E20
36c0b45878346c087f7b,12, #908D80
36c0b45878346c087f7b,16, #D9D6C5
36c0b45878346c087f7b,8, #686559
36c0b45878346c087f7b,3, #413F37
36c0b45878346c087f7b,43,#F4F1E4
36c0b45878346c087f7b,14, #BCB9AA
36c390cb0f2c311623a4,7, #AEA379
36c390cb0f2c311623a4,28, #BEC2B9
36c390cb0f2c311623a4,0, #967733
36c390cb0f2c311623a4,6, #6B594F
36c390cb0f2c311623a4,44,#EFF0E9
36c390cb0f2c311623a4,10, #887E6A
36c390cb0f2c311623a4,1, #4E2624
36cf7fd0ab82c1202ea2,10, #DBD6BA
36cf7fd0ab82c1202ea2,3, #5B5742
36cf7fd0ab82c1202ea2,13, #90918E
36cf7fd0ab82c1202ea2,1, #0C0C0E
36cf7fd0ab82c1202ea2,65,#BAB7A8
36cf7fd0ab82c1202ea2,2, #343225
36cf7fd0ab82c1202ea2,3, #79775D
36cfc65792ac68777fdd,21, #CCC6AB
36cfc65792ac68777fdd,7, #AE9C72
36cfc65792ac68777fdd,0, #190F0D
36cfc65792ac68777fdd,25,#584737
36cfc65792ac68777fdd,22, #787162
36cfc65792ac68777fdd,19, #392E26
36cfc65792ac68777fdd,2, #F2EDD5
36d245de58f40f4016f1,0, #2E2F26
36d245de58f40f4016f1,21, #787565
36d245de58f40f4016f1,23, #A29E8F
36d245de58f40f4016f1,11, #4D4D40
36d245de58f40f4016f1,42, #CDC8B7
36d245de58f40f4016f1,1,#FAF8F1
36d27be3f8327b53cc57,11, #43372F
36d27be3f8327b53cc57,2, #CCC5B1
36d27be3f8327b53cc57,33, #90887B
36d27be3f8327b53cc57,36, #6D6358
36d27be3f8327b53cc57,8,#EBE6D2
36d27be3f8327b53cc57,6, #B0A999
36d4277aef42cbb8023e,8, #A39A82
36d4277aef42cbb8023e,8,#7F7661
36d4277aef42cbb8023e,1, #3B3831
36d4277aef42cbb8023e,15, #CBC3AA
36d4277aef42cbb8023e,55, #F6F1DA
36d4277aef42cbb8023e,9, #575244
36e8b3e5f62fa73e1877,14, #8A827E
36e8b3e5f62fa73e1877,14, #6E6665
36e8b3e5f62fa73e1877,12, #A9A29B
36e8b3e5f62fa73e1877,16, #C9C1B8
36e8b3e5f62fa73e1877,31,#EEE6D9
36e8b3e5f62fa73e1877,10, #44403F
36f16c11c961a0a3970e,25, #8F826F
36f16c11c961a0a3970e,13, #453222
36f16c11c961a0a3970e,42, #BCB29D
36f16c11c961a0a3970e,5,#FBFAF5
36f16c11c961a0a3970e,4, #715F47
36f16c11c961a0a3970e,9, #E6E0CE
36f8755aaf0bf7abd009,11, #FBF9F2
36f8755aaf0bf7abd009,5, #3C3930
36f8755aaf0bf7abd009,6, #959080
36f8755aaf0bf7abd009,6, #CEC6B2
36f8755aaf0bf7abd009,10, #716B5B
36f8755aaf0bf7abd009,55,#E8E1CB
36f8755aaf0bf7abd009,4, #B1A996
36fd399ebbd2e37b2356,2,#EEECE7
36fd399ebbd2e37b2356,8, #575347
36fd399ebbd2e37b2356,7, #9B988B
36fd399ebbd2e37b2356,5, #C4C2B7
36fd399ebbd2e37b2356,4, #78746A
36fd399ebbd2e37b2356,71, #30312F
36fdb234fa7c7f74faf8,21, #5F391D
36fdb234fa7c7f74faf8,5, #2E4765
36fdb234fa7c7f74faf8,8, #94A8AE
36fdb234fa7c7f74faf8,3, #D1D5CE
36fdb234fa7c7f74faf8,7, #597E96
36fdb234fa7c7f74faf8,36,#161C28
36fdb234fa7c7f74faf8,16, #857257
370103e5876cea3203da,0, #D4CA90
370103e5876cea3203da,38, #483A2B
370103e5876cea3203da,43,#1E1B14
370103e5876cea3203da,1, #B3A46F
370103e5876cea3203da,8, #827650
370103e5876cea3203da,9, #8D432B
3701aa69b9f864cad991,0, #564937
3701aa69b9f864cad991,0, #332818
3701aa69b9f864cad991,0, #7F7560
3701aa69b9f864cad991,80, #F4EFE1
3701aa69b9f864cad991,2,#9F957F
3701aa69b9f864cad991,15, #C9BDA4
3708eff726c3eb1e7fb2,6, #6B6858
3708eff726c3eb1e7fb2,18, #D2CFBE
3708eff726c3eb1e7fb2,1, #474438
3708eff726c3eb1e7fb2,50,#F4F2E4
3708eff726c3eb1e7fb2,7, #8C8979
3708eff726c3eb1e7fb2,16, #B1AE9D
370c677a56ffb7788a5f,2, #F4F0E5
370c677a56ffb7788a5f,44,#D7D0BD
370c677a56ffb7788a5f,15, #C3B599
370c677a56ffb7788a5f,12, #6A6058
370c677a56ffb7788a5f,5, #2A261D
370c677a56ffb7788a5f,12, #9D8C73
370c677a56ffb7788a5f,7, #4F453E
37150b92ab2c3e7d6036,23, #928E82
37150b92ab2c3e7d6036,7,#EBE8E0
37150b92ab2c3e7d6036,19, #747066
37150b92ab2c3e7d6036,22, #CDC7B9
37150b92ab2c3e7d6036,20, #B2AB9D
37150b92ab2c3e7d6036,7, #535049
371f400242cbd783f9f8,3, #44382B
371f400242cbd783f9f8,20, #8C826D
371f400242cbd783f9f8,11, #D7CEB2
371f400242cbd783f9f8,19, #B3A78B
371f400242cbd783f9f8,37, #685C49
371f400242cbd783f9f8,7,#F2EEDB
371f669d9221dc44690d,5, #232119
371f669d9221dc44690d,18, #6D5A38
371f669d9221dc44690d,0, #F3DAA9
371f669d9221dc44690d,0,#050506
371f669d9221dc44690d,40, #8A8061
371f669d9221dc44690d,35, #BAA06C
37207d0bb05f872a85b4,20, #B4B8B1
37207d0bb05f872a85b4,33, #5A4D3C
37207d0bb05f872a85b4,18, #402D1E
37207d0bb05f872a85b4,7, #999D97
37207d0bb05f872a85b4,19, #7D786E
37207d0bb05f872a85b4,1,#C5CECE
372c4a882ce180bf27fd,6, #CDC5B4
372c4a882ce180bf27fd,24, #938C7C
372c4a882ce180bf27fd,38, #6E6859
372c4a882ce180bf27fd,7, #B2AB99
372c4a882ce180bf27fd,15, #4D493E
372c4a882ce180bf27fd,7,#F0EADC
372e4478872029dc1a4c,6, #BBA782
372e4478872029dc1a4c,0, #D1C7A4
372e4478872029dc1a4c,2, #907552
372e4478872029dc1a4c,70,#1E1B14
372e4478872029dc1a4c,2, #57452C
372e4478872029dc1a4c,2, #715A3C
372e4478872029dc1a4c,15, #3D3424
3733834df61db964c040,11, #584D58
3733834df61db964c040,22, #AAA4A6
3733834df61db964c040,42, #867D86
3733834df61db964c040,7, #E3DECF
3733834df61db964c040,8, #C3C0BD
3733834df61db964c040,7,#FBFAF5
3736f74d2ed9c01c2935,9, #FBFAF0
3736f74d2ed9c01c2935,3, #948F80
3736f74d2ed9c01c2935,56,#EAE4D1
3736f74d2ed9c01c2935,8, #B0A996
3736f74d2ed9c01c2935,4, #7B7668
3736f74d2ed9c01c2935,8, #4D4C43
3736f74d2ed9c01c2935,7, #D1CAB6
3740448d7b3bcd5b9af8,12, #F9F6E4
3740448d7b3bcd5b9af8,13, #878273
3740448d7b3bcd5b9af8,10, #615E51
3740448d7b3bcd5b9af8,9, #9F9989
3740448d7b3bcd5b9af8,1, #424036
3740448d7b3bcd5b9af8,38,#DAD2BF
3740448d7b3bcd5b9af8,14, #B6AE9D
374130de497d2452063b,23, #757165
374130de497d2452063b,13, #AAA492
374130de497d2452063b,12,#E8E2CD
374130de497d2452063b,27, #C9C2AC
374130de497d2452063b,4, #32322D
374130de497d2452063b,17, #4E4C44
374299c9d129d19be337,1, #A8A299
374299c9d129d19be337,21, #F0ECDD
374299c9d129d19be337,52,#CDC9B9
374299c9d129d19be337,4, #86848B
374299c9d129d19be337,8, #48403D
374299c9d129d19be337,9, #4A5072
374299c9d129d19be337,2, #2D2825
3743c047d267961c399a,3, #69562F
3743c047d267961c399a,5, #796D49
3743c047d267961c399a,80,#181105
3743c047d267961c399a,3, #433616
3743c047d267961c399a,5, #A49266
3743c047d267961c399a,1, #C3BD8F
3743c047d267961c399a,0, #DEDAAD
3748d8a0fd2981ddfc9f,8, #988D7D
3748d8a0fd2981ddfc9f,5, #837360
3748d8a0fd2981ddfc9f,8, #604F40
3748d8a0fd2981ddfc9f,64, #F4F0E5
3748d8a0fd2981ddfc9f,6, #BDAC94
3748d8a0fd2981ddfc9f,7,#D7CAB0
3772cd5174fd30bd3aaf,5, #2A2521
3772cd5174fd30bd3aaf,9, #C8C4B7
3772cd5174fd30bd3aaf,19, #B4AD94
3772cd5174fd30bd3aaf,22, #6F6559
3772cd5174fd30bd3aaf,34,#938A79
3772cd5174fd30bd3aaf,1, #E1E0DB
3772cd5174fd30bd3aaf,6, #4F4841
377944e89370eebc4e37,14, #736F65
377944e89370eebc4e37,15, #3E3C36
377944e89370eebc4e37,37, #EAE5D4
377944e89370eebc4e37,15, #C7BFAE
377944e89370eebc4e37,8,#FCFBF4
377944e89370eebc4e37,9, #9C978B
377c948622d50a427eb8,1, #B3A16E
377c948622d50a427eb8,72,#110C03
377c948622d50a427eb8,2, #E3DDBB
377c948622d50a427eb8,5, #CDBA87
377c948622d50a427eb8,2, #5C4A20
377c948622d50a427eb8,10, #342808
377c948622d50a427eb8,4, #8C7848
377d2e31e27c8a876c7f,0, #A2986F
377d2e31e27c8a876c7f,2, #8F7F57
377d2e31e27c8a876c7f,4, #563D20
377d2e31e27c8a876c7f,2, #7D5E38
377d2e31e27c8a876c7f,20, #332616
377d2e31e27c8a876c7f,70,#140F07
377d2e31e27c8a876c7f,0, #5D5338
37811b0318bf9409a095,6,#F4F1E2
37811b0318bf9409a095,5, #3B3A32
37811b0318bf9409a095,8, #99968A
37811b0318bf9409a095,64, #D6D1C5
37811b0318bf9409a095,7, #B5B1A4
37811b0318bf9409a095,8, #737165
378f30af8c315cc97f3d,10, #A19785
378f30af8c315cc97f3d,17, #857969
378f30af8c315cc97f3d,16, #BBB39D
378f30af8c315cc97f3d,14, #6C5B4B
378f30af8c315cc97f3d,16,#DCD8C1
378f30af8c315cc97f3d,24, #4E3B2E
37921ad63965ca7c75b1,17, #7A6341
37921ad63965ca7c75b1,21, #5A462D
37921ad63965ca7c75b1,1, #2F261D
37921ad63965ca7c75b1,11, #CCC6AB
37921ad63965ca7c75b1,18, #887C60
37921ad63965ca7c75b1,29,#AA9F86
37930c79bf0bf8ccd6a2,15,#F5EFE0
37930c79bf0bf8ccd6a2,15, #5F5D52
37930c79bf0bf8ccd6a2,33, #CAC5B8
37930c79bf0bf8ccd6a2,2, #413F37
37930c79bf0bf8ccd6a2,15, #A29E91
37930c79bf0bf8ccd6a2,17, #817E71
3797124ddbcca5feefe8,9, #D8CEC2
3797124ddbcca5feefe8,9, #494946
3797124ddbcca5feefe8,8, #7C5B4C
3797124ddbcca5feefe8,7,#F8F7F4
3797124ddbcca5feefe8,21, #BEA484
3797124ddbcca5feefe8,43, #867373
379965ba7e8b648e4133,1, #917E6F
379965ba7e8b648e4133,0, #7E624E
379965ba7e8b648e4133,0,#A99C8E
379965ba7e8b648e4133,6, #C3BAA8
379965ba7e8b648e4133,89, #EBE4CF
379965ba7e8b648e4133,0, #674329
379f9f10084e776e9f1e,11, #29241A
379f9f10084e776e9f1e,11, #897E5E
379f9f10084e776e9f1e,24,#51402B
379f9f10084e776e9f1e,23, #665E44
379f9f10084e776e9f1e,9, #836A48
379f9f10084e776e9f1e,6, #707358
379f9f10084e776e9f1e,13, #A19574
37a5e9d4717da1b56070,3, #8D7D6F
37a5e9d4717da1b56070,26,#302C29
37a5e9d4717da1b56070,11, #6F655B
37a5e9d4717da1b56070,8, #AFA699
37a5e9d4717da1b56070,2, #9F9284
37a5e9d4717da1b56070,22, #53483F
37a5e9d4717da1b56070,24, #101110
37b4d912f5227324c464,37,#3C3B24
37b4d912f5227324c464,15, #916943
37b4d912f5227324c464,14, #8F895F
37b4d912f5227324c464,10, #CDC286
37b4d912f5227324c464,9, #EFF4EB
37b4d912f5227324c464,4, #D5D9C6
37b4d912f5227324c464,6, #15180F
37b59ebccff7bb7428f0,20, #AB957E
37b59ebccff7bb7428f0,3, #4E473F
37b59ebccff7bb7428f0,21, #DBCCB8
37b59ebccff7bb7428f0,31,#F7F2E5
37b59ebccff7bb7428f0,11, #806D5C
37b59ebccff7bb7428f0,11, #C7B099
37b67e136a97b73ad114,4, #C2B179
37b67e136a97b73ad114,2, #534427
37b67e136a97b73ad114,4, #988652
37b67e136a97b73ad114,11, #302918
37b67e136a97b73ad114,73,#0D0B07
37b67e136a97b73ad114,3, #7B6635
37ba9e43f44f699a267f,12, #1A140D
37ba9e43f44f699a267f,8, #7D7853
37ba9e43f44f699a267f,5, #AAA181
37ba9e43f44f699a267f,23, #5C5337
37ba9e43f44f699a267f,14, #DED9C6
37ba9e43f44f699a267f,11, #C6C0B1
37ba9e43f44f699a267f,24,#3A3421
37bcdef2347864073cc3,7, #A29E9A
37bcdef2347864073cc3,50, #776F6D
37bcdef2347864073cc3,19, #564948
37bcdef2347864073cc3,6, #CDCAC2
37bcdef2347864073cc3,5,#F7F6F3
37bcdef2347864073cc3,10, #392D29
37cfb22e7267fbf4d0d3,10, #8F8979
37cfb22e7267fbf4d0d3,7, #ABA694
37cfb22e7267fbf4d0d3,36, #D5CFBC
37cfb22e7267fbf4d0d3,3, #565143
37cfb22e7267fbf4d0d3,37,#F9F7EF
37cfb22e7267fbf4d0d3,0, #353228
37cfb22e7267fbf4d0d3,4, #736E5D
37d7f043c6adf3d6a555,11,#EDE6D8
37d7f043c6adf3d6a555,14, #B1ACA1
37d7f043c6adf3d6a555,20, #969388
37d7f043c6adf3d6a555,12, #42413A
37d7f043c6adf3d6a555,26, #6E6B62
37d7f043c6adf3d6a555,13, #CEC8BB
37da38ad4855b9d834b1,5, #D8D2BE
37da38ad4855b9d834b1,6, #9E9887
37da38ad4855b9d834b1,75,#F1EDDA
37da38ad4855b9d834b1,8, #736E5C
37da38ad4855b9d834b1,2, #49453A
37da38ad4855b9d834b1,1, #BCB6A3
37e0e34155511edaaa15,4, #404038
37e0e34155511edaaa15,2,#FBFAF5
37e0e34155511edaaa15,20, #E3DED0
37e0e34155511edaaa15,14, #C3BEB1
37e0e34155511edaaa15,24, #5F5E51
37e0e34155511edaaa15,33, #949184
37e9a0b04ad60a2cbc31,13, #94784C
37e9a0b04ad60a2cbc31,5,#C8B584
37e9a0b04ad60a2cbc31,10, #474439
37e9a0b04ad60a2cbc31,27, #1A1814
37e9a0b04ad60a2cbc31,41, #783A0F
37e9a0b04ad60a2cbc31,2, #E3DDBC
37f812ad9f7b5cb3015f,10, #BFB7A1
37f812ad9f7b5cb3015f,5, #989484
37f812ad9f7b5cb3015f,74, #E7E0C9
37f812ad9f7b5cb3015f,1, #3A392F
37f812ad9f7b5cb3015f,3,#787466
37f812ad9f7b5cb3015f,4, #5C5A4D
37fc534fd909e7369363,0, #25231D
37fc534fd909e7369363,17, #C0C0B6
37fc534fd909e7369363,2, #4C4036
37fc534fd909e7369363,15,#A4A39D
37fc534fd909e7369363,37, #696159
37fc534fd909e7369363,27, #888581
37fe0dc169024aa0ecc3,7, #C4BEAE
37fe0dc169024aa0ecc3,3, #7D7565
37fe0dc169024aa0ecc3,13, #F7F5EC
37fe0dc169024aa0ecc3,55,#DED7C4
37fe0dc169024aa0ecc3,2, #2F2519
37fe0dc169024aa0ecc3,13, #A09682
37fe0dc169024aa0ecc3,4, #5A5346
380189d4fe54af0c5d8c,47, #9D8F75
380189d4fe54af0c5d8c,23, #8A7353
380189d4fe54af0c5d8c,6,#FBF9F5
380189d4fe54af0c5d8c,11, #C3B394
380189d4fe54af0c5d8c,2, #E2DAC8
380189d4fe54af0c5d8c,7, #70573B
381b8217af4fbdd9c98c,7, #928470
381b8217af4fbdd9c98c,4, #E7E6E0
381b8217af4fbdd9c98c,6, #796957
381b8217af4fbdd9c98c,58,#C7C4B3
381b8217af4fbdd9c98c,7, #61503F
381b8217af4fbdd9c98c,8, #9F9A8E
381b8217af4fbdd9c98c,7, #FBFBFA
381c251e41b1e3a53622,2, #E7E2CE
381c251e41b1e3a53622,11, #B6AE97
381c251e41b1e3a53622,8, #918C7C
381c251e41b1e3a53622,23, #D3CBB3
381c251e41b1e3a53622,28,#44423C
381c251e41b1e3a53622,14, #726D61
381c251e41b1e3a53622,11, #FAF9F3
3824635ff527d9238a25,18, #C3B596
3824635ff527d9238a25,21,#F7F7F4
3824635ff527d9238a25,23, #A59A86
3824635ff527d9238a25,13, #D7CFB6
3824635ff527d9238a25,16, #877762
3824635ff527d9238a25,5, #715F4E
38297fe59c890866a9d9,21, #2A1F0F
38297fe59c890866a9d9,13, #6C4C2B
38297fe59c890866a9d9,0, #CBC7B1
38297fe59c890866a9d9,3, #7A6B4A
38297fe59c890866a9d9,56,#4D3A22
38297fe59c890866a9d9,1, #9F8C6C
38297fe59c890866a9d9,1, #B5A588
3829c1abfcf761e0b17f,25, #3F3D36
3829c1abfcf761e0b17f,7, #AAA79A
3829c1abfcf761e0b17f,16, #D5D1C0
3829c1abfcf761e0b17f,28, #5E5B53
3829c1abfcf761e0b17f,1,#FAF7E8
3829c1abfcf761e0b17f,21, #807D74
382fd12eb772e5affe5c,17, #B3AC9F
382fd12eb772e5affe5c,10, #7F7A70
382fd12eb772e5affe5c,9, #9C978B
382fd12eb772e5affe5c,8, #605D55
382fd12eb772e5affe5c,9, #F3E9D5
382fd12eb772e5affe5c,19, #403E39
382fd12eb772e5affe5c,24,#D2C9B9
3834029c7f0a6af81a68,24, #ADA48F
3834029c7f0a6af81a68,8, #4B4538
3834029c7f0a6af81a68,13, #786F5D
3834029c7f0a6af81a68,41, #E2D6BD
3834029c7f0a6af81a68,7,#F9F9F6
3834029c7f0a6af81a68,3, #2C2920
3842c14fe60f835c4c3e,0,#FEFEF5
3842c14fe60f835c4c3e,62, #EEE6D9
3842c14fe60f835c4c3e,13, #7E7970
3842c14fe60f835c4c3e,12, #A6A196
3842c14fe60f835c4c3e,6, #CDC5BA
3842c14fe60f835c4c3e,3, #5A554F
385541beae0e3b516e73,5, #A7A69C
385541beae0e3b516e73,20, #CCCABC
385541beae0e3b516e73,27,#5E5752
385541beae0e3b516e73,5, #F4F4ED
385541beae0e3b516e73,24, #84817B
385541beae0e3b516e73,4, #2C2119
385541beae0e3b516e73,12, #483C36
38565538fe41665f7c30,12, #ABA38D
38565538fe41665f7c30,5, #322E26
38565538fe41665f7c30,12, #827B68
38565538fe41665f7c30,9,#FAF7E7
38565538fe41665f7c30,42, #D4CCB4
38565538fe41665f7c30,16, #564F41
385a1f771241e5ee7299,71,#2E2D26
385a1f771241e5ee7299,1, #8F8671
385a1f771241e5ee7299,8, #181712
385a1f771241e5ee7299,1, #726148
385a1f771241e5ee7299,0, #AB9D80
385a1f771241e5ee7299,11, #534C3F
385a1f771241e5ee7299,4, #867357
3861210dbf834f270fa9,1,#655735
3861210dbf834f270fa9,0, #9C8F67
3861210dbf834f270fa9,0, #867045
3861210dbf834f270fa9,38, #3E2E1D
3861210dbf834f270fa9,2, #6E381A
3861210dbf834f270fa9,56, #1D1710
38635ddd0300a9430762,2, #9B814E
38635ddd0300a9430762,35, #4A3C27
38635ddd0300a9430762,57,#1A1713
38635ddd0300a9430762,0, #646249
38635ddd0300a9430762,0, #C2BA8B
38635ddd0300a9430762,2, #7E521B
38635ddd0300a9430762,0, #C39A59
386f78f919d64c669349,37, #DDDED3
386f78f919d64c669349,46, #BFBBA8
386f78f919d64c669349,8, #968D76
386f78f919d64c669349,7, #847456
386f78f919d64c669349,0, #595546
386f78f919d64c669349,0,#2F2410
3872d4cc6fafe478185c,25, #928C78
3872d4cc6fafe478185c,27,#F8F8F3
3872d4cc6fafe478185c,25, #BAB49A
3872d4cc6fafe478185c,3, #5B584A
3872d4cc6fafe478185c,7, #E0DBC2
3872d4cc6fafe478185c,11, #74705D
38757bb6bd132c05e5c7,10, #979387
38757bb6bd132c05e5c7,7, #565348
38757bb6bd132c05e5c7,2, #38362D
38757bb6bd132c05e5c7,5, #747064
38757bb6bd132c05e5c7,36, #C8C3B6
38757bb6bd132c05e5c7,37,#F7F2E3
387d02ccdcc1e7b9d1cc,6, #D9CCB0
387d02ccdcc1e7b9d1cc,3, #746F58
387d02ccdcc1e7b9d1cc,8, #A79E84
387d02ccdcc1e7b9d1cc,2, #4B4D3B
387d02ccdcc1e7b9d1cc,0, #162216
387d02ccdcc1e7b9d1cc,77,#F8F2DC
387dc043bb1ee6eb2003,16,#BEB8A2
387dc043bb1ee6eb2003,11, #7A7460
387dc043bb1ee6eb2003,8, #9B9582
387dc043bb1ee6eb2003,10, #373021
387dc043bb1ee6eb2003,12, #59523E
387dc043bb1ee6eb2003,41, #EBE3CA
387df5f5f406885b19c0,2, #867564
387df5f5f406885b19c0,0, #8A5E4A
387df5f5f406885b19c0,30, #DFCFBA
387df5f5f406885b19c0,2, #A79E8F
387df5f5f406885b19c0,46,#F2E6D5
387df5f5f406885b19c0,4, #B0826B
387df5f5f406885b19c0,14, #C8B39C
38901833c795c44ab6b9,2,#C9B58C
38901833c795c44ab6b9,0, #E2D2AB
38901833c795c44ab6b9,5, #242218
38901833c795c44ab6b9,29, #7D7345
38901833c795c44ab6b9,53, #59462A
38901833c795c44ab6b9,9, #A79254
389022de5ccc7ce48076,27,#D6D3B2
389022de5ccc7ce48076,7, #4B4838
389022de5ccc7ce48076,2, #262821
389022de5ccc7ce48076,13, #908260
389022de5ccc7ce48076,42, #B4AF8E
389022de5ccc7ce48076,5, #79583D
38913f49370a9baa6061,5, #414037
38913f49370a9baa6061,3,#FAF5D2
38913f49370a9baa6061,27, #6C695D
38913f49370a9baa6061,31, #D6CEB7
38913f49370a9baa6061,21, #9B9588
38913f49370a9baa6061,11, #B5AEA0
389172ae37629831a823,3,#F1E4D9
389172ae37629831a823,4, #966042
389172ae37629831a823,18, #977B6A
389172ae37629831a823,54, #DFCFC2
389172ae37629831a823,6, #D2B7A4
389172ae37629831a823,12, #C29E88
38923536930c1b54d1be,20, #7C756B
38923536930c1b54d1be,9,#F6EFDF
38923536930c1b54d1be,26, #56524A
38923536930c1b54d1be,6, #A79F91
38923536930c1b54d1be,3, #D7CEBD
38923536930c1b54d1be,33, #383632
389ef272dca0afbfbf29,65,#F6F3E8
389ef272dca0afbfbf29,2, #BEB69F
389ef272dca0afbfbf29,3, #807B6B
389ef272dca0afbfbf29,0, #544F40
389ef272dca0afbfbf29,0, #6C6757
389ef272dca0afbfbf29,8, #A19984
389ef272dca0afbfbf29,18, #DCD4BC
38a355193720c9ccab80,26, #4C4C51
38a355193720c9ccab80,2, #A7A8AE
38a355193720c9ccab80,59,#26272A
38a355193720c9ccab80,2, #C4C6CF
38a355193720c9ccab80,1, #DFE1EC
38a355193720c9ccab80,3, #717176
38a355193720c9ccab80,3, #89898F
38a653da2825ae335038,80, #453020
38a653da2825ae335038,13, #7B674B
38a653da2825ae335038,0, #D2CDC0
38a653da2825ae335038,2,#060606
38a653da2825ae335038,2, #ACA08C
38a653da2825ae335038,0, #F0EFEB
38ac50350cc7843b6f71,5, #C3B58B
38ac50350cc7843b6f71,15, #8D7A4F
38ac50350cc7843b6f71,13,#14110C
38ac50350cc7843b6f71,3, #E2DCC7
38ac50350cc7843b6f71,45, #372E21
38ac50350cc7843b6f71,16, #794227
38b7c2e409928663aa12,1, #A89568
38b7c2e409928663aa12,23, #4A4432
38b7c2e409928663aa12,4, #62563A
38b7c2e409928663aa12,0, #D3B473
38b7c2e409928663aa12,66,#2B2920
38b7c2e409928663aa12,4, #7E6B44
38b94c5aa4888432b27e,6, #5F493C
38b94c5aa4888432b27e,11,#EBEAE5
38b94c5aa4888432b27e,11, #9F968D
38b94c5aa4888432b27e,6, #837467
38b94c5aa4888432b27e,62, #C0BBAC
38b94c5aa4888432b27e,1, #41281D
38be17e095c06a8d0f32,34, #B1B8AF
38be17e095c06a8d0f32,18, #8094A1
38be17e095c06a8d0f32,0,#4E4B43
38be17e095c06a8d0f32,0, #7F7C6F
38be17e095c06a8d0f32,42, #4E708D
38be17e095c06a8d0f32,3, #DCDAC3
38cd40997292b53f3087,21, #BAB6AB
38cd40997292b53f3087,21, #636259
38cd40997292b53f3087,9, #3A3A33
38cd40997292b53f3087,19, #DDD9CC
38cd40997292b53f3087,23, #959388
38cd40997292b53f3087,4,#FBFAF5
38ce1a52701603e9c73d,37,#C3BDA7
38ce1a52701603e9c73d,3, #28241E
38ce1a52701603e9c73d,8, #686457
38ce1a52701603e9c73d,7, #827E6E
38ce1a52701603e9c73d,5, #4D493D
38ce1a52701603e9c73d,27, #DBD5C0
38ce1a52701603e9c73d,9, #A29D89
38ce67cceb918aab2afe,30,#F9F7DC
38ce67cceb918aab2afe,11, #7E7D68
38ce67cceb918aab2afe,19, #DED7B7
38ce67cceb918aab2afe,4, #1D2017
38ce67cceb918aab2afe,17, #ADA991
38ce67cceb918aab2afe,16, #4D4E3F
38d53c57b831a871cbaf,6, #7C6845
38d53c57b831a871cbaf,2, #A58758
38d53c57b831a871cbaf,0, #DDD1AA
38d53c57b831a871cbaf,6, #68371B
38d53c57b831a871cbaf,16, #080806
38d53c57b831a871cbaf,6, #47524B
38d53c57b831a871cbaf,60,#302214
38d576d8496e17c373c2,1, #F8F6ED
38d576d8496e17c373c2,2,#B5ABA2
38d576d8496e17c373c2,21, #3A241E
38d576d8496e17c373c2,19, #624F47
38d576d8496e17c373c2,40, #DAD1C1
38d576d8496e17c373c2,14, #8F8179
38d7b85baf60bec3ebcd,60, #F8F5EC
38d7b85baf60bec3ebcd,1, #716D5D
38d7b85baf60bec3ebcd,34,#E0D8C6
38d7b85baf60bec3ebcd,1, #9A9585
38d7b85baf60bec3ebcd,0, #5A5649
38d7b85baf60bec3ebcd,1, #C3B99E
38d83005f5dc9a2c41ed,25, #595950
38d83005f5dc9a2c41ed,20, #828278
38d83005f5dc9a2c41ed,14,#EBE9D3
38d83005f5dc9a2c41ed,12, #A7A699
38d83005f5dc9a2c41ed,20, #34352D
38d83005f5dc9a2c41ed,6, #C2C1B1
38d9e14c6145f2119092,21, #332520
38d9e14c6145f2119092,22, #807163
38d9e14c6145f2119092,19, #B7AB98
38d9e14c6145f2119092,1,#F5F3EE
38d9e14c6145f2119092,5, #DCD6CF
38d9e14c6145f2119092,29, #56483C
38e483969518ee9c8e1a,13, #63553A
38e483969518ee9c8e1a,9, #392916
38e483969518ee9c8e1a,13, #807457
38e483969518ee9c8e1a,12,#D5CEB0
38e483969518ee9c8e1a,24, #BFB696
38e483969518ee9c8e1a,25, #A19777
38e801a09131181e5eaf,64,#1F1A12
38e801a09131181e5eaf,0, #E2E1DC
38e801a09131181e5eaf,12, #7C6648
38e801a09131181e5eaf,6, #57432B
38e801a09131181e5eaf,11, #B68943
38e801a09131181e5eaf,3, #D3C4A2
38e801a09131181e5eaf,1, #8D8B84
38ea4c7c3ddce2c2ef13,5, #78766C
38ea4c7c3ddce2c2ef13,9, #57554D
38ea4c7c3ddce2c2ef13,2, #32312B
38ea4c7c3ddce2c2ef13,26, #A19E94
38ea4c7c3ddce2c2ef13,37, #D3CFC3
38ea4c7c3ddce2c2ef13,18,#F2EEE2
38f32f0b60f843abdc05,24,#1A1917
38f32f0b60f843abdc05,21, #D0CFD3
38f32f0b60f843abdc05,7, #565555
38f32f0b60f843abdc05,18, #9A9A9C
38f32f0b60f843abdc05,10, #747374
38f32f0b60f843abdc05,17, #393837
38f67983a3c055717c3b,10, #C9C8C1
38f67983a3c055717c3b,4, #F0DDAA
38f67983a3c055717c3b,2, #18130D
38f67983a3c055717c3b,16, #5E5037
38f67983a3c055717c3b,26, #C4B48B
38f67983a3c055717c3b,5, #3F3424
38f67983a3c055717c3b,33,#998A66
38f86e0f11d52fdb909a,4, #998D6D
38f86e0f11d52fdb909a,13, #3A2C1E
38f86e0f11d52fdb909a,0, #B3A78A
38f86e0f11d52fdb909a,30, #7D6147
38f86e0f11d52fdb909a,50,#EAE9DE
38f86e0f11d52fdb909a,0, #C6C5B4
3900ec45a6db1f751290,14, #5B574B
3900ec45a6db1f751290,3, #3C3931
3900ec45a6db1f751290,39,#F3F2EA
3900ec45a6db1f751290,8, #A7A293
3900ec45a6db1f751290,20, #837E70
3900ec45a6db1f751290,14, #C9C5B6
39033e534933531e9d22,19, #A09993
39033e534933531e9d22,1,#F9F5EF
39033e534933531e9d22,10, #534D4D
39033e534933531e9d22,19, #BCB4AC
39033e534933531e9d22,22, #DAD1C7
39033e534933531e9d22,25, #7E7875
39061234f9d734df8a90,11, #737062
39061234f9d734df8a90,29, #B6B19F
39061234f9d734df8a90,46, #E0D8C4
39061234f9d734df8a90,0,#FCF7E2
39061234f9d734df8a90,1, #4B493F
39061234f9d734df8a90,10, #969181
390a4fa41ef66a567ed7,20, #BBB69F
390a4fa41ef66a567ed7,23,#A79B79
390a4fa41ef66a567ed7,18, #8F8466
390a4fa41ef66a567ed7,11, #352B1F
390a4fa41ef66a567ed7,0, #D7D2B6
390a4fa41ef66a567ed7,15, #5D4F37
390a4fa41ef66a567ed7,9, #756C54
390b2140349c2d3ba72d,47, #0C0B07
390b2140349c2d3ba72d,15, #A09469
390b2140349c2d3ba72d,23, #423D2C
390b2140349c2d3ba72d,3, #F2EED7
390b2140349c2d3ba72d,4,#6D6244
390b2140349c2d3ba72d,5, #C3BA95
391090b2fbaad055cb1f,7, #AA9D91
391090b2fbaad055cb1f,5, #81726A
391090b2fbaad055cb1f,0, #DAAF8A
391090b2fbaad055cb1f,2, #545251
391090b2fbaad055cb1f,60,#F8F3E7
391090b2fbaad055cb1f,24, #D5CEC4
3910fb7af705c818b1f7,70,#F7F2ED
3910fb7af705c818b1f7,7, #AC9886
3910fb7af705c818b1f7,9, #D3CEC5
3910fb7af705c818b1f7,1, #524F4B
3910fb7af705c818b1f7,7, #816F65
3910fb7af705c818b1f7,3, #C1B7A9
39134fbc5378b779f1c7,7, #585246
39134fbc5378b779f1c7,12, #978D7B
39134fbc5378b779f1c7,4, #3A362F
39134fbc5378b779f1c7,14, #B9AF9C
39134fbc5378b779f1c7,39,#DCD2BC
39134fbc5378b779f1c7,10, #786F5F
39134fbc5378b779f1c7,10, #F5EAD4
391540526c35ce74f289,18, #666257
391540526c35ce74f289,21, #908B7F
391540526c35ce74f289,23, #3B3932
391540526c35ce74f289,14, #B4AEA2
391540526c35ce74f289,20, #DBD3C4
391540526c35ce74f289,1,#FCF3E0
392d3ba05df1480c4197,38,#2F2A23
392d3ba05df1480c4197,4, #D1C298
392d3ba05df1480c4197,11, #0A0C07
392d3ba05df1480c4197,20, #5D523D
392d3ba05df1480c4197,11, #787058
392d3ba05df1480c4197,13, #9E916F
392d3ba05df1480c4197,1, #F6EFCB
393006c440f3ac8ae4cb,5, #A89E8A
393006c440f3ac8ae4cb,2, #3F2B1D
393006c440f3ac8ae4cb,41, #CDC7AD
393006c440f3ac8ae4cb,15, #8D7F6C
393006c440f3ac8ae4cb,21, #6F5945
393006c440f3ac8ae4cb,13,#EEEEDD
3934f7eadc2f81cc1cf3,2, #95938A
3934f7eadc2f81cc1cf3,3, #B1AEA6
3934f7eadc2f81cc1cf3,0, #77776D
3934f7eadc2f81cc1cf3,21, #D2CFC6
3934f7eadc2f81cc1cf3,71, #F7F5EA
3934f7eadc2f81cc1cf3,0,#5E5F55
39365c92ab434b0c0a96,0, #35352D
39365c92ab434b0c0a96,67, #F0EADD
39365c92ab434b0c0a96,11,#CAC6BA
39365c92ab434b0c0a96,8, #A9A69A
39365c92ab434b0c0a96,5, #848176
39365c92ab434b0c0a96,5, #5A594F
393b7127911a4eb06927,27, #524135
393b7127911a4eb06927,8, #DDD8C6
393b7127911a4eb06927,17, #B6AD98
393b7127911a4eb06927,14,#F8F7EC
393b7127911a4eb06927,6, #847663
393b7127911a4eb06927,25, #2B201B
394bd7b76e111ba3cf59,11, #59574B
394bd7b76e111ba3cf59,15, #A49F8D
394bd7b76e111ba3cf59,14, #7C7869
394bd7b76e111ba3cf59,0, #3F3C35
394bd7b76e111ba3cf59,15, #C7C2B0
394bd7b76e111ba3cf59,41,#EDE9D4
394cf5656752907fc52a,2, #9F9287
394cf5656752907fc52a,38, #E3D1C2
394cf5656752907fc52a,2, #73665B
394cf5656752907fc52a,3, #887B70
394cf5656752907fc52a,5, #5A4D47
394cf5656752907fc52a,45,#BFAFA0
394cf5656752907fc52a,1, #3D312C
39566f2b1483679935a2,26, #686351
39566f2b1483679935a2,11, #948C70
39566f2b1483679935a2,15, #46443A
39566f2b1483679935a2,1,#D8CEAF
39566f2b1483679935a2,0, #EFE9CE
39566f2b1483679935a2,43, #BAAF90
39573f42ddf1c80ae2b6,13, #B3AF9E
39573f42ddf1c80ae2b6,56, #676660
39573f42ddf1c80ae2b6,14, #98846B
39573f42ddf1c80ae2b6,1,#FEFDEB
39573f42ddf1c80ae2b6,13, #E7E0CB
39573f42ddf1c80ae2b6,0, #3D3B33
395af67cc117db799b11,10,#3B3B29
395af67cc117db799b11,5, #CDB874
395af67cc117db799b11,0, #DFD090
395af67cc117db799b11,30, #876447
395af67cc117db799b11,18, #A39567
395af67cc117db799b11,34, #5D5E42
395b80f5b1bf732f5f44,18, #77746B
395b80f5b1bf732f5f44,7, #CDC8B9
395b80f5b1bf732f5f44,11, #A39F93
395b80f5b1bf732f5f44,12, #393933
395b80f5b1bf732f5f44,15,#F4EFE0
395b80f5b1bf732f5f44,33, #52514A
3968f942f01d1975b433,40, #B8B1A5
3968f942f01d1975b433,5, #30261F
3968f942f01d1975b433,11,#E5E1D5
3968f942f01d1975b433,6, #4F443A
3968f942f01d1975b433,21, #898076
3968f942f01d1975b433,15, #6D6257
3983d63a9ab86afcfca2,19, #D6D3C4
3983d63a9ab86afcfca2,11, #A7A496
3983d63a9ab86afcfca2,7, #C1BEB0
3983d63a9ab86afcfca2,1, #504F42
3983d63a9ab86afcfca2,7, #8C897B
3983d63a9ab86afcfca2,2, #716F61
3983d63a9ab86afcfca2,50,#F6F4EA
3995b91d9855a6e0ee3d,17, #D9D3C0
3995b91d9855a6e0ee3d,11, #3A3931
3995b91d9855a6e0ee3d,8, #C2BCAA
3995b91d9855a6e0ee3d,26,#F4F2E5
3995b91d9855a6e0ee3d,7, #857F6F
3995b91d9855a6e0ee3d,16, #A49F8D
3995b91d9855a6e0ee3d,11, #625D50
3998accb15d3457cc075,2, #998771
3998accb15d3457cc075,24, #49392B
3998accb15d3457cc075,2, #655442
3998accb15d3457cc075,62,#181612
3998accb15d3457cc075,2, #7F6E59
3998accb15d3457cc075,4, #BFB297
3998accb15d3457cc075,0, #D9D8C5
399d5d301329f8c4101f,25, #42423B
399d5d301329f8c4101f,0, #C6C3B2
399d5d301329f8c4101f,0, #DDDACA
399d5d301329f8c4101f,6, #A4A190
399d5d301329f8c4101f,29, #7F7D6E
399d5d301329f8c4101f,3, #F7F6ED
399d5d301329f8c4101f,33,#626156
39a66946416ac717305d,45, #C9BCAA
39a66946416ac717305d,11, #463229
39a66946416ac717305d,25, #6A4F41
39a66946416ac717305d,7, #8A7565
39a66946416ac717305d,6,#EEE6D7
39a66946416ac717305d,4, #A89685
39a6ed533da94a8aaa74,20, #E7E6D5
39a6ed533da94a8aaa74,27, #95846C
39a6ed533da94a8aaa74,4,#5B604E
39a6ed533da94a8aaa74,28, #BCB998
39a6ed533da94a8aaa74,17, #2A2923
39a6ed533da94a8aaa74,0, #822C38
39a7e7778c11f63c2d89,15, #B4B1A7
39a7e7778c11f63c2d89,1, #31322C
39a7e7778c11f63c2d89,47, #DCD9CF
39a7e7778c11f63c2d89,15,#F9F7EF
39a7e7778c11f63c2d89,8, #51524A
39a7e7778c11f63c2d89,11, #807F74
39a7f1b56e785f9333aa,0,#FEF9EC
39a7f1b56e785f9333aa,13, #CBBFAB
39a7f1b56e785f9333aa,19, #6A6159
39a7f1b56e785f9333aa,33, #9C9385
39a7f1b56e785f9333aa,27, #3D3733
39a7f1b56e785f9333aa,5, #ECDEC7
39a7ffd82d0788d432d6,5,#C2BAA4
39a7ffd82d0788d432d6,13, #62544D
39a7ffd82d0788d432d6,20, #221610
39a7ffd82d0788d432d6,31, #3F312A
39a7ffd82d0788d432d6,5, #92877B
39a7ffd82d0788d432d6,24, #EDE8D1
39a8bc9f8fa2a7244b2b,29, #201F20
39a8bc9f8fa2a7244b2b,30,#E4E2E3
39a8bc9f8fa2a7244b2b,23, #7D7C7F
39a8bc9f8fa2a7244b2b,6, #B6B5BA
39a8bc9f8fa2a7244b2b,0, #C55544
39a8bc9f8fa2a7244b2b,9, #454446
39b5f5fd53188efbea4b,38,#302B14
39b5f5fd53188efbea4b,24, #40422A
39b5f5fd53188efbea4b,11, #18130B
39b5f5fd53188efbea4b,19, #575925
39b5f5fd53188efbea4b,0, #93913C
39b5f5fd53188efbea4b,5, #757427
39b5f5fd53188efbea4b,0, #6D6C48
39b998e1323c44f2ed84,5, #999088
39b998e1323c44f2ed84,4, #7A716B
39b998e1323c44f2ed84,1, #2C2828
39b998e1323c44f2ed84,6, #554E4B
39b998e1323c44f2ed84,77, #E3D4C7
39b998e1323c44f2ed84,4,#B8AEA3
39ca40e4554e186ebad4,9, #BAB5A2
39ca40e4554e186ebad4,20, #757163
39ca40e4554e186ebad4,20,#F9F6E5
39ca40e4554e186ebad4,7, #D8D3BF
39ca40e4554e186ebad4,26, #979282
39ca40e4554e186ebad4,15, #4D493F
39cc27641a36b8b8e86a,15, #797465
39cc27641a36b8b8e86a,14, #504D43
39cc27641a36b8b8e86a,0, #FDFCF8
39cc27641a36b8b8e86a,38, #C5BDA9
39cc27641a36b8b8e86a,28, #979181
39cc27641a36b8b8e86a,1,#ECE4D0
39d199725028c85082f6,12,#AAA07D
39d199725028c85082f6,21, #CEC49A
39d199725028c85082f6,11, #8B7749
39d199725028c85082f6,22, #393127
39d199725028c85082f6,19, #E7DCB0
39d199725028c85082f6,12, #62543B
39e45997ef2ba379c435,22, #9C968A
39e45997ef2ba379c435,2,#F9F3DF
39e45997ef2ba379c435,17, #756F64
39e45997ef2ba379c435,7, #E3DCCA
39e45997ef2ba379c435,47, #C2BBAD
39e45997ef2ba379c435,2, #514D43
39e62d131e6633420f19,7, #B2AB9A
39e62d131e6633420f19,16, #7A7668
39e62d131e6633420f19,17, #534F45
39e62d131e6633420f19,9, #989283
39e62d131e6633420f19,15, #C6BFAE
39e62d131e6633420f19,24,#DAD2BC
39e62d131e6633420f19,9, #EDE6CE
39e9f2ddb85498b1b4b3,20, #0B0C09
39e9f2ddb85498b1b4b3,1, #837955
39e9f2ddb85498b1b4b3,2, #716138
39e9f2ddb85498b1b4b3,53,#292B21
39e9f2ddb85498b1b4b3,0, #C0B98C
39e9f2ddb85498b1b4b3,0, #A89E72
39e9f2ddb85498b1b4b3,21, #4D4925
39ec1ccd38becc87aaf6,15, #A7998E
39ec1ccd38becc87aaf6,0,#FBF6E7
39ec1ccd38becc87aaf6,9, #C6BEB2
39ec1ccd38becc87aaf6,37, #DFDACA
39ec1ccd38becc87aaf6,15, #674228
39ec1ccd38becc87aaf6,21, #806B58
39f4b62c048efc132037,24,#A69260
39f4b62c048efc132037,12, #4D3E2B
39f4b62c048efc132037,4, #0C0D0F
39f4b62c048efc132037,20, #C7B47F
39f4b62c048efc132037,19, #796640
39f4b62c048efc132037,3, #E4D09E
39f4b62c048efc132037,13, #2F2419
39fc4db8362da102572e,7, #E0D9BE
39fc4db8362da102572e,61, #9C9988
39fc4db8362da102572e,8, #4A4E46
39fc4db8362da102572e,6,#FDFDF2
39fc4db8362da102572e,11, #6B6E63
39fc4db8362da102572e,5, #232A20
39fdbb347f4e24f29d1d,0, #26231C
39fdbb347f4e24f29d1d,19, #B0AE9F
39fdbb347f4e24f29d1d,22, #555448
39fdbb347f4e24f29d1d,16, #838175
39fdbb347f4e24f29d1d,19,#FAF8E6
39fdbb347f4e24f29d1d,20, #DBD7C4
39fdffb10b6f6f9a8aaa,43, #CBC4AE
39fdffb10b6f6f9a8aaa,3, #6C563A
39fdffb10b6f6f9a8aaa,8, #817055
39fdffb10b6f6f9a8aaa,2, #B0A58E
39fdffb10b6f6f9a8aaa,6, #9A8C72
39fdffb10b6f6f9a8aaa,35,#EAE5D1
3a0015c73cefd8e1c118,5, #A08770
3a0015c73cefd8e1c118,13, #CCBFA1
3a0015c73cefd8e1c118,0, #F0EBDA
3a0015c73cefd8e1c118,3, #4A463B
3a0015c73cefd8e1c118,56,#E2D8BD
3a0015c73cefd8e1c118,12, #8C6753
3a0015c73cefd8e1c118,8, #B8A68A
3a19376d4bd90fd5a2c7,15, #A7A48D
3a19376d4bd90fd5a2c7,20, #8B856E
3a19376d4bd90fd5a2c7,0, #BFBB9C
3a19376d4bd90fd5a2c7,14, #5D523B
3a19376d4bd90fd5a2c7,2, #7A6844
3a19376d4bd90fd5a2c7,28,#4C3B24
3a19376d4bd90fd5a2c7,18, #322517
3a1ac55146d966b703c1,15, #B67A66
3a1ac55146d966b703c1,4, #888E77
3a1ac55146d966b703c1,21, #8C654F
3a1ac55146d966b703c1,15, #BAAA8B
3a1ac55146d966b703c1,35,#E7DAC9
3a1ac55146d966b703c1,6, #FAF6F5
3a1ac55146d966b703c1,0, #844538
3a1b2aeb5bea1e050134,55,#EDEBDB
3a1b2aeb5bea1e050134,4, #C5BFB2
3a1b2aeb5bea1e050134,9, #473B37
3a1b2aeb5bea1e050134,15, #251C19
3a1b2aeb5bea1e050134,9, #9B9289
3a1b2aeb5bea1e050134,5, #6F655F
3a1fa8420293d4c3f06a,1, #D7B47C
3a1fa8420293d4c3f06a,13, #AF8C47
3a1fa8420293d4c3f06a,18, #4B3D28
3a1fa8420293d4c3f06a,0, #9D3923
3a1fa8420293d4c3f06a,0, #DBD8B9
3a1fa8420293d4c3f06a,38,#725C34
3a1fa8420293d4c3f06a,26, #23211C
3a20c72b8dd57d6912f4,19, #46443B
3a20c72b8dd57d6912f4,2, #C6C1B3
3a20c72b8dd57d6912f4,7, #AAA69A
3a20c72b8dd57d6912f4,17, #676353
3a20c72b8dd57d6912f4,25,#F7F4E9
3a20c72b8dd57d6912f4,13, #868272
3a20c72b8dd57d6912f4,13, #E0D9C8
3a20cd6a6fe6c9c6c41a,38, #C0BDB1
3a20cd6a6fe6c9c6c41a,2,#EFECDB
3a20cd6a6fe6c9c6c41a,20, #8D8682
3a20cd6a6fe6c9c6c41a,6, #130A09
3a20cd6a6fe6c9c6c41a,22, #3A2F2D
3a20cd6a6fe6c9c6c41a,10, #635A58
3a260d501ae29f49d3f1,0, #FCF9E5
3a260d501ae29f49d3f1,13, #EBE5D1
3a260d501ae29f49d3f1,19, #787466
3a260d501ae29f49d3f1,27,#C8C3B2
3a260d501ae29f49d3f1,15, #ABA797
3a260d501ae29f49d3f1,6, #585548
3a260d501ae29f49d3f1,16, #928E80
3a2b31ebc176202b1476,0,#FEFEFA
3a2b31ebc176202b1476,23, #6E695B
3a2b31ebc176202b1476,41, #E4DFCC
3a2b31ebc176202b1476,11, #BFBAA9
3a2b31ebc176202b1476,4, #3D3C34
3a2b31ebc176202b1476,18, #9D988A
3a2e4d03c80225aef09f,12,#211D14
3a2e4d03c80225aef09f,0, #64685E
3a2e4d03c80225aef09f,36, #5A331F
3a2e4d03c80225aef09f,29, #71572C
3a2e4d03c80225aef09f,13, #877C5D
3a2e4d03c80225aef09f,7, #BFA062
3a34a4739ed019984489,19, #C9C5B2
3a34a4739ed019984489,16, #ABA695
3a34a4739ed019984489,3, #F5F3E9
3a34a4739ed019984489,23,#8E8B7C
3a34a4739ed019984489,6, #E0DCC9
3a34a4739ed019984489,20, #706D61
3a34a4739ed019984489,10, #4B4941
3a3ddef3d320f950bb16,4, #988E72
3a3ddef3d320f950bb16,3, #776A5F
3a3ddef3d320f950bb16,3, #483935
3a3ddef3d320f950bb16,3, #B5AE9B
3a3ddef3d320f950bb16,24, #1B1010
3a3ddef3d320f950bb16,47,#F0EEE7
3a3ddef3d320f950bb16,12, #CEC7B5
3a4f59f3582999ff705c,7, #918A78
3a4f59f3582999ff705c,3, #FBF6E2
3a4f59f3582999ff705c,71,#E5DBC9
3a4f59f3582999ff705c,7, #B3AC99
3a4f59f3582999ff705c,1, #756F5C
3a4f59f3582999ff705c,7, #CBC2B0
3a4f59f3582999ff705c,0, #565140
3a52fb0d34d171c3931c,26, #979381
3a52fb0d34d171c3931c,4, #555549
3a52fb0d34d171c3931c,39,#E7E1CD
3a52fb0d34d171c3931c,1, #373831
3a52fb0d34d171c3931c,12, #C3BCA9
3a52fb0d34d171c3931c,15, #706E5F
3a68f43cc746cbf6d0d7,6, #9F957E
3a68f43cc746cbf6d0d7,10, #685B40
3a68f43cc746cbf6d0d7,4, #867C63
3a68f43cc746cbf6d0d7,28, #D7CEBB
3a68f43cc746cbf6d0d7,3, #F6F4EF
3a68f43cc746cbf6d0d7,36,#302517
3a68f43cc746cbf6d0d7,10, #BEAF92
3a6c8d74e824c12d0710,52,#372C1B
3a6c8d74e824c12d0710,24, #13100B
3a6c8d74e824c12d0710,5, #614B22
3a6c8d74e824c12d0710,9, #6D5B40
3a6c8d74e824c12d0710,8, #8E7A57
3a6c8d74e824c12d0710,0, #99967A
3a6c8d74e824c12d0710,0, #AD8E63
3a703b1551a7bfaf911e,13, #9A8A59
3a703b1551a7bfaf911e,1, #A1A18E
3a703b1551a7bfaf911e,3, #BEAA6E
3a703b1551a7bfaf911e,30, #413D2E
3a703b1551a7bfaf911e,17, #211C13
3a703b1551a7bfaf911e,0, #CAC8B0
3a703b1551a7bfaf911e,34,#7C5C3E
3a78b9468191e2abea03,11, #C5BFAA
3a78b9468191e2abea03,10, #706A59
3a78b9468191e2abea03,4, #34322A
3a78b9468191e2abea03,9, #514C3F
3a78b9468191e2abea03,10, #979181
3a78b9468191e2abea03,0, #FFFFFC
3a78b9468191e2abea03,52,#E8E2CD
3a81d538d43c92e59246,29, #4E3318
3a81d538d43c92e59246,36,#180F07
3a81d538d43c92e59246,0, #E1E6DD
3a81d538d43c92e59246,9, #A9A390
3a81d538d43c92e59246,12, #827C67
3a81d538d43c92e59246,12, #705536
3a82ef886d6ed42fa4f0,1, #EFE39D
3a82ef886d6ed42fa4f0,3, #CDCECE
3a82ef886d6ed42fa4f0,13, #BFB588
3a82ef886d6ed42fa4f0,23, #807D60
3a82ef886d6ed42fa4f0,9, #F4F5F5
3a82ef886d6ed42fa4f0,38,#181815
3a82ef886d6ed42fa4f0,10, #53513F
3a8577943f76cf6cd7ca,31,#51453B
3a8577943f76cf6cd7ca,26, #29201C
3a8577943f76cf6cd7ca,18, #756859
3a8577943f76cf6cd7ca,6, #B6AE96
3a8577943f76cf6cd7ca,8, #968E7E
3a8577943f76cf6cd7ca,4, #D5D0B7
3a8577943f76cf6cd7ca,4, #EDECE3
3a85e97a55175b57a803,8, #706D62
3a85e97a55175b57a803,18, #F7F6EE
3a85e97a55175b57a803,19, #A4A196
3a85e97a55175b57a803,3, #4C493F
3a85e97a55175b57a803,8, #878479
3a85e97a55175b57a803,31,#DCD9CD
3a85e97a55175b57a803,10, #BFBCB1
3a86259e5ac796e638eb,64,#F8F8F4
3a86259e5ac796e638eb,16, #DEDCD0
3a86259e5ac796e638eb,9, #C7C5B5
3a86259e5ac796e638eb,2, #97968C
3a86259e5ac796e638eb,2, #ABAA9F
3a86259e5ac796e638eb,3, #78776C
3a86259e5ac796e638eb,1, #565449
3a89de13cbd1240b563c,13, #61584C
3a89de13cbd1240b563c,13, #928879
3a89de13cbd1240b563c,22, #DACEB8
3a89de13cbd1240b563c,34,#EFE8D7
3a89de13cbd1240b563c,9, #BAAF9B
3a89de13cbd1240b563c,5, #35302A
3a89de13cbd1240b563c,0, #FEFEFD
3a8e1e413aa390656ca4,17, #F9F5EA
3a8e1e413aa390656ca4,15, #A19988
3a8e1e413aa390656ca4,8, #C4BCA8
3a8e1e413aa390656ca4,11, #423C36
3a8e1e413aa390656ca4,24,#DED5C0
3a8e1e413aa390656ca4,10, #80796B
3a8e1e413aa390656ca4,10, #696257
3a8e4c5414e4131cf271,12, #7E7D80
3a8e4c5414e4131cf271,33,#DFDEE1
3a8e4c5414e4131cf271,0, #CC5243
3a8e4c5414e4131cf271,34, #4E4D4F
3a8e4c5414e4131cf271,8, #ABAAAF
3a8e4c5414e4131cf271,11, #141414
3a91552533e996b8216d,2, #7B674C
3a91552533e996b8216d,19, #928470
3a91552533e996b8216d,51, #BBB19D
3a91552533e996b8216d,21, #E1DAC5
3a91552533e996b8216d,3,#FAF8F1
3a91552533e996b8216d,0, #5F452C
3a98b8a6572bce992a20,9, #BBB49F
3a98b8a6572bce992a20,10, #67562E
3a98b8a6572bce992a20,5, #DBD7CC
3a98b8a6572bce992a20,42, #9D9477
3a98b8a6572bce992a20,2,#FAF8F0
3a98b8a6572bce992a20,29, #807148
3a9aa4ccf32fb9fb6d80,18, #7F7A69
3a9aa4ccf32fb9fb6d80,10, #DDD8C2
3a9aa4ccf32fb9fb6d80,10, #C3BEA9
3a9aa4ccf32fb9fb6d80,0, #433F35
3a9aa4ccf32fb9fb6d80,18, #A5A18D
3a9aa4ccf32fb9fb6d80,27,#F7F6EB
3a9aa4ccf32fb9fb6d80,13, #5D5A4C
3aa087d9e4b98f4cdcc5,38, #3C301E
3aa087d9e4b98f4cdcc5,3, #6E5D3A
3aa087d9e4b98f4cdcc5,57,#16120C
3aa087d9e4b98f4cdcc5,0, #8D8059
3aa087d9e4b98f4cdcc5,0, #A79567
3aa087d9e4b98f4cdcc5,0, #BBB082
3aaa266473c04d01bc46,30,#DDD8C8
3aaa266473c04d01bc46,4, #33332A
3aaa266473c04d01bc46,16, #7F7C71
3aaa266473c04d01bc46,8, #F6F4EA
3aaa266473c04d01bc46,14, #57564C
3aaa266473c04d01bc46,12, #A29E91
3aaa266473c04d01bc46,11, #BFBBAD
3aae0794b7f7c3b13d1f,0, #FEFEFE
3aae0794b7f7c3b13d1f,3, #847C70
3aae0794b7f7c3b13d1f,3, #645D53
3aae0794b7f7c3b13d1f,64,#EEE9D9
3aae0794b7f7c3b13d1f,1, #3C3731
3aae0794b7f7c3b13d1f,19, #C6BFAF
3aae0794b7f7c3b13d1f,7, #9E978B
3ab19e7de243ab9c6c78,22,#73503F
3ab19e7de243ab9c6c78,19, #A7997B
3ab19e7de243ab9c6c78,20, #44352B
3ab19e7de243ab9c6c78,11, #817666
3ab19e7de243ab9c6c78,7, #C3B692
3ab19e7de243ab9c6c78,0, #DDD4B6
3ab19e7de243ab9c6c78,17, #1B1714
3ab3cb1d3093904ecd5a,16, #F8F5E9
3ab3cb1d3093904ecd5a,25, #C0AE8C
3ab3cb1d3093904ecd5a,38, #DCD1B9
3ab3cb1d3093904ecd5a,0,#65533D
3ab3cb1d3093904ecd5a,16, #96866A
3ab3cb1d3093904ecd5a,2, #7D684A
3ab62fa94aba7d75ea03,9, #6D6956
3ab62fa94aba7d75ea03,4, #332C18
3ab62fa94aba7d75ea03,7, #484634
3ab62fa94aba7d75ea03,4, #9A9782
3ab62fa94aba7d75ea03,1, #AFB19E
3ab62fa94aba7d75ea03,0, #6C572C
3ab62fa94aba7d75ea03,73,#110F09
3abbb376c2fa105707a9,15, #AFA99F
3abbb376c2fa105707a9,24, #5D5951
3abbb376c2fa105707a9,24, #807B73
3abbb376c2fa105707a9,11, #DAD3C6
3abbb376c2fa105707a9,22, #3D3A33
3abbb376c2fa105707a9,2,#F3EDDF
3abbffe70a967770560c,15, #E3DED2
3abbffe70a967770560c,14, #A69B89
3abbffe70a967770560c,54, #3D3934
3abbffe70a967770560c,0,#FEFDF8
3abbffe70a967770560c,2, #CCC0AC
3abbffe70a967770560c,12, #6D6253
3abd03b3597173a313ac,2,#E7DEC1
3abd03b3597173a313ac,11, #928C7A
3abd03b3597173a313ac,7, #747061
3abd03b3597173a313ac,1, #575448
3abd03b3597173a313ac,11, #ABA48F
3abd03b3597173a313ac,66, #CAC1A8
3accb50b2f8a2a472d5c,0, #5C644E
3accb50b2f8a2a472d5c,3, #AE986A
3accb50b2f8a2a472d5c,2, #937D4F
3accb50b2f8a2a472d5c,77,#30200F
3accb50b2f8a2a472d5c,1, #CBBC8B
3accb50b2f8a2a472d5c,3, #796538
3accb50b2f8a2a472d5c,12, #594326
3ad0bc40a9fb03ee51d0,15, #5F544F
3ad0bc40a9fb03ee51d0,14, #A09790
3ad0bc40a9fb03ee51d0,19, #ECE8D7
3ad0bc40a9fb03ee51d0,9,#817871
3ad0bc40a9fb03ee51d0,27, #312722
3ad0bc40a9fb03ee51d0,12, #BFB6A9
3ad0d2e960502b899783,8, #66605B
3ad0d2e960502b899783,19, #C8C0B1
3ad0d2e960502b899783,1, #363231
3ad0d2e960502b899783,17, #A7A096
3ad0d2e960502b899783,10, #8A847B
3ad0d2e960502b899783,41,#F3EBDA
3ad1f5c666bf6165b14e,12, #D7D2C6
3ad1f5c666bf6165b14e,14, #848077
3ad1f5c666bf6165b14e,35,#F6F4EA
3ad1f5c666bf6165b14e,17, #615E55
3ad1f5c666bf6165b14e,18, #ADA89E
3ad1f5c666bf6165b14e,3, #3B3930
3ad35d5b9428c2ce081f,40, #908882
3ad35d5b9428c2ce081f,22, #625A59
3ad35d5b9428c2ce081f,14, #E2D7CB
3ad35d5b9428c2ce081f,17, #C0B7AD
3ad35d5b9428c2ce081f,3, #3D3738
3ad35d5b9428c2ce081f,2,#FDFAF6
3ae3da15146d3582974b,13, #C0B5A2
3ae3da15146d3582974b,3,#F9F6EE
3ae3da15146d3582974b,21, #A2998A
3ae3da15146d3582974b,9, #DED3BE
3ae3da15146d3582974b,18, #504942
3ae3da15146d3582974b,33, #7B7366
3ae6430644e62d02e695,5,#928E80
3ae6430644e62d02e695,2, #B3AE9D
3ae6430644e62d02e695,6, #D8D1BD
3ae6430644e62d02e695,0, #F9F6E7
3ae6430644e62d02e695,72, #373730
3ae6430644e62d02e695,12, #6F6B60
3ae8be83f2afa5fa278c,33, #9B8F7C
3ae8be83f2afa5fa278c,21, #786A57
3ae8be83f2afa5fa278c,8,#FBF9F3
3ae8be83f2afa5fa278c,10, #E2D7BE
3ae8be83f2afa5fa278c,12, #4B4036
3ae8be83f2afa5fa278c,13, #C4B59D
3af280ec2e6583007164,22, #3E331B
3af280ec2e6583007164,7, #B49E62
3af280ec2e6583007164,41, #787C60
3af280ec2e6583007164,10, #1D1B18
3af280ec2e6583007164,18, #685123
3af280ec2e6583007164,0,#CBB87F
3aff716615ffba7a647f,11, #C0BAAA
3aff716615ffba7a647f,0,#FEFCE4
3aff716615ffba7a647f,1, #2C2C25
3aff716615ffba7a647f,29, #E1DBC8
3aff716615ffba7a647f,31, #5F5F53
3aff716615ffba7a647f,26, #969384
3affc76d94fd3fdfbed8,10, #68523A
3affc76d94fd3fdfbed8,55, #241F14
3affc76d94fd3fdfbed8,32, #493A2C
3affc76d94fd3fdfbed8,0, #9C8457
3affc76d94fd3fdfbed8,0, #85744D
3affc76d94fd3fdfbed8,0,#B09968
3b01d8c82ec9849c931b,4, #935D5A
3b01d8c82ec9849c931b,13,#F7ECDA
3b01d8c82ec9849c931b,15, #959790
3b01d8c82ec9849c931b,0, #507C92
3b01d8c82ec9849c931b,30, #622F35
3b01d8c82ec9849c931b,35, #DEC296
3b0b8122af7057a4156a,25, #40392A
3b0b8122af7057a4156a,4, #C0AF73
3b0b8122af7057a4156a,4, #8E8359
3b0b8122af7057a4156a,50,#211E19
3b0b8122af7057a4156a,1, #D3CEA7
3b0b8122af7057a4156a,12, #686045
3b1089451cc3fc129eb3,13, #938760
3b1089451cc3fc129eb3,2, #CBC19A
3b1089451cc3fc129eb3,50, #23211A
3b1089451cc3fc129eb3,14, #B6AA83
3b1089451cc3fc129eb3,8, #696242
3b1089451cc3fc129eb3,10,#4B422A
3b1fd5ec3cfac49f5b80,14, #5C5D46
3b1fd5ec3cfac49f5b80,6, #8D835B
3b1fd5ec3cfac49f5b80,65,#1E170E
3b1fd5ec3cfac49f5b80,6, #D2C492
3b1fd5ec3cfac49f5b80,3, #ABA17D
3b1fd5ec3cfac49f5b80,3, #EAE6BA
3b208e4c3d3c004cc4d8,9, #948875
3b208e4c3d3c004cc4d8,3, #3D2216
3b208e4c3d3c004cc4d8,11, #604936
3b208e4c3d3c004cc4d8,2, #F1EAD2
3b208e4c3d3c004cc4d8,15, #AFA38C
3b208e4c3d3c004cc4d8,11, #806E5A
3b208e4c3d3c004cc4d8,45,#D1C8AD
3b222425461affabed75,12, #785F50
3b222425461affabed75,8, #8E7D70
3b222425461affabed75,16, #513A2F
3b222425461affabed75,3, #A8978A
3b222425461affabed75,19,#EBE5D8
3b222425461affabed75,39, #CBBEAB
3b2f055b3465c903b302,62,#E2D6C6
3b2f055b3465c903b302,13, #FCF5EE
3b2f055b3465c903b302,2, #968A7A
3b2f055b3465c903b302,0, #757069
3b2f055b3465c903b302,3, #B3A188
3b2f055b3465c903b302,5, #C3B49F
3b2f055b3465c903b302,11, #DDC5A8
3b371a49f7cf8333c47c,35, #5E5B40
3b371a49f7cf8333c47c,29, #C3BC86
3b371a49f7cf8333c47c,9, #312F20
3b371a49f7cf8333c47c,8, #8B855D
3b371a49f7cf8333c47c,6,#AAA26F
3b371a49f7cf8333c47c,11, #DCD5A4
3b37d25142d25aaea53d,21, #5B5951
3b37d25142d25aaea53d,56, #C1BBAB
3b37d25142d25aaea53d,1, #EEEBDF
3b37d25142d25aaea53d,8,#7B786E
3b37d25142d25aaea53d,3, #393935
3b37d25142d25aaea53d,7, #9A968A
3b47952c504661bb9449,7,#161617
3b47952c504661bb9449,23, #979579
3b47952c504661bb9449,14, #36322A
3b47952c504661bb9449,31, #CEC296
3b47952c504661bb9449,10, #534F41
3b47952c504661bb9449,13, #78765E
3b47de3a4f1e2cf5cd2a,11, #22221A
3b47de3a4f1e2cf5cd2a,17, #8E8471
3b47de3a4f1e2cf5cd2a,51, #B1A798
3b47de3a4f1e2cf5cd2a,1, #C9C3B1
3b47de3a4f1e2cf5cd2a,9, #4E4738
3b47de3a4f1e2cf5cd2a,8,#6E6655
3b4969fac9d3aae2ff61,6, #A18043
3b4969fac9d3aae2ff61,3, #7C2B1F
3b4969fac9d3aae2ff61,3, #C7B280
3b4969fac9d3aae2ff61,19,#7F5F31
3b4969fac9d3aae2ff61,40, #514026
3b4969fac9d3aae2ff61,26, #2D1A11
3b49ab6e1b2056742128,50,#DCD1B2
3b49ab6e1b2056742128,20, #C0B49A
3b49ab6e1b2056742128,3, #584538
3b49ab6e1b2056742128,14, #A29683
3b49ab6e1b2056742128,0, #FBEDD1
3b49ab6e1b2056742128,7, #7C6C5C
3b49ab6e1b2056742128,2, #36261E
3b4b8231da64caaec73f,26, #D0C0B0
3b4b8231da64caaec73f,5, #443B35
3b4b8231da64caaec73f,2,#F9F5EC
3b4b8231da64caaec73f,14, #EBD9C9
3b4b8231da64caaec73f,17, #70655B
3b4b8231da64caaec73f,33, #A19688
3b4bd26c69b9daae051e,0, #C8C5AF
3b4bd26c69b9daae051e,1, #060606
3b4bd26c69b9daae051e,3, #918563
3b4bd26c69b9daae051e,89, #3A3B34
3b4bd26c69b9daae051e,2, #B5A47E
3b4bd26c69b9daae051e,3,#806A42
3b4eef642ea1e2d5cf42,3, #ACA295
3b4eef642ea1e2d5cf42,2, #D9D3C4
3b4eef642ea1e2d5cf42,35, #68574E
3b4eef642ea1e2d5cf42,43, #37251D
3b4eef642ea1e2d5cf42,0,#FCF8E6
3b4eef642ea1e2d5cf42,12, #8C8075
3b5132eebb348c02c1d5,2, #8C8061
3b5132eebb348c02c1d5,0, #B4A88D
3b5132eebb348c02c1d5,2, #6D6249
3b5132eebb348c02c1d5,0, #A39677
3b5132eebb348c02c1d5,84,#0F0D08
3b5132eebb348c02c1d5,3, #5C4C30
3b5132eebb348c02c1d5,5, #362D1E
3b5347a960878e3fdeb3,14, #928D7A
3b5347a960878e3fdeb3,28, #6E6A5B
3b5347a960878e3fdeb3,20, #48483D
3b5347a960878e3fdeb3,26, #D9D1B9
3b5347a960878e3fdeb3,10, #AFA996
3b5347a960878e3fdeb3,0,#FEFDE9
3b57c63d603ff6949ede,3, #75746C
3b57c63d603ff6949ede,0, #595953
3b57c63d603ff6949ede,75,#F3F0E4
3b57c63d603ff6949ede,7, #D3D0C5
3b57c63d603ff6949ede,5, #9D9B92
3b57c63d603ff6949ede,7, #B8B5AB
3b58226a2adf23b93c77,25, #5C594D
3b58226a2adf23b93c77,25, #C4B8A1
3b58226a2adf23b93c77,16, #817B6B
3b58226a2adf23b93c77,18, #A19A88
3b58226a2adf23b93c77,8,#EFEBE1
3b58226a2adf23b93c77,6, #3C3933
3b5fe91c268199e2d785,8, #F6F4E9
3b5fe91c268199e2d785,14, #E0DBC6
3b5fe91c268199e2d785,1, #423F36
3b5fe91c268199e2d785,24,#7E796A
3b5fe91c268199e2d785,12, #A49E8F
3b5fe91c268199e2d785,18, #5A564A
3b5fe91c268199e2d785,20, #C0BAA8
3b6d8c878c5d89a0ec1c,6, #F9F5EB
3b6d8c878c5d89a0ec1c,7, #A9A398
3b6d8c878c5d89a0ec1c,13, #C9C2B6
3b6d8c878c5d89a0ec1c,33,#5F5B53
3b6d8c878c5d89a0ec1c,12, #868077
3b6d8c878c5d89a0ec1c,5, #3B3731
3b6d8c878c5d89a0ec1c,20, #E5DED3
3b70db7627df90a22ab6,12, #7C776C
3b70db7627df90a22ab6,51, #D4CEBC
3b70db7627df90a22ab6,14, #A6A093
3b70db7627df90a22ab6,2, #3B3830
3b70db7627df90a22ab6,11,#F9F6EC
3b70db7627df90a22ab6,6, #5C584E
3b737b7eb1842cc8626f,20, #A1A19C
3b737b7eb1842cc8626f,3, #50514A
3b737b7eb1842cc8626f,10, #E0DFD5
3b737b7eb1842cc8626f,15, #777872
3b737b7eb1842cc8626f,3, #363630
3b737b7eb1842cc8626f,32,#F8F8F5
3b737b7eb1842cc8626f,15, #C8C4B5
3b7ca8858e6c7e2524e7,14, #858276
3b7ca8858e6c7e2524e7,21, #3D3C37
3b7ca8858e6c7e2524e7,29, #615F55
3b7ca8858e6c7e2524e7,6, #A09C90
3b7ca8858e6c7e2524e7,10, #C0BBAE
3b7ca8858e6c7e2524e7,19,#E9E3D2
3b8327c4de31b3d3d48b,75, #40322F
3b8327c4de31b3d3d48b,2, #5D6B6A
3b8327c4de31b3d3d48b,0, #BBB7AC
3b8327c4de31b3d3d48b,3, #9A8B75
3b8327c4de31b3d3d48b,14,#0F0F0C
3b8327c4de31b3d3d48b,2, #7F6946
3b9243a7aa5000852544,4, #60594E
3b9243a7aa5000852544,5, #857F71
3b9243a7aa5000852544,12, #C8C1B0
3b9243a7aa5000852544,8, #A7A091
3b9243a7aa5000852544,1, #3A372F
3b9243a7aa5000852544,68,#EFE9D5
3b9de47c12f2436e9841,6, #75746F
3b9de47c12f2436e9841,9, #F8F7F1
3b9de47c12f2436e9841,17, #4E4C48
3b9de47c12f2436e9841,5, #A8A8A2
3b9de47c12f2436e9841,11, #D3D1C9
3b9de47c12f2436e9841,44,#231F1C
3b9de47c12f2436e9841,5, #8E8D88
3ba520f888e8e94fbf6e,7, #D8D1BD
3ba520f888e8e94fbf6e,14, #2B281D
3ba520f888e8e94fbf6e,8, #969285
3ba520f888e8e94fbf6e,19, #B1AEA0
3ba520f888e8e94fbf6e,19,#615E51
3ba520f888e8e94fbf6e,12, #807D6F
3ba520f888e8e94fbf6e,18, #484437
3bb051c64681a5ddf442,14, #A8A28A
3bb051c64681a5ddf442,12, #444238
3bb051c64681a5ddf442,15, #807A67
3bb051c64681a5ddf442,12,#F8F5DE
3bb051c64681a5ddf442,12, #635E4F
3bb051c64681a5ddf442,32, #D7CFB3
3bbb2095d2f8898250cb,6, #AA986E
3bbb2095d2f8898250cb,19, #6F573D
3bbb2095d2f8898250cb,52,#C2BB9D
3bbb2095d2f8898250cb,0, #736E5E
3bbb2095d2f8898250cb,0, #E0D7B8
3bbb2095d2f8898250cb,17, #3C362B
3bbb2095d2f8898250cb,3, #96815A
3bbbf0ace084b401da2b,61, #DCD6C7
3bbbf0ace084b401da2b,4, #666559
3bbbf0ace084b401da2b,6, #3A3A32
3bbbf0ace084b401da2b,8,#888579
3bbbf0ace084b401da2b,3, #F9F4E4
3bbbf0ace084b401da2b,16, #B1AD9F
3bbff230d62feeb9a71a,30,#0A0906
3bbff230d62feeb9a71a,26, #9B815C
3bbff230d62feeb9a71a,2, #C7AF8A
3bbff230d62feeb9a71a,20, #755D3E
3bbff230d62feeb9a71a,0, #E8D6AE
3bbff230d62feeb9a71a,19, #37302E
3bbff230d62feeb9a71a,0, #F6EDD2
3bc3d65fb7ed43fea4bf,4,#706647
3bc3d65fb7ed43fea4bf,3, #4A4227
3bc3d65fb7ed43fea4bf,29, #E5DDBD
3bc3d65fb7ed43fea4bf,24, #9E9065
3bc3d65fb7ed43fea4bf,0, #1B180B
3bc3d65fb7ed43fea4bf,38, #B5AC8A
3bc695e19054983a1091,4,#FCF6D9
3bc695e19054983a1091,54, #D0C7A7
3bc695e19054983a1091,18, #111B18
3bc695e19054983a1091,16, #4A534C
3bc695e19054983a1091,1, #777764
3bc695e19054983a1091,5, #B68C70
3bc86cc607b5b337840a,53,#1C1911
3bc86cc607b5b337840a,6, #41301A
3bc86cc607b5b337840a,4, #C0B791
3bc86cc607b5b337840a,8, #715936
3bc86cc607b5b337840a,7, #A29673
3bc86cc607b5b337840a,7, #8D774F
3bc86cc607b5b337840a,10, #50452E
3bcbc91d77292a8d23ad,8, #434137
3bcbc91d77292a8d23ad,15, #837F72
3bcbc91d77292a8d23ad,17, #D0CCBC
3bcbc91d77292a8d23ad,16,#F2EEDC
3bcbc91d77292a8d23ad,22, #A5A193
3bcbc91d77292a8d23ad,19, #686558
3bd33943e5ec257c5e2a,5, #515B4F
3bd33943e5ec257c5e2a,42,#FAF7E5
3bd33943e5ec257c5e2a,26, #D1CCB8
3bd33943e5ec257c5e2a,10, #B6AB8F
3bd33943e5ec257c5e2a,10, #858370
3bd33943e5ec257c5e2a,4, #1F2B21
3bddb52f8231fd1de483,6, #2F2A24
3bddb52f8231fd1de483,25, #DFD8C5
3bddb52f8231fd1de483,8, #73674E
3bddb52f8231fd1de483,9, #A39876
3bddb52f8231fd1de483,7, #4D4437
3bddb52f8231fd1de483,0, #F7F1E2
3bddb52f8231fd1de483,41,#C9BE9D
3bde9d51a7143786e743,7,#847E72
3bde9d51a7143786e743,5, #C1BEB1
3bde9d51a7143786e743,12, #A29E96
3bde9d51a7143786e743,15, #635E53
3bde9d51a7143786e743,52, #443E33
3bde9d51a7143786e743,5, #DDD8C5
3bdf158d2ccf36e65046,1, #F9F3E3
3bdf158d2ccf36e65046,14, #ABA69B
3bdf158d2ccf36e65046,16, #868278
3bdf158d2ccf36e65046,30,#CFC9BE
3bdf158d2ccf36e65046,24, #4D4A43
3bdf158d2ccf36e65046,3, #33312B
3bdf158d2ccf36e65046,10, #6B685E
3be0eb546e546a93e2a9,0, #B4AC94
3be0eb546e546a93e2a9,10, #4B493E
3be0eb546e546a93e2a9,1, #837E6B
3be0eb546e546a93e2a9,1, #9A947F
3be0eb546e546a93e2a9,6, #6C6858
3be0eb546e546a93e2a9,1, #CFC4A5
3be0eb546e546a93e2a9,78,#F2EACC
3be106277088c86001ee,7,#F7F6ED
3be106277088c86001ee,20, #38281C
3be106277088c86001ee,32, #5A4939
3be106277088c86001ee,6, #BDB19B
3be106277088c86001ee,26, #8A7E6C
3be106277088c86001ee,7, #DED8C4
3be6906c146a7bc7e715,6, #403D37
3be6906c146a7bc7e715,3, #979183
3be6906c146a7bc7e715,48,#DDD6C3
3be6906c146a7bc7e715,7, #757064
3be6906c146a7bc7e715,22, #F8F6E9
3be6906c146a7bc7e715,7, #B5AD9B
3be6906c146a7bc7e715,4, #565249
3beea5fdfc994c124564,48, #46423B
3beea5fdfc994c124564,1,#D0C6B0
3beea5fdfc994c124564,2, #B8AC94
3beea5fdfc994c124564,15, #F1EEE2
3beea5fdfc994c124564,11, #958A78
3beea5fdfc994c124564,21, #736653
3bf70bd19c6267e88e9a,51, #27221C
3bf70bd19c6267e88e9a,0,#B9AD97
3bf70bd19c6267e88e9a,0, #0A0B06
3bf70bd19c6267e88e9a,26, #55472B
3bf70bd19c6267e88e9a,14, #6A6350
3bf70bd19c6267e88e9a,6, #958A6E
3bfd4db58133c4456e80,31, #D6D0B5
3bfd4db58133c4456e80,14, #736554
3bfd4db58133c4456e80,10, #554738
3bfd4db58133c4456e80,28,#EFECD7
3bfd4db58133c4456e80,1, #C1B697
3bfd4db58133c4456e80,14, #9D937C
3c01ce3cae40ff810062,13, #859FAC
3c01ce3cae40ff810062,20, #DBDAC7
3c01ce3cae40ff810062,25, #AABAB9
3c01ce3cae40ff810062,0,#7F7D71
3c01ce3cae40ff810062,28, #66869E
3c01ce3cae40ff810062,10, #496D91
3c03f5bd78630917b21e,8,#090802
3c03f5bd78630917b21e,32, #4D4A3D
3c03f5bd78630917b21e,13, #6D6F5D
3c03f5bd78630917b21e,2, #8D8C7A
3c03f5bd78630917b21e,38, #32270F
3c03f5bd78630917b21e,4, #ADA796
3c087b163c8c61075e15,12, #737369
3c087b163c8c61075e15,2, #383A33
3c087b163c8c61075e15,50,#EBE7DD
3c087b163c8c61075e15,13, #99978C
3c087b163c8c61075e15,15, #BCB9AE
3c087b163c8c61075e15,5, #56564E
3c0c1130242a3d7a5d31,0, #C7CCC4
3c0c1130242a3d7a5d31,0, #8D9995
3c0c1130242a3d7a5d31,0, #F3F5F5
3c0c1130242a3d7a5d31,3,#434E45
3c0c1130242a3d7a5d31,56, #1A1E12
3c0c1130242a3d7a5d31,39, #6A7A74
3c0c4dc99ddd456ffa1b,11, #574E38
3c0c4dc99ddd456ffa1b,1, #DFCEA9
3c0c4dc99ddd456ffa1b,23, #B5B7B2
3c0c4dc99ddd456ffa1b,10, #736952
3c0c4dc99ddd456ffa1b,42,#3B301D
3c0c4dc99ddd456ffa1b,3, #94835A
3c0c4dc99ddd456ffa1b,6, #A3997C
3c1436361e08ce275a48,6, #9C8E78
3c1436361e08ce275a48,24, #D0C1A0
3c1436361e08ce275a48,36,#FAF8F4
3c1436361e08ce275a48,25, #D5D1C3
3c1436361e08ce275a48,2, #BCAA8A
3c1436361e08ce275a48,2, #766656
3c1436361e08ce275a48,0, #5B4D41
3c1ae98d5f80288bc9c4,3, #989FA0
3c1ae98d5f80288bc9c4,0, #907D52
3c1ae98d5f80288bc9c4,23, #5A4827
3c1ae98d5f80288bc9c4,11, #6C726E
3c1ae98d5f80288bc9c4,0, #3A454F
3c1ae98d5f80288bc9c4,1, #B9B9B0
3c1ae98d5f80288bc9c4,58,#231B10
3c1b0fb844fd5278fc1a,2, #83827A
3c1b0fb844fd5278fc1a,2, #68665E
3c1b0fb844fd5278fc1a,79,#EFEEE5
3c1b0fb844fd5278fc1a,2, #48463E
3c1b0fb844fd5278fc1a,4, #C8C6BC
3c1b0fb844fd5278fc1a,7, #A3A29A
3c1c377abd5c21740a20,6, #9E9C94
3c1c377abd5c21740a20,82, #E5E1D9
3c1c377abd5c21740a20,1, #41423B
3c1c377abd5c21740a20,0,#FEFEFA
3c1c377abd5c21740a20,5, #C6C2B9
3c1c377abd5c21740a20,3, #6E6D65
3c2052d775a3985d1115,10, #BAB6A8
3c2052d775a3985d1115,13, #716F63
3c2052d775a3985d1115,3, #58564C
3c2052d775a3985d1115,1, #393830
3c2052d775a3985d1115,18, #928E83
3c2052d775a3985d1115,12, #DAD4C4
3c2052d775a3985d1115,39,#F4F0E0
3c209e4344ac112cb00a,11, #1C1B1B
3c209e4344ac112cb00a,11, #8E8D8E
3c209e4344ac112cb00a,0, #C94F3F
3c209e4344ac112cb00a,30,#F1EEED
3c209e4344ac112cb00a,13, #565556
3c209e4344ac112cb00a,32, #C1BFC1
3c2afa9c3336f12a4c6d,16, #3D3E37
3c2afa9c3336f12a4c6d,19, #6A6B5F
3c2afa9c3336f12a4c6d,10,#929084
3c2afa9c3336f12a4c6d,6, #ACA99E
3c2afa9c3336f12a4c6d,6, #C7C2B7
3c2afa9c3336f12a4c6d,39, #ECE8DD
3c327000bab16d796ab4,3, #765E34
3c327000bab16d796ab4,0, #A99467
3c327000bab16d796ab4,0, #937C4E
3c327000bab16d796ab4,71, #392718
3c327000bab16d796ab4,18, #553E25
3c327000bab16d796ab4,6,#18130B
3c4c68144d38a7dd6c22,43,#DFDBB8
3c4c68144d38a7dd6c22,25, #F3F1E3
3c4c68144d38a7dd6c22,7, #CEC59F
3c4c68144d38a7dd6c22,6, #756751
3c4c68144d38a7dd6c22,7, #B3A686
3c4c68144d38a7dd6c22,3, #493F2E
3c4c68144d38a7dd6c22,5, #928978
3c533a8d7235f4400450,24, #C9BA9D
3c533a8d7235f4400450,15, #A48F73
3c533a8d7235f4400450,17, #836D53
3c533a8d7235f4400450,26, #3D2215
3c533a8d7235f4400450,3,#615342
3c533a8d7235f4400450,11, #503C2C
3c5623ffb4a754c9fac5,8,#170E06
3c5623ffb4a754c9fac5,21, #6F5F46
3c5623ffb4a754c9fac5,9, #413321
3c5623ffb4a754c9fac5,18, #BAAA88
3c5623ffb4a754c9fac5,2, #CDCAA8
3c5623ffb4a754c9fac5,39, #958E75
3c57c73b0503e47948a2,10, #D4CCB7
3c57c73b0503e47948a2,5, #B7B09F
3c57c73b0503e47948a2,38, #EAE4D0
3c57c73b0503e47948a2,1, #7A7768
3c57c73b0503e47948a2,5, #928C7A
3c57c73b0503e47948a2,39,#FBF9F3
3c57c73b0503e47948a2,0, #5D594A
3c5a6c086a9a480716d4,20, #918B71
3c5a6c086a9a480716d4,11, #4B3C29
3c5a6c086a9a480716d4,4, #0F100B
3c5a6c086a9a480716d4,24,#585946
3c5a6c086a9a480716d4,6, #BDBDA4
3c5a6c086a9a480716d4,21, #2A2818
3c5a6c086a9a480716d4,10, #7A735B
3c5a6cd1e8a816439bab,2, #B8953D
3c5a6cd1e8a816439bab,12, #6A5319
3c5a6cd1e8a816439bab,5, #886920
3c5a6cd1e8a816439bab,3, #9F8132
3c5a6cd1e8a816439bab,0, #C5AF5B
3c5a6cd1e8a816439bab,46,#3A2B0B
3c5a6cd1e8a816439bab,29, #201102
3c5e5e6b8eb0d57e9b83,9, #736E62
3c5e5e6b8eb0d57e9b83,21, #959082
3c5e5e6b8eb0d57e9b83,7,#FBFAF6
3c5e5e6b8eb0d57e9b83,23, #E7E2D1
3c5e5e6b8eb0d57e9b83,36, #C5BEAE
3c5e5e6b8eb0d57e9b83,1, #585449
3c60df6598469a1eb65a,2, #6A5940
3c60df6598469a1eb65a,46,#1E1B13
3c60df6598469a1eb65a,6, #514533
3c60df6598469a1eb65a,0, #756D5E
3c60df6598469a1eb65a,1, #957447
3c60df6598469a1eb65a,42, #3C2F1F
3c60df6598469a1eb65a,0, #AE8E59
3c639eae920ee2b77002,4, #978B64
3c639eae920ee2b77002,1, #684D22
3c639eae920ee2b77002,8, #22160C
3c639eae920ee2b77002,23, #453C27
3c639eae920ee2b77002,1, #A19B7B
3c639eae920ee2b77002,42,#6E613F
3c639eae920ee2b77002,17, #392814
3c66ce731f0376fce596,58,#BFB59F
3c66ce731f0376fce596,0, #241B0C
3c66ce731f0376fce596,12, #DFD9C8
3c66ce731f0376fce596,4, #4D493F
3c66ce731f0376fce596,1, #F5F1E3
3c66ce731f0376fce596,10, #6A675C
3c66ce731f0376fce596,12, #948B74
3c6a4ffc8536b109721e,16, #B6AD9A
3c6a4ffc8536b109721e,37, #D9D4CA
3c6a4ffc8536b109721e,14, #88867C
3c6a4ffc8536b109721e,10, #68675D
3c6a4ffc8536b109721e,3,#FBF9F6
3c6a4ffc8536b109721e,17, #383932
3c76fb6a7ea3ac134b91,13, #9B8C69
3c76fb6a7ea3ac134b91,15, #7A7459
3c76fb6a7ea3ac134b91,24, #4A3D27
3c76fb6a7ea3ac134b91,22, #645735
3c76fb6a7ea3ac134b91,16,#32281B
3c76fb6a7ea3ac134b91,7, #B2A37D
3c8270f9e383e09f8df8,4, #B1A992
3c8270f9e383e09f8df8,75, #D4CDB3
3c8270f9e383e09f8df8,6, #8A8371
3c8270f9e383e09f8df8,5,#F5F4E9
3c8270f9e383e09f8df8,4, #655F4F
3c8270f9e383e09f8df8,3, #444035
3c8e41decb084c7fe8bd,13, #696457
3c8e41decb084c7fe8bd,7,#FAFAF7
3c8e41decb084c7fe8bd,53, #DBD4BE
3c8e41decb084c7fe8bd,9, #918D7E
3c8e41decb084c7fe8bd,4, #413F34
3c8e41decb084c7fe8bd,11, #B4AE9B
3c8e82c5934a87b5f4f8,3, #A48B6E
3c8e82c5934a87b5f4f8,33, #0A0A07
3c8e82c5934a87b5f4f8,0, #BBB7A8
3c8e82c5934a87b5f4f8,5, #685D41
3c8e82c5934a87b5f4f8,0, #AEA690
3c8e82c5934a87b5f4f8,53,#3A3622
3c8e82c5934a87b5f4f8,4, #887455
3c923196fe187684a7a5,5, #787568
3c923196fe187684a7a5,5, #A6A393
3c923196fe187684a7a5,62, #D8D4C1
3c923196fe187684a7a5,3, #30302A
3c923196fe187684a7a5,14,#F9F8EA
3c923196fe187684a7a5,9, #504F45
3c9b89270be332a2c86b,17,#FAF8F2
3c9b89270be332a2c86b,10, #938D7F
3c9b89270be332a2c86b,3, #736D5E
3c9b89270be332a2c86b,57, #DED8C7
3c9b89270be332a2c86b,3, #575347
3c9b89270be332a2c86b,7, #B8B1A1
3c9dd865eafb7405a482,13, #9A8C82
3c9dd865eafb7405a482,27, #7C6B68
3c9dd865eafb7405a482,45,#F1F0E9
3c9dd865eafb7405a482,10, #54423C
3c9dd865eafb7405a482,0, #CDCAC6
3c9dd865eafb7405a482,1, #19120D
3c9dd865eafb7405a482,0, #B2ABA7
3c9eaad946bb1723fb04,68, #F8F6EF
3c9eaad946bb1723fb04,9, #B5B1A7
3c9eaad946bb1723fb04,2, #767268
3c9eaad946bb1723fb04,2,#8F8C82
3c9eaad946bb1723fb04,1, #524F44
3c9eaad946bb1723fb04,16, #DBD8CD
3ca7f04a141ebcc8cdb5,6, #807D57
3ca7f04a141ebcc8cdb5,35,#889184
3ca7f04a141ebcc8cdb5,12, #ACA98D
3ca7f04a141ebcc8cdb5,4, #59593C
3ca7f04a141ebcc8cdb5,34, #212116
3ca7f04a141ebcc8cdb5,6, #44422A
3cacd6b1034471e8a727,2,#F9F6EE
3cacd6b1034471e8a727,12, #45322B
3cacd6b1034471e8a727,4, #715647
3cacd6b1034471e8a727,23, #B4A493
3cacd6b1034471e8a727,7, #877669
3cacd6b1034471e8a727,48, #D7CFC3
3cbabc0362810498ec9d,0, #80753D
3cbabc0362810498ec9d,10, #56441C
3cbabc0362810498ec9d,1, #655A2E
3cbabc0362810498ec9d,20, #070C12
3cbabc0362810498ec9d,0, #989155
3cbabc0362810498ec9d,0, #AFA96B
3cbabc0362810498ec9d,66,#41210D
3cbb624de23bd17c4f74,13, #716A5D
3cbb624de23bd17c4f74,21, #D6CBB7
3cbb624de23bd17c4f74,41,#F0E5D1
3cbb624de23bd17c4f74,7, #9B9281
3cbb624de23bd17c4f74,3, #484037
3cbb624de23bd17c4f74,12, #B8AD9B
3cc413f708bf6ce1f74a,4, #787369
3cc413f708bf6ce1f74a,4, #A29C91
3cc413f708bf6ce1f74a,4, #C0B6A4
3cc413f708bf6ce1f74a,9, #DBD4C4
3cc413f708bf6ce1f74a,74,#F6F2E6
3cc413f708bf6ce1f74a,2, #4D4941
3ccc06f90a32dde383c9,3, #7F7455
3ccc06f90a32dde383c9,29, #242117
3ccc06f90a32dde383c9,41,#090A04
3ccc06f90a32dde383c9,3, #5A5746
3ccc06f90a32dde383c9,10, #A39A7C
3ccc06f90a32dde383c9,4, #463E2D
3ccc06f90a32dde383c9,7, #C4BE9D
3ccf26927b3f24cf5da8,27, #BAAF9E
3ccf26927b3f24cf5da8,5, #59534A
3ccf26927b3f24cf5da8,47, #D6CABB
3ccf26927b3f24cf5da8,1,#FCFAF6
3ccf26927b3f24cf5da8,15, #898274
3ccf26927b3f24cf5da8,2, #EDE3D6
3cd4f7506285137a27ac,18, #4A3A20
3cd4f7506285137a27ac,0, #957026
3cd4f7506285137a27ac,0, #D8CB5D
3cd4f7506285137a27ac,0, #B39D3F
3cd4f7506285137a27ac,1, #735821
3cd4f7506285137a27ac,0, #F2EF8E
3cd4f7506285137a27ac,79,#150F0C
3cd93228d4d279533d1b,5,#F4ECD9
3cd93228d4d279533d1b,34, #817D6F
3cd93228d4d279533d1b,20, #B2AC9C
3cd93228d4d279533d1b,15, #58564B
3cd93228d4d279533d1b,2, #3A3931
3cd93228d4d279533d1b,19, #D7CFBE
3ce5cd03dddd5db4d8b9,0,#877867
3ce5cd03dddd5db4d8b9,28, #9E9588
3ce5cd03dddd5db4d8b9,1, #725C51
3ce5cd03dddd5db4d8b9,55, #C3BDAC
3ce5cd03dddd5db4d8b9,12, #EEEADC
3ce5cd03dddd5db4d8b9,0, #4E3330
3ce84a29d865e9fc3323,35,#D9CA9F
3ce84a29d865e9fc3323,2, #FCFCFC
3ce84a29d865e9fc3323,15, #7D6F5B
3ce84a29d865e9fc3323,6, #564C41
3ce84a29d865e9fc3323,23, #938678
3ce84a29d865e9fc3323,3, #312C28
3ce84a29d865e9fc3323,12, #E3DFDD
3ce8d3ae299d04f55641,25, #F6F4EA
3ce8d3ae299d04f55641,12, #BDB8A8
3ce8d3ae299d04f55641,8, #777263
3ce8d3ae299d04f55641,10, #9A9586
3ce8d3ae299d04f55641,37,#DAD5C5
3ce8d3ae299d04f55641,4, #575346
3ce8d3ae299d04f55641,0, #423F33
3cec09f5d52e1d93141c,10, #8B7A5A
3cec09f5d52e1d93141c,2, #D3CCA2
3cec09f5d52e1d93141c,4, #979373
3cec09f5d52e1d93141c,2, #201E13
3cec09f5d52e1d93141c,31, #66563F
3cec09f5d52e1d93141c,44,#39352A
3cec09f5d52e1d93141c,4, #B3AC83
3ced91fa0db1e90917c0,3, #ADA085
3ced91fa0db1e90917c0,25, #3C2F21
3ced91fa0db1e90917c0,20, #1F1B15
3ced91fa0db1e90917c0,4, #95866B
3ced91fa0db1e90917c0,33,#5E503E
3ced91fa0db1e90917c0,10, #7C705D
3ced91fa0db1e90917c0,0, #C3B698
3cf2b7d1df3516cff963,17, #47463D
3cf2b7d1df3516cff963,8, #A9A799
3cf2b7d1df3516cff963,22, #908F82
3cf2b7d1df3516cff963,21,#F6F5EF
3cf2b7d1df3516cff963,8, #CCC9BA
3cf2b7d1df3516cff963,20, #6F6E61
3cf41d74d857b5338500,8, #B4AB87
3cf41d74d857b5338500,24, #2C271C
3cf41d74d857b5338500,15, #807453
3cf41d74d857b5338500,0, #F9F8D9
3cf41d74d857b5338500,30,#0E0C07
3cf41d74d857b5338500,20, #674220
3cf41d74d857b5338500,0, #E5DD9D
3cf51a749cd642961a3c,0, #A99C6E
3cf51a749cd642961a3c,1, #8E845B
3cf51a749cd642961a3c,41,#211C11
3cf51a749cd642961a3c,8, #5E4C2A
3cf51a749cd642961a3c,9, #876E40
3cf51a749cd642961a3c,18, #050403
3cf51a749cd642961a3c,21, #392F1D
3cf6659588d79dce6720,2, #DED5A0
3cf6659588d79dce6720,12, #B9AF7A
3cf6659588d79dce6720,10, #716846
3cf6659588d79dce6720,8, #3F3D2E
3cf6659588d79dce6720,3, #58543D
3cf6659588d79dce6720,4, #171C1B
3cf6659588d79dce6720,58,#8C855D
3cf9c6810bb4b38833ca,7, #AC9762
3cf9c6810bb4b38833ca,4, #C5B78E
3cf9c6810bb4b38833ca,0,#22221C
3cf9c6810bb4b38833ca,63, #47422E
3cf9c6810bb4b38833ca,0, #EAE6CB
3cf9c6810bb4b38833ca,23, #7A6C4E
3cfc6092d1ae88da8e13,4, #472818
3cfc6092d1ae88da8e13,3, #898668
3cfc6092d1ae88da8e13,52,#1F252D
3cfc6092d1ae88da8e13,31, #080805
3cfc6092d1ae88da8e13,3, #706447
3cfc6092d1ae88da8e13,4, #5F412D
3cfc6092d1ae88da8e13,0, #ACA988
3d01e9c2e3ba66aac71d,35, #6C5A3F
3d01e9c2e3ba66aac71d,2,#21201B
3d01e9c2e3ba66aac71d,0, #A78B5A
3d01e9c2e3ba66aac71d,11, #383127
3d01e9c2e3ba66aac71d,44, #4F4535
3d01e9c2e3ba66aac71d,5, #876D47
3d05be7914044185dc42,51, #A7AEAE
3d05be7914044185dc42,13, #67635C
3d05be7914044185dc42,7,#C2CDD2
3d05be7914044185dc42,4, #2A1F19
3d05be7914044185dc42,5, #8F8E88
3d05be7914044185dc42,17, #4A3D33
3d06a18ce7f761013984,14, #625F52
3d06a18ce7f761013984,20, #B7B2A3
3d06a18ce7f761013984,44, #DFDAC9
3d06a18ce7f761013984,16, #898578
3d06a18ce7f761013984,3, #3F3D35
3d06a18ce7f761013984,0,#FCF9E7
3d1780d384918b0b90a9,31, #3F382A
3d1780d384918b0b90a9,1, #181612
3d1780d384918b0b90a9,6, #F0F0EC
3d1780d384918b0b90a9,32,#8D8676
3d1780d384918b0b90a9,2, #D5D4C2
3d1780d384918b0b90a9,6, #BFB796
3d1780d384918b0b90a9,18, #5D5847
3d1dc0ae9549ec00dae2,3, #AE9A84
3d1dc0ae9549ec00dae2,11, #56412E
3d1dc0ae9549ec00dae2,64,#14120D
3d1dc0ae9549ec00dae2,8, #34261B
3d1dc0ae9549ec00dae2,8, #6E5F4D
3d1dc0ae9549ec00dae2,3, #9B856F
3d1fe32148bde371aff7,39,#948E7A
3d1fe32148bde371aff7,6, #211F15
3d1fe32148bde371aff7,4, #3B3D36
3d1fe32148bde371aff7,11, #685135
3d1fe32148bde371aff7,7, #BCB59D
3d1fe32148bde371aff7,30, #706C5B
3d21840b958de5b3ef07,43,#DED8C5
3d21840b958de5b3ef07,15, #403E38
3d21840b958de5b3ef07,10, #625F56
3d21840b958de5b3ef07,15, #8A857A
3d21840b958de5b3ef07,4, #C8C1AF
3d21840b958de5b3ef07,3, #FAF7F2
3d21840b958de5b3ef07,6, #ACA596
3d218d79adacd9d119b9,13, #685842
3d218d79adacd9d119b9,5,#B2A78B
3d218d79adacd9d119b9,56, #DACEAD
3d218d79adacd9d119b9,9, #483726
3d218d79adacd9d119b9,5, #2B1A0E
3d218d79adacd9d119b9,9, #8C8069
3d2444f0b1a21b43d3a8,8, #D2CBBB
3d2444f0b1a21b43d3a8,5, #B6AC9A
3d2444f0b1a21b43d3a8,1, #F2ECE4
3d2444f0b1a21b43d3a8,7, #888376
3d2444f0b1a21b43d3a8,48,#4A3B30
3d2444f0b1a21b43d3a8,16, #675D50
3d2444f0b1a21b43d3a8,12, #1D1A18
3d305e7e6e63feb4f6ba,16, #CBC1AA
3d305e7e6e63feb4f6ba,11, #A29A89
3d305e7e6e63feb4f6ba,11, #635D52
3d305e7e6e63feb4f6ba,8, #857E6F
3d305e7e6e63feb4f6ba,5, #3B3731
3d305e7e6e63feb4f6ba,47,#F4EDD9
3d35e58b4098fab422cb,17, #383530
3d35e58b4098fab422cb,5, #A19787
3d35e58b4098fab422cb,43, #F5EFDE
3d35e58b4098fab422cb,19,#C8BBA7
3d35e58b4098fab422cb,7, #5F584F
3d35e58b4098fab422cb,6, #7F7669
3d38097e2cd45b959610,7, #736045
3d38097e2cd45b959610,47,#342818
3d38097e2cd45b959610,18, #4F4731
3d38097e2cd45b959610,7, #B3A77E
3d38097e2cd45b959610,7, #898163
3d38097e2cd45b959610,8, #120D0A
3d38097e2cd45b959610,3, #E1D7AE
3d505cd32f162648fee3,3, #938C83
3d505cd32f162648fee3,3, #716257
3d505cd32f162648fee3,63,#EFEEE4
3d505cd32f162648fee3,3, #B7AC98
3d505cd32f162648fee3,24, #D2C9AF
3d505cd32f162648fee3,1, #4B3B34
3d58ce969356fe646657,4, #51482E
3d58ce969356fe646657,6, #34301F
3d58ce969356fe646657,0, #C2BE9F
3d58ce969356fe646657,15, #6E6444
3d58ce969356fe646657,62,#918B69
3d58ce969356fe646657,10, #A9A88D
3d5c4a61036221e83685,11, #857E6C
3d5c4a61036221e83685,34, #DFD3BA
3d5c4a61036221e83685,9, #423E36
3d5c4a61036221e83685,21, #625D50
3d5c4a61036221e83685,20, #ACA490
3d5c4a61036221e83685,1,#FAF5E7
3d6123c4a29049f234c7,25, #665D3E
3d6123c4a29049f234c7,0, #BEA667
3d6123c4a29049f234c7,12, #8F9E91
3d6123c4a29049f234c7,2, #C0BE9B
3d6123c4a29049f234c7,0,#987F4B
3d6123c4a29049f234c7,58, #2A1D0B
3d658f0fe65b5ce1b6c7,0, #24221F
3d658f0fe65b5ce1b6c7,0, #494135
3d658f0fe65b5ce1b6c7,58,#ACA38F
3d658f0fe65b5ce1b6c7,1, #645847
3d658f0fe65b5ce1b6c7,5, #D1CAB5
3d658f0fe65b5ce1b6c7,26, #050505
3d658f0fe65b5ce1b6c7,7, #867A64
3d66a373da7aa4fa3c11,37,#0B0C0C
3d66a373da7aa4fa3c11,12, #67584E
3d66a373da7aa4fa3c11,33, #422624
3d66a373da7aa4fa3c11,1, #B1ADA4
3d66a373da7aa4fa3c11,10, #72757B
3d66a373da7aa4fa3c11,0, #6A3A39
3d66a373da7aa4fa3c11,4, #9C988C
3d6ba673298b37aced4c,7, #86765F
3d6ba673298b37aced4c,10, #B5AA90
3d6ba673298b37aced4c,26,#F5F3E8
3d6ba673298b37aced4c,0, #3B3024
3d6ba673298b37aced4c,2, #5A503E
3d6ba673298b37aced4c,51, #D9D3BD
3d6cb64df1cc81597f5d,3, #4D3724
3d6cb64df1cc81597f5d,2, #A19171
3d6cb64df1cc81597f5d,3, #665F49
3d6cb64df1cc81597f5d,86, #17120D
3d6cb64df1cc81597f5d,1,#C1AD85
3d6cb64df1cc81597f5d,1, #8B7D60
3d811ed731164f8177c0,0, #5D5649
3d811ed731164f8177c0,0, #8E8673
3d811ed731164f8177c0,1, #756D5C
3d811ed731164f8177c0,84,#FBFAF4
3d811ed731164f8177c0,3, #C6BAA2
3d811ed731164f8177c0,1, #9F998A
3d811ed731164f8177c0,7, #EAE1CF
3d836e61ae8b6629dd4e,7, #793B62
3d836e61ae8b6629dd4e,0, #F0F1EF
3d836e61ae8b6629dd4e,0, #18147C
3d836e61ae8b6629dd4e,2, #A29F72
3d836e61ae8b6629dd4e,89,#1E1B16
3d836e61ae8b6629dd4e,0, #DEC830
3d836e61ae8b6629dd4e,0, #697CAA
3d8b3e28c272f31818d0,45, #E3DCC8
3d8b3e28c272f31818d0,20, #73776D
3d8b3e28c272f31818d0,15, #AEAE9F
3d8b3e28c272f31818d0,7,#FDFDF0
3d8b3e28c272f31818d0,9, #444943
3d8b3e28c272f31818d0,2, #1E251E
3d8c677ae8d3c20799e4,18, #373833
3d8c677ae8d3c20799e4,25, #B2AEA1
3d8c677ae8d3c20799e4,21, #D3CFC2
3d8c677ae8d3c20799e4,19, #858277
3d8c677ae8d3c20799e4,11, #56574E
3d8c677ae8d3c20799e4,3,#F6F4EC
3d90ebf40f4c58c4c9dc,0, #8B7B5E
3d90ebf40f4c58c4c9dc,0, #978F7B
3d90ebf40f4c58c4c9dc,16,#46351C
3d90ebf40f4c58c4c9dc,0, #7F653F
3d90ebf40f4c58c4c9dc,77, #18120A
3d90ebf40f4c58c4c9dc,4, #625030
3d93b17e84dcf6053afe,3, #E5E4DF
3d93b17e84dcf6053afe,13, #4F382C
3d93b17e84dcf6053afe,7, #FAFAF9
3d93b17e84dcf6053afe,3, #D1CEC3
3d93b17e84dcf6053afe,19, #796759
3d93b17e84dcf6053afe,7, #998F84
3d93b17e84dcf6053afe,45,#B8B2A6
3da6d7ef47eca402fffd,4, #8E6B37
3da6d7ef47eca402fffd,35, #101109
3da6d7ef47eca402fffd,29, #4D3119
3da6d7ef47eca402fffd,4, #785024
3da6d7ef47eca402fffd,4, #9F8650
3da6d7ef47eca402fffd,21,#241D13
3dabeb18aa3690f0d132,9, #F2EFE5
3dabeb18aa3690f0d132,10, #453C31
3dabeb18aa3690f0d132,8, #7D756D
3dabeb18aa3690f0d132,10, #CECBBC
3dabeb18aa3690f0d132,1, #0F0D0B
3dabeb18aa3690f0d132,53,#655A4D
3dabeb18aa3690f0d132,6, #9C9991
3db7eb386e0b73b7a426,3, #9C885B
3db7eb386e0b73b7a426,16, #685A3B
3db7eb386e0b73b7a426,6, #7D6E47
3db7eb386e0b73b7a426,50,#5A442C
3db7eb386e0b73b7a426,20, #382F1B
3db7eb386e0b73b7a426,0, #D0BC88
3db7eb386e0b73b7a426,1, #BCA16C
3dbef86494749c6bed71,19, #786954
3dbef86494749c6bed71,22, #DBD6C3
3dbef86494749c6bed71,20, #9C9180
3dbef86494749c6bed71,24, #C4B59A
3dbef86494749c6bed71,9,#F1EFE9
3dbef86494749c6bed71,2, #483C2F
3dd20daac8d5a57b1ca9,0, #D1A06C
3dd20daac8d5a57b1ca9,37,#211E17
3dd20daac8d5a57b1ca9,0, #B6AD87
3dd20daac8d5a57b1ca9,58, #504537
3dd20daac8d5a57b1ca9,0, #A88C67
3dd20daac8d5a57b1ca9,3, #867357
3dd322fb6a896622ce36,2, #5F5647
3dd322fb6a896622ce36,16, #B0A590
3dd322fb6a896622ce36,3, #423626
3dd322fb6a896622ce36,26, #D5C8AC
3dd322fb6a896622ce36,9, #837761
3dd322fb6a896622ce36,0, #231A0E
3dd322fb6a896622ce36,40,#F5F2E4
3dd4ef24549f2a598960,23, #8D7E70
3dd4ef24549f2a598960,0,#F1ECE0
3dd4ef24549f2a598960,0, #44342B
3dd4ef24549f2a598960,54, #715849
3dd4ef24549f2a598960,18, #CFC2B1
3dd4ef24549f2a598960,2, #B39F8B
3dea575bf499ac64ae98,6, #897966
3dea575bf499ac64ae98,10, #A29584
3dea575bf499ac64ae98,4, #20201D
3dea575bf499ac64ae98,10, #C2BCAC
3dea575bf499ac64ae98,8, #684C3C
3dea575bf499ac64ae98,2, #746453
3dea575bf499ac64ae98,56,#36342D
3df5b84e5d0516c1e200,24, #A19589
3df5b84e5d0516c1e200,1, #C9BEB6
3df5b84e5d0516c1e200,8, #7E6F56
3df5b84e5d0516c1e200,7,#0F0F0F
3df5b84e5d0516c1e200,40, #3B2620
3df5b84e5d0516c1e200,18, #66493D
3e032f25489faebefa5d,24, #CAC6BC
3e032f25489faebefa5d,15, #42423D
3e032f25489faebefa5d,15, #827F77
3e032f25489faebefa5d,13, #66655E
3e032f25489faebefa5d,27, #A4A198
3e032f25489faebefa5d,3,#EFECE6
3e056dd3b9cfe1861caa,16, #BAA888
3e056dd3b9cfe1861caa,10, #8E8169
3e056dd3b9cfe1861caa,5, #E4D5AE
3e056dd3b9cfe1861caa,20, #A29278
3e056dd3b9cfe1861caa,30,#6E6351
3e056dd3b9cfe1861caa,3, #4F483C
3e056dd3b9cfe1861caa,14, #D3C19E
3e06eb5970d964bb2cb6,33, #97968C
3e06eb5970d964bb2cb6,11, #DCDACB
3e06eb5970d964bb2cb6,14, #3B3D37
3e06eb5970d964bb2cb6,15,#595B53
3e06eb5970d964bb2cb6,12, #BCBAAD
3e06eb5970d964bb2cb6,11, #74736A
3e08687e9ca79721fca1,12, #575148
3e08687e9ca79721fca1,12, #3C3731
3e08687e9ca79721fca1,9, #DCD1C1
3e08687e9ca79721fca1,23, #B0A696
3e08687e9ca79721fca1,1,#FAEFDE
3e08687e9ca79721fca1,41, #7E7669
3e09269cc8a7f742770d,65, #FAF7EF
3e09269cc8a7f742770d,28,#E1D5C2
3e09269cc8a7f742770d,2, #C1B8A6
3e09269cc8a7f742770d,1, #A59E90
3e09269cc8a7f742770d,0, #80796C
3e09269cc8a7f742770d,0, #544D43
3e0bff3b1b61886f03cf,29,#FBF3DC
3e0bff3b1b61886f03cf,16, #626559
3e0bff3b1b61886f03cf,3, #1E251D
3e0bff3b1b61886f03cf,31, #D3C3A7
3e0bff3b1b61886f03cf,15, #9F9986
3e0bff3b1b61886f03cf,4, #3C4137
3e0fac09622c7ef1b84d,17, #D8D5C7
3e0fac09622c7ef1b84d,13, #8B8A7D
3e0fac09622c7ef1b84d,18, #6A695E
3e0fac09622c7ef1b84d,18, #AFAD9F
3e0fac09622c7ef1b84d,28,#F7F5E7
3e0fac09622c7ef1b84d,3, #464840
3e18a23d18e2e7c5b153,1, #6C5D3F
3e18a23d18e2e7c5b153,0, #867D5E
3e18a23d18e2e7c5b153,3, #52462E
3e18a23d18e2e7c5b153,37, #3F2E1D
3e18a23d18e2e7c5b153,56,#18130D
3e18a23d18e2e7c5b153,0, #786E50
3e20a03bc9d0d331b9b1,12, #A69A7D
3e20a03bc9d0d331b9b1,15, #732D17
3e20a03bc9d0d331b9b1,20, #82745A
3e20a03bc9d0d331b9b1,23, #574938
3e20a03bc9d0d331b9b1,0, #C9B27D
3e20a03bc9d0d331b9b1,27,#241710
3e230481d22fd839f86d,32, #D5D0BB
3e230481d22fd839f86d,9, #ADA795
3e230481d22fd839f86d,3, #432F1E
3e230481d22fd839f86d,10,#F9F6E4
3e230481d22fd839f86d,28, #897E68
3e230481d22fd839f86d,15, #614E34
3e2bb9ef3182bec36c38,13, #695A35
3e2bb9ef3182bec36c38,12, #937D42
3e2bb9ef3182bec36c38,0, #D1B767
3e2bb9ef3182bec36c38,34,#29261C
3e2bb9ef3182bec36c38,19, #443E2D
3e2bb9ef3182bec36c38,6, #B39D59
3e2bb9ef3182bec36c38,13, #13130F
3e2e14a5b7cb1d3b07ba,3, #D2CCAE
3e2e14a5b7cb1d3b07ba,1, #AFAEA7
3e2e14a5b7cb1d3b07ba,7, #F3F1D8
3e2e14a5b7cb1d3b07ba,31,#493E36
3e2e14a5b7cb1d3b07ba,21, #AE9967
3e2e14a5b7cb1d3b07ba,19, #77634C
3e2e14a5b7cb1d3b07ba,15, #221C19
3e31b6b9ed57464b8cdb,8, #3B3B2E
3e31b6b9ed57464b8cdb,24, #616151
3e31b6b9ed57464b8cdb,15, #A5A291
3e31b6b9ed57464b8cdb,5, #C1BDAC
3e31b6b9ed57464b8cdb,27,#DEDAC8
3e31b6b9ed57464b8cdb,2, #F7F4E3
3e31b6b9ed57464b8cdb,17, #807E6D
3e347e52ab3722baa0c6,18, #A39A8B
3e347e52ab3722baa0c6,4, #5D4F45
3e347e52ab3722baa0c6,8, #C7BFAD
3e347e52ab3722baa0c6,7, #81766A
3e347e52ab3722baa0c6,0, #3E2F27
3e347e52ab3722baa0c6,59,#E8E2CF
3e36da6061d41dcce9e1,3, #978E6A
3e36da6061d41dcce9e1,43, #52442A
3e36da6061d41dcce9e1,20,#292216
3e36da6061d41dcce9e1,22, #7D6D46
3e36da6061d41dcce9e1,6, #ADA683
3e36da6061d41dcce9e1,4, #C2BDA1
3e3a0f634ba496a786d9,0, #53432C
3e3a0f634ba496a786d9,5, #DFDDCF
3e3a0f634ba496a786d9,0, #685A41
3e3a0f634ba496a786d9,4, #837657
3e3a0f634ba496a786d9,1, #CBC4A7
3e3a0f634ba496a786d9,82,#A2977B
3e3a0f634ba496a786d9,6, #F8F7F3
3e3ab09794c5ebd7634c,1, #090805
3e3ab09794c5ebd7634c,11,#ECEADC
3e3ab09794c5ebd7634c,11, #31312B
3e3ab09794c5ebd7634c,42, #C4C1B6
3e3ab09794c5ebd7634c,22, #8C8C88
3e3ab09794c5ebd7634c,10, #60615C
3e408321585c13f86c87,0,#FEFEF3
3e408321585c13f86c87,38, #DFDAC5
3e408321585c13f86c87,2, #32322C
3e408321585c13f86c87,12, #545147
3e408321585c13f86c87,19, #BAB6A1
3e408321585c13f86c87,26, #8C8878
3e4da9e123cb6e2ff37e,3, #49433A
3e4da9e123cb6e2ff37e,71, #E0D8C3
3e4da9e123cb6e2ff37e,4, #756E62
3e4da9e123cb6e2ff37e,9, #989183
3e4da9e123cb6e2ff37e,4,#FDFAE5
3e4da9e123cb6e2ff37e,6, #C0B8A7
3e506e3e181a8035cd20,21, #6B625A
3e506e3e181a8035cd20,0, #D4D2C4
3e506e3e181a8035cd20,0, #ABA698
3e506e3e181a8035cd20,2, #F5F4EF
3e506e3e181a8035cd20,38,#282321
3e506e3e181a8035cd20,32, #4C4440
3e506e3e181a8035cd20,3, #8C847B
3e58a3872e9e75db06ad,5, #8E7E6B
3e58a3872e9e75db06ad,35, #ADA08E
3e58a3872e9e75db06ad,2,#FCFBF1
3e58a3872e9e75db06ad,2, #776655
3e58a3872e9e75db06ad,21, #D3C9B4
3e58a3872e9e75db06ad,32, #EBE7D3
3e6230b1371feb81b4b3,58, #231E12
3e6230b1371feb81b4b3,7,#60593A
3e6230b1371feb81b4b3,2, #7F734A
3e6230b1371feb81b4b3,29, #4C4325
3e6230b1371feb81b4b3,1, #9A8B59
3e6230b1371feb81b4b3,0, #AE9E67
3e627fbda69b7bdf806c,3,#261D0B
3e627fbda69b7bdf806c,0, #F6EDD2
3e627fbda69b7bdf806c,9, #B8A379
3e627fbda69b7bdf806c,51, #4F4422
3e627fbda69b7bdf806c,1, #DBCBAC
3e627fbda69b7bdf806c,34, #897246
3e66c0fb75399bbcb84a,6, #4C3A2C
3e66c0fb75399bbcb84a,9,#F4F1DC
3e66c0fb75399bbcb84a,13, #776855
3e66c0fb75399bbcb84a,3, #DAD4B3
3e66c0fb75399bbcb84a,50, #B8AD90
3e66c0fb75399bbcb84a,16, #978D78
3e6dd0b6ee051e751324,9, #C0B9A9
3e6dd0b6ee051e751324,24, #46423B
3e6dd0b6ee051e751324,15, #979183
3e6dd0b6ee051e751324,2,#FCF9F0
3e6dd0b6ee051e751324,35, #716B5F
3e6dd0b6ee051e751324,12, #E6DFCF
3e72a528ce86641ae3a0,15, #F3EDDD
3e72a528ce86641ae3a0,16, #626056
3e72a528ce86641ae3a0,24,#D0CABE
3e72a528ce86641ae3a0,4, #42413A
3e72a528ce86641ae3a0,10, #7E7B70
3e72a528ce86641ae3a0,13, #959186
3e72a528ce86641ae3a0,15, #B0ABA0
3e74a7ef6e760a70e4f4,55,#675E53
3e74a7ef6e760a70e4f4,9, #453D35
3e74a7ef6e760a70e4f4,9, #948F87
3e74a7ef6e760a70e4f4,14, #C5C3B8
3e74a7ef6e760a70e4f4,3, #F1EEE4
3e74a7ef6e760a70e4f4,1, #090706
3e74a7ef6e760a70e4f4,6, #241E1C
3e776df85cf289b0b582,9, #8C8785
3e776df85cf289b0b582,6, #B0AFA8
3e776df85cf289b0b582,3, #EFEDE2
3e776df85cf289b0b582,64,#5D5244
3e776df85cf289b0b582,4, #0C0908
3e776df85cf289b0b582,6, #2E2723
3e776df85cf289b0b582,4, #D2D0C3
3e88a8d940a068fe0969,21,#D9D5CA
3e88a8d940a068fe0969,11, #848075
3e88a8d940a068fe0969,12, #9C988E
3e88a8d940a068fe0969,8, #434039
3e88a8d940a068fe0969,5, #F7F4E8
3e88a8d940a068fe0969,18, #B6B2A8
3e88a8d940a068fe0969,21, #666358
3e8d4892d20256736e7f,7, #70614A
3e8d4892d20256736e7f,4, #B9A67D
3e8d4892d20256736e7f,1, #9A825F
3e8d4892d20256736e7f,59,#222014
3e8d4892d20256736e7f,0, #E5DCAF
3e8d4892d20256736e7f,6, #D8C695
3e8d4892d20256736e7f,19, #433C28
3e9bd35e093316248a30,12, #5F543F
3e9bd35e093316248a30,3, #A99E8D
3e9bd35e093316248a30,3, #ECE6D6
3e9bd35e093316248a30,45,#11100B
3e9bd35e093316248a30,6, #C8B69C
3e9bd35e093316248a30,26, #373321
3e9bd35e093316248a30,3, #8B7961
3ea3d376d6d9105ba05f,18, #B4AEA1
3ea3d376d6d9105ba05f,0,#FBF4E5
3ea3d376d6d9105ba05f,30, #59564C
3ea3d376d6d9105ba05f,28, #837F73
3ea3d376d6d9105ba05f,13, #DFD8C9
3ea3d376d6d9105ba05f,8, #34332D
3ea8b6b0396930b1c2a5,3, #3B362D
3ea8b6b0396930b1c2a5,9, #655A4A
3ea8b6b0396930b1c2a5,41, #CBC0AA
3ea8b6b0396930b1c2a5,5, #E7DEC9
3ea8b6b0396930b1c2a5,17, #A99E89
3ea8b6b0396930b1c2a5,22,#877B67
3ebbc5072ff09634cc1c,14,#A69657
3ebbc5072ff09634cc1c,22, #543410
3ebbc5072ff09634cc1c,17, #887333
3ebbc5072ff09634cc1c,25, #675621
3ebbc5072ff09634cc1c,4, #C1B57D
3ebbc5072ff09634cc1c,14, #1E1908
3ebd96cfda78bd661a4d,7,#8D8265
3ebd96cfda78bd661a4d,9, #6A5D3F
3ebd96cfda78bd661a4d,29, #B9B6A3
3ebd96cfda78bd661a4d,17, #A99F81
3ebd96cfda78bd661a4d,22, #1E190D
3ebd96cfda78bd661a4d,14, #44381F
3ebff468adced1df052d,0, #9F9D8B
3ebff468adced1df052d,3,#817B5C
3ebff468adced1df052d,0, #C1C0B1
3ebff468adced1df052d,49, #342C20
3ebff468adced1df052d,28, #635837
3ebff468adced1df052d,17, #0E0E0D
3ed94b1987476d21b27e,37,#746748
3ed94b1987476d21b27e,5, #888178
3ed94b1987476d21b27e,5, #D0CDC0
3ed94b1987476d21b27e,2, #0D0B09
3ed94b1987476d21b27e,30, #3E352F
3ed94b1987476d21b27e,11, #ADAA9E
3ed94b1987476d21b27e,7, #EFECE1
3ee4ff33a871d9361244,2, #AFAEA8
3ee4ff33a871d9361244,3, #686864
3ee4ff33a871d9361244,11, #1D1D1A
3ee4ff33a871d9361244,1, #F7F7F3
3ee4ff33a871d9361244,6, #D4D4CD
3ee4ff33a871d9361244,69,#4A4945
3ee4ff33a871d9361244,4, #898882
3ee8a0276cdf523039be,7,#F7F4E8
3ee8a0276cdf523039be,41, #D6D2C1
3ee8a0276cdf523039be,11, #847969
3ee8a0276cdf523039be,5, #42372D
3ee8a0276cdf523039be,12, #67594A
3ee8a0276cdf523039be,21, #ABA496
3eec130ee093af6662de,22, #655C54
3eec130ee093af6662de,9, #403934
3eec130ee093af6662de,0, #FEFEF6
3eec130ee093af6662de,36,#A2957E
3eec130ee093af6662de,15, #C2BBAC
3eec130ee093af6662de,5, #E3DFD4
3eec130ee093af6662de,9, #1D1C18
3ef5a7abb9b445eef709,21, #262822
3ef5a7abb9b445eef709,2, #B6AD91
3ef5a7abb9b445eef709,32, #706345
3ef5a7abb9b445eef709,24, #554C36
3ef5a7abb9b445eef709,3, #CDC7AC
3ef5a7abb9b445eef709,16,#8C8770
3efb40efff3f0e6a060a,6, #AFAA97
3efb40efff3f0e6a060a,25,#C2BDAA
3efb40efff3f0e6a060a,8, #6F6A5D
3efb40efff3f0e6a060a,19, #9C9584
3efb40efff3f0e6a060a,10, #DCD6C1
3efb40efff3f0e6a060a,20, #858070
3efb40efff3f0e6a060a,8, #514E45
3f088b6664440834dfa3,2, #62523C
3f088b6664440834dfa3,8, #B2A58B
3f088b6664440834dfa3,18, #93866E
3f088b6664440834dfa3,45,#E5D7B5
3f088b6664440834dfa3,19, #C6B89C
3f088b6664440834dfa3,4, #776852
3f088b6664440834dfa3,1, #463524
3f0a3dc3b8f408351e2d,24, #5D5A42
3f0a3dc3b8f408351e2d,19, #191814
3f0a3dc3b8f408351e2d,33,#433A21
3f0a3dc3b8f408351e2d,2, #DACF9B
3f0a3dc3b8f408351e2d,3, #C1B887
3f0a3dc3b8f408351e2d,4, #8D691A
3f0a3dc3b8f408351e2d,13, #938655
3f0bef989c38a5667c1e,1, #A98C52
3f0bef989c38a5667c1e,2, #382D1C
3f0bef989c38a5667c1e,2, #C1B68D
3f0bef989c38a5667c1e,20, #5C5133
3f0bef989c38a5667c1e,13, #847F5F
3f0bef989c38a5667c1e,25, #876C3B
3f0bef989c38a5667c1e,33,#A49B7D
3f0f5819fa10046e94cc,4, #CFCEC8
3f0f5819fa10046e94cc,44,#3A3633
3f0f5819fa10046e94cc,11, #8C8979
3f0f5819fa10046e94cc,18, #17191A
3f0f5819fa10046e94cc,4, #B2B0A6
3f0f5819fa10046e94cc,16, #605B4E
3f1617a6b80bb92e9fc0,26, #645339
3f1617a6b80bb92e9fc0,0, #D3CA9B
3f1617a6b80bb92e9fc0,1, #BEA56A
3f1617a6b80bb92e9fc0,4, #A3895A
3f1617a6b80bb92e9fc0,15, #1F1E16
3f1617a6b80bb92e9fc0,44,#473B25
3f1617a6b80bb92e9fc0,7, #7B7253
3f18af446ab02e594eaf,6, #3A2A1B
3f18af446ab02e594eaf,1, #89582A
3f18af446ab02e594eaf,29, #848B71
3f18af446ab02e594eaf,6, #545540
3f18af446ab02e594eaf,46,#10110D
3f18af446ab02e594eaf,6, #C7B488
3f18af446ab02e594eaf,4, #E0D5B2
3f1ca63bedcea8f97ef3,27, #9B9586
3f1ca63bedcea8f97ef3,20,#F3F1E8
3f1ca63bedcea8f97ef3,4, #32312D
3f1ca63bedcea8f97ef3,10, #504D44
3f1ca63bedcea8f97ef3,16, #6F6B5E
3f1ca63bedcea8f97ef3,19, #CCC4B1
3f1cfc60fae0daf1546c,44, #513B29
3f1cfc60fae0daf1546c,2, #8F6132
3f1cfc60fae0daf1546c,17,#1C0D0B
3f1cfc60fae0daf1546c,12, #CFB77F
3f1cfc60fae0daf1546c,12, #998B63
3f1cfc60fae0daf1546c,8, #686A57
3f1fec770e3626385569,0, #B8AD90
3f1fec770e3626385569,73,#0C0A06
3f1fec770e3626385569,0, #7C6E51
3f1fec770e3626385569,21, #342516
3f1fec770e3626385569,0, #968A6B
3f1fec770e3626385569,0, #A99C7D
3f1fec770e3626385569,3, #5B462D
3f2ffe1ea5161cc5957e,4,#FEFEF0
3f2ffe1ea5161cc5957e,5, #565750
3f2ffe1ea5161cc5957e,5, #2B2B2A
3f2ffe1ea5161cc5957e,16, #807F72
3f2ffe1ea5161cc5957e,39, #EBE1C9
3f2ffe1ea5161cc5957e,29, #B8B3A0
3f30ac38b1076ead86b2,8, #CCC8B6
3f30ac38b1076ead86b2,2, #363631
3f30ac38b1076ead86b2,55,#F7F3DD
3f30ac38b1076ead86b2,7, #A09D8F
3f30ac38b1076ead86b2,16, #5B5B51
3f30ac38b1076ead86b2,9, #818174
3f36175ffd19ac8ff017,7, #746B4D
3f36175ffd19ac8ff017,75,#10161B
3f36175ffd19ac8ff017,0, #C8B78B
3f36175ffd19ac8ff017,0, #AC9969
3f36175ffd19ac8ff017,0, #505B5D
3f36175ffd19ac8ff017,15, #40423A
3f3a75ec0f35e7e08764,0, #EEEEEE
3f3a75ec0f35e7e08764,0,#060606
3f3a75ec0f35e7e08764,10, #A09367
3f3a75ec0f35e7e08764,42, #484333
3f3a75ec0f35e7e08764,11, #7D724D
3f3a75ec0f35e7e08764,34, #21211A
3f3c23718ed634a6e858,24, #827B6B
3f3c23718ed634a6e858,23, #3B3629
3f3c23718ed634a6e858,12, #5C584D
3f3c23718ed634a6e858,8, #C5B0A6
3f3c23718ed634a6e858,18,#110E0C
3f3c23718ed634a6e858,13, #A79A8C
3f4166b945e8587bd26d,3, #6E310B
3f4166b945e8587bd26d,0, #47492F
3f4166b945e8587bd26d,0, #DFBF6C
3f4166b945e8587bd26d,2, #AE8D4C
3f4166b945e8587bd26d,4, #956627
3f4166b945e8587bd26d,0, #253424
3f4166b945e8587bd26d,88,#291606
3f42f6fb1f1d4a722cc4,0, #4C493B
3f42f6fb1f1d4a722cc4,10, #9B9687
3f42f6fb1f1d4a722cc4,3, #807C6D
3f42f6fb1f1d4a722cc4,50,#D8D2C0
3f42f6fb1f1d4a722cc4,11, #B8B3A4
3f42f6fb1f1d4a722cc4,23, #F9F4E3
3f42f6fb1f1d4a722cc4,0, #666355
3f493befce2d20e874b8,4, #493621
3f493befce2d20e874b8,3, #B0A48A
3f493befce2d20e874b8,1, #2D1909
3f493befce2d20e874b8,32, #DBD2AF
3f493befce2d20e874b8,44,#F6F6E6
3f493befce2d20e874b8,5, #7D6F59
3f493befce2d20e874b8,7, #60503B
3f4b6239f951da6833a1,30, #C4C2B7
3f4b6239f951da6833a1,33, #6C5B45
3f4b6239f951da6833a1,7, #8F8676
3f4b6239f951da6833a1,11,#F1F0E0
3f4b6239f951da6833a1,8, #AAA597
3f4b6239f951da6833a1,8, #412E1D
3f4ec0b359c4a8829bc6,11,#FAFAF6
3f4ec0b359c4a8829bc6,6, #CBC5AB
3f4ec0b359c4a8829bc6,6, #A4A290
3f4ec0b359c4a8829bc6,2, #817E6E
3f4ec0b359c4a8829bc6,1, #5C594D
3f4ec0b359c4a8829bc6,71, #E7E3C9
3f51a2cfda6944985838,31, #5A5347
3f51a2cfda6944985838,13, #837859
3f51a2cfda6944985838,5, #C4B98B
3f51a2cfda6944985838,23, #4F2C20
3f51a2cfda6944985838,25, #9C9A80
3f51a2cfda6944985838,1,#E0DCB2
3f551ee4fcf06054352c,4, #A6A795
3f551ee4fcf06054352c,4, #534633
3f551ee4fcf06054352c,5, #625C4A
3f551ee4fcf06054352c,57,#12110F
3f551ee4fcf06054352c,2, #857D64
3f551ee4fcf06054352c,4, #9E977A
3f551ee4fcf06054352c,20, #332C23
3f55d6f005b1b23f5f67,6, #AC9F84
3f55d6f005b1b23f5f67,7, #635440
3f55d6f005b1b23f5f67,2, #776954
3f55d6f005b1b23f5f67,1, #EBD8B2
3f55d6f005b1b23f5f67,74,#CFC1A3
3f55d6f005b1b23f5f67,3, #8D8069
3f55d6f005b1b23f5f67,4, #423121
3f56ed2bfbc415467c71,0, #D7D5B9
3f56ed2bfbc415467c71,2, #291607
3f56ed2bfbc415467c71,27, #7B7F78
3f56ed2bfbc415467c71,1, #B79450
3f56ed2bfbc415467c71,11, #5A4728
3f56ed2bfbc415467c71,3, #916933
3f56ed2bfbc415467c71,52,#BCB893
3f660f4a86e3312d47f1,24, #D4CEBD
3f660f4a86e3312d47f1,5, #ADA697
3f660f4a86e3312d47f1,36,#E9E6D6
3f660f4a86e3312d47f1,7, #6F6863
3f660f4a86e3312d47f1,15, #241F1D
3f660f4a86e3312d47f1,2, #8F8A81
3f660f4a86e3312d47f1,8, #48423F
3f709e596ee73adaf196,0,#504452
3f709e596ee73adaf196,2, #8D826D
3f709e596ee73adaf196,11, #CFC29A
3f709e596ee73adaf196,6, #A69F8D
3f709e596ee73adaf196,0, #6C6363
3f709e596ee73adaf196,78, #F2E7BC
3f7b72626211db270998,31, #514D42
3f7b72626211db270998,1,#F4F3E1
3f7b72626211db270998,25, #A6A08D
3f7b72626211db270998,20, #7C7668
3f7b72626211db270998,15, #CCC7B3
3f7b72626211db270998,5, #2A2821
3f7be5f365e44a6046bd,1,#8F8371
3f7be5f365e44a6046bd,4, #C8BBA1
3f7be5f365e44a6046bd,0, #786A5A
3f7be5f365e44a6046bd,2, #A99D89
3f7be5f365e44a6046bd,8, #DACFB0
3f7be5f365e44a6046bd,82, #F1E5C6
3f8223890b7a587aa65c,11, #EFEBE7
3f8223890b7a587aa65c,3, #C6C1BB
3f8223890b7a587aa65c,2, #181513
3f8223890b7a587aa65c,3, #9B9792
3f8223890b7a587aa65c,3, #615E5A
3f8223890b7a587aa65c,2, #7C7874
3f8223890b7a587aa65c,72,#3A3734
3f87a0e3d69251c422fe,2, #817868
3f87a0e3d69251c422fe,39,#F5F2EB
3f87a0e3d69251c422fe,6, #A19B8F
3f87a0e3d69251c422fe,5, #1F1512
3f87a0e3d69251c422fe,23, #CDC4AF
3f87a0e3d69251c422fe,13, #5E574D
3f87a0e3d69251c422fe,8, #38322E
3f88337769ce95f60f3b,14, #BBB5A2
3f88337769ce95f60f3b,2, #6B6756
3f88337769ce95f60f3b,36,#DBD5C1
3f88337769ce95f60f3b,1, #4E4A3D
3f88337769ce95f60f3b,2, #7F7967
3f88337769ce95f60f3b,32, #F7F4E7
3f88337769ce95f60f3b,10, #969180
3f92de036904d7229557,3, #BDA574
3f92de036904d7229557,2, #5D5A46
3f92de036904d7229557,5, #9E8A63
3f92de036904d7229557,1, #CFC596
3f92de036904d7229557,5, #876F4C
3f92de036904d7229557,53,#1A1810
3f92de036904d7229557,27, #3B3A2A
3f94b4e7a3a8e8a57a13,6, #9E9887
3f94b4e7a3a8e8a57a13,7, #807967
3f94b4e7a3a8e8a57a13,4, #514C3F
3f94b4e7a3a8e8a57a13,14,#F9F8F2
3f94b4e7a3a8e8a57a13,57, #DED7C3
3f94b4e7a3a8e8a57a13,9, #B8B29E
3f94e864c96fd2e0f442,7, #C3B59C
3f94e864c96fd2e0f442,26, #A29684
3f94e864c96fd2e0f442,30, #F2F0E7
3f94e864c96fd2e0f442,26, #7F6F5C
3f94e864c96fd2e0f442,8,#DBD3BD
3f94e864c96fd2e0f442,1, #604E3F
3fa2b0edbab169fbc05b,0, #393732
3fa2b0edbab169fbc05b,85,#F0E4CB
3fa2b0edbab169fbc05b,3, #534F45
3fa2b0edbab169fbc05b,2, #706858
3fa2b0edbab169fbc05b,3, #968A74
3fa2b0edbab169fbc05b,3, #C5B79D
3fa54db4febcdc6cae72,44,#F2EBD3
3fa54db4febcdc6cae72,31, #D9D0B9
3fa54db4febcdc6cae72,3, #837E6B
3fa54db4febcdc6cae72,1, #3A3831
3fa54db4febcdc6cae72,1, #BEB69E
3fa54db4febcdc6cae72,16, #5B574B
3fa54db4febcdc6cae72,1, #9F9883
3fa5a9dedc22d96b4c7f,2, #9C8460
3fa5a9dedc22d96b4c7f,3, #BBA37F
3fa5a9dedc22d96b4c7f,3, #76674F
3fa5a9dedc22d96b4c7f,2, #3B3123
3fa5a9dedc22d96b4c7f,2, #574630
3fa5a9dedc22d96b4c7f,85,#110E0B
3fa5a9dedc22d96b4c7f,0, #C9BEA1
3fa70181c4cb6967a9d7,6, #898173
3fa70181c4cb6967a9d7,33, #F7F1E2
3fa70181c4cb6967a9d7,2, #5D574B
3fa70181c4cb6967a9d7,1, #464138
3fa70181c4cb6967a9d7,4, #726A5D
3fa70181c4cb6967a9d7,37,#D2C8B8
3fa70181c4cb6967a9d7,12, #A9A191
3fb0bdf7cd4492541620,14, #4C3811
3fb0bdf7cd4492541620,0, #BE9F2E
3fb0bdf7cd4492541620,78,#1F1407
3fb0bdf7cd4492541620,0, #D3B136
3fb0bdf7cd4492541620,1, #A78728
3fb0bdf7cd4492541620,1, #886C29
3fb0bdf7cd4492541620,3, #755815
3fc06027e17807485fbd,7,#E7E4DA
3fc06027e17807485fbd,10, #A89C83
3fc06027e17807485fbd,35, #7C7466
3fc06027e17807485fbd,9, #5A5047
3fc06027e17807485fbd,17, #D0CABA
3fc06027e17807485fbd,18, #BEB6A0
3fc5278380c1a983f4f4,2, #423D34
3fc5278380c1a983f4f4,14, #655F52
3fc5278380c1a983f4f4,17, #C9C1AF
3fc5278380c1a983f4f4,16, #817A6B
3fc5278380c1a983f4f4,17, #A59E8D
3fc5278380c1a983f4f4,31,#F1E9D6
3fc75b941bb6c1529f05,5, #59503F
3fc75b941bb6c1529f05,44, #7D7D6E
3fc75b941bb6c1529f05,34,#A3A9A5
3fc75b941bb6c1529f05,13, #8F9389
3fc75b941bb6c1529f05,1, #251D14
3fc75b941bb6c1529f05,1, #3F3424
3fc965236c377e2d5a1c,5, #565D53
3fc965236c377e2d5a1c,8,#FAF7E2
3fc965236c377e2d5a1c,53, #DAD0B9
3fc965236c377e2d5a1c,6, #26312A
3fc965236c377e2d5a1c,14, #ABA795
3fc965236c377e2d5a1c,11, #797B6E
3fdb642f6b9bf375f97e,21, #CEC7B2
3fdb642f6b9bf375f97e,5,#070300
3fdb642f6b9bf375f97e,12, #ABA08A
3fdb642f6b9bf375f97e,0, #251E11
3fdb642f6b9bf375f97e,39, #787361
3fdb642f6b9bf375f97e,21, #4C4534
3fdb80e60063c11a1d06,2, #877F6D
3fdb80e60063c11a1d06,1, #FDF7DF
3fdb80e60063c11a1d06,76,#E5DAC3
3fdb80e60063c11a1d06,4, #CDC2AB
3fdb80e60063c11a1d06,2, #6E6656
3fdb80e60063c11a1d06,11, #ABA08B
3fdb80e60063c11a1d06,1, #49453A
3fe7967160ff4423b3b0,3, #4B4B41
3fe7967160ff4423b3b0,10, #A09E90
3fe7967160ff4423b3b0,18, #E4E1D3
3fe7967160ff4423b3b0,15, #C1BEB0
3fe7967160ff4423b3b0,12, #7D7C6E
3fe7967160ff4423b3b0,39,#FAF8EE
3fec66a29a9cdb61c018,3, #948C7B
3fec66a29a9cdb61c018,20, #C3B77E
3fec66a29a9cdb61c018,3, #AD9D43
3fec66a29a9cdb61c018,16, #221612
3fec66a29a9cdb61c018,45,#F0EEE7
3fec66a29a9cdb61c018,0, #497A71
3fec66a29a9cdb61c018,11, #77332E
3ff1a990b2a6a11207a5,20, #C3BBA4
3ff1a990b2a6a11207a5,10, #37342B
3ff1a990b2a6a11207a5,40, #E2DDCB
3ff1a990b2a6a11207a5,10, #5C584A
3ff1a990b2a6a11207a5,0,#FBF8E6
3ff1a990b2a6a11207a5,16, #8E8875
3ff455ac0b1e1f5d0814,28, #3C2F21
3ff455ac0b1e1f5d0814,0, #F4F4F2
3ff455ac0b1e1f5d0814,20, #5B5243
3ff455ac0b1e1f5d0814,4, #C5C1AF
3ff455ac0b1e1f5d0814,3, #E0E0DD
3ff455ac0b1e1f5d0814,13, #9B9485
3ff455ac0b1e1f5d0814,28,#776F60
3ffb615c3c3d14a308a6,0,#FAFAF0
3ffb615c3c3d14a308a6,17, #A2967D
3ffb615c3c3d14a308a6,8, #605136
3ffb615c3c3d14a308a6,31, #817151
3ffb615c3c3d14a308a6,7, #C8C0A8
3ffb615c3c3d14a308a6,35, #E2E2D7
3ffc62f0a8b6ef9fdb63,6, #BFB5A5
3ffc62f0a8b6ef9fdb63,59,#D3D0C3
3ffc62f0a8b6ef9fdb63,12, #AA9C8B
3ffc62f0a8b6ef9fdb63,0, #4E372B
3ffc62f0a8b6ef9fdb63,1, #654F43
3ffc62f0a8b6ef9fdb63,19, #807364
3ffefedd47cd0204e9ca,5, #5C584D
3ffefedd47cd0204e9ca,24, #A09B8C
3ffefedd47cd0204e9ca,21, #807C6E
3ffefedd47cd0204e9ca,10, #B8B3A2
3ffefedd47cd0204e9ca,24, #D2CEBB
3ffefedd47cd0204e9ca,13,#F6F5ED
4001194980c2b35f180c,27, #666358
4001194980c2b35f180c,11, #8C887C
4001194980c2b35f180c,17, #393831
4001194980c2b35f180c,7,#F3ECE1
4001194980c2b35f180c,9, #A7A296
4001194980c2b35f180c,27, #CCC5B8
40026e85d9730646ce87,0, #745B36
40026e85d9730646ce87,22, #CAC4B2
40026e85d9730646ce87,3, #7F7660
40026e85d9730646ce87,63,#E1D9C8
40026e85d9730646ce87,2, #A49679
40026e85d9730646ce87,7, #B3AB98
4007d2b0659841abcfe4,17, #918E7F
4007d2b0659841abcfe4,1, #161514
4007d2b0659841abcfe4,55,#B2AFA2
4007d2b0659841abcfe4,8, #636361
4007d2b0659841abcfe4,5, #F2EFE0
4007d2b0659841abcfe4,4, #303030
4007d2b0659841abcfe4,6, #D3D2C9
4019bcb3e60c6560e346,4, #100E0D
4019bcb3e60c6560e346,17, #8E8064
4019bcb3e60c6560e346,32, #C6B895
4019bcb3e60c6560e346,4,#EBE9DF
4019bcb3e60c6560e346,25, #5F4E39
4019bcb3e60c6560e346,15, #312620
401e17b03f1b09bccf07,91, #DED2BC
401e17b03f1b09bccf07,0, #403C37
401e17b03f1b09bccf07,0, #5F584C
401e17b03f1b09bccf07,1,#857C6C
401e17b03f1b09bccf07,4, #A69D8D
401e17b03f1b09bccf07,1, #FBF8EC
40322a310c98c5a4cde4,3, #FCFBF6
40322a310c98c5a4cde4,3, #CFB497
40322a310c98c5a4cde4,4, #BA9677
40322a310c98c5a4cde4,0, #92806C
40322a310c98c5a4cde4,76,#F0EBDC
40322a310c98c5a4cde4,10, #DFD2BD
40322a310c98c5a4cde4,0, #836B57
4043ee6c7db10173a04d,40, #614739
4043ee6c7db10173a04d,11, #A48A59
4043ee6c7db10173a04d,0,#F0F5FA
4043ee6c7db10173a04d,26, #6F0611
4043ee6c7db10173a04d,4, #C0BCAA
4043ee6c7db10173a04d,16, #260E10
40592570242d55ffc4d2,0, #E2D5BB
40592570242d55ffc4d2,2,#16120B
40592570242d55ffc4d2,0, #CBAD80
40592570242d55ffc4d2,6, #946C39
40592570242d55ffc4d2,3, #AE9062
40592570242d55ffc4d2,86, #483729
405ad27d08bff20a6ecd,17, #D1C4B2
405ad27d08bff20a6ecd,73, #EBE3D7
405ad27d08bff20a6ecd,0, #725842
405ad27d08bff20a6ecd,3, #8D745D
405ad27d08bff20a6ecd,0,#FEFDEE
405ad27d08bff20a6ecd,4, #AD9D89
4061c2fa7aa14291aa80,3, #B39428
4061c2fa7aa14291aa80,1, #D4C06C
4061c2fa7aa14291aa80,0,#50493C
4061c2fa7aa14291aa80,7, #8D8557
4061c2fa7aa14291aa80,61, #302512
4061c2fa7aa14291aa80,25, #7B601A
4067a3ab3d1e3e7561c4,2, #A1987C
4067a3ab3d1e3e7561c4,5, #BCB79F
4067a3ab3d1e3e7561c4,8, #151611
4067a3ab3d1e3e7561c4,6, #574E34
4067a3ab3d1e3e7561c4,65,#3F3229
4067a3ab3d1e3e7561c4,3, #948361
4067a3ab3d1e3e7561c4,6, #736849
406e62acc8a44affc5aa,13, #DCD7CA
406e62acc8a44affc5aa,4,#F1F1F0
406e62acc8a44affc5aa,18, #C9BBA2
406e62acc8a44affc5aa,37, #7E6F5E
406e62acc8a44affc5aa,15, #AB9381
406e62acc8a44affc5aa,10, #5B4739
407290524610962c5d39,17, #84877C
407290524610962c5d39,0,#3B4A50
407290524610962c5d39,10, #7C684C
407290524610962c5d39,24, #BCBDAC
407290524610962c5d39,37, #523D28
407290524610962c5d39,9, #19190F
407f378635c0a87054af,11,#F1EDE2
407f378635c0a87054af,14, #6B6960
407f378635c0a87054af,18, #A9A496
407f378635c0a87054af,18, #8A867B
407f378635c0a87054af,12, #494943
407f378635c0a87054af,24, #C7C1B0
4082e8abe249d5e79ef4,0, #D6BB7E
4082e8abe249d5e79ef4,23, #1D1A12
4082e8abe249d5e79ef4,0, #C9C7BF
4082e8abe249d5e79ef4,45, #625A3E
4082e8abe249d5e79ef4,13,#EEEEED
4082e8abe249d5e79ef4,16, #98917A
40844658a151a26f964f,6,#DAD5C7
40844658a151a26f964f,37, #F7F5EE
40844658a151a26f964f,4, #979084
40844658a151a26f964f,33, #524D43
40844658a151a26f964f,8, #B6AE9F
40844658a151a26f964f,10, #807768
40871c5202ec3b6eb3d5,3, #B19D76
40871c5202ec3b6eb3d5,4, #998A68
40871c5202ec3b6eb3d5,14, #5C4A32
40871c5202ec3b6eb3d5,1, #C5BD96
40871c5202ec3b6eb3d5,32,#15140F
40871c5202ec3b6eb3d5,12, #70664B
40871c5202ec3b6eb3d5,31, #312F23
40aa0170d82122d5760c,8, #5D4B3E
40aa0170d82122d5760c,4,#F7F6EF
40aa0170d82122d5760c,67, #BAB19B
40aa0170d82122d5760c,2, #33211A
40aa0170d82122d5760c,2, #DAD6C1
40aa0170d82122d5760c,13, #8D7F6F
40b058264fa41c9b3364,1, #3C3225
40b058264fa41c9b3364,7, #8C7C64
40b058264fa41c9b3364,4, #665943
40b058264fa41c9b3364,64, #E6E1D1
40b058264fa41c9b3364,21, #B8AD93
40b058264fa41c9b3364,0,#FEFDF5
40b67d1d4c8c9c41054c,16, #75746A
40b67d1d4c8c9c41054c,3,#F9F7F2
40b67d1d4c8c9c41054c,13, #DED9CC
40b67d1d4c8c9c41054c,22, #474941
40b67d1d4c8c9c41054c,32, #B9B5A9
40b67d1d4c8c9c41054c,11, #979489
40c4e7dddb8b81e46ac8,20,#171513
40c4e7dddb8b81e46ac8,6, #B9966D
40c4e7dddb8b81e46ac8,36, #3D2C22
40c4e7dddb8b81e46ac8,21, #694F36
40c4e7dddb8b81e46ac8,2, #DCBF98
40c4e7dddb8b81e46ac8,11, #986A47
40c682b5820d529f2846,47,#0F0A04
40c682b5820d529f2846,2, #C3AF7A
40c682b5820d529f2846,7, #79662D
40c682b5820d529f2846,0, #E1DEB9
40c682b5820d529f2846,36, #47321A
40c682b5820d529f2846,5, #9C8B49
40e21aaf99088ed9f62b,8, #685F58
40e21aaf99088ed9f62b,1, #989085
40e21aaf99088ed9f62b,1, #B4AE9E
40e21aaf99088ed9f62b,67,#EAE4D3
40e21aaf99088ed9f62b,1, #847C74
40e21aaf99088ed9f62b,11, #D2CAB4
40e21aaf99088ed9f62b,7, #413732
40e99126a99c56c75672,32, #D9D1BF
40e99126a99c56c75672,17, #C0B8A3
40e99126a99c56c75672,17, #A49C89
40e99126a99c56c75672,0,#F3ECD8
40e99126a99c56c75672,15, #837B64
40e99126a99c56c75672,16, #4D493F
40f9a939d882e4090fef,28, #0C0C07
40f9a939d882e4090fef,5, #727457
40f9a939d882e4090fef,0, #969F93
40f9a939d882e4090fef,47, #232517
40f9a939d882e4090fef,15,#4E4D2C
40f9a939d882e4090fef,1, #536359
4101f03e752325b5ac6a,6, #E0DDCC
4101f03e752325b5ac6a,15, #5B5951
4101f03e752325b5ac6a,11, #3D3C37
4101f03e752325b5ac6a,11, #737167
4101f03e752325b5ac6a,11, #C0BCAE
4101f03e752325b5ac6a,9, #F9F8F3
4101f03e752325b5ac6a,33,#979489
410cf3467ac287409ee1,10, #575630
410cf3467ac287409ee1,8, #8E8A58
410cf3467ac287409ee1,5, #726E3C
410cf3467ac287409ee1,6, #A9A36B
410cf3467ac287409ee1,16, #333421
410cf3467ac287409ee1,52,#C8C7A4
410d01aa95abfd7bb373,11, #787669
410d01aa95abfd7bb373,11, #575549
410d01aa95abfd7bb373,41,#F0EADA
410d01aa95abfd7bb373,9, #979486
410d01aa95abfd7bb373,23, #BDB8AC
410d01aa95abfd7bb373,3, #33342A
4114c676ea89af59c621,12, #A09A89
4114c676ea89af59c621,3, #C5BEA8
4114c676ea89af59c621,41,#F7F2E3
4114c676ea89af59c621,15, #E0D8C0
4114c676ea89af59c621,13, #7C7666
4114c676ea89af59c621,9, #5F5A4C
4114c676ea89af59c621,3, #3A362E
4118857e8c9ad8defcc9,14, #C1B59A
4118857e8c9ad8defcc9,15, #33312D
4118857e8c9ad8defcc9,11, #9E947D
4118857e8c9ad8defcc9,2,#F5F4ED
4118857e8c9ad8defcc9,42, #DED6BC
4118857e8c9ad8defcc9,13, #7C715B
411df7add7321e292eda,9, #3C3A30
411df7add7321e292eda,43, #DAD0B8
411df7add7321e292eda,13, #898471
411df7add7321e292eda,10, #666252
411df7add7321e292eda,21, #B2AB96
411df7add7321e292eda,0,#F5EBD1
41351101551b013600ff,15,#E7E2CE
41351101551b013600ff,21, #73624C
41351101551b013600ff,16, #C8C0A9
41351101551b013600ff,27, #857C6B
41351101551b013600ff,12, #A39E8F
41351101551b013600ff,7, #594838
41394c3c6629d87cde2f,80,#EEE5D3
41394c3c6629d87cde2f,1, #FEFCF6
41394c3c6629d87cde2f,7, #D3C9B6
41394c3c6629d87cde2f,0, #726C67
41394c3c6629d87cde2f,0, #5C5653
41394c3c6629d87cde2f,1, #8C867D
41394c3c6629d87cde2f,7, #ADA599
413baeca429c4a7319dd,9, #8C887A
413baeca429c4a7319dd,22, #636053
413baeca429c4a7319dd,15, #383730
413baeca429c4a7319dd,14, #D1CCBF
413baeca429c4a7319dd,12, #AEAA9C
413baeca429c4a7319dd,25,#F3EDDE
4157b44aea99c7e35b57,3, #F2EFE5
4157b44aea99c7e35b57,19, #706D64
4157b44aea99c7e35b57,11, #514F46
4157b44aea99c7e35b57,20, #9E9B90
4157b44aea99c7e35b57,11, #B8B4A9
4157b44aea99c7e35b57,13, #868379
4157b44aea99c7e35b57,20,#D4D0C4
415ef4a1b641e51cf716,1,#FDFEF5
415ef4a1b641e51cf716,5, #66675F
415ef4a1b641e51cf716,52, #E2E2D8
415ef4a1b641e51cf716,8, #8B8B85
415ef4a1b641e51cf716,31, #B6B6B0
415ef4a1b641e51cf716,1, #474841
4160778b75b749541367,23, #6B6250
4160778b75b749541367,1, #DAD6C0
4160778b75b749541367,35, #BFB695
4160778b75b749541367,0,#EFECD7
4160778b75b749541367,32, #94896E
4160778b75b749541367,6, #434035
4162272fc49067d53d25,17, #43433B
4162272fc49067d53d25,41, #D5CEB6
4162272fc49067d53d25,13,#F8F6E8
4162272fc49067d53d25,9, #868271
4162272fc49067d53d25,12, #ABA490
4162272fc49067d53d25,5, #6A685A
416ed429f8e5006b7eac,2, #B2A595
416ed429f8e5006b7eac,71,#EFDCC3
416ed429f8e5006b7eac,4, #5E5044
416ed429f8e5006b7eac,4, #806D5E
416ed429f8e5006b7eac,13, #D1C1AE
416ed429f8e5006b7eac,2, #A98C79
417377e2d48a2133a9ac,8, #312821
417377e2d48a2133a9ac,3, #CAC8BC
417377e2d48a2133a9ac,3, #070706
417377e2d48a2133a9ac,4, #A8A69F
417377e2d48a2133a9ac,6, #EEEBE0
417377e2d48a2133a9ac,66,#695C46
417377e2d48a2133a9ac,8, #847E7B
41752fe878843e34822c,10,#6C5E40
41752fe878843e34822c,45, #2B1A10
41752fe878843e34822c,0, #AD9D80
41752fe878843e34822c,3, #8D764C
41752fe878843e34822c,0, #6B7877
41752fe878843e34822c,40, #504531
417eca39fd7e2bc34894,0, #DED7C7
417eca39fd7e2bc34894,3,#F7F5EA
417eca39fd7e2bc34894,47, #7D6F5D
417eca39fd7e2bc34894,1, #C7C4B5
417eca39fd7e2bc34894,40, #948D7F
417eca39fd7e2bc34894,7, #AEA796
418619c68f465d05d7de,33, #9B8766
418619c68f465d05d7de,31, #745D3E
418619c68f465d05d7de,0, #DBD2B4
418619c68f465d05d7de,6, #3F3621
418619c68f465d05d7de,27, #B1A785
418619c68f465d05d7de,0,#1F1E13
418b6389fea64d03af57,9, #968F6F
418b6389fea64d03af57,10, #2E2819
418b6389fea64d03af57,30,#16120A
418b6389fea64d03af57,18, #5A4D31
418b6389fea64d03af57,5, #736542
418b6389fea64d03af57,20, #3C3725
418b6389fea64d03af57,3, #837653
4195789bf71563b95b03,17, #979183
4195789bf71563b95b03,3, #4B473F
4195789bf71563b95b03,29,#D9D1BD
4195789bf71563b95b03,20, #69655A
4195789bf71563b95b03,14, #B5AE9D
4195789bf71563b95b03,14, #817C6F
419e137dc00fcabda3f4,11, #A38D61
419e137dc00fcabda3f4,0, #B7AA94
419e137dc00fcabda3f4,20,#3F341E
419e137dc00fcabda3f4,14, #83724E
419e137dc00fcabda3f4,28, #625634
419e137dc00fcabda3f4,26, #231A09
41a02b01e21466cb5b7a,1, #BDAE92
41a02b01e21466cb5b7a,51,#413731
41a02b01e21466cb5b7a,0, #9C6039
41a02b01e21466cb5b7a,12, #755B44
41a02b01e21466cb5b7a,31, #1D1A18
41a02b01e21466cb5b7a,3, #9B866B
41a02b01e21466cb5b7a,0, #D1C6B4
41a3c0952639aa0879ff,12, #716F60
41a3c0952639aa0879ff,15, #B2AD9C
41a3c0952639aa0879ff,15, #DCD6C5
41a3c0952639aa0879ff,20, #8A8777
41a3c0952639aa0879ff,21,#585749
41a3c0952639aa0879ff,9, #FAF6E6
41a3c0952639aa0879ff,4, #3D3C30
41ae4399a8cb51373cab,0, #D3CBC1
41ae4399a8cb51373cab,47, #504021
41ae4399a8cb51373cab,29, #1C1509
41ae4399a8cb51373cab,7, #A18854
41ae4399a8cb51373cab,3,#BFAC87
41ae4399a8cb51373cab,11, #856C36
41b0a2d176a84b10bc30,6, #717165
41b0a2d176a84b10bc30,57,#F4F0E5
41b0a2d176a84b10bc30,4, #9A988D
41b0a2d176a84b10bc30,0, #4F4F45
41b0a2d176a84b10bc30,8, #C2B7A0
41b0a2d176a84b10bc30,22, #E3DBC9
41b1c20982249b563c7e,13, #E4D9B0
41b1c20982249b563c7e,2, #766047
41b1c20982249b563c7e,10, #BAA98A
41b1c20982249b563c7e,11, #96866D
41b1c20982249b563c7e,55,#F8F5D9
41b1c20982249b563c7e,5, #D0C29F
41b3951d75e52c97eda4,1, #474442
41b3951d75e52c97eda4,0,#FFFEFD
41b3951d75e52c97eda4,2, #8E8881
41b3951d75e52c97eda4,3, #BBB5AB
41b3951d75e52c97eda4,2, #69645F
41b3951d75e52c97eda4,88, #EAE0D3
41b63c0132d7c1a9d1bc,8, #644E36
41b63c0132d7c1a9d1bc,0, #8D8869
41b63c0132d7c1a9d1bc,9, #4C331F
41b63c0132d7c1a9d1bc,59,#382212
41b63c0132d7c1a9d1bc,0, #7B6E4F
41b63c0132d7c1a9d1bc,21, #171109
41b63c0132d7c1a9d1bc,0, #A09D85
41b6d2b03ef777cc4976,4, #6E6C59
41b6d2b03ef777cc4976,7,#CDC9B3
41b6d2b03ef777cc4976,5, #9D9B85
41b6d2b03ef777cc4976,0, #2D3022
41b6d2b03ef777cc4976,3, #484938
41b6d2b03ef777cc4976,79, #F4F1DA
41b8f918065a451f21e8,0,#FEFEFE
41b8f918065a451f21e8,14, #666055
41b8f918065a451f21e8,55, #DED8CE
41b8f918065a451f21e8,12, #BAB3A8
41b8f918065a451f21e8,1, #403C35
41b8f918065a451f21e8,14, #938C81
41bb8835d529a233d44c,0, #BF9762
41bb8835d529a233d44c,0, #F6E3AF
41bb8835d529a233d44c,0, #D5B586
41bb8835d529a233d44c,51, #5A301B
41bb8835d529a233d44c,17, #865D3A
41bb8835d529a233d44c,29,#130C08
41c563f02056389f4d30,1, #AD876B
41c563f02056389f4d30,43, #DFD5BB
41c563f02056389f4d30,36,#F9F5E7
41c563f02056389f4d30,2, #5B4F45
41c563f02056389f4d30,10, #AEA398
41c563f02056389f4d30,5, #856F5F
41ca1f48d8756b7105c6,1, #464737
41ca1f48d8756b7105c6,47, #D3CBB5
41ca1f48d8756b7105c6,3, #ACA692
41ca1f48d8756b7105c6,7, #696955
41ca1f48d8756b7105c6,34,#F7F2E7
41ca1f48d8756b7105c6,5, #8E8C79
41d52ed00501ac87c609,11, #747164
41d52ed00501ac87c609,0, #FFFFFC
41d52ed00501ac87c609,14, #918E81
41d52ed00501ac87c609,20, #CECABA
41d52ed00501ac87c609,3, #524F45
41d52ed00501ac87c609,11, #BBAD91
41d52ed00501ac87c609,38,#EBE8D9
41dd042540d1e84870c8,1, #4F392C
41dd042540d1e84870c8,10,#E0DBCA
41dd042540d1e84870c8,9, #706054
41dd042540d1e84870c8,42, #A79F8F
41dd042540d1e84870c8,20, #C2BCA9
41dd042540d1e84870c8,15, #8F8679
41df30ccd3828dad0374,9, #EAE5D9
41df30ccd3828dad0374,19, #706B60
41df30ccd3828dad0374,12, #B4AC98
41df30ccd3828dad0374,35,#D1CBBC
41df30ccd3828dad0374,4, #FAF9F7
41df30ccd3828dad0374,4, #454239
41df30ccd3828dad0374,14, #928D82
41e31c269bdd196630f7,18, #B0A384
41e31c269bdd196630f7,2, #645A46
41e31c269bdd196630f7,6, #867D6D
41e31c269bdd196630f7,1, #F8F5EA
41e31c269bdd196630f7,68,#D9D0BC
41e31c269bdd196630f7,1, #463F2F
41e31c269bdd196630f7,0, #26271C
41e36290cff733c1b017,0, #464439
41e36290cff733c1b017,3, #98978A
41e36290cff733c1b017,2, #686658
41e36290cff733c1b017,15, #F9F9F4
41e36290cff733c1b017,64,#E4E4D4
41e36290cff733c1b017,2, #817F70
41e36290cff733c1b017,11, #BBB9A8
41eb67d6a0a3de77261c,3, #D7D3C7
41eb67d6a0a3de77261c,52, #858072
41eb67d6a0a3de77261c,8, #B8B29E
41eb67d6a0a3de77261c,3,#F4F0E7
41eb67d6a0a3de77261c,4, #232018
41eb67d6a0a3de77261c,26, #4C493D
41ee5a9add47917376a0,24, #CFC7B0
41ee5a9add47917376a0,12, #615B4C
41ee5a9add47917376a0,5, #403C31
41ee5a9add47917376a0,27,#EDE9DA
41ee5a9add47917376a0,8, #827B6A
41ee5a9add47917376a0,6, #B7AF9A
41ee5a9add47917376a0,14, #9B9687
41f0cbad88e764afd89e,81, #E6E2D5
41f0cbad88e764afd89e,0, #5A584F
41f0cbad88e764afd89e,2, #C6C2B7
41f0cbad88e764afd89e,4,#FCFAF4
41f0cbad88e764afd89e,5, #A4A198
41f0cbad88e764afd89e,5, #7E7B72
41f2047eb98ed93880fe,0, #F5EFE1
41f2047eb98ed93880fe,5, #C7B89B
41f2047eb98ed93880fe,16,#504B45
41f2047eb98ed93880fe,10, #AEA084
41f2047eb98ed93880fe,65, #837869
41f2047eb98ed93880fe,0, #DCCFBA
41f5817dc6c234ddea1f,6, #7E705C
41f5817dc6c234ddea1f,0, #FDF9E9
41f5817dc6c234ddea1f,34,#B7AA92
41f5817dc6c234ddea1f,26, #9C907C
41f5817dc6c234ddea1f,24, #CFC6AF
41f5817dc6c234ddea1f,0, #6F5C45
41f5817dc6c234ddea1f,6, #E7E1CF
41fdd40c04c4d4b3612e,5,#888377
41fdd40c04c4d4b3612e,5, #46443C
41fdd40c04c4d4b3612e,21, #F8F6E8
41fdd40c04c4d4b3612e,57, #D1CAB6
41fdd40c04c4d4b3612e,3, #ABA595
41fdd40c04c4d4b3612e,6, #68645A
4201e9ebc902502775a5,9, #463224
4201e9ebc902502775a5,4, #E1DECE
4201e9ebc902502775a5,19, #C6BDA5
4201e9ebc902502775a5,0,#FEFDF0
4201e9ebc902502775a5,50, #9D9279
4201e9ebc902502775a5,15, #6C5F4D
420365366c3ef6114818,18, #493918
420365366c3ef6114818,1, #D4CF9C
420365366c3ef6114818,1, #823B2B
420365366c3ef6114818,12, #1E1A0B
420365366c3ef6114818,21, #BCB87F
420365366c3ef6114818,22, #71603B
420365366c3ef6114818,22,#9D8E55
42072528528f1e762509,28, #736D61
42072528528f1e762509,12, #CDC6B4
42072528528f1e762509,21, #48453B
42072528528f1e762509,11, #B2AB9B
42072528528f1e762509,8,#F3EEDF
42072528528f1e762509,17, #989182
420764e7116679c438fb,42,#3A3125
420764e7116679c438fb,14, #976B3F
420764e7116679c438fb,21, #1B1A18
420764e7116679c438fb,13, #67472D
420764e7116679c438fb,2, #E7DDAE
420764e7116679c438fb,3, #B1975A
420764e7116679c438fb,2, #D0BA71
4207c0e4c775c7ba7205,61,#F6F5E6
4207c0e4c775c7ba7205,3, #5B594F
4207c0e4c775c7ba7205,6, #A8A59A
4207c0e4c775c7ba7205,1, #3F3D34
4207c0e4c775c7ba7205,7, #828077
4207c0e4c775c7ba7205,19, #CFCCBF
421809951592b6f395a5,56, #F1EBDD
421809951592b6f395a5,0,#545048
421809951592b6f395a5,13, #8D887C
421809951592b6f395a5,22, #BCB4A4
421809951592b6f395a5,1, #6B675D
421809951592b6f395a5,5, #DAD2C1
421d1d6a2834351c5d8e,9, #1F180C
421d1d6a2834351c5d8e,26, #918F61
421d1d6a2834351c5d8e,1, #A1472C
421d1d6a2834351c5d8e,38,#5C3A1D
421d1d6a2834351c5d8e,7, #866E2E
421d1d6a2834351c5d8e,0, #D5CE98
421d1d6a2834351c5d8e,15, #53573F
42256a912aecf89c7b75,29, #15140F
42256a912aecf89c7b75,6, #533E29
42256a912aecf89c7b75,0, #8D856D
42256a912aecf89c7b75,8, #61523B
42256a912aecf89c7b75,3, #807057
42256a912aecf89c7b75,0, #9B957C
42256a912aecf89c7b75,52,#352E21
4229c175e958ce810ccd,4, #908450
4229c175e958ce810ccd,40, #C1BA8A
4229c175e958ce810ccd,37,#E2DEB9
4229c175e958ce810ccd,7, #9A9D71
4229c175e958ce810ccd,4, #66633A
4229c175e958ce810ccd,5, #443B21
422c3d48a96d0798ff99,15, #7E6D5A
422c3d48a96d0798ff99,4, #37271E
422c3d48a96d0798ff99,9, #C8C5B1
422c3d48a96d0798ff99,27,#E8E8D9
422c3d48a96d0798ff99,30, #564639
422c3d48a96d0798ff99,12, #A19988
422ccde6682d0f4b3256,14, #55534B
422ccde6682d0f4b3256,9, #918F83
422ccde6682d0f4b3256,10, #F8F7F3
422ccde6682d0f4b3256,8, #B5B2A5
422ccde6682d0f4b3256,6, #78766B
422ccde6682d0f4b3256,36,#E4E1D2
422ccde6682d0f4b3256,13, #CFCCBC
422e735480ee0f8771ad,23, #8B7A5A
422e735480ee0f8771ad,7, #6E5E45
422e735480ee0f8771ad,16, #DED9C0
422e735480ee0f8771ad,11, #CCC2A2
422e735480ee0f8771ad,12,#3D3B30
422e735480ee0f8771ad,28, #A8956E
423209c414717c0900d4,2, #655F57
423209c414717c0900d4,15, #B9B0A0
423209c414717c0900d4,7, #9C9386
423209c414717c0900d4,7, #837B70
423209c414717c0900d4,65,#E0D6C3
423209c414717c0900d4,0, #FEFEF3
423209c414717c0900d4,0, #48443E
4237abf17756591fee12,0, #5F5D4F
4237abf17756591fee12,11, #787566
4237abf17756591fee12,27, #ABA696
4237abf17756591fee12,13,#F6F3E7
4237abf17756591fee12,13, #8E8B7D
4237abf17756591fee12,33, #D0C9B9
423b9d7f6cf50f0fe63c,11, #7C7168
423b9d7f6cf50f0fe63c,29,#D8D1BD
423b9d7f6cf50f0fe63c,4, #403029
423b9d7f6cf50f0fe63c,14, #F3EEDC
423b9d7f6cf50f0fe63c,16, #B0A797
423b9d7f6cf50f0fe63c,10, #605149
423b9d7f6cf50f0fe63c,11, #93887E
423d4740904365e6f450,12, #696658
423d4740904365e6f450,9, #CBC6B0
423d4740904365e6f450,50,#E5E0CB
423d4740904365e6f450,9, #404037
423d4740904365e6f450,5, #8F8B7A
423d4740904365e6f450,0, #FFFFF6
423d4740904365e6f450,11, #ACA794
424f61b1d40977625ae1,62, #EDEAE0
424f61b1d40977625ae1,12, #A49E91
424f61b1d40977625ae1,2, #655E50
424f61b1d40977625ae1,6,#868071
424f61b1d40977625ae1,0, #433F36
424f61b1d40977625ae1,14, #C3BDB0
4253c43a96a04ac957c4,39, #222222
4253c43a96a04ac957c4,17,#F1EFEF
4253c43a96a04ac957c4,8, #88878A
4253c43a96a04ac957c4,24, #5B5B5D
4253c43a96a04ac957c4,10, #BFBEC3
4253c43a96a04ac957c4,0, #CD5343
425621bd2311e3e5e84f,17, #352D24
425621bd2311e3e5e84f,4, #BAA476
425621bd2311e3e5e84f,20, #756647
425621bd2311e3e5e84f,0, #D0BF92
425621bd2311e3e5e84f,33,#654831
425621bd2311e3e5e84f,22, #96825D
425621bd2311e3e5e84f,0, #A05E34
426372db291164c12afb,0, #C6A864
426372db291164c12afb,0, #9E7D3B
426372db291164c12afb,52,#382A16
426372db291164c12afb,0, #625848
426372db291164c12afb,14, #5A4727
426372db291164c12afb,31, #0E0C07
426372db291164c12afb,1, #83683F
426dcce335f968dd4103,39, #D4CAB2
426dcce335f968dd4103,16, #7A6B5D
426dcce335f968dd4103,3, #3B281F
426dcce335f968dd4103,22, #5B4A3F
426dcce335f968dd4103,1, #F8F6EB
426dcce335f968dd4103,15,#A79780
426e9bc35333036ce185,14, #937831
426e9bc35333036ce185,2, #28261A
426e9bc35333036ce185,0, #71705E
426e9bc35333036ce185,0, #E1D17C
426e9bc35333036ce185,3, #CCB357
426e9bc35333036ce185,71,#5D4C33
426e9bc35333036ce185,6, #AE8F48
427fad1701338d3fb660,18, #25251B
427fad1701338d3fb660,31, #121410
427fad1701338d3fb660,3, #5F4A2C
427fad1701338d3fb660,2, #9B8966
427fad1701338d3fb660,39,#3B3425
427fad1701338d3fb660,2, #85714B
427fad1701338d3fb660,1, #AC9E80
4286bbfff72abc06594b,2, #4E462F
4286bbfff72abc06594b,63, #A19B7D
4286bbfff72abc06594b,13, #867E5E
4286bbfff72abc06594b,7,#C1B590
4286bbfff72abc06594b,3, #302C21
4286bbfff72abc06594b,9, #706041
428f46c326026b40a235,17, #9A9177
428f46c326026b40a235,12, #E2D7BB
428f46c326026b40a235,10, #C3BBA3
428f46c326026b40a235,9, #6E6651
428f46c326026b40a235,2, #373121
428f46c326026b40a235,43,#F9F6EA
428f46c326026b40a235,5, #534C39
42999e03df3825e5adf8,4, #BAB696
42999e03df3825e5adf8,16, #A59F7F
42999e03df3825e5adf8,14, #79826C
42999e03df3825e5adf8,3, #34331F
42999e03df3825e5adf8,51,#11120D
42999e03df3825e5adf8,5, #636448
42999e03df3825e5adf8,4, #464D3A
42a57432edd20c8e02b9,3, #796F55
42a57432edd20c8e02b9,26, #0B0703
42a57432edd20c8e02b9,12, #5F533B
42a57432edd20c8e02b9,11, #483C20
42a57432edd20c8e02b9,45,#291C0A
42a57432edd20c8e02b9,0, #928770
42a6c6860e871048ca82,4, #847F71
42a6c6860e871048ca82,2, #656053
42a6c6860e871048ca82,84,#E5E3D1
42a6c6860e871048ca82,2, #BEBBAB
42a6c6860e871048ca82,4, #A09C8D
42a6c6860e871048ca82,0, #454134
42b95e26b6eb3d97a55a,4, #1B1914
42b95e26b6eb3d97a55a,26, #5E5A4C
42b95e26b6eb3d97a55a,5, #AFA692
42b95e26b6eb3d97a55a,29,#84785D
42b95e26b6eb3d97a55a,14, #7E8A91
42b95e26b6eb3d97a55a,14, #613E28
42b95e26b6eb3d97a55a,5, #302B20
42baf0740567b1294b71,10, #7E7954
42baf0740567b1294b71,19, #322610
42baf0740567b1294b71,15, #130F06
42baf0740567b1294b71,0,#485141
42baf0740567b1294b71,22, #6C4B23
42baf0740567b1294b71,30, #90957B
42c83a10f86624a8d5b4,44, #C2BFB7
42c83a10f86624a8d5b4,2, #352620
42c83a10f86624a8d5b4,38, #9F9A90
42c83a10f86624a8d5b4,7, #716A6A
42c83a10f86624a8d5b4,3,#DBDCD7
42c83a10f86624a8d5b4,3, #514647
42cb0b9a181701821d15,19, #B3AA8D
42cb0b9a181701821d15,18, #5C584F
42cb0b9a181701821d15,11, #938F7F
42cb0b9a181701821d15,0,#FDFDF5
42cb0b9a181701821d15,16, #7C7462
42cb0b9a181701821d15,33, #DEDAC8
42ce81ec6ff5da6c5a9d,2, #D1CDC7
42ce81ec6ff5da6c5a9d,14, #595241
42ce81ec6ff5da6c5a9d,5, #16120D
42ce81ec6ff5da6c5a9d,6, #F6F4ED
42ce81ec6ff5da6c5a9d,0, #B4B0AD
42ce81ec6ff5da6c5a9d,54,#797263
42ce81ec6ff5da6c5a9d,15, #9D9786
42ced97d909f352d31f3,24,#382920
42ced97d909f352d31f3,4, #7C7060
42ced97d909f352d31f3,22, #D4C8AA
42ced97d909f352d31f3,17, #B7AE98
42ced97d909f352d31f3,7, #988E7A
42ced97d909f352d31f3,15, #5E4F3E
42ced97d909f352d31f3,8, #E5DCC2
42d37ed10973d8ed3452,16, #66513C
42d37ed10973d8ed3452,12, #2B2721
42d37ed10973d8ed3452,8, #9F8F52
42d37ed10973d8ed3452,9, #83754B
42d37ed10973d8ed3452,1, #B9B595
42d37ed10973d8ed3452,46,#463C31
42d37ed10973d8ed3452,5, #A89F74
42d8c51e0311ef53c67f,56, #F1EED7
42d8c51e0311ef53c67f,3, #766E5C
42d8c51e0311ef53c67f,17, #C5BB9E
42d8c51e0311ef53c67f,7, #A2987C
42d8c51e0311ef53c67f,12,#D6CFB9
42d8c51e0311ef53c67f,1, #585551
42e46998e9be23d5e6f5,46,#211A0A
42e46998e9be23d5e6f5,10, #B18B5F
42e46998e9be23d5e6f5,25, #584530
42e46998e9be23d5e6f5,7, #F1E5A6
42e46998e9be23d5e6f5,4, #DAC07F
42e46998e9be23d5e6f5,5, #8F6041
42e4fd4b353ab0aed205,12, #615D4F
42e4fd4b353ab0aed205,8, #878273
42e4fd4b353ab0aed205,7, #C5BFAD
42e4fd4b353ab0aed205,11, #3D3C32
42e4fd4b353ab0aed205,19, #E1D9C1
42e4fd4b353ab0aed205,6, #A8A392
42e4fd4b353ab0aed205,35,#F7F5E3
42e68a62f4bf3633250c,16, #686657
42e68a62f4bf3633250c,20, #ABA795
42e68a62f4bf3633250c,6, #858271
42e68a62f4bf3633250c,14, #CCC8B6
42e68a62f4bf3633250c,22,#E9E4D5
42e68a62f4bf3633250c,13, #3C3A31
42e68a62f4bf3633250c,5, #FAF9F6
42ece3f2f9f18ee0a455,14, #424036
42ece3f2f9f18ee0a455,23, #D1C8A9
42ece3f2f9f18ee0a455,11,#655F4F
42ece3f2f9f18ee0a455,11, #ADA58A
42ece3f2f9f18ee0a455,20, #F8F4DD
42ece3f2f9f18ee0a455,17, #857F69
42f0b8af5ebee65f710c,28, #2E2218
42f0b8af5ebee65f710c,3, #E2DDD6
42f0b8af5ebee65f710c,1,#CBC1AE
42f0b8af5ebee65f710c,24, #625530
42f0b8af5ebee65f710c,40, #92875F
42f0b8af5ebee65f710c,0, #B2A78F
42f446ae6ea28bc0e3ed,7, #644618
42f446ae6ea28bc0e3ed,0, #B7A465
42f446ae6ea28bc0e3ed,31, #58200D
42f446ae6ea28bc0e3ed,57,#110805
42f446ae6ea28bc0e3ed,0, #AE9044
42f446ae6ea28bc0e3ed,0, #967C38
42f446ae6ea28bc0e3ed,2, #78612B
42f5ae14c8c9cdf4c70d,24, #DBD7C6
42f5ae14c8c9cdf4c70d,4, #716C5E
42f5ae14c8c9cdf4c70d,11, #8D897A
42f5ae14c8c9cdf4c70d,13, #B4AD98
42f5ae14c8c9cdf4c70d,41,#FBF8EC
42f5ae14c8c9cdf4c70d,4, #4F4B40
42fa97f0e5f5184fa0a3,3, #463A2D
42fa97f0e5f5184fa0a3,0, #BFBAB4
42fa97f0e5f5184fa0a3,0, #7D766A
42fa97f0e5f5184fa0a3,51,#070503
42fa97f0e5f5184fa0a3,0, #645142
42fa97f0e5f5184fa0a3,44, #221C14
42fad447b164bc9d6168,26, #473E38
42fad447b164bc9d6168,4, #D0C9B3
42fad447b164bc9d6168,18, #E7E3CC
42fad447b164bc9d6168,15, #746A5E
42fad447b164bc9d6168,28, #FAF9F3
42fad447b164bc9d6168,7,#A8A191
42fc3cb0012344038737,0, #D69650
42fc3cb0012344038737,45, #201F17
42fc3cb0012344038737,11, #977343
42fc3cb0012344038737,39, #5D4729
42fc3cb0012344038737,2, #CEAF79
42fc3cb0012344038737,0,#9E8E69
42fe6cb09870b163d46c,9, #968D76
42fe6cb09870b163d46c,13, #E8E1CC
42fe6cb09870b163d46c,10, #AAA28F
42fe6cb09870b163d46c,18, #C7C0AC
42fe6cb09870b163d46c,17, #776E59
42fe6cb09870b163d46c,23,#F8F6E5
42fe6cb09870b163d46c,6, #514B3C
430e5363d1490a72969f,0, #D8A52E
430e5363d1490a72969f,0, #E6C05C
430e5363d1490a72969f,1, #AC8325
430e5363d1490a72969f,0, #8A6319
430e5363d1490a72969f,94,#2A2110
430e5363d1490a72969f,2, #694514
430eb1c344ba570b358b,23, #CAC4B5
430eb1c344ba570b358b,32, #676256
430eb1c344ba570b358b,16, #A39D8E
430eb1c344ba570b358b,7, #898376
430eb1c344ba570b358b,4,#F4EFDC
430eb1c344ba570b358b,14, #48443B
4313d754c5b898b01533,4, #877760
4313d754c5b898b01533,3, #4C4739
4313d754c5b898b01533,55,#24231F
4313d754c5b898b01533,31, #0A0909
4313d754c5b898b01533,1, #8A8B86
4313d754c5b898b01533,4, #B19F83
4313d754c5b898b01533,0, #E5D3B1
431851ab1efdc4b0e4f6,14, #CCC4B2
431851ab1efdc4b0e4f6,26,#918B7D
431851ab1efdc4b0e4f6,19, #706C5F
431851ab1efdc4b0e4f6,2, #454338
431851ab1efdc4b0e4f6,15, #F0E6D3
431851ab1efdc4b0e4f6,12, #B2AB9B
431851ab1efdc4b0e4f6,8, #59574A
431a54fce5d7002714fa,3, #BAAA73
431a54fce5d7002714fa,10, #71623A
431a54fce5d7002714fa,0, #79461D
431a54fce5d7002714fa,0, #DBD5A5
431a54fce5d7002714fa,79,#1C1912
431a54fce5d7002714fa,5, #3F351E
431a5c09880e40480e6a,9, #757755
431a5c09880e40480e6a,0, #D3CFC3
431a5c09880e40480e6a,24, #141509
431a5c09880e40480e6a,37,#98976F
431a5c09880e40480e6a,19, #3F4023
431a5c09880e40480e6a,4, #BEBD91
431a5c09880e40480e6a,5, #64632F
431bfa65e5bda91436a0,29, #F0E8D7
431bfa65e5bda91436a0,3, #B5AFA2
431bfa65e5bda91436a0,2, #7F7B6E
431bfa65e5bda91436a0,1, #4F4E45
431bfa65e5bda91436a0,1, #69665A
431bfa65e5bda91436a0,3, #9A9587
431bfa65e5bda91436a0,59,#D3CCBD
431eb9f8aaad997b08c4,81, #CDC7B2
431eb9f8aaad997b08c4,1, #F6F4E3
431eb9f8aaad997b08c4,0,#35291F
431eb9f8aaad997b08c4,4, #877E70
431eb9f8aaad997b08c4,0, #675C4E
431eb9f8aaad997b08c4,12, #A99E8C
4322b4c7feeab5c51a9c,4, #BDB9A9
4322b4c7feeab5c51a9c,4, #676253
4322b4c7feeab5c51a9c,7, #9C9788
4322b4c7feeab5c51a9c,61,#F9F8F3
4322b4c7feeab5c51a9c,8, #E1DDCD
4322b4c7feeab5c51a9c,1, #4C493C
4322b4c7feeab5c51a9c,10, #7E7A69
432ed570e8d80b131731,2, #565349
432ed570e8d80b131731,10, #B09A7F
432ed570e8d80b131731,40, #E6DCC9
432ed570e8d80b131731,6, #96725A
432ed570e8d80b131731,32,#F9F6EF
432ed570e8d80b131731,6, #CFBDA1
43322f655befed04989e,66,#372E1D
43322f655befed04989e,11, #544832
43322f655befed04989e,5, #8C7848
43322f655befed04989e,3, #99906A
43322f655befed04989e,0, #AEA985
43322f655befed04989e,8, #191813
43322f655befed04989e,4, #65614D
4337cceee44575a3249e,16, #B4A98E
4337cceee44575a3249e,25, #F6F4E7
4337cceee44575a3249e,13, #CBC3AA
4337cceee44575a3249e,30, #88806C
4337cceee44575a3249e,0,#5E5B52
4337cceee44575a3249e,14, #DFDAC3
4337dcd20592dbb3f572,17, #807761
4337dcd20592dbb3f572,22, #ABA28B
4337dcd20592dbb3f572,18,#F7F6F2
4337dcd20592dbb3f572,6, #474337
4337dcd20592dbb3f572,6, #E5E0CE
4337dcd20592dbb3f572,28, #CDC6B2
434138096b10d9c4f656,16, #826F59
434138096b10d9c4f656,34, #A0927B
434138096b10d9c4f656,3,#F5EFD8
434138096b10d9c4f656,12, #DCD2B4
434138096b10d9c4f656,29, #C2B599
434138096b10d9c4f656,2, #6B5540
434a68e0e1a98e5ac576,0,#FEF6E6
434a68e0e1a98e5ac576,30, #7A736E
434a68e0e1a98e5ac576,17, #C6BCB2
434a68e0e1a98e5ac576,17, #E4D9CB
434a68e0e1a98e5ac576,22, #A89F97
434a68e0e1a98e5ac576,11, #44423F
434ae384ef8daa1e8256,4, #A99364
434ae384ef8daa1e8256,0, #F5EEBB
434ae384ef8daa1e8256,4, #DCCA8F
434ae384ef8daa1e8256,2,#736448
434ae384ef8daa1e8256,54, #4A4537
434ae384ef8daa1e8256,33, #292821
4355ab0677bbaebe7a6d,60,#383427
4355ab0677bbaebe7a6d,4, #92845F
4355ab0677bbaebe7a6d,0, #D5C48C
4355ab0677bbaebe7a6d,2, #57503B
4355ab0677bbaebe7a6d,2, #736749
4355ab0677bbaebe7a6d,1, #BBAD7E
4355ab0677bbaebe7a6d,27, #1E1C17
435639e6074d5fd51e2a,18, #41271C
435639e6074d5fd51e2a,7, #D9C07E
435639e6074d5fd51e2a,1, #E8D99E
435639e6074d5fd51e2a,16, #C0A663
435639e6074d5fd51e2a,28, #665841
435639e6074d5fd51e2a,26,#9A854F
435685f291864d499527,20, #97958A
435685f291864d499527,3,#F8F6E8
435685f291864d499527,26, #D3D0C0
435685f291864d499527,10, #B1AFA2
435685f291864d499527,26, #717168
435685f291864d499527,12, #4A4A44
436690572fc967f29ead,24, #31312D
436690572fc967f29ead,8, #1E1F1C
436690572fc967f29ead,26, #696A5B
436690572fc967f29ead,0, #A7A68B
436690572fc967f29ead,35,#4A493F
436690572fc967f29ead,5, #8F8E75
436690572fc967f29ead,0, #B9B89E
4368a5f2ecafceca9416,3, #817156
4368a5f2ecafceca9416,7, #6F5330
4368a5f2ecafceca9416,3, #B18E61
4368a5f2ecafceca9416,69,#1C120E
4368a5f2ecafceca9416,0, #B2A890
4368a5f2ecafceca9416,14, #432C1D
4368a5f2ecafceca9416,0, #D2C5A6
437e7e9c113a4ad5eb96,3, #B6A884
437e7e9c113a4ad5eb96,6,#937A53
437e7e9c113a4ad5eb96,75, #2B2518
437e7e9c113a4ad5eb96,13, #5C6055
437e7e9c113a4ad5eb96,0, #C9C6AF
437e7e9c113a4ad5eb96,0, #7B8882
43873507d8fba1a7db9f,9, #453F30
43873507d8fba1a7db9f,1,#221E12
43873507d8fba1a7db9f,21, #EAE1D0
43873507d8fba1a7db9f,54, #B8AB95
43873507d8fba1a7db9f,3, #68665F
43873507d8fba1a7db9f,9, #8E867A
438ea0c1f666c1903fa7,29, #534A31
438ea0c1f666c1903fa7,4, #CFBE7E
438ea0c1f666c1903fa7,4, #AFA06A
438ea0c1f666c1903fa7,0, #E8E5AB
438ea0c1f666c1903fa7,7, #73694A
438ea0c1f666c1903fa7,49,#1F1B12
438ea0c1f666c1903fa7,5, #90865A
43974a2a58dbf9d33341,3,#252218
43974a2a58dbf9d33341,25, #605539
43974a2a58dbf9d33341,14, #7C6B40
43974a2a58dbf9d33341,8, #928256
43974a2a58dbf9d33341,41, #433A24
43974a2a58dbf9d33341,7, #B7A672
439bcd34c96ffbb09b96,3, #BAAF9F
439bcd34c96ffbb09b96,22,#F9F4EC
439bcd34c96ffbb09b96,62, #DDD3C6
439bcd34c96ffbb09b96,0, #3E3834
439bcd34c96ffbb09b96,6, #8D7B6E
439bcd34c96ffbb09b96,4, #7A574C
439dc14288fe5a2fefe3,22, #655735
439dc14288fe5a2fefe3,23,#3D3120
439dc14288fe5a2fefe3,16, #878266
439dc14288fe5a2fefe3,9, #534428
439dc14288fe5a2fefe3,6, #7A6D47
439dc14288fe5a2fefe3,1, #252015
439dc14288fe5a2fefe3,19, #A8A183
43a0d92c2e93e2473309,9, #A99D83
43a0d92c2e93e2473309,2, #3B3226
43a0d92c2e93e2473309,7, #7B735F
43a0d92c2e93e2473309,37, #F5F2E8
43a0d92c2e93e2473309,4, #574E3F
43a0d92c2e93e2473309,0, #17110A
43a0d92c2e93e2473309,37,#CEC5AF
43a243c0140e1dceb48a,18, #58544E
43a243c0140e1dceb48a,15, #79746C
43a243c0140e1dceb48a,15, #9C968B
43a243c0140e1dceb48a,30, #353331
43a243c0140e1dceb48a,12,#F0E9DA
43a243c0140e1dceb48a,8, #C3BDB0
43a482aae3119022ab97,24, #D6CEBB
43a482aae3119022ab97,21, #B4A79B
43a482aae3119022ab97,16, #807269
43a482aae3119022ab97,3, #9B8E83
43a482aae3119022ab97,0, #F6F0D9
43a482aae3119022ab97,8, #3F312C
43a482aae3119022ab97,25,#5F5149
43a69dfd0a972c002d47,28,#B4B5A2
43a69dfd0a972c002d47,1, #1F1E14
43a69dfd0a972c002d47,17, #5F5840
43a69dfd0a972c002d47,29, #9A957A
43a69dfd0a972c002d47,8, #3B3625
43a69dfd0a972c002d47,14, #827C5E
43a6bbc08f79658fc927,21, #C8BB9A
43a6bbc08f79658fc927,22, #93765B
43a6bbc08f79658fc927,12, #9C9C8D
43a6bbc08f79658fc927,11, #DDD2B3
43a6bbc08f79658fc927,22,#745F4A
43a6bbc08f79658fc927,7, #F5EFD6
43a6bbc08f79658fc927,2, #523F36
43a6ff8729b0901715c4,32,#91836F
43a6ff8729b0901715c4,7, #D8D5C3
43a6ff8729b0901715c4,10, #726555
43a6ff8729b0901715c4,2, #634F3A
43a6ff8729b0901715c4,22, #BBB5A4
43a6ff8729b0901715c4,21, #AB9F8C
43a6ff8729b0901715c4,2, #4B3628
43b1f359e5c49c99583c,16, #6A685A
43b1f359e5c49c99583c,21,#EDE5D3
43b1f359e5c49c99583c,22, #C8C1AF
43b1f359e5c49c99583c,12, #ABA492
43b1f359e5c49c99583c,13, #47463C
43b1f359e5c49c99583c,13, #8D8878
43b8f67d6ad6937b50d3,27, #181F11
43b8f67d6ad6937b50d3,38,#80866C
43b8f67d6ad6937b50d3,9, #505B4F
43b8f67d6ad6937b50d3,2, #6C6637
43b8f67d6ad6937b50d3,11, #A4AB9C
43b8f67d6ad6937b50d3,3, #5C4F1B
43b8f67d6ad6937b50d3,7, #363C26
43c4ede0b5dd1f6633f3,8, #60595D
43c4ede0b5dd1f6633f3,43,#E3E3E5
43c4ede0b5dd1f6633f3,17, #413F47
43c4ede0b5dd1f6633f3,8, #AB9E9A
43c4ede0b5dd1f6633f3,11, #C5BFBA
43c4ede0b5dd1f6633f3,11, #887A74
43c52ea952b3c78b3535,4, #84725A
43c52ea952b3c78b3535,72,#D9CAAA
43c52ea952b3c78b3535,4, #F8F6F1
43c52ea952b3c78b3535,7, #A5977F
43c52ea952b3c78b3535,5, #5F5142
43c52ea952b3c78b3535,0, #E4DECD
43c52ea952b3c78b3535,4, #C7B593
43c543cbc47aa5e9ed2c,0, #7D4E1C
43c543cbc47aa5e9ed2c,1, #423625
43c543cbc47aa5e9ed2c,97,#17130E
43c543cbc47aa5e9ed2c,0, #62573B
43c543cbc47aa5e9ed2c,0, #DEC376
43c543cbc47aa5e9ed2c,0, #987641
43c543cbc47aa5e9ed2c,0, #C3A761
43c779c854ab0af02feb,19, #594A29
43c779c854ab0af02feb,5, #AE9350
43c779c854ab0af02feb,40, #393123
43c779c854ab0af02feb,13, #918555
43c779c854ab0af02feb,0,#9E9E95
43c779c854ab0af02feb,20, #74673A
43cb80727cf0bb0f4a1b,7, #14140F
43cb80727cf0bb0f4a1b,8, #F6F5EF
43cb80727cf0bb0f4a1b,5, #817C6D
43cb80727cf0bb0f4a1b,3, #CDCABE
43cb80727cf0bb0f4a1b,48,#323028
43cb80727cf0bb0f4a1b,0, #9E9B93
43cb80727cf0bb0f4a1b,26, #5C584B
43d1ec7ed39e57eacd12,9, #33342E
43d1ec7ed39e57eacd12,48,#EAE2CF
43d1ec7ed39e57eacd12,15, #BFB9AA
43d1ec7ed39e57eacd12,7, #515148
43d1ec7ed39e57eacd12,10, #979288
43d1ec7ed39e57eacd12,8, #6B695F
43d7f5fc9e1a3730b592,7, #322C1F
43d7f5fc9e1a3730b592,0, #B7B28F
43d7f5fc9e1a3730b592,4, #6F6E5A
43d7f5fc9e1a3730b592,2, #9F8F6D
43d7f5fc9e1a3730b592,67,#181812
43d7f5fc9e1a3730b592,1, #7F613F
43d7f5fc9e1a3730b592,17, #564E3B
43eca42ea1f29379ad1e,0,#060402
43eca42ea1f29379ad1e,50, #BDB795
43eca42ea1f29379ad1e,8, #554C2F
43eca42ea1f29379ad1e,8, #332C11
43eca42ea1f29379ad1e,22, #948A69
43eca42ea1f29379ad1e,10, #6F6642
43f368caa62e9e32e193,8, #8A836A
43f368caa62e9e32e193,7, #E6E2D1
43f368caa62e9e32e193,52,#F8F8F1
43f368caa62e9e32e193,3, #282723
43f368caa62e9e32e193,18, #5A5649
43f368caa62e9e32e193,4, #A49F91
43f368caa62e9e32e193,4, #C2BCAA
43ff7e1365eed80b2842,7, #979587
43ff7e1365eed80b2842,8, #4B4B43
43ff7e1365eed80b2842,11, #B4B1A2
43ff7e1365eed80b2842,19,#F1EBDC
43ff7e1365eed80b2842,47, #D3CDBB
43ff7e1365eed80b2842,6, #757367
4401a089429249dabc90,14, #BAB59E
4401a089429249dabc90,25,#D7D1B8
4401a089429249dabc90,9, #868371
4401a089429249dabc90,9, #F6F4E7
4401a089429249dabc90,13, #9F9B87
4401a089429249dabc90,17, #666557
4401a089429249dabc90,10, #414139
441196b48baeaffbded9,10, #2A1D19
441196b48baeaffbded9,11, #B1A392
441196b48baeaffbded9,29, #5A493F
441196b48baeaffbded9,33, #D5CCBB
441196b48baeaffbded9,3,#F6F3E7
441196b48baeaffbded9,11, #847568
441c4bf574dea3e23d6b,2, #A1976C
441c4bf574dea3e23d6b,0, #974831
441c4bf574dea3e23d6b,7, #615B3D
441c4bf574dea3e23d6b,37, #5E3820
441c4bf574dea3e23d6b,42,#17140C
441c4bf574dea3e23d6b,5, #957C4E
441c4bf574dea3e23d6b,2, #C1B57F
442e62516c61c70eb05c,2, #312619
442e62516c61c70eb05c,4, #5E5444
442e62516c61c70eb05c,30, #F4F1E4
442e62516c61c70eb05c,47,#D0C4AC
442e62516c61c70eb05c,6, #8E8168
442e62516c61c70eb05c,8, #B1A389
442e62516c61c70eb05c,0, #060301
442fca71429719294a83,4, #97847A
442fca71429719294a83,30, #604C41
442fca71429719294a83,47, #E4DED1
442fca71429719294a83,5, #806959
442fca71429719294a83,11, #C1B19E
442fca71429719294a83,1,#F9F6EE
443c79587b38abfb91b7,26, #7B6945
443c79587b38abfb91b7,7, #C7B994
443c79587b38abfb91b7,12, #A79972
443c79587b38abfb91b7,9,#0D0A04
443c79587b38abfb91b7,18, #E1D3B2
443c79587b38abfb91b7,24, #45391F
4443370b78ac13f3f101,56,#211A0E
4443370b78ac13f3f101,8, #979CA0
4443370b78ac13f3f101,9, #656257
4443370b78ac13f3f101,0, #896C45
4443370b78ac13f3f101,22, #5A4127
4443370b78ac13f3f101,3, #857F70
444d972daf027da232d9,9, #E5D8CB
444d972daf027da232d9,0,#FEFCED
444d972daf027da232d9,18, #655C59
444d972daf027da232d9,25, #877E78
444d972daf027da232d9,39, #B6AEA3
444d972daf027da232d9,5, #494140
4450f02ed6b6f94cc04c,5, #3F3C33
4450f02ed6b6f94cc04c,8, #686152
4450f02ed6b6f94cc04c,8, #8A816F
4450f02ed6b6f94cc04c,1, #F7EBD6
4450f02ed6b6f94cc04c,56,#E0D5C0
4450f02ed6b6f94cc04c,12, #C0B6A2
4450f02ed6b6f94cc04c,5, #A49A86
445173dc4e95ffc03338,11, #4A4A3C
445173dc4e95ffc03338,33, #A09B88
445173dc4e95ffc03338,29, #D1CAB7
445173dc4e95ffc03338,17, #6B6957
445173dc4e95ffc03338,3,#F5F3EA
445173dc4e95ffc03338,5, #2A2B23
445462f8a42aa7cb16d6,10, #43413A
445462f8a42aa7cb16d6,1, #FBF9F2
445462f8a42aa7cb16d6,15, #5F5C51
445462f8a42aa7cb16d6,11, #B7AD97
445462f8a42aa7cb16d6,8,#888477
445462f8a42aa7cb16d6,52, #E8E2D3
44556bde33d8abacd071,0, #ECE4BD
44556bde33d8abacd071,64,#3B2019
44556bde33d8abacd071,14, #4F4537
44556bde33d8abacd071,6, #86401E
44556bde33d8abacd071,2, #AC9864
44556bde33d8abacd071,6, #C7BA90
44556bde33d8abacd071,6, #8F7543
445adea231a9818726ad,9, #706862
445adea231a9818726ad,10, #F4F1E6
445adea231a9818726ad,2, #594E49
445adea231a9818726ad,53,#AAA89B
445adea231a9818726ad,4, #3A2E25
445adea231a9818726ad,3, #DAD5C0
445adea231a9818726ad,16, #8A837A
445b8c58613b92687030,12, #60503A
445b8c58613b92687030,3, #BEB18E
445b8c58613b92687030,11, #E0DDCF
445b8c58613b92687030,35,#362F27
445b8c58613b92687030,11, #A49371
445b8c58613b92687030,22, #867354
445b8c58613b92687030,3, #090909
445eb2414c07a5f703d8,15, #6C685D
445eb2414c07a5f703d8,0, #39362F
445eb2414c07a5f703d8,12, #C5C0B4
445eb2414c07a5f703d8,15, #878278
445eb2414c07a5f703d8,21, #524F45
445eb2414c07a5f703d8,8, #A5A095
445eb2414c07a5f703d8,26,#EFEBDF
446ce334c0366dfd7ca3,32, #534733
446ce334c0366dfd7ca3,1, #322D24
446ce334c0366dfd7ca3,18, #B5B2A7
446ce334c0366dfd7ca3,18, #766951
446ce334c0366dfd7ca3,6, #958C78
446ce334c0366dfd7ca3,21,#EAE7DC
4473406b79a5db8f2beb,14, #C0B294
4473406b79a5db8f2beb,3, #7E684E
4473406b79a5db8f2beb,4, #D9D9D1
4473406b79a5db8f2beb,0, #654F3A
4473406b79a5db8f2beb,64,#CFC7B2
4473406b79a5db8f2beb,2, #F5F5F0
4473406b79a5db8f2beb,11, #9F9278
44768ff34e2bcaa39e73,16, #B2AEA8
44768ff34e2bcaa39e73,41, #63411D
44768ff34e2bcaa39e73,13,#DAD6D1
44768ff34e2bcaa39e73,12, #7C6D5D
44768ff34e2bcaa39e73,9, #140E0B
44768ff34e2bcaa39e73,7, #938F89
447742c44f4ba46a331e,2, #B99C54
447742c44f4ba46a331e,16, #856830
447742c44f4ba46a331e,54, #584722
447742c44f4ba46a331e,7, #A2823E
447742c44f4ba46a331e,0, #C8B26F
447742c44f4ba46a331e,18,#342512
44898ad12db439fe680d,7, #8B8C81
44898ad12db439fe680d,64,#F3F1E6
44898ad12db439fe680d,14, #B0B0A6
44898ad12db439fe680d,8, #CBCBC0
44898ad12db439fe680d,1, #4E4F48
44898ad12db439fe680d,2, #6A6B61
449f196fba09e7437f1c,29,#41371D
449f196fba09e7437f1c,7, #816941
449f196fba09e7437f1c,18, #14110A
449f196fba09e7437f1c,0, #B6B69D
449f196fba09e7437f1c,11, #565940
449f196fba09e7437f1c,5, #9CA08A
449f196fba09e7437f1c,27, #857F5D
44a48ba945ffd0c8342b,9, #797566
44a48ba945ffd0c8342b,19, #989383
44a48ba945ffd0c8342b,4, #F6F3E2
44a48ba945ffd0c8342b,20, #DED8C4
44a48ba945ffd0c8342b,5, #434138
44a48ba945ffd0c8342b,9, #5F5C50
44a48ba945ffd0c8342b,30,#C2BCAA
44a9498efb8f7cb856a0,8, #8E8677
44a9498efb8f7cb856a0,7, #E0D4B8
44a9498efb8f7cb856a0,13, #F4F1E4
44a9498efb8f7cb856a0,35,#C7B99E
44a9498efb8f7cb856a0,15, #AB9F87
44a9498efb8f7cb856a0,13, #776E5F
44a9498efb8f7cb856a0,6, #524C41
44aa11ed9730c938173d,7, #D1C599
44aa11ed9730c938173d,18, #443E30
44aa11ed9730c938173d,27, #F0EACA
44aa11ed9730c938173d,30, #87714E
44aa11ed9730c938173d,1,#928E7E
44aa11ed9730c938173d,14, #B9A371
44af22ab2375666ecf49,5, #A29A90
44af22ab2375666ecf49,65,#FBF4E5
44af22ab2375666ecf49,1, #554F4E
44af22ab2375666ecf49,18, #E0D8C9
44af22ab2375666ecf49,2, #77706B
44af22ab2375666ecf49,5, #C4BCAF
44bc3fc26c305558c1fd,7, #413C2C
44bc3fc26c305558c1fd,1, #67542C
44bc3fc26c305558c1fd,0, #A89666
44bc3fc26c305558c1fd,1, #7D683B
44bc3fc26c305558c1fd,20, #0C0C0C
44bc3fc26c305558c1fd,67,#292214
44bc3fc26c305558c1fd,1, #947F51
44c195606a48154abb24,1, #AA8D65
44c195606a48154abb24,12, #855A1F
44c195606a48154abb24,0, #BFA682
44c195606a48154abb24,72, #3F381E
44c195606a48154abb24,2, #8D724C
44c195606a48154abb24,11,#1A1107
44d5aadc82f19ead2645,0, #BEA54A
44d5aadc82f19ead2645,0, #CFC06A
44d5aadc82f19ead2645,15, #544D38
44d5aadc82f19ead2645,58,#201F15
44d5aadc82f19ead2645,1, #A68A4B
44d5aadc82f19ead2645,4, #363326
44d5aadc82f19ead2645,18, #856F41
44e1e9309c6f4537dbb8,21, #595348
44e1e9309c6f4537dbb8,26, #827E73
44e1e9309c6f4537dbb8,0, #1A150F
44e1e9309c6f4537dbb8,16, #B1B0A3
44e1e9309c6f4537dbb8,20,#DDDAC5
44e1e9309c6f4537dbb8,14, #39362B
44e2f7083453890b76c9,3, #938A75
44e2f7083453890b76c9,9, #EAE4CF
44e2f7083453890b76c9,1, #696659
44e2f7083453890b76c9,74,#F6F5EA
44e2f7083453890b76c9,0, #49473A
44e2f7083453890b76c9,4, #B1A893
44e2f7083453890b76c9,5, #D6CDB5
44e326e46a5a31f43612,20, #513C1F
44e326e46a5a31f43612,3, #9D956C
44e326e46a5a31f43612,2, #BAB397
44e326e46a5a31f43612,56,#201D13
44e326e46a5a31f43612,6, #8C8050
44e326e46a5a31f43612,10, #6F5F34
44e46afa9771a179251d,52, #45433D
44e46afa9771a179251d,4, #282721
44e46afa9771a179251d,8, #979791
44e46afa9771a179251d,12, #6C6C65
44e46afa9771a179251d,12,#EEEEE9
44e46afa9771a179251d,8, #BCBCB6
44e88c5cbbb78c8b684e,17, #4E4530
44e88c5cbbb78c8b684e,9,#A1906D
44e88c5cbbb78c8b684e,13, #B2A382
44e88c5cbbb78c8b684e,27, #856E45
44e88c5cbbb78c8b684e,17, #322C1F
44e88c5cbbb78c8b684e,14, #C1B69A
4507f9f66cb9b9770e21,19, #C5BFAD
4507f9f66cb9b9770e21,22, #ECE7D6
4507f9f66cb9b9770e21,18, #3F403B
4507f9f66cb9b9770e21,18, #64635B
4507f9f66cb9b9770e21,8,#878479
4507f9f66cb9b9770e21,12, #A29E90
4510b7c1abf94acbce58,3, #D8BF7A
4510b7c1abf94acbce58,7, #B5A269
4510b7c1abf94acbce58,19, #39311C
4510b7c1abf94acbce58,3, #E8E2B9
4510b7c1abf94acbce58,0, #BAB59A
4510b7c1abf94acbce58,41,#795D37
4510b7c1abf94acbce58,25, #A27F54
45177bad70a3cdcd2248,5, #9F9C8C
45177bad70a3cdcd2248,0, #6A685F
45177bad70a3cdcd2248,2, #828074
45177bad70a3cdcd2248,19, #DAD3BD
45177bad70a3cdcd2248,65,#F7F5ED
45177bad70a3cdcd2248,6, #BFB9A2
451e278a26c34ba7f455,4, #404036
451e278a26c34ba7f455,21, #CAC6B8
451e278a26c34ba7f455,13, #828272
451e278a26c34ba7f455,19,#F2F0E2
451e278a26c34ba7f455,22, #A19F91
451e278a26c34ba7f455,18, #616253
451ea48da523dcc89883,0, #372F1E
451ea48da523dcc89883,51,#D2CAB9
451ea48da523dcc89883,6, #747267
451ea48da523dcc89883,10, #B0A48C
451ea48da523dcc89883,7, #535149
451ea48da523dcc89883,0, #F1EDE2
451ea48da523dcc89883,23, #928C7B
45216118e2a54e730341,9, #BDB8A7
45216118e2a54e730341,11, #9E9A89
45216118e2a54e730341,2, #403E33
45216118e2a54e730341,28,#F6F5EA
45216118e2a54e730341,13, #7F7A69
45216118e2a54e730341,21, #5E5A4B
45216118e2a54e730341,13, #D9D4C4
4523f98e4a24aa6b557b,4, #D3C9B0
4523f98e4a24aa6b557b,9, #564E3E
4523f98e4a24aa6b557b,22, #80755B
4523f98e4a24aa6b557b,13, #B1A484
4523f98e4a24aa6b557b,45,#F2F1EB
4523f98e4a24aa6b557b,1, #23201A
4523f98e4a24aa6b557b,2, #40382A
45247c055abfffcc9081,16, #725C31
45247c055abfffcc9081,8,#070913
45247c055abfffcc9081,1, #D2B77A
45247c055abfffcc9081,9, #F0D78C
45247c055abfffcc9081,49, #323033
45247c055abfffcc9081,14, #AB9057
4524ec81a3584468ba7a,0, #726F61
4524ec81a3584468ba7a,1, #918B7C
4524ec81a3584468ba7a,0, #595649
4524ec81a3584468ba7a,69,#F8F7EE
4524ec81a3584468ba7a,3, #CDC7B7
4524ec81a3584468ba7a,5, #ADA592
4524ec81a3584468ba7a,19, #E2DCC9
45308cafd9c28f4fe2ef,15, #404038
45308cafd9c28f4fe2ef,14, #C3C0B0
45308cafd9c28f4fe2ef,10, #605F54
45308cafd9c28f4fe2ef,9, #979486
45308cafd9c28f4fe2ef,44,#F0ECD9
45308cafd9c28f4fe2ef,6, #79786B
453141549b492d9444ac,20, #6F6762
453141549b492d9444ac,22,#C8C0B1
453141549b492d9444ac,11, #888179
453141549b492d9444ac,22, #EBE2CF
453141549b492d9444ac,17, #A59F94
453141549b492d9444ac,6, #48423F
4532d6933728b7eff18f,12, #9D905D
4532d6933728b7eff18f,10,#292311
4532d6933728b7eff18f,42, #544A29
4532d6933728b7eff18f,11, #E0D7A8
4532d6933728b7eff18f,18, #7C6942
4532d6933728b7eff18f,4, #C2B682
4539f410e6a8c38f3574,32, #8C8173
4539f410e6a8c38f3574,47, #B7AB94
4539f410e6a8c38f3574,11, #D6D2C1
4539f410e6a8c38f3574,1, #574940
4539f410e6a8c38f3574,6, #746557
4539f410e6a8c38f3574,0,#F2F1EA
454202cdf7622b1d36b2,11, #A7A493
454202cdf7622b1d36b2,6, #7E7B6C
454202cdf7622b1d36b2,6, #575547
454202cdf7622b1d36b2,0, #312F24
454202cdf7622b1d36b2,5, #CCC9B6
454202cdf7622b1d36b2,69,#EDEAD5
454a7e1f1b7bc1ccf3d1,4, #32322D
454a7e1f1b7bc1ccf3d1,20, #DDD9C8
454a7e1f1b7bc1ccf3d1,31, #5D5C53
454a7e1f1b7bc1ccf3d1,2,#FAF9F1
454a7e1f1b7bc1ccf3d1,16, #B3AEA1
454a7e1f1b7bc1ccf3d1,25, #8F8B80
4552feb018d62bbfaf1d,19, #6D5434
4552feb018d62bbfaf1d,0, #3A4C64
4552feb018d62bbfaf1d,21, #9C8861
4552feb018d62bbfaf1d,17,#18150C
4552feb018d62bbfaf1d,1, #C6B690
4552feb018d62bbfaf1d,40, #382F2A
4559860d095d00ea1f6c,4, #EAE3C9
4559860d095d00ea1f6c,9, #A89878
4559860d095d00ea1f6c,1, #FAFBF9
4559860d095d00ea1f6c,4, #CEBD92
4559860d095d00ea1f6c,7, #7A7161
4559860d095d00ea1f6c,29, #67503F
4559860d095d00ea1f6c,42,#2E1F1B
45617588dadb213b4059,9, #5A6352
45617588dadb213b4059,1, #081206
45617588dadb213b4059,26,#F5ECD5
45617588dadb213b4059,18, #8F9280
45617588dadb213b4059,35, #C5BFA9
45617588dadb213b4059,8, #2D3929
4562ceea82bb8bfd4d63,5, #5C4B2B
4562ceea82bb8bfd4d63,0, #A09266
4562ceea82bb8bfd4d63,0, #78663D
4562ceea82bb8bfd4d63,0,#8A7C52
4562ceea82bb8bfd4d63,39, #1B150D
4562ceea82bb8bfd4d63,54, #412D1A
4569b078208e5560df5a,38, #403F39
4569b078208e5560df5a,2, #C9A878
4569b078208e5560df5a,0, #E5CFA2
4569b078208e5560df5a,30, #5A5B52
4569b078208e5560df5a,22, #A17858
4569b078208e5560df5a,4,#2B2A27
456b167f6f3d4f49b095,0, #C1A854
456b167f6f3d4f49b095,2, #B4AF87
456b167f6f3d4f49b095,6, #97783B
456b167f6f3d4f49b095,56, #4A311D
456b167f6f3d4f49b095,20, #656648
456b167f6f3d4f49b095,13,#A0946C
4572ae48e6331bd60d44,13, #8B8B85
4572ae48e6331bd60d44,20, #DCD8C7
4572ae48e6331bd60d44,16, #786F5D
4572ae48e6331bd60d44,4,#F5F5ED
4572ae48e6331bd60d44,19, #B6B4A9
4572ae48e6331bd60d44,24, #42413B
4573f52e2a9efb23c34a,13, #A7A7AA
4573f52e2a9efb23c34a,31,#666566
4573f52e2a9efb23c34a,12, #40403F
4573f52e2a9efb23c34a,4, #201F1D
4573f52e2a9efb23c34a,11, #C6C6CA
4573f52e2a9efb23c34a,3, #DEDEE2
4573f52e2a9efb23c34a,23, #89888B
457d3132f02ad87364bb,0, #FEFEF1
457d3132f02ad87364bb,12, #B8B3A2
457d3132f02ad87364bb,21, #E8E1D0
457d3132f02ad87364bb,22, #6B6857
457d3132f02ad87364bb,1, #4F4D3F
457d3132f02ad87364bb,30,#949180
457d3132f02ad87364bb,9, #CFC9B9
457e73979eba06be68be,5, #8E9583
457e73979eba06be68be,2,#C2BEA2
457e73979eba06be68be,41, #6C5B43
457e73979eba06be68be,21, #302B21
457e73979eba06be68be,23, #E4E3D1
457e73979eba06be68be,6, #957A5A
4580dec70e24c2a3bf35,4, #785536
4580dec70e24c2a3bf35,9, #A7998C
4580dec70e24c2a3bf35,11, #CBC2B1
4580dec70e24c2a3bf35,47,#EEE8D7
4580dec70e24c2a3bf35,1, #6A3C1D
4580dec70e24c2a3bf35,26, #897765
458c0176f11ca15a5022,17, #F7F7F1
458c0176f11ca15a5022,7, #4F4D42
458c0176f11ca15a5022,6, #6B695A
458c0176f11ca15a5022,26,#D7D3C2
458c0176f11ca15a5022,22, #B6B2A0
458c0176f11ca15a5022,0, #37362F
458c0176f11ca15a5022,18, #8C8978
458cacfd9b768c6df923,55,#10110C
458cacfd9b768c6df923,1, #766747
458cacfd9b768c6df923,8, #403524
458cacfd9b768c6df923,5, #5B4E32
458cacfd9b768c6df923,27, #252320
458cacfd9b768c6df923,0, #9B7E53
458cacfd9b768c6df923,0, #4E1E12
45942f4adc3b1c20d8e0,8, #F0EDE0
45942f4adc3b1c20d8e0,51, #32251A
45942f4adc3b1c20d8e0,17, #564634
45942f4adc3b1c20d8e0,9, #796B56
45942f4adc3b1c20d8e0,3,#C6C2B7
45942f4adc3b1c20d8e0,9, #A1998A
4599e39362fb44d5043f,3, #DFD29E
4599e39362fb44d5043f,2, #B8A878
4599e39362fb44d5043f,6,#4E4526
4599e39362fb44d5043f,11, #86653F
4599e39362fb44d5043f,67, #221E0F
4599e39362fb44d5043f,8, #F4EFD0
459ba78db4d49f0077f8,49,#221E15
459ba78db4d49f0077f8,5, #796848
459ba78db4d49f0077f8,0, #C3BC9F
459ba78db4d49f0077f8,4, #AB8C67
459ba78db4d49f0077f8,1, #A9A287
459ba78db4d49f0077f8,16, #403524
459ba78db4d49f0077f8,22, #554B37
45abc29bce0735b12649,0, #96753B
45abc29bce0735b12649,0, #A98746
45abc29bce0735b12649,70,#20190D
45abc29bce0735b12649,8, #47351B
45abc29bce0735b12649,2, #6B4E26
45abc29bce0735b12649,0, #7C6B44
45abc29bce0735b12649,18, #0C0A05
45acc88b52223676c336,16, #888376
45acc88b52223676c336,10, #6B665A
45acc88b52223676c336,20, #524E44
45acc88b52223676c336,21,#CFC8B8
45acc88b52223676c336,12, #F6F3ED
45acc88b52223676c336,12, #ABA595
45acc88b52223676c336,5, #33312C
45af923563008635eff6,67,#34250F
45af923563008635eff6,1, #82754D
45af923563008635eff6,1, #AD9867
45af923563008635eff6,0, #D0C294
45af923563008635eff6,0, #E7DFB5
45af923563008635eff6,28, #7B5726
45b568511a544644fb7a,9, #948A75
45b568511a544644fb7a,0, #58493A
45b568511a544644fb7a,25, #E3DCC4
45b568511a544644fb7a,7,#C6BCA1
45b568511a544644fb7a,55, #F6F4E8
45b568511a544644fb7a,1, #7B6051
45c2128710ee4dc65f31,10, #C9C4B5
45c2128710ee4dc65f31,18, #383831
45c2128710ee4dc65f31,18, #9F9C8F
45c2128710ee4dc65f31,22, #605F56
45c2128710ee4dc65f31,9, #807F73
45c2128710ee4dc65f31,20,#F3EEE2
45ca282448f0a12ce7c7,21, #AEA48A
45ca282448f0a12ce7c7,14, #867D6A
45ca282448f0a12ce7c7,8, #E1DEC9
45ca282448f0a12ce7c7,8, #4B483D
45ca282448f0a12ce7c7,6, #9D9075
45ca282448f0a12ce7c7,11, #6A6354
45ca282448f0a12ce7c7,29,#C9C3A9
45cff59dc04f637d85f1,7, #D6CEAD
45cff59dc04f637d85f1,35,#150D0B
45cff59dc04f637d85f1,5, #EEEEEE
45cff59dc04f637d85f1,11, #AEB1AB
45cff59dc04f637d85f1,12, #A09268
45cff59dc04f637d85f1,8, #6E654C
45cff59dc04f637d85f1,19, #38332A
45d6bdc801208600bf4c,27, #DBD4C0
45d6bdc801208600bf4c,1,#F8F5ED
45d6bdc801208600bf4c,28, #7A796C
45d6bdc801208600bf4c,13, #B0AB9A
45d6bdc801208600bf4c,2, #2E302A
45d6bdc801208600bf4c,26, #4E4F45
45e45becc793bea104d4,70, #F2EADB
45e45becc793bea104d4,0, #948E82
45e45becc793bea104d4,0, #AFA798
45e45becc793bea104d4,26, #DBD3C3
45e45becc793bea104d4,2, #C1B9AB
45e45becc793bea104d4,0,#797264
45e56e68fb1aca65fc8e,7, #9F9074
45e56e68fb1aca65fc8e,6, #2A271A
45e56e68fb1aca65fc8e,12, #4E4630
45e56e68fb1aca65fc8e,10, #847961
45e56e68fb1aca65fc8e,19, #A6A398
45e56e68fb1aca65fc8e,21, #BBBAB1
45e56e68fb1aca65fc8e,22,#6D644D
45e7729a20989bf7c1b0,1, #423E37
45e7729a20989bf7c1b0,23, #C1BAAA
45e7729a20989bf7c1b0,4, #5E5A51
45e7729a20989bf7c1b0,15, #A19D90
45e7729a20989bf7c1b0,4, #777267
45e7729a20989bf7c1b0,13, #898579
45e7729a20989bf7c1b0,37,#E9E2D0
45e84d188d07e157fe1c,3, #404038
45e84d188d07e157fe1c,12, #827C6A
45e84d188d07e157fe1c,18, #605D50
45e84d188d07e157fe1c,39,#F4F1E1
45e84d188d07e157fe1c,12, #D3CAAF
45e84d188d07e157fe1c,12, #A7A089
45fdd29bf7d3708b3f9f,21,#9F9989
45fdd29bf7d3708b3f9f,12, #E1DAC6
45fdd29bf7d3708b3f9f,7, #F7F3E6
45fdd29bf7d3708b3f9f,20, #575349
45fdd29bf7d3708b3f9f,17, #C5BEAD
45fdd29bf7d3708b3f9f,16, #7B7569
45fdd29bf7d3708b3f9f,4, #323028
4607b2a51be780a1a365,26, #C7C2B4
4607b2a51be780a1a365,3, #705C4E
4607b2a51be780a1a365,22,#DFDACE
4607b2a51be780a1a365,16, #B4A798
4607b2a51be780a1a365,9, #A29588
4607b2a51be780a1a365,21, #867A6E
462382c78e35a8851a0a,9, #A9A18C
462382c78e35a8851a0a,5, #656150
462382c78e35a8851a0a,2, #494639
462382c78e35a8851a0a,53,#E6DCC4
462382c78e35a8851a0a,18, #C8BFA8
462382c78e35a8851a0a,10, #86806D
4626ec175d260ed47018,1, #424033
4626ec175d260ed47018,0,#FEFEF4
4626ec175d260ed47018,24, #B3AF9A
4626ec175d260ed47018,18, #676454
4626ec175d260ed47018,29, #E3DCC3
4626ec175d260ed47018,25, #8E8A7A
463e59ce86b8a7008aca,42,#1A160F
463e59ce86b8a7008aca,14, #7E715A
463e59ce86b8a7008aca,5, #A69E8A
463e59ce86b8a7008aca,0, #BDBDB0
463e59ce86b8a7008aca,33, #3D3527
463e59ce86b8a7008aca,4, #584D3A
46521086d221dd75755d,41,#F1EFE7
46521086d221dd75755d,4, #B1A792
46521086d221dd75755d,7, #7F7161
46521086d221dd75755d,35, #D0C9B7
46521086d221dd75755d,0, #5F4D3E
46521086d221dd75755d,9, #958D7F
4655ed2c9d292790f7a6,14, #F8F7F1
4655ed2c9d292790f7a6,9, #6C695E
4655ed2c9d292790f7a6,4, #3D3C34
4655ed2c9d292790f7a6,20, #8A877B
4655ed2c9d292790f7a6,7, #57554A
4655ed2c9d292790f7a6,13, #DBD8CA
4655ed2c9d292790f7a6,31,#B3B0A4
46589a32612ddb2577a5,11, #9F9B8E
46589a32612ddb2577a5,7, #B7B2A3
46589a32612ddb2577a5,15, #7E7B6F
46589a32612ddb2577a5,26,#3A3932
46589a32612ddb2577a5,11, #F2EEE3
46589a32612ddb2577a5,11, #CFCABA
46589a32612ddb2577a5,14, #605D53
465bf5c6ec10ced4048d,36, #CFCBBE
465bf5c6ec10ced4048d,4, #2A2A22
465bf5c6ec10ced4048d,13, #807E70
465bf5c6ec10ced4048d,13,#F8F5ED
465bf5c6ec10ced4048d,22, #504F45
465bf5c6ec10ced4048d,8, #A4A193
46610bfd7350d2ef5427,2, #626254
46610bfd7350d2ef5427,20, #C4C1AE
46610bfd7350d2ef5427,5, #9E9B8C
46610bfd7350d2ef5427,15, #DCD8C5
46610bfd7350d2ef5427,2, #46463A
46610bfd7350d2ef5427,3, #7F7E6E
46610bfd7350d2ef5427,51,#F4EFDB
466584f91ca3a8c40c17,0, #FFFEFE
466584f91ca3a8c40c17,70, #BFAF91
466584f91ca3a8c40c17,0, #95938E
466584f91ca3a8c40c17,5, #F0EBDE
466584f91ca3a8c40c17,0,#595856
466584f91ca3a8c40c17,22, #DBCFB5
46706d6e46f9fa91ecfa,4,#A4A094
46706d6e46f9fa91ecfa,24, #CECABE
46706d6e46f9fa91ecfa,66, #F5F2E5
46706d6e46f9fa91ecfa,3, #888479
46706d6e46f9fa91ecfa,0, #363229
46706d6e46f9fa91ecfa,1, #615D51
4673fea19e0c95b5ae42,11, #A6A393
4673fea19e0c95b5ae42,9, #464944
4673fea19e0c95b5ae42,36, #D2CAB4
4673fea19e0c95b5ae42,13,#FAF6E3
4673fea19e0c95b5ae42,12, #1A1E1C
4673fea19e0c95b5ae42,15, #75766A
467b3fd7e240e889ad45,75, #292423
467b3fd7e240e889ad45,0,#9D8E7B
467b3fd7e240e889ad45,2, #705C4A
467b3fd7e240e889ad45,19, #584539
467b3fd7e240e889ad45,0, #7D3129
467b3fd7e240e889ad45,1, #89725D
468602ea99266bdde488,11,#18171E
468602ea99266bdde488,10, #949281
468602ea99266bdde488,0, #E7D6B5
468602ea99266bdde488,3, #C4B487
468602ea99266bdde488,28, #8A5748
468602ea99266bdde488,45, #382F34
468b34ac41c25084b530,2, #B4AC7F
468b34ac41c25084b530,22,#070704
468b34ac41c25084b530,46, #423D27
468b34ac41c25084b530,10, #908963
468b34ac41c25084b530,3, #221F12
468b34ac41c25084b530,15, #6E6851
468dae11c1b44082c043,18, #A6AC7E
468dae11c1b44082c043,14, #443B1E
468dae11c1b44082c043,8,#141308
468dae11c1b44082c043,34, #82895A
468dae11c1b44082c043,15, #5C603A
468dae11c1b44082c043,9, #CACDB1
468f6df86895c7d4dfaa,12, #231510
468f6df86895c7d4dfaa,35, #8C7856
468f6df86895c7d4dfaa,6, #E0D7AA
468f6df86895c7d4dfaa,3, #F6F4D9
468f6df86895c7d4dfaa,36,#4B3928
468f6df86895c7d4dfaa,2, #A5A295
468f6df86895c7d4dfaa,3, #D0BA7C
469808638199f519a7ab,15, #987E48
469808638199f519a7ab,5, #B8A16A
469808638199f519a7ab,10, #919089
469808638199f519a7ab,34,#2F2922
469808638199f519a7ab,0, #D0C08B
469808638199f519a7ab,32, #685332
469808638199f519a7ab,1, #E3D9A8
469980f693fb5ee77477,8, #8E8A7A
469980f693fb5ee77477,29, #D8D3BC
469980f693fb5ee77477,29, #B7B2A0
469980f693fb5ee77477,5, #686457
469980f693fb5ee77477,0, #3C3A32
469980f693fb5ee77477,26,#F3EED5
46a44f6b88970404aece,26, #B6B09A
46a44f6b88970404aece,25, #6A6657
46a44f6b88970404aece,11,#F9F7EA
46a44f6b88970404aece,12, #948F7D
46a44f6b88970404aece,5, #444136
46a44f6b88970404aece,17, #DEDBC3
46a4d48925815d80244c,0, #4A4438
46a4d48925815d80244c,5, #B6AF9E
46a4d48925815d80244c,51,#D1CAB9
46a4d48925815d80244c,4, #9E9786
46a4d48925815d80244c,5, #7B7465
46a4d48925815d80244c,33, #F7F3E1
46b906a5a19fa5bf563b,0, #382C41
46b906a5a19fa5bf563b,83, #E9DEB5
46b906a5a19fa5bf563b,1, #7D6F61
46b906a5a19fa5bf563b,0,#564A58
46b906a5a19fa5bf563b,3, #CBBF98
46b906a5a19fa5bf563b,11, #A79C81
46bb19a9c5157dd8a962,2, #75674E
46bb19a9c5157dd8a962,8, #95886A
46bb19a9c5157dd8a962,24,#F6F0D1
46bb19a9c5157dd8a962,49, #C3B797
46bb19a9c5157dd8a962,9, #544739
46bb19a9c5157dd8a962,5, #161B1F
46bc75c7f1d81524c51c,8, #525147
46bc75c7f1d81524c51c,32,#D0CCC0
46bc75c7f1d81524c51c,13, #8D897E
46bc75c7f1d81524c51c,15, #AAA69C
46bc75c7f1d81524c51c,2, #3A3830
46bc75c7f1d81524c51c,10, #F2EEE1
46bc75c7f1d81524c51c,18, #706D62
46c11f23272f5bef5232,4, #6C5345
46c11f23272f5bef5232,56, #D3CFC0
46c11f23272f5bef5232,12, #7D6E60
46c11f23272f5bef5232,1, #5A4135
46c11f23272f5bef5232,18, #A59685
46c11f23272f5bef5232,7,#BEB4A4
46c334884a7ff7326d3a,10, #797467
46c334884a7ff7326d3a,0, #312E25
46c334884a7ff7326d3a,39, #C1B9A6
46c334884a7ff7326d3a,21, #979180
46c334884a7ff7326d3a,4, #545046
46c334884a7ff7326d3a,23,#F3EEDF
46d176896fb9a6577a8a,9, #8A8578
46d176896fb9a6577a8a,50, #E2DCCC
46d176896fb9a6577a8a,4,#FCFBF4
46d176896fb9a6577a8a,15, #B4AE9E
46d176896fb9a6577a8a,8, #656259
46d176896fb9a6577a8a,10, #43413B
46e6fc4e5d4afabba1b8,12, #555548
46e6fc4e5d4afabba1b8,18, #C9C4B3
46e6fc4e5d4afabba1b8,21,#F4F0E6
46e6fc4e5d4afabba1b8,17, #949282
46e6fc4e5d4afabba1b8,15, #716F5F
46e6fc4e5d4afabba1b8,13, #31322A
46e7db1a1d077d7d7cc7,21, #786C47
46e7db1a1d077d7d7cc7,1, #B0964C
46e7db1a1d077d7d7cc7,5,#948E64
46e7db1a1d077d7d7cc7,23, #AFA77A
46e7db1a1d077d7d7cc7,30, #51482D
46e7db1a1d077d7d7cc7,17, #2B281C
46e8c5677817c02819b3,35,#968B6E
46e8c5677817c02819b3,4, #DDDDCB
46e8c5677817c02819b3,8, #C9C7B2
46e8c5677817c02819b3,0, #4A493E
46e8c5677817c02819b3,34, #B6AF93
46e8c5677817c02819b3,17, #6A6048
46e8c5677817c02819b3,0, #323026
46fff9c9f040f113736a,4, #8D7A5E
46fff9c9f040f113736a,62,#453932
46fff9c9f040f113736a,6, #7C5034
46fff9c9f040f113736a,3, #AF9976
46fff9c9f040f113736a,19, #211F1C
46fff9c9f040f113736a,3, #C2B698
46fff9c9f040f113736a,0, #415157
470039f5f77a24432a19,3, #8F8971
470039f5f77a24432a19,0, #6E674F
470039f5f77a24432a19,44,#FBF8E7
470039f5f77a24432a19,47, #D9D1B5
470039f5f77a24432a19,0, #49453A
470039f5f77a24432a19,3, #B6AD91
4701e5bf5610b2958ac0,5, #6D5020
4701e5bf5610b2958ac0,40, #3B2C17
4701e5bf5610b2958ac0,4, #7D6733
4701e5bf5610b2958ac0,42,#130F09
4701e5bf5610b2958ac0,0, #998F5C
4701e5bf5610b2958ac0,4, #54421E
4701e5bf5610b2958ac0,1, #8F7B45
4703c7f7e2547ffaf05e,31, #BFC5C3
4703c7f7e2547ffaf05e,4,#74735E
4703c7f7e2547ffaf05e,2, #F1EDE6
4703c7f7e2547ffaf05e,3, #919788
4703c7f7e2547ffaf05e,23, #181714
4703c7f7e2547ffaf05e,34, #484032
470487ec5ee3066eae76,22,#5C5449
470487ec5ee3066eae76,17, #7B7E73
470487ec5ee3066eae76,11, #9B9D90
470487ec5ee3066eae76,6, #B8B8AA
470487ec5ee3066eae76,7, #E6E2CE
470487ec5ee3066eae76,16, #333537
470487ec5ee3066eae76,19, #0E151D
470a94108657464e5f31,89, #1D180B
470a94108657464e5f31,0, #D3C285
470a94108657464e5f31,2,#443D25
470a94108657464e5f31,1, #B8A56F
470a94108657464e5f31,1, #9E8853
470a94108657464e5f31,3, #7B6437
47184463abdbcc5d6cfb,8, #776C56
47184463abdbcc5d6cfb,5, #E0DEDE
47184463abdbcc5d6cfb,0,#938F8A
47184463abdbcc5d6cfb,0, #B1AEAC
47184463abdbcc5d6cfb,31, #271E16
47184463abdbcc5d6cfb,53, #554934
473128c597447c63da7b,0, #A9A67F
473128c597447c63da7b,57,#2C2614
473128c597447c63da7b,24, #5E442A
473128c597447c63da7b,1, #898664
473128c597447c63da7b,0, #BFBB98
473128c597447c63da7b,12, #12100A
473128c597447c63da7b,3, #5E5D46
4736665e3811c19a577e,58,#282826
4736665e3811c19a577e,2, #EDE9DF
4736665e3811c19a577e,0, #C5C3BE
4736665e3811c19a577e,23, #434239
4736665e3811c19a577e,8, #6C6858
4736665e3811c19a577e,3, #918C78
4736665e3811c19a577e,2, #A8A493
473a5d8482eacb1db3a8,8, #775E32
473a5d8482eacb1db3a8,25, #483820
473a5d8482eacb1db3a8,7, #927C4F
473a5d8482eacb1db3a8,21,#B9A16A
473a5d8482eacb1db3a8,20, #2A2418
473a5d8482eacb1db3a8,17, #E2CB9C
4747b11a50f602e3fc5e,47,#403B2E
4747b11a50f602e3fc5e,16, #837B54
4747b11a50f602e3fc5e,14, #86643F
4747b11a50f602e3fc5e,0, #D3CD9F
4747b11a50f602e3fc5e,13, #191919
4747b11a50f602e3fc5e,1, #BBB584
4747b11a50f602e3fc5e,5, #A39B69
474b1b64d3f9b1438108,10, #4E4C43
474b1b64d3f9b1438108,1, #313028
474b1b64d3f9b1438108,11, #726F65
474b1b64d3f9b1438108,12, #979388
474b1b64d3f9b1438108,2, #FCFAF5
474b1b64d3f9b1438108,12, #BBB6A9
474b1b64d3f9b1438108,48,#DED9CA
475642e7f1f04cc0473d,0, #C8C5B4
475642e7f1f04cc0473d,2, #917247
475642e7f1f04cc0473d,1, #ADA78E
475642e7f1f04cc0473d,67,#140F07
475642e7f1f04cc0473d,0, #928A6F
475642e7f1f04cc0473d,4, #604F31
475642e7f1f04cc0473d,23, #3F2A12
4759312ec311e52a19bd,2, #B6AF96
4759312ec311e52a19bd,15, #8B755B
4759312ec311e52a19bd,53, #3F3228
4759312ec311e52a19bd,16, #684835
4759312ec311e52a19bd,11,#1A130F
4759312ec311e52a19bd,0, #DAD0B7
47709e7cc95e0f709b2e,3, #88867C
47709e7cc95e0f709b2e,3, #424138
47709e7cc95e0f709b2e,4, #69675E
47709e7cc95e0f709b2e,75,#F4F3E4
47709e7cc95e0f709b2e,9, #CECCBE
47709e7cc95e0f709b2e,4, #A5A399
4779fcf96c43a9b499f0,19, #89806B
4779fcf96c43a9b499f0,34, #CDC9B4
4779fcf96c43a9b499f0,2, #424038
4779fcf96c43a9b499f0,7,#F1EDD7
4779fcf96c43a9b499f0,15, #5E5A4D
4779fcf96c43a9b499f0,19, #AAA593
478863e394324010db72,38,#554632
478863e394324010db72,30, #826440
478863e394324010db72,0, #6D6659
478863e394324010db72,3, #B09A74
478863e394324010db72,20, #302A22
478863e394324010db72,5, #908261
478863e394324010db72,0, #C7B58F
478f185ec7477f652653,51,#382817
478f185ec7477f652653,5, #81693B
478f185ec7477f652653,13, #1A170D
478f185ec7477f652653,1, #9E7E42
478f185ec7477f652653,24, #5C4B29
478f185ec7477f652653,2, #6D2916
478f185ec7477f652653,0, #A19263
47906c54edf2877a121b,3, #D5B87A
47906c54edf2877a121b,1, #E9D197
47906c54edf2877a121b,3, #A2784E
47906c54edf2877a121b,61,#2C2920
47906c54edf2877a121b,12, #4E452F
47906c54edf2877a121b,8, #6B5F3C
47906c54edf2877a121b,9, #B29E69
4792eed8aecaada5ac36,8, #929689
4792eed8aecaada5ac36,9, #2D392F
4792eed8aecaada5ac36,57,#F3EEDB
4792eed8aecaada5ac36,1, #0D180E
4792eed8aecaada5ac36,8, #BABAA9
4792eed8aecaada5ac36,13, #5F695E
4797a2c88409bdc4c024,3, #82756C
4797a2c88409bdc4c024,8, #402920
4797a2c88409bdc4c024,6, #645148
4797a2c88409bdc4c024,48,#B5B1A4
4797a2c88409bdc4c024,6, #958D85
4797a2c88409bdc4c024,11, #F3F3EF
4797a2c88409bdc4c024,13, #D5D3CB
479b24dffb038b0d7769,25,#F4EDD7
479b24dffb038b0d7769,5, #6F6958
479b24dffb038b0d7769,12, #ACA48F
479b24dffb038b0d7769,7, #8F8876
479b24dffb038b0d7769,43, #D1C9B4
479b24dffb038b0d7769,5, #454236
479b645d9f659c2cefce,1, #696050
479b645d9f659c2cefce,24, #DED7C9
479b645d9f659c2cefce,54,#FAF7F3
479b645d9f659c2cefce,10, #BDB4A5
479b645d9f659c2cefce,0, #4F4739
479b645d9f659c2cefce,2, #887E6C
479b645d9f659c2cefce,5, #A0998B
47aca76e6d2800bb015d,13, #9B8E78
47aca76e6d2800bb015d,13,#CFC4A9
47aca76e6d2800bb015d,8, #BBAC8B
47aca76e6d2800bb015d,8, #F5F1E1
47aca76e6d2800bb015d,28, #75614A
47aca76e6d2800bb015d,29, #503F35
47b01b505208f5bf06c7,6, #E6E5D1
47b01b505208f5bf06c7,12, #150F0A
47b01b505208f5bf06c7,26, #3D3120
47b01b505208f5bf06c7,18, #BBA574
47b01b505208f5bf06c7,2, #E8D493
47b01b505208f5bf06c7,32,#807558
47b01b505208f5bf06c7,0, #B8B9B3
47b5c36464cb1e4f87a9,46,#F8F6EA
47b5c36464cb1e4f87a9,8, #878579
47b5c36464cb1e4f87a9,3, #3A3B32
47b5c36464cb1e4f87a9,9, #626257
47b5c36464cb1e4f87a9,8, #A9A79B
47b5c36464cb1e4f87a9,23, #D5D2C6
47bac5e88fc87411b856,77, #E8E6D9
47bac5e88fc87411b856,5, #C0BEB0
47bac5e88fc87411b856,0,#FEFEFE
47bac5e88fc87411b856,2, #5E5D52
47bac5e88fc87411b856,4, #79786D
47bac5e88fc87411b856,10, #98978D
47baeb8dc9b21430f9a8,19, #A5A392
47baeb8dc9b21430f9a8,10, #828072
47baeb8dc9b21430f9a8,2, #38372B
47baeb8dc9b21430f9a8,29,#F2EFDD
47baeb8dc9b21430f9a8,31, #CECCBB
47baeb8dc9b21430f9a8,7, #666456
47bc21a226212275e294,13, #392C23
47bc21a226212275e294,20, #877D6E
47bc21a226212275e294,12, #A8A08E
47bc21a226212275e294,5,#E4DFCA
47bc21a226212275e294,41, #605548
47bc21a226212275e294,6, #C5BEA7
47bc2f75dc3fc5523439,17, #776F5F
47bc2f75dc3fc5523439,11, #978F7C
47bc2f75dc3fc5523439,39, #DDD1B4
47bc2f75dc3fc5523439,15, #4A4640
47bc2f75dc3fc5523439,3,#F7F4EA
47bc2f75dc3fc5523439,12, #BAAB8B
47c5f1bac653afb3599f,3, #4B4640
47c5f1bac653afb3599f,21, #D8D0BE
47c5f1bac653afb3599f,63, #F2EFE4
47c5f1bac653afb3599f,6, #7B7268
47c5f1bac653afb3599f,2,#BCB099
47c5f1bac653afb3599f,3, #A39684
47c7de62e40b9a279842,7, #312923
47c7de62e40b9a279842,2, #080806
47c7de62e40b9a279842,10, #C5C4B7
47c7de62e40b9a279842,6,#F0EEE3
47c7de62e40b9a279842,59, #6A5F48
47c7de62e40b9a279842,12, #959188
47d1a5a7a6867074dff7,5, #A0A297
47d1a5a7a6867074dff7,19, #50544B
47d1a5a7a6867074dff7,42,#F6F5E7
47d1a5a7a6867074dff7,2, #BEBEB2
47d1a5a7a6867074dff7,10, #D8D4BF
47d1a5a7a6867074dff7,19, #7A7D71
47e075dbc8e17d8d2dc7,46,#693A27
47e075dbc8e17d8d2dc7,2, #E0D5BD
47e075dbc8e17d8d2dc7,8, #B39369
47e075dbc8e17d8d2dc7,2, #CEB88A
47e075dbc8e17d8d2dc7,0, #5E564E
47e075dbc8e17d8d2dc7,25, #1D1911
47e075dbc8e17d8d2dc7,13, #996C41
47e2ef79abe4c4cf5fd2,16, #DCDBD0
47e2ef79abe4c4cf5fd2,29, #999B90
47e2ef79abe4c4cf5fd2,17, #6D7065
47e2ef79abe4c4cf5fd2,14,#F5F4E8
47e2ef79abe4c4cf5fd2,15, #BCBDB3
47e2ef79abe4c4cf5fd2,6, #43463E
47e41d95ad7b79b7bed1,13, #766147
47e41d95ad7b79b7bed1,29, #4E3D25
47e41d95ad7b79b7bed1,4, #907A4D
47e41d95ad7b79b7bed1,40, #392116
47e41d95ad7b79b7bed1,0, #A89058
47e41d95ad7b79b7bed1,11,#1A1610
47e4d2a399634715a5a1,29, #585646
47e4d2a399634715a5a1,14, #9F9A89
47e4d2a399634715a5a1,17, #7F7C69
47e4d2a399634715a5a1,3, #313126
47e4d2a399634715a5a1,31, #CEC9B8
47e4d2a399634715a5a1,3,#FAF8F4
47e72efb8b110aea2ebc,26,#F3F2E9
47e72efb8b110aea2ebc,14, #41362D
47e72efb8b110aea2ebc,17, #685B4A
47e72efb8b110aea2ebc,18, #D6D2BC
47e72efb8b110aea2ebc,7, #877C68
47e72efb8b110aea2ebc,15, #ABA48F
47ed43644f41d69299c0,2, #513E2A
47ed43644f41d69299c0,16, #B4A8BC
47ed43644f41d69299c0,15, #988A9E
47ed43644f41d69299c0,15, #7E6E5B
47ed43644f41d69299c0,10,#F9F7E9
47ed43644f41d69299c0,39, #DCD7CF
47f04b3a4531b3a0d159,4, #674E35
47f04b3a4531b3a0d159,11, #C6B89F
47f04b3a4531b3a0d159,44, #A09682
47f04b3a4531b3a0d159,16, #7F694D
47f04b3a4531b3a0d159,2,#F2F2F1
47f04b3a4531b3a0d159,21, #DBD5CB
47f0ad899d042e0ae5fc,19, #726F68
47f0ad899d042e0ae5fc,25, #C4BCAA
47f0ad899d042e0ae5fc,16, #52504A
47f0ad899d042e0ae5fc,16, #383732
47f0ad899d042e0ae5fc,16, #9A968C
47f0ad899d042e0ae5fc,7,#F1EFE1
48003d6f3d6678cc7d1a,17, #625041
48003d6f3d6678cc7d1a,19, #D9D0C6
48003d6f3d6678cc7d1a,20, #8D8176
48003d6f3d6678cc7d1a,11, #776758
48003d6f3d6678cc7d1a,12, #AFA499
48003d6f3d6678cc7d1a,18,#F5F0E6
4804c3dacad21aa8b5b6,15, #D6CEBC
4804c3dacad21aa8b5b6,18,#F5F2E8
4804c3dacad21aa8b5b6,29, #61574E
4804c3dacad21aa8b5b6,16, #958571
4804c3dacad21aa8b5b6,2, #28281F
4804c3dacad21aa8b5b6,15, #BCAD91
4807dc63a6ebe341edcd,33, #BCB094
4807dc63a6ebe341edcd,4,#F8F5ED
4807dc63a6ebe341edcd,3, #696258
4807dc63a6ebe341edcd,0, #4B453C
4807dc63a6ebe341edcd,21, #D9D1B9
4807dc63a6ebe341edcd,36, #918A7B
480f8a35c22fff13712c,1, #A6A396
480f8a35c22fff13712c,2, #415A67
480f8a35c22fff13712c,76, #563A29
480f8a35c22fff13712c,0, #D4D4D8
480f8a35c22fff13712c,11,#0F1113
480f8a35c22fff13712c,6, #876A50
481064e4d48ccf4b5a7f,0, #494F50
481064e4d48ccf4b5a7f,51,#828681
481064e4d48ccf4b5a7f,5, #46392A
481064e4d48ccf4b5a7f,13, #AFA58D
481064e4d48ccf4b5a7f,17, #6D5C41
481064e4d48ccf4b5a7f,11, #C3BCA8
481064e4d48ccf4b5a7f,0, #251C17
48125948ffeb236e049d,10, #9A958A
48125948ffeb236e049d,4, #545147
48125948ffeb236e049d,1, #342E27
48125948ffeb236e049d,10, #C1BCAD
48125948ffeb236e049d,24, #FAF9F3
48125948ffeb236e049d,33,#E3DDCC
48125948ffeb236e049d,14, #747064
48179dd27a297d600bd9,12, #BFAC85
48179dd27a297d600bd9,13, #5D6352
48179dd27a297d600bd9,8, #945538
48179dd27a297d600bd9,39, #4D412D
48179dd27a297d600bd9,10, #807A62
48179dd27a297d600bd9,15,#29281F
481d2e16495f4d7f238a,0, #261D12
481d2e16495f4d7f238a,8, #A2967E
481d2e16495f4d7f238a,14, #BBB39E
481d2e16495f4d7f238a,4, #726957
481d2e16495f4d7f238a,40,#F5F3E4
481d2e16495f4d7f238a,26, #DDD4BC
481d2e16495f4d7f238a,5, #483C2D
482040de3be04a6381f1,25, #544A40
482040de3be04a6381f1,29,#AAA494
482040de3be04a6381f1,2, #F0F0ED
482040de3be04a6381f1,10, #786E64
482040de3be04a6381f1,10, #8E887F
482040de3be04a6381f1,7, #2D2013
482040de3be04a6381f1,13, #CECBB9
483045bc96747aac5efc,7, #5A6E7E
483045bc96747aac5efc,7, #3A4C65
483045bc96747aac5efc,28, #728B9D
483045bc96747aac5efc,38,#B3BCB9
483045bc96747aac5efc,18, #E9E3CC
483045bc96747aac5efc,0, #2B2D2D
48337fde55443a6330b6,8, #46361E
48337fde55443a6330b6,86, #17170C
48337fde55443a6330b6,0, #B2995D
48337fde55443a6330b6,3, #645E37
48337fde55443a6330b6,0,#9F8748
48337fde55443a6330b6,1, #807443
483411e7780d13cccc0f,6,#F3F7F7
483411e7780d13cccc0f,25, #C8C7BB
483411e7780d13cccc0f,16, #7D827A
483411e7780d13cccc0f,6, #5F6A69
483411e7780d13cccc0f,0, #DADDD8
483411e7780d13cccc0f,43, #A9A89A
48368bc63bf083ef92cd,5, #443928
48368bc63bf083ef92cd,19, #DCD9C9
48368bc63bf083ef92cd,8, #18140F
48368bc63bf083ef92cd,13, #7C735B
48368bc63bf083ef92cd,13, #A59569
48368bc63bf083ef92cd,10, #60553E
48368bc63bf083ef92cd,27,#C1B997
483760c59c7c53eccdc6,15,#F5F1DD
483760c59c7c53eccdc6,14, #B0AD9F
483760c59c7c53eccdc6,14, #6B685B
483760c59c7c53eccdc6,32, #8A877A
483760c59c7c53eccdc6,8, #4A473C
483760c59c7c53eccdc6,13, #D1CDBD
483b282ed70b87c2f7a2,1,#D0C69E
483b282ed70b87c2f7a2,29, #52482F
483b282ed70b87c2f7a2,29, #726747
483b282ed70b87c2f7a2,16, #A49974
483b282ed70b87c2f7a2,0, #E9E3BE
483b282ed70b87c2f7a2,22, #2F271B
483e54b092384de72fbf,6, #554136
483e54b092384de72fbf,16, #BAB4A2
483e54b092384de72fbf,16,#DFD9C9
483e54b092384de72fbf,20, #75675C
483e54b092384de72fbf,37, #9A9084
483e54b092384de72fbf,1, #362017
48497ca647950537a52f,28,#5E5B52
48497ca647950537a52f,8, #3C3932
48497ca647950537a52f,14, #8C877E
48497ca647950537a52f,6, #EDE6D9
48497ca647950537a52f,14, #777269
48497ca647950537a52f,16, #C6BEB0
48497ca647950537a52f,9, #A5A096
484b543e12f9a7a3a752,42, #B6B6B1
484b543e12f9a7a3a752,20, #9A9892
484b543e12f9a7a3a752,12,#D1D1CD
484b543e12f9a7a3a752,5, #2F231B
484b543e12f9a7a3a752,12, #72695B
484b543e12f9a7a3a752,6, #4E3E2D
484bea8d714ce3b1ed69,5, #826E42
484bea8d714ce3b1ed69,17, #664E32
484bea8d714ce3b1ed69,43, #4D3923
484bea8d714ce3b1ed69,3,#9D8852
484bea8d714ce3b1ed69,28, #1C1911
484bea8d714ce3b1ed69,1, #B9A569
485193cdbed2ef51760a,22, #3B3933
485193cdbed2ef51760a,18, #ABA698
485193cdbed2ef51760a,18, #5C584F
485193cdbed2ef51760a,15, #7D786C
485193cdbed2ef51760a,8, #D9D3C3
485193cdbed2ef51760a,15,#F5F2EB
485402b2220608e4a7d4,79,#EFECDE
485402b2220608e4a7d4,4, #7B7564
485402b2220608e4a7d4,4, #ABA592
485402b2220608e4a7d4,3, #4E4A3D
485402b2220608e4a7d4,6, #CFC8B0
485402b2220608e4a7d4,1, #333025
486aac472b309890400d,1,#F8F4E3
486aac472b309890400d,22, #D9CFB5
486aac472b309890400d,19, #696456
486aac472b309890400d,28, #3D3A31
486aac472b309890400d,14, #8A8472
486aac472b309890400d,14, #B0A790
4881682285ae876f2b5a,34, #D3CEB8
4881682285ae876f2b5a,6, #605C4E
4881682285ae876f2b5a,3, #827D6B
4881682285ae876f2b5a,47,#F8F6ED
4881682285ae876f2b5a,1, #423E32
4881682285ae876f2b5a,6, #A39E8C
48835303381090dac7ee,15,#ECE6DB
48835303381090dac7ee,17, #D5CEBF
48835303381090dac7ee,29, #877464
48835303381090dac7ee,21, #BEB1A0
48835303381090dac7ee,8, #A89889
48835303381090dac7ee,7, #5C4D44
48937273603bf3ecd14c,15, #EAE5D2
48937273603bf3ecd14c,0, #2A2216
48937273603bf3ecd14c,40, #BEB399
48937273603bf3ecd14c,6, #5B5143
48937273603bf3ecd14c,30, #907F69
48937273603bf3ecd14c,6,#FBFBF7
4896aa9207bfd74fe7d1,6, #171E21
4896aa9207bfd74fe7d1,20, #676752
4896aa9207bfd74fe7d1,28, #4E4E3C
4896aa9207bfd74fe7d1,20,#8E8459
4896aa9207bfd74fe7d1,11, #34362C
4896aa9207bfd74fe7d1,12, #B2A26B
48980f7f9dca4405dc1b,3, #312B17
48980f7f9dca4405dc1b,35, #8E8663
48980f7f9dca4405dc1b,1, #5A747E
48980f7f9dca4405dc1b,28, #8B9D99
48980f7f9dca4405dc1b,7,#BEBDB1
48980f7f9dca4405dc1b,22, #4B5B57
489e1b019fabc858ee65,15, #736F65
489e1b019fabc858ee65,18, #99968B
489e1b019fabc858ee65,0, #FEFEF6
489e1b019fabc858ee65,40,#E5E2D7
489e1b019fabc858ee65,3, #4B483E
489e1b019fabc858ee65,9, #B3AFA4
489e1b019fabc858ee65,11, #C8C5B9
489fecdd741b931f5284,21,#767361
489fecdd741b931f5284,6, #C7C1AE
489fecdd741b931f5284,6, #0A0807
489fecdd741b931f5284,3, #F9F6DC
489fecdd741b931f5284,48, #493D2B
489fecdd741b931f5284,14, #A5977B
48a236a3ac2087a526f2,23, #6D4F33
48a236a3ac2087a526f2,6,#28231B
48a236a3ac2087a526f2,22, #533727
48a236a3ac2087a526f2,33, #AE9D74
48a236a3ac2087a526f2,14, #8D7851
48a236a3ac2087a526f2,0, #C1B698
48a3be298f8a214c4e0f,0, #8E5923
48a3be298f8a214c4e0f,6, #55260F
48a3be298f8a214c4e0f,0, #842D0F
48a3be298f8a214c4e0f,0, #734215
48a3be298f8a214c4e0f,90,#0F0C08
48a3be298f8a214c4e0f,0, #6A5124
48bae71534e1757e1069,20, #CFCABA
48bae71534e1757e1069,27, #ADA89A
48bae71534e1757e1069,24,#F2EDDD
48bae71534e1757e1069,4, #4A493F
48bae71534e1757e1069,11, #726E61
48bae71534e1757e1069,11, #8D897B
48c04db748c8566a4ce7,0, #9D925E
48c04db748c8566a4ce7,32,#2E2D1A
48c04db748c8566a4ce7,13, #B0AF8A
48c04db748c8566a4ce7,15, #839485
48c04db748c8566a4ce7,11, #515133
48c04db748c8566a4ce7,0, #D1D0B0
48c04db748c8566a4ce7,24, #6A6E4F
48c1e8564eab2037d129,34, #82724B
48c1e8564eab2037d129,7, #2D2011
48c1e8564eab2037d129,20,#958E7A
48c1e8564eab2037d129,16, #4E4530
48c1e8564eab2037d129,2, #AB9453
48c1e8564eab2037d129,18, #B3AC94
48c5e05f46f1f491e5c5,12, #AAA28D
48c5e05f46f1f491e5c5,1, #C0BDB6
48c5e05f46f1f491e5c5,30, #7B6A3D
48c5e05f46f1f491e5c5,3,#DDDEDF
48c5e05f46f1f491e5c5,18, #544428
48c5e05f46f1f491e5c5,32, #89826C
48cc20d770ce38d7cd2c,12, #677661
48cc20d770ce38d7cd2c,22, #CFBEA7
48cc20d770ce38d7cd2c,1, #8A5343
48cc20d770ce38d7cd2c,19, #B68E73
48cc20d770ce38d7cd2c,36,#F8F1DD
48cc20d770ce38d7cd2c,6, #33342D
48ccb7251d992043b0ca,6, #D2CCB9
48ccb7251d992043b0ca,2, #BBB6A3
48ccb7251d992043b0ca,3, #666452
48ccb7251d992043b0ca,74,#F2EBD3
48ccb7251d992043b0ca,4, #A49F8C
48ccb7251d992043b0ca,0, #525041
48ccb7251d992043b0ca,8, #84816F
48d475f20913563feba9,3, #F4F4EF
48d475f20913563feba9,17, #918778
48d475f20913563feba9,19, #CEC9B2
48d475f20913563feba9,7, #52463D
48d475f20913563feba9,1, #2A201B
48d475f20913563feba9,13, #7A6D5F
48d475f20913563feba9,36,#B0A690
48d4c7fe4f27d8d05749,20, #B6B2A0
48d4c7fe4f27d8d05749,5,#F0EAD6
48d4c7fe4f27d8d05749,21, #D4CFBD
48d4c7fe4f27d8d05749,19, #939080
48d4c7fe4f27d8d05749,18, #706E60
48d4c7fe4f27d8d05749,15, #444439
48deeb03014667c5cc06,18, #807F70
48deeb03014667c5cc06,19, #5F5F51
48deeb03014667c5cc06,21, #A2A090
48deeb03014667c5cc06,9, #3C3C32
48deeb03014667c5cc06,1,#FAF8E4
48deeb03014667c5cc06,30, #D2CFBD
48e85d303b246ca6077d,2, #3D3F38
48e85d303b246ca6077d,12,#DBDACD
48e85d303b246ca6077d,9, #BEBEB2
48e85d303b246ca6077d,22, #97978D
48e85d303b246ca6077d,35, #F6F5E7
48e85d303b246ca6077d,17, #65665D
48ec306605e6ae90d3e1,11, #68604D
48ec306605e6ae90d3e1,6, #B3A68E
48ec306605e6ae90d3e1,8,#91856D
48ec306605e6ae90d3e1,12, #2C2518
48ec306605e6ae90d3e1,31, #F5F2EA
48ec306605e6ae90d3e1,29, #CEC6B5
48f01b41757800ad6d6a,1, #524B40
48f01b41757800ad6d6a,24, #DBD3C1
48f01b41757800ad6d6a,4, #A29989
48f01b41757800ad6d6a,5, #807869
48f01b41757800ad6d6a,56,#F6F1DF
48f01b41757800ad6d6a,6, #C1B9A7
48f44a5a5d0382bf8c56,18, #A59F91
48f44a5a5d0382bf8c56,12,#868074
48f44a5a5d0382bf8c56,33, #E3DDCB
48f44a5a5d0382bf8c56,2, #413F37
48f44a5a5d0382bf8c56,16, #656156
48f44a5a5d0382bf8c56,16, #C5BFAE
48f55642844195124885,2, #403E37
48f55642844195124885,11, #7E7A6E
48f55642844195124885,5, #9B968A
48f55642844195124885,48,#E1DCCD
48f55642844195124885,6, #F9F6E9
48f55642844195124885,20, #BCB7AA
48f55642844195124885,6, #605D52
48f7dffd3c71e945a0cb,32,#CEC3B5
48f7dffd3c71e945a0cb,8, #BCAD9C
48f7dffd3c71e945a0cb,11, #EAE5CF
48f7dffd3c71e945a0cb,13, #574741
48f7dffd3c71e945a0cb,1, #3D2C28
48f7dffd3c71e945a0cb,15, #7D6D63
48f7dffd3c71e945a0cb,16, #A39486
48fec1f6da832376f3f0,6, #B2AD98
48fec1f6da832376f3f0,8, #746F5E
48fec1f6da832376f3f0,5, #494639
48fec1f6da832376f3f0,6, #94907F
48fec1f6da832376f3f0,19, #D8D1B7
48fec1f6da832376f3f0,52,#F8F6EC
4901a98e9e9d1d64328b,4, #A89F89
4901a98e9e9d1d64328b,63, #D8D5B9
4901a98e9e9d1d64328b,7, #8C8475
4901a98e9e9d1d64328b,6, #695F52
4901a98e9e9d1d64328b,11, #C2BC9C
4901a98e9e9d1d64328b,5,#F4F4EC
490701f337b430d54864,68,#1F190D
490701f337b430d54864,4, #7C6A46
490701f337b430d54864,2, #C0A872
490701f337b430d54864,0, #D8CD8C
490701f337b430d54864,5, #A18056
490701f337b430d54864,17, #514227
49073bd150e878fa755a,0, #F2EEDE
49073bd150e878fa755a,11, #473F3C
49073bd150e878fa755a,6, #A69E92
49073bd150e878fa755a,13, #6B625B
49073bd150e878fa755a,8, #898178
49073bd150e878fa755a,6, #C4BDAC
49073bd150e878fa755a,54,#DCD7C3
490f40e1d57375c10a1e,6, #776A57
490f40e1d57375c10a1e,8, #B0A692
490f40e1d57375c10a1e,9, #918776
490f40e1d57375c10a1e,46,#D7D0BB
490f40e1d57375c10a1e,12, #F5F4E7
490f40e1d57375c10a1e,4, #3B2516
490f40e1d57375c10a1e,11, #594433
4913153339960a9e0e27,0, #BAAC64
4913153339960a9e0e27,7, #7F6D2B
4913153339960a9e0e27,6, #A38B43
4913153339960a9e0e27,3, #727853
4913153339960a9e0e27,41,#12110C
4913153339960a9e0e27,16, #564F28
4913153339960a9e0e27,24, #3B321B
4922654c234365dc39a7,19, #A8905C
4922654c234365dc39a7,26,#DCD4BB
4922654c234365dc39a7,24, #786647
4922654c234365dc39a7,12, #C2B188
4922654c234365dc39a7,8, #56462E
4922654c234365dc39a7,8, #3A2C16
49284e0d8862d0a747c5,9, #D6D3BD
49284e0d8862d0a747c5,19,#66625A
49284e0d8862d0a747c5,15, #3B3532
49284e0d8862d0a747c5,10, #F3F3E9
49284e0d8862d0a747c5,13, #1D1917
49284e0d8862d0a747c5,14, #BAB6A1
49284e0d8862d0a747c5,16, #938F82
492d314fae7877a41610,0, #4E2827
492d314fae7877a41610,16,#FAF9F6
492d314fae7877a41610,65, #E1DCCC
492d314fae7877a41610,9, #B8AB97
492d314fae7877a41610,1, #724F48
492d314fae7877a41610,5, #90806E
492f9cfabd66ea85379d,18, #F1EDE0
492f9cfabd66ea85379d,5, #A8A191
492f9cfabd66ea85379d,13, #868074
492f9cfabd66ea85379d,5,#CCC5B2
492f9cfabd66ea85379d,48, #5C584F
492f9cfabd66ea85379d,8, #31302D
493670f004cb20f4fc46,6, #55402C
493670f004cb20f4fc46,61, #ABAFA8
493670f004cb20f4fc46,0,#D6DBD5
493670f004cb20f4fc46,8, #301E15
493670f004cb20f4fc46,11, #6B665D
493670f004cb20f4fc46,12, #87867F
493beac4a95d12356af4,5, #F8F6EB
493beac4a95d12356af4,2, #3F3F3A
493beac4a95d12356af4,24,#E6DFC9
493beac4a95d12356af4,17, #8F8B7B
493beac4a95d12356af4,16, #B3AE9B
493beac4a95d12356af4,14, #D0C9B4
493beac4a95d12356af4,17, #646357
495636aa86252836534e,10, #AFAC9E
495636aa86252836534e,10, #66655D
495636aa86252836534e,0, #4F4E47
495636aa86252836534e,37, #8B8A81
495636aa86252836534e,30, #CFCBB6
495636aa86252836534e,10,#F0ECDD
4956dc1aaf0026e27021,53, #3F382C
4956dc1aaf0026e27021,0, #A28541
4956dc1aaf0026e27021,20, #664D28
4956dc1aaf0026e27021,7, #876934
4956dc1aaf0026e27021,12, #2B2720
4956dc1aaf0026e27021,5,#1A1915
4959b839c9c883cef76d,5, #36382D
4959b839c9c883cef76d,31,#F0EDDE
4959b839c9c883cef76d,10, #CAC8B9
4959b839c9c883cef76d,10, #A19F91
4959b839c9c883cef76d,16, #808071
4959b839c9c883cef76d,26, #57584A
49670f331db2db84b806,15, #C1BEB1
49670f331db2db84b806,12, #A09E91
49670f331db2db84b806,58, #EEEADC
49670f331db2db84b806,7,#818074
49670f331db2db84b806,1, #45443A
49670f331db2db84b806,4, #646257
49675cbe57587a946d00,4, #393433
49675cbe57587a946d00,36, #625B59
49675cbe57587a946d00,2, #D4CBC0
49675cbe57587a946d00,33,#EFE8DB
49675cbe57587a946d00,17, #8F8882
49675cbe57587a946d00,4, #B5AEA4
496cddbec595a51e381b,6, #635639
496cddbec595a51e381b,34, #3E341F
496cddbec595a51e381b,0, #C4AF85
496cddbec595a51e381b,1, #A79570
496cddbec595a51e381b,54,#1E1910
496cddbec595a51e381b,1, #867554
496cddbec595a51e381b,0, #D5C196
49788c4088b8fbf96da0,8, #B09861
49788c4088b8fbf96da0,33, #8E743E
49788c4088b8fbf96da0,18, #61462D
49788c4088b8fbf96da0,0, #D4C6A3
49788c4088b8fbf96da0,4,#090909
49788c4088b8fbf96da0,34, #272621
497aae527aef711e8f79,33, #7C7150
497aae527aef711e8f79,8, #A49770
497aae527aef711e8f79,7, #EAE1B7
497aae527aef711e8f79,37, #C5BB92
497aae527aef711e8f79,4, #161813
497aae527aef711e8f79,7,#453C2A
497dcb60549b5c8041da,0,#F7F2E2
497dcb60549b5c8041da,7, #7A7262
497dcb60549b5c8041da,57, #D6CFBB
497dcb60549b5c8041da,6, #98907E
497dcb60549b5c8041da,12, #6D5B43
497dcb60549b5c8041da,15, #AFA895
49815762b1db1dd5d17c,7, #615C4F
49815762b1db1dd5d17c,14, #AFA99B
49815762b1db1dd5d17c,6, #797367
49815762b1db1dd5d17c,10, #958F81
49815762b1db1dd5d17c,26, #EFECE4
49815762b1db1dd5d17c,30,#CFC9B8
49815762b1db1dd5d17c,4, #3E3A31
498b3c440e3e84762a84,23, #75705F
498b3c440e3e84762a84,27,#FAF8EF
498b3c440e3e84762a84,5, #E4DDC2
498b3c440e3e84762a84,18, #585344
498b3c440e3e84762a84,12, #908C7D
498b3c440e3e84762a84,12, #B4AE98
4998f5812b1c8ed39e2c,5, #4E3F31
4998f5812b1c8ed39e2c,4, #AEA691
4998f5812b1c8ed39e2c,7, #877D6C
4998f5812b1c8ed39e2c,9,#F9F6E5
4998f5812b1c8ed39e2c,69, #D5CDB4
4998f5812b1c8ed39e2c,4, #685C4C
499bf0c363080073d719,13, #514F47
499bf0c363080073d719,17, #C8C1AF
499bf0c363080073d719,35, #A19B8E
499bf0c363080073d719,2, #32312C
499bf0c363080073d719,9,#EBE6D5
499bf0c363080073d719,20, #7A746A
49af0761d0b925fec99b,8, #D9D7C8
49af0761d0b925fec99b,69,#F8F5E6
49af0761d0b925fec99b,7, #B5B4A6
49af0761d0b925fec99b,3, #56564C
49af0761d0b925fec99b,0, #393930
49af0761d0b925fec99b,10, #88887B
49b614ca82a20cb6a931,5, #BEAB89
49b614ca82a20cb6a931,13, #816D55
49b614ca82a20cb6a931,71,#F4EFE5
49b614ca82a20cb6a931,3, #9A8D75
49b614ca82a20cb6a931,4, #DACDAF
49b614ca82a20cb6a931,1, #3F3E3A
49bfcb53023a247cc93a,31, #1C1B1B
49bfcb53023a247cc93a,12, #4C4B4D
49bfcb53023a247cc93a,13, #BDBCC1
49bfcb53023a247cc93a,24,#F4F2F2
49bfcb53023a247cc93a,0, #C45142
49bfcb53023a247cc93a,17, #828184
49d3d9cda840bd0d9187,5, #7A7770
49d3d9cda840bd0d9187,7, #363631
49d3d9cda840bd0d9187,5, #9E9B93
49d3d9cda840bd0d9187,28, #C9C4BA
49d3d9cda840bd0d9187,4, #5B5A54
49d3d9cda840bd0d9187,48,#F1EDE3
49d44dd663f011200e55,12, #71695C
49d44dd663f011200e55,3, #AFA791
49d44dd663f011200e55,0, #F7F5EF
49d44dd663f011200e55,11, #474238
49d44dd663f011200e55,6, #C5C0A7
49d44dd663f011200e55,58,#DBD8CA
49d44dd663f011200e55,6, #948E7F
49d72eab9d64d028706b,9, #ACA498
49d72eab9d64d028706b,15, #CDC4B7
49d72eab9d64d028706b,9,#F3E7D7
49d72eab9d64d028706b,19, #67615A
49d72eab9d64d028706b,28, #413E3B
49d72eab9d64d028706b,17, #888178
49daa1649c8e0fdde99f,0, #B59D53
49daa1649c8e0fdde99f,2, #A08343
49daa1649c8e0fdde99f,0,#1F1F16
49daa1649c8e0fdde99f,10, #796131
49daa1649c8e0fdde99f,59, #3B3722
49daa1649c8e0fdde99f,26, #59502F
49db7de621da7ae69d88,2, #837E72
49db7de621da7ae69d88,52, #D0C8BA
49db7de621da7ae69d88,12,#F3ECE0
49db7de621da7ae69d88,1, #A39E94
49db7de621da7ae69d88,8, #3B3A33
49db7de621da7ae69d88,22, #5B584D
49df8c17b060a8c8c8e4,4, #C4BCA5
49df8c17b060a8c8c8e4,17, #544F43
49df8c17b060a8c8c8e4,4, #A19982
49df8c17b060a8c8c8e4,7, #857E6B
49df8c17b060a8c8c8e4,50,#EDE6CC
49df8c17b060a8c8c8e4,10, #6B6455
49df8c17b060a8c8c8e4,6, #3D3931
49e22e55e1a11291e4cd,29,#B7B299
49e22e55e1a11291e4cd,12, #1C1715
49e22e55e1a11291e4cd,14, #DDDAC1
49e22e55e1a11291e4cd,17, #8C8773
49e22e55e1a11291e4cd,15, #645D4D
49e22e55e1a11291e4cd,3, #F6F6EF
49e22e55e1a11291e4cd,7, #403830
49e586d50d97451e5ddd,54,#281E17
49e586d50d97451e5ddd,2, #AF9B71
49e586d50d97451e5ddd,3, #987F52
49e586d50d97451e5ddd,0, #652E18
49e586d50d97451e5ddd,10, #785F38
49e586d50d97451e5ddd,0, #C6B993
49e586d50d97451e5ddd,27, #504129
49e87a7d4cca7f85913f,47, #DCD2B8
49e87a7d4cca7f85913f,35,#F6F3E6
49e87a7d4cca7f85913f,5, #C2B79E
49e87a7d4cca7f85913f,3, #A09A89
49e87a7d4cca7f85913f,2, #504C3B
49e87a7d4cca7f85913f,4, #847D69
49e88d7b49a18fd950b7,17, #7A7969
49e88d7b49a18fd950b7,14, #59594C
49e88d7b49a18fd950b7,27,#F1EDD5
49e88d7b49a18fd950b7,1, #424237
49e88d7b49a18fd950b7,11, #989685
49e88d7b49a18fd950b7,18, #B2AF9C
49e88d7b49a18fd950b7,9, #CFCAB6
49e8c20a2ae9bf1366f2,40,#8B7D69
49e8c20a2ae9bf1366f2,2, #2D2017
49e8c20a2ae9bf1366f2,10, #B1A693
49e8c20a2ae9bf1366f2,23, #635243
49e8c20a2ae9bf1366f2,5, #49382B
49e8c20a2ae9bf1366f2,10, #D3CEBC
49e8c20a2ae9bf1366f2,6, #0A0704
49eb86c83fc63ccd66f4,8, #6F6862
49eb86c83fc63ccd66f4,17, #908981
49eb86c83fc63ccd66f4,5, #46413D
49eb86c83fc63ccd66f4,41, #E1D8C9
49eb86c83fc63ccd66f4,22, #B9B1A6
49eb86c83fc63ccd66f4,4,#FAF6EB
49ee3a87aca1c9ffd3af,25, #221C0B
49ee3a87aca1c9ffd3af,1, #D9D3AB
49ee3a87aca1c9ffd3af,11, #675129
49ee3a87aca1c9ffd3af,2, #847046
49ee3a87aca1c9ffd3af,8, #C1AC7C
49ee3a87aca1c9ffd3af,42,#433519
49ee3a87aca1c9ffd3af,7, #9E8F66
49ee3ed9ba10c0d22de8,16,#F4F3E7
49ee3ed9ba10c0d22de8,11, #D7D5C7
49ee3ed9ba10c0d22de8,12, #B5AD9C
49ee3ed9ba10c0d22de8,9, #3E4240
49ee3ed9ba10c0d22de8,13, #968A76
49ee3ed9ba10c0d22de8,36, #6A6A61
49efccc8ea217a22184c,0,#908D7F
49efccc8ea217a22184c,14, #BCAD7B
49efccc8ea217a22184c,13, #A39262
49efccc8ea217a22184c,37, #ECE5C6
49efccc8ea217a22184c,32, #D7CA99
49efccc8ea217a22184c,0, #FFFEE7
49ff679c568630257fb8,53, #775A47
49ff679c568630257fb8,34, #463A30
49ff679c568630257fb8,2, #B79F7F
49ff679c568630257fb8,0,#D0BA9E
49ff679c568630257fb8,0, #E5D6BE
49ff679c568630257fb8,9, #968570
49ff699e6b2568f004a0,26, #53544C
49ff699e6b2568f004a0,11, #BCB49B
49ff699e6b2568f004a0,1, #F3F3E6
49ff699e6b2568f004a0,12,#252521
49ff699e6b2568f004a0,33, #808074
49ff699e6b2568f004a0,15, #DCD9C6
49ffca14e86cb2cfae51,7, #A09987
49ffca14e86cb2cfae51,19, #CCC3AE
49ffca14e86cb2cfae51,56,#F6F0DA
49ffca14e86cb2cfae51,8, #7B7567
49ffca14e86cb2cfae51,5, #555147
49ffca14e86cb2cfae51,1, #3B3933
4a00dab9e5c827e87c4e,2, #C0C1C7
4a00dab9e5c827e87c4e,24, #938C79
4a00dab9e5c827e87c4e,1, #20100E
4a00dab9e5c827e87c4e,36,#463227
4a00dab9e5c827e87c4e,1, #D4BF8C
4a00dab9e5c827e87c4e,2, #EDE5C8
4a00dab9e5c827e87c4e,31, #725D4C
4a034b43d642f5509def,18, #4A3B29
4a034b43d642f5509def,9, #6D452A
4a034b43d642f5509def,23, #988967
4a034b43d642f5509def,27,#816943
4a034b43d642f5509def,15, #665C43
4a034b43d642f5509def,0, #AC9C74
4a034b43d642f5509def,4, #2B2419
4a1068ace12f2cc73fbc,4, #9B8E74
4a1068ace12f2cc73fbc,5, #7C6E58
4a1068ace12f2cc73fbc,29, #C8C2AF
4a1068ace12f2cc73fbc,13, #B6AC90
4a1068ace12f2cc73fbc,0, #6C5035
4a1068ace12f2cc73fbc,46,#D8D3C2
4a16d264d827c50e697d,29, #4D431D
4a16d264d827c50e697d,29, #0E0E08
4a16d264d827c50e697d,28,#2E2B15
4a16d264d827c50e697d,1, #98864C
4a16d264d827c50e697d,11, #726534
4a16d264d827c50e697d,0, #BCAD71
4a1b7f44aceba9db7089,31, #877450
4a1b7f44aceba9db7089,3, #685030
4a1b7f44aceba9db7089,3,#FAF9F1
4a1b7f44aceba9db7089,12, #D0C4A4
4a1b7f44aceba9db7089,40, #A79C80
4a1b7f44aceba9db7089,9, #E5DEC5
4a22251bab7a52c19b0a,6,#F3F2EA
4a22251bab7a52c19b0a,8, #79624C
4a22251bab7a52c19b0a,26, #988B77
4a22251bab7a52c19b0a,1, #5C412E
4a22251bab7a52c19b0a,33, #D3C9AD
4a22251bab7a52c19b0a,23, #BBAC90
4a26d50c68e5b4277249,2,#F7F3EC
4a26d50c68e5b4277249,17, #ABA191
4a26d50c68e5b4277249,22, #CBBFAB
4a26d50c68e5b4277249,8, #5F594F
4a26d50c68e5b4277249,13, #877F71
4a26d50c68e5b4277249,34, #E3D7C8
4a2a52654dbe37b606e2,59,#ECE3D5
4a2a52654dbe37b606e2,5, #ACA69A
4a2a52654dbe37b606e2,4, #8A847B
4a2a52654dbe37b606e2,1, #534F47
4a2a52654dbe37b606e2,2, #656158
4a2a52654dbe37b606e2,25, #D0C1A9
4a2a52654dbe37b606e2,0, #3F3B35
4a2df91a598963f9e850,22, #DCDACE
4a2df91a598963f9e850,0, #FBF9F7
4a2df91a598963f9e850,5, #4B4336
4a2df91a598963f9e850,2, #20160B
4a2df91a598963f9e850,41,#C0BBA6
4a2df91a598963f9e850,3, #766E61
4a2df91a598963f9e850,23, #9C9688
4a362e85817e1956c438,12, #BBAD91
4a362e85817e1956c438,1, #E6E2CF
4a362e85817e1956c438,34,#FAF9F3
4a362e85817e1956c438,3, #68513B
4a362e85817e1956c438,9, #978771
4a362e85817e1956c438,9, #7D6751
4a362e85817e1956c438,29, #CFC6AC
4a3bbaf3285ede106971,4, #6E6234
4a3bbaf3285ede106971,10, #B0AD95
4a3bbaf3285ede106971,9, #C9C7B4
4a3bbaf3285ede106971,0, #8C8A7C
4a3bbaf3285ede106971,25, #807854
4a3bbaf3285ede106971,14, #EAEBDE
4a3bbaf3285ede106971,34,#A89D69
4a3d8ef5d2c6536ed133,74, #F7F2E9
4a3d8ef5d2c6536ed133,1,#858577
4a3d8ef5d2c6536ed133,2, #A9A69A
4a3d8ef5d2c6536ed133,1, #606253
4a3d8ef5d2c6536ed133,0, #3F4336
4a3d8ef5d2c6536ed133,20, #D7CFC1
4a4050309d9078a02605,27,#F5F4EF
4a4050309d9078a02605,13, #9F9688
4a4050309d9078a02605,7, #D2CDB8
4a4050309d9078a02605,19, #807266
4a4050309d9078a02605,3, #B9B09C
4a4050309d9078a02605,18, #57463C
4a4050309d9078a02605,9, #3B2B23
4a453349dcef27d5e83d,32, #DAD5BD
4a453349dcef27d5e83d,0, #545243
4a453349dcef27d5e83d,12, #A39D84
4a453349dcef27d5e83d,0, #F0EBD4
4a453349dcef27d5e83d,50,#C1BA9C
4a453349dcef27d5e83d,1, #6E6A5A
4a453349dcef27d5e83d,3, #888470
4a464c6230cfb24b70d1,1, #B0A07F
4a464c6230cfb24b70d1,13, #DED2B5
4a464c6230cfb24b70d1,46,#FAF8F4
4a464c6230cfb24b70d1,12, #C5B99B
4a464c6230cfb24b70d1,25, #ECE4CE
4a464c6230cfb24b70d1,0, #968C7B
4a47f0e9d61b03152fe8,11,#F4F2E2
4a47f0e9d61b03152fe8,18, #656353
4a47f0e9d61b03152fe8,13, #A4A190
4a47f0e9d61b03152fe8,18, #C5C2B0
4a47f0e9d61b03152fe8,17, #424136
4a47f0e9d61b03152fe8,21, #868373
4a4ada368b2d4f76b1a3,21, #CAC6B4
4a4ada368b2d4f76b1a3,13, #70766C
4a4ada368b2d4f76b1a3,18, #9C9E90
4a4ada368b2d4f76b1a3,32,#F6F1DF
4a4ada368b2d4f76b1a3,4, #161E18
4a4ada368b2d4f76b1a3,8, #454E46
4a4ff4b4b03da026e0ab,6, #8B877A
4a4ff4b4b03da026e0ab,9, #7E6C53
4a4ff4b4b03da026e0ab,18, #A29E91
4a4ff4b4b03da026e0ab,16, #FAF8F0
4a4ff4b4b03da026e0ab,24,#C2BEB1
4a4ff4b4b03da026e0ab,2, #48443A
4a4ff4b4b03da026e0ab,23, #E1DED0
4a53aadeb1d6979527fc,73, #EFEBDE
4a53aadeb1d6979527fc,7,#CAC6BA
4a53aadeb1d6979527fc,4, #66625A
4a53aadeb1d6979527fc,7, #8A867D
4a53aadeb1d6979527fc,3, #AFABA2
4a53aadeb1d6979527fc,3, #3C3832
4a578071308b3da189e7,23, #CAC1AF
4a578071308b3da189e7,21, #594C46
4a578071308b3da189e7,12, #7F746C
4a578071308b3da189e7,8, #A1968D
4a578071308b3da189e7,21,#F2EFDC
4a578071308b3da189e7,12, #322521
4a59069c20e2a34a4001,27, #C2B8A6
4a59069c20e2a34a4001,12, #6A685B
4a59069c20e2a34a4001,3, #A6A195
4a59069c20e2a34a4001,45,#F5EDDD
4a59069c20e2a34a4001,8, #918D80
4a59069c20e2a34a4001,1, #464439
4a5dd1e543633877cd33,16, #F1E9DC
4a5dd1e543633877cd33,22, #979183
4a5dd1e543633877cd33,9,#777165
4a5dd1e543633877cd33,36, #C2BBAD
4a5dd1e543633877cd33,8, #3C3832
4a5dd1e543633877cd33,6, #5E584E
4a61879cbb4a2e7ef022,25, #837367
4a61879cbb4a2e7ef022,36,#5B4A3F
4a61879cbb4a2e7ef022,4, #211614
4a61879cbb4a2e7ef022,5, #EFEDDE
4a61879cbb4a2e7ef022,7, #A78F64
4a61879cbb4a2e7ef022,7, #D5CFB1
4a61879cbb4a2e7ef022,13, #ADAA93
4a688af4e394025944d4,1, #756657
4a688af4e394025944d4,4, #FDFBEC
4a688af4e394025944d4,33, #BAB4A7
4a688af4e394025944d4,0, #432919
4a688af4e394025944d4,8, #8F887E
4a688af4e394025944d4,1, #5D4633
4a688af4e394025944d4,48,#E9E0CD
4a7632659d87e6dee7a9,3, #403223
4a7632659d87e6dee7a9,15, #ACA694
4a7632659d87e6dee7a9,2, #6E6C57
4a7632659d87e6dee7a9,18,#C9C1A6
4a7632659d87e6dee7a9,59, #575533
4a7632659d87e6dee7a9,0, #928D7F
4a7652056f4a411c1512,0, #BFAC74
4a7652056f4a411c1512,33,#48351D
4a7652056f4a411c1512,2, #A89768
4a7652056f4a411c1512,5, #7B6237
4a7652056f4a411c1512,20, #5B4D30
4a7652056f4a411c1512,5, #8E7E53
4a7652056f4a411c1512,32, #1B170E
4a8edb5c7c282bd8a768,85,#E2DBBD
4a8edb5c7c282bd8a768,3, #F8F7EE
4a8edb5c7c282bd8a768,4, #816A49
4a8edb5c7c282bd8a768,1, #A39883
4a8edb5c7c282bd8a768,3, #9A825C
4a8edb5c7c282bd8a768,0, #C7B692
4a8edb5c7c282bd8a768,0, #67543C
4a8f8e6915da4278a338,12, #F1F2EA
4a8f8e6915da4278a338,22, #685E4E
4a8f8e6915da4278a338,10, #A9A284
4a8f8e6915da4278a338,4, #D6D4C3
4a8f8e6915da4278a338,29,#878373
4a8f8e6915da4278a338,1, #C3BFA4
4a8f8e6915da4278a338,19, #484036
4a900921bcf2d3bd0741,13, #EEECDC
4a900921bcf2d3bd0741,71, #D2CBB4
4a900921bcf2d3bd0741,5, #B0A691
4a900921bcf2d3bd0741,1, #705D4B
4a900921bcf2d3bd0741,6, #908372
4a900921bcf2d3bd0741,0,#493629
4a99ecfe4c3a8506ae03,15, #D0CCC1
4a99ecfe4c3a8506ae03,17, #515049
4a99ecfe4c3a8506ae03,6, #2A2923
4a99ecfe4c3a8506ae03,26,#F1ECDC
4a99ecfe4c3a8506ae03,22, #7D7B74
4a99ecfe4c3a8506ae03,11, #AAA79F
4a9ed7c36ca441d42678,42, #837A6B
4a9ed7c36ca441d42678,5,#E6DFCA
4a9ed7c36ca441d42678,1, #CCC4AD
4a9ed7c36ca441d42678,9, #ADA592
4a9ed7c36ca441d42678,7, #3D2F26
4a9ed7c36ca441d42678,34, #5C4F42
4aaa498c6894ffacda1f,18, #BEB7A2
4aaa498c6894ffacda1f,40,#FCF8E4
4aaa498c6894ffacda1f,3, #4C4F48
4aaa498c6894ffacda1f,0, #242826
4aaa498c6894ffacda1f,13, #838375
4aaa498c6894ffacda1f,23, #E6DAC1
4ab0464560368110f953,3, #313027
4ab0464560368110f953,21,#F7F2E5
4ab0464560368110f953,19, #706D61
4ab0464560368110f953,27, #C5BFB2
4ab0464560368110f953,17, #4C4A3F
4ab0464560368110f953,10, #9B968A
4ab9cedbe6a6bbcd449e,43, #3D4038
4ab9cedbe6a6bbcd449e,11, #1D1E1C
4ab9cedbe6a6bbcd449e,5, #D2D3CD
4ab9cedbe6a6bbcd449e,24, #70724C
4ab9cedbe6a6bbcd449e,3,#6E838F
4ab9cedbe6a6bbcd449e,11, #9EA69E
4abb0fdf7908fbb17702,22, #A6906F
4abb0fdf7908fbb17702,36,#6E5F4F
4abb0fdf7908fbb17702,20, #1D1917
4abb0fdf7908fbb17702,13, #4A3E31
4abb0fdf7908fbb17702,1, #F6F5F1
4abb0fdf7908fbb17702,2, #D8D7D3
4abb0fdf7908fbb17702,2, #B1B0AA
4abe81bb127279d729e4,35, #1B1314
4abe81bb127279d729e4,1, #D7BE82
4abe81bb127279d729e4,3, #B29761
4abe81bb127279d729e4,1, #5E5444
4abe81bb127279d729e4,4, #8D6E41
4abe81bb127279d729e4,53,#653B21
4abe81bb127279d729e4,0, #EAD8A9
4ac4ddcd89b74cc2c371,24, #2E2817
4ac4ddcd89b74cc2c371,10, #5F532B
4ac4ddcd89b74cc2c371,0, #593419
4ac4ddcd89b74cc2c371,15, #443E26
4ac4ddcd89b74cc2c371,46,#17150F
4ac4ddcd89b74cc2c371,2, #847848
4ac4ddcd89b74cc2c371,0, #9B8C59
4acd585abca32ea55e4c,4, #5C4D37
4acd585abca32ea55e4c,0, #8A7E67
4acd585abca32ea55e4c,75, #1F130A
4acd585abca32ea55e4c,0, #77664B
4acd585abca32ea55e4c,18,#41321F
4acd585abca32ea55e4c,0, #A49E8F
4ad66a4440d9dac54b32,29,#766C4F
4ad66a4440d9dac54b32,10, #665A3A
4ad66a4440d9dac54b32,26, #9B947C
4ad66a4440d9dac54b32,20, #49402B
4ad66a4440d9dac54b32,2, #29251B
4ad66a4440d9dac54b32,1, #DDD7B6
4ad66a4440d9dac54b32,8, #BCB79D
4adb4bb2f553251167d9,4, #F8F6F0
4adb4bb2f553251167d9,8, #B1A896
4adb4bb2f553251167d9,1, #4E4A3C
4adb4bb2f553251167d9,6, #989284
4adb4bb2f553251167d9,18, #D0C5AE
4adb4bb2f553251167d9,10, #777262
4adb4bb2f553251167d9,48,#E6DDC6
4ae1df458ac0a557304a,8, #A1906E
4ae1df458ac0a557304a,13, #756749
4ae1df458ac0a557304a,0, #F4F0D4
4ae1df458ac0a557304a,16, #1D1A13
4ae1df458ac0a557304a,4, #C6BD9C
4ae1df458ac0a557304a,54,#493926
4ae1df458ac0a557304a,2, #E0D9B8
4af3caa2e11f2ab92e6b,7, #515759
4af3caa2e11f2ab92e6b,77,#EDE4D3
4af3caa2e11f2ab92e6b,0, #92623D
4af3caa2e11f2ab92e6b,1, #C8BEAA
4af3caa2e11f2ab92e6b,4, #AB9F86
4af3caa2e11f2ab92e6b,0, #C6A54D
4af3caa2e11f2ab92e6b,7, #887F6C
4b07043a2e316ba5f498,7, #93846C
4b07043a2e316ba5f498,4, #DCD3BD
4b07043a2e316ba5f498,7, #7B6547
4b07043a2e316ba5f498,4, #55402A
4b07043a2e316ba5f498,36,#F3F1E1
4b07043a2e316ba5f498,40, #BBAE94
4b07da673f92720d4d1b,4, #7E754B
4b07da673f92720d4d1b,4, #968F67
4b07da673f92720d4d1b,20,#13110C
4b07da673f92720d4d1b,44, #3B2516
4b07da673f92720d4d1b,4, #B1A882
4b07da673f92720d4d1b,21, #595230
4b1050675d87e0652f72,18, #B9B7A8
4b1050675d87e0652f72,0, #EFEFED
4b1050675d87e0652f72,13, #6E6B65
4b1050675d87e0652f72,37,#96948B
4b1050675d87e0652f72,15, #D8D8D1
4b1050675d87e0652f72,3, #272017
4b1050675d87e0652f72,10, #48433C
4b135aba104dcee99d7b,15, #949186
4b135aba104dcee99d7b,9,#F2EFE5
4b135aba104dcee99d7b,12, #D3CEC2
4b135aba104dcee99d7b,28, #4D4C43
4b135aba104dcee99d7b,15, #B1ACA1
4b135aba104dcee99d7b,18, #777469
4b139b4f02150c9769e6,3, #876737
4b139b4f02150c9769e6,0, #D5C264
4b139b4f02150c9769e6,1, #CEC9A4
4b139b4f02150c9769e6,75,#18120B
4b139b4f02150c9769e6,10, #4A544E
4b139b4f02150c9769e6,5, #5A380F
4b139b4f02150c9769e6,2, #9F9361
4b26f0ee1ca0d1b57e76,26, #9A9486
4b26f0ee1ca0d1b57e76,3, #756E61
4b26f0ee1ca0d1b57e76,0, #F4F4F3
4b26f0ee1ca0d1b57e76,3, #544B3E
4b26f0ee1ca0d1b57e76,56,#BFBAA8
4b26f0ee1ca0d1b57e76,5, #23180D
4b26f0ee1ca0d1b57e76,3, #DAD9D2
4b2ca7d23ed7d5b44522,2, #4E4137
4b2ca7d23ed7d5b44522,7, #B2B0A9
4b2ca7d23ed7d5b44522,12, #171411
4b2ca7d23ed7d5b44522,3, #F3F1E7
4b2ca7d23ed7d5b44522,7, #8B8583
4b2ca7d23ed7d5b44522,61,#6D614D
4b2ca7d23ed7d5b44522,4, #D7D5C8
4b2e2574def5cfb2d8d1,22, #77766E
4b2e2574def5cfb2d8d1,14, #D9D6CC
4b2e2574def5cfb2d8d1,17, #A29F97
4b2e2574def5cfb2d8d1,3,#F9F8F6
4b2e2574def5cfb2d8d1,25, #BEBCB3
4b2e2574def5cfb2d8d1,16, #484942
4b376f431bbbcf357295,15, #B4AE9D
4b376f431bbbcf357295,5, #3B3A33
4b376f431bbbcf357295,14, #726E62
4b376f431bbbcf357295,21, #8E8A7B
4b376f431bbbcf357295,23,#5B594E
4b376f431bbbcf357295,3, #F3F0E7
4b376f431bbbcf357295,16, #D6CFBD
4b3df812b4dbd09d545c,25, #654D32
4b3df812b4dbd09d545c,44,#1F1E18
4b3df812b4dbd09d545c,2, #997E56
4b3df812b4dbd09d545c,4, #85673F
4b3df812b4dbd09d545c,22, #413526
4b3df812b4dbd09d545c,0, #AE956E
4b3df812b4dbd09d545c,0, #BDAC87
4b3fe1d2637021888dfd,18,#F5F4EA
4b3fe1d2637021888dfd,34, #9F9B8B
4b3fe1d2637021888dfd,18, #727063
4b3fe1d2637021888dfd,0, #48483F
4b3fe1d2637021888dfd,15, #C7C2B0
4b3fe1d2637021888dfd,11, #E0DCCA
4b44457313f11eca43f4,14, #6B6B60
4b44457313f11eca43f4,22, #9A988B
4b44457313f11eca43f4,35,#F6F4E6
4b44457313f11eca43f4,1, #46463F
4b44457313f11eca43f4,14, #BFBDAE
4b44457313f11eca43f4,11, #D8D5C5
4b56f53fff2888c7f9c5,1,#FAF6E0
4b56f53fff2888c7f9c5,79, #DBD6C0
4b56f53fff2888c7f9c5,10, #928F7E
4b56f53fff2888c7f9c5,0, #4E4C3F
4b56f53fff2888c7f9c5,4, #B6B39F
4b56f53fff2888c7f9c5,3, #696857
4b60ab03ac3f000bb300,17, #7C7469
4b60ab03ac3f000bb300,42, #A5ACA8
4b60ab03ac3f000bb300,26, #564C3D
4b60ab03ac3f000bb300,4, #8D908B
4b60ab03ac3f000bb300,2,#C4CECD
4b60ab03ac3f000bb300,5, #36261A
4b678b682804938b5d13,19, #8FA1B6
4b678b682804938b5d13,1, #C9C8C2
4b678b682804938b5d13,21, #1B150C
4b678b682804938b5d13,41, #623E23
4b678b682804938b5d13,8, #9D8F6D
4b678b682804938b5d13,8,#4D5D78
4b67a8ff4540ddf60482,6, #1F2E75
4b67a8ff4540ddf60482,1, #486E98
4b67a8ff4540ddf60482,41,#DEDFD9
4b67a8ff4540ddf60482,11, #888F97
4b67a8ff4540ddf60482,1, #65585E
4b67a8ff4540ddf60482,20, #0C0B46
4b67a8ff4540ddf60482,16, #43211D
4b68fe913fbf1b6056a6,0, #AB914A
4b68fe913fbf1b6056a6,0, #8B6F2D
4b68fe913fbf1b6056a6,0, #53370E
4b68fe913fbf1b6056a6,3, #352011
4b68fe913fbf1b6056a6,0, #6E531C
4b68fe913fbf1b6056a6,94,#150C06
4b68fe913fbf1b6056a6,0, #483D2E
4b6ad5f44593313b9f55,4, #6B562F
4b6ad5f44593313b9f55,0, #B3A67E
4b6ad5f44593313b9f55,3, #8F794D
4b6ad5f44593313b9f55,53,#111209
4b6ad5f44593313b9f55,2, #44321B
4b6ad5f44593313b9f55,34, #242014
4b6ad5f44593313b9f55,1, #AE9668
4b73a2c177d9f1796f3e,20, #3E372A
4b73a2c177d9f1796f3e,4, #15110C
4b73a2c177d9f1796f3e,23, #8B7A5E
4b73a2c177d9f1796f3e,2, #A6A29E
4b73a2c177d9f1796f3e,30, #625C4E
4b73a2c177d9f1796f3e,18,#8E8883
4b73f6d04050241e8264,4, #5C5445
4b73f6d04050241e8264,13, #100D08
4b73f6d04050241e8264,0, #80612F
4b73f6d04050241e8264,0,#796C5A
4b73f6d04050241e8264,81, #4E3623
4b73f6d04050241e8264,0, #8C8676
4b7523fd717cdf185d94,3, #B3AB96
4b7523fd717cdf185d94,61,#FBF9EF
4b7523fd717cdf185d94,0, #4D4736
4b7523fd717cdf185d94,2, #8B8471
4b7523fd717cdf185d94,1, #706955
4b7523fd717cdf185d94,30, #D0C7B1
4b7523fd717cdf185d94,0, #352A1D
4b770ec1a5c45c92060e,1, #F8F8F5
4b770ec1a5c45c92060e,22, #BFBBA8
4b770ec1a5c45c92060e,1, #1C0F06
4b770ec1a5c45c92060e,10, #716859
4b770ec1a5c45c92060e,31,#DDDBCE
4b770ec1a5c45c92060e,25, #999284
4b770ec1a5c45c92060e,8, #473B2D
4b7a8f47312f719b5e8f,24, #968D7D
4b7a8f47312f719b5e8f,4, #716452
4b7a8f47312f719b5e8f,15,#F0EEE8
4b7a8f47312f719b5e8f,26, #BDAC8F
4b7a8f47312f719b5e8f,1, #4B3E31
4b7a8f47312f719b5e8f,28, #D3CDB6
4b82eae045777101cabf,0, #D3CDB4
4b82eae045777101cabf,0, #806E46
4b82eae045777101cabf,1, #968559
4b82eae045777101cabf,2, #C7BD96
4b82eae045777101cabf,29, #6A4E31
4b82eae045777101cabf,2, #B4A475
4b82eae045777101cabf,62,#1B1609
4b8b544e5956668afdd3,5, #BDAA76
4b8b544e5956668afdd3,18, #14110A
4b8b544e5956668afdd3,5, #7D6430
4b8b544e5956668afdd3,9, #5E4E29
4b8b544e5956668afdd3,0, #D1C190
4b8b544e5956668afdd3,8, #9D864B
4b8b544e5956668afdd3,52,#312A19
4ba1fce3609318fa1eee,15, #CAC1AB
4ba1fce3609318fa1eee,3, #282420
4ba1fce3609318fa1eee,6, #443E3B
4ba1fce3609318fa1eee,7, #A79C89
4ba1fce3609318fa1eee,53,#EBE6D5
4ba1fce3609318fa1eee,6, #5E5753
4ba1fce3609318fa1eee,8, #7A736D
4ba8ce57950c5e072b3d,7, #413A35
4ba8ce57950c5e072b3d,1,#AA9F8B
4ba8ce57950c5e072b3d,1, #877E70
4ba8ce57950c5e072b3d,12, #CBC3AF
4ba8ce57950c5e072b3d,5, #635A52
4ba8ce57950c5e072b3d,70, #EFEDE3
4bb03c87e3b7f54e56e4,19, #DAD6C8
4bb03c87e3b7f54e56e4,21, #A09C90
4bb03c87e3b7f54e56e4,24,#F6F4E6
4bb03c87e3b7f54e56e4,6, #837F72
4bb03c87e3b7f54e56e4,0, #3B3830
4bb03c87e3b7f54e56e4,7, #5F5C51
4bb03c87e3b7f54e56e4,19, #C0BCAF
4bbe06832e85bbd324da,1, #873027
4bbe06832e85bbd324da,54,#9B9176
4bbe06832e85bbd324da,25, #816D58
4bbe06832e85bbd324da,14, #180F08
4bbe06832e85bbd324da,2, #635843
4bbe06832e85bbd324da,1, #B6AC8C
4bbe06832e85bbd324da,0, #423725
4bbf937c5c6401c76ff9,12, #A9A497
4bbf937c5c6401c76ff9,10,#F3EDDC
4bbf937c5c6401c76ff9,24, #D0CABB
4bbf937c5c6401c76ff9,7, #3C3933
4bbf937c5c6401c76ff9,27, #656257
4bbf937c5c6401c76ff9,16, #8D887D
4bc06db39cdd6bb5e5ea,13, #746056
4bc06db39cdd6bb5e5ea,8, #F3F0E3
4bc06db39cdd6bb5e5ea,7,#CAC3B7
4bc06db39cdd6bb5e5ea,20, #341911
4bc06db39cdd6bb5e5ea,24, #573F34
4bc06db39cdd6bb5e5ea,24, #96887E
4bc0825d2853b5c0802d,0, #C4B789
4bc0825d2853b5c0802d,6, #2B2111
4bc0825d2853b5c0802d,42, #564A30
4bc0825d2853b5c0802d,19, #8B8068
4bc0825d2853b5c0802d,14, #766A4D
4bc0825d2853b5c0802d,16,#A49F7F
4bc53eacc2f780756db1,33, #887F66
4bc53eacc2f780756db1,0, #28302A
4bc53eacc2f780756db1,5, #B3AD8C
4bc53eacc2f780756db1,54, #555142
4bc53eacc2f780756db1,4,#031011
4bc53eacc2f780756db1,1, #CFCCB1
4bd15059a1120b319c4a,11, #AFA38C
4bd15059a1120b319c4a,63,#EBE4D1
4bd15059a1120b319c4a,2, #31261A
4bd15059a1120b319c4a,0, #FEFDF3
4bd15059a1120b319c4a,1, #574A3C
4bd15059a1120b319c4a,8, #847964
4bd15059a1120b319c4a,13, #CEC4AC
4bdc2569cbda98741e62,0, #F4EFD3
4bdc2569cbda98741e62,12,#2F2B27
4bdc2569cbda98741e62,16, #A48367
4bdc2569cbda98741e62,5, #E3D3AC
4bdc2569cbda98741e62,8, #C0AE87
4bdc2569cbda98741e62,56, #604F3C
4be806de142b23996e54,1,#FCF9EF
4be806de142b23996e54,3, #3A362D
4be806de142b23996e54,19, #888172
4be806de142b23996e54,37, #B4AC9B
4be806de142b23996e54,16, #635E52
4be806de142b23996e54,22, #E1D8C5
4beb90d6c148a8e26d8d,10,#F0ECDB
4beb90d6c148a8e26d8d,0, #A79E95
4beb90d6c148a8e26d8d,29, #271813
4beb90d6c148a8e26d8d,41, #4B3A34
4beb90d6c148a8e26d8d,18, #746963
4beb90d6c148a8e26d8d,0, #CCC6BA
4bee265463f36014b958,8, #A49683
4bee265463f36014b958,3,#EFEAE2
4bee265463f36014b958,10, #C5B8A0
4bee265463f36014b958,5, #867462
4bee265463f36014b958,65, #D7CFBE
4bee265463f36014b958,6, #685547
4bf41c5dc79fbcc3770e,14, #787662
4bf41c5dc79fbcc3770e,22, #9D9A87
4bf41c5dc79fbcc3770e,6, #535241
4bf41c5dc79fbcc3770e,1, #373728
4bf41c5dc79fbcc3770e,13,#F3EFE0
4bf41c5dc79fbcc3770e,41, #C9C6B5
4bfddc00aec5654c4716,20, #746D65
4bfddc00aec5654c4716,14, #D9CDB9
4bfddc00aec5654c4716,28, #8A8780
4bfddc00aec5654c4716,6, #48423D
4bfddc00aec5654c4716,13,#F5E8D3
4bfddc00aec5654c4716,17, #AFA697
4bfe8191a87473ac0c1b,5, #645B45
4bfe8191a87473ac0c1b,8,#1C1A14
4bfe8191a87473ac0c1b,0, #A69870
4bfe8191a87473ac0c1b,3, #867751
4bfe8191a87473ac0c1b,0, #B9AB84
4bfe8191a87473ac0c1b,82, #473628
4c03c9c92d53abba6f61,39,#9E9790
4c03c9c92d53abba6f61,0, #C3C2BF
4c03c9c92d53abba6f61,8, #3B2F27
4c03c9c92d53abba6f61,0, #F7F8F6
4c03c9c92d53abba6f61,2, #DDDEDD
4c03c9c92d53abba6f61,10, #5C5149
4c03c9c92d53abba6f61,38, #796F68
4c0a0ca5eb9590ddd701,3, #575347
4c0a0ca5eb9590ddd701,20, #BFBAAA
4c0a0ca5eb9590ddd701,9, #F8F4E3
4c0a0ca5eb9590ddd701,20, #7E7968
4c0a0ca5eb9590ddd701,13, #A49F8E
4c0a0ca5eb9590ddd701,32,#E1DCCC
4c0e205fd34f035d0e44,2, #494239
4c0e205fd34f035d0e44,7, #AFA798
4c0e205fd34f035d0e44,78,#F1EBDC
4c0e205fd34f035d0e44,5, #CFC7B6
4c0e205fd34f035d0e44,3, #8D8677
4c0e205fd34f035d0e44,1, #70695B
4c0fd9c7685a4d398ef2,16, #5C5B51
4c0fd9c7685a4d398ef2,18, #848275
4c0fd9c7685a4d398ef2,3,#FAF9F6
4c0fd9c7685a4d398ef2,41, #B5B1A4
4c0fd9c7685a4d398ef2,10, #E2DDD1
4c0fd9c7685a4d398ef2,8, #3D3E37
4c1fd15393dfcf398c36,0, #6A452B
4c1fd15393dfcf398c36,52, #392D23
4c1fd15393dfcf398c36,44,#080A06
4c1fd15393dfcf398c36,0, #CCC4A8
4c1fd15393dfcf398c36,1, #8A7A61
4c1fd15393dfcf398c36,0, #B0A387
4c20352db6f2ab760693,15, #CBCEBD
4c20352db6f2ab760693,29,#50462E
4c20352db6f2ab760693,4, #AFA470
4c20352db6f2ab760693,0, #76776F
4c20352db6f2ab760693,11, #D2C37F
4c20352db6f2ab760693,21, #846F40
4c20352db6f2ab760693,18, #29241A
4c2123e8b6e6ba24c1d9,14, #AC9E8A
4c2123e8b6e6ba24c1d9,11, #7F705D
4c2123e8b6e6ba24c1d9,5, #675C4F
4c2123e8b6e6ba24c1d9,2, #45403C
4c2123e8b6e6ba24c1d9,12, #C9BEAD
4c2123e8b6e6ba24c1d9,43,#EDE2D4
4c2123e8b6e6ba24c1d9,10, #938571
4c2125947b28a42b3901,22, #615146
4c2125947b28a42b3901,16, #E7E0C5
4c2125947b28a42b3901,13, #C4BAA1
4c2125947b28a42b3901,33, #362721
4c2125947b28a42b3901,12, #8F8173
4c2125947b28a42b3901,0,#FEFDEA
4c25f863dbe0065eb98d,30,#2D291C
4c25f863dbe0065eb98d,18, #797052
4c25f863dbe0065eb98d,12, #D3C8A3
4c25f863dbe0065eb98d,16, #504934
4c25f863dbe0065eb98d,7, #A59873
4c25f863dbe0065eb98d,11, #BCAF8A
4c25f863dbe0065eb98d,2, #E6DEBC
4c3272db95222a9ad8a7,17, #7B7353
4c3272db95222a9ad8a7,0, #26261F
4c3272db95222a9ad8a7,18, #605E42
4c3272db95222a9ad8a7,5, #454530
4c3272db95222a9ad8a7,1, #DBD0A3
4c3272db95222a9ad8a7,35,#A19C7D
4c3272db95222a9ad8a7,23, #B5B49C
4c3627d7ba04ce5ff093,13, #837454
4c3627d7ba04ce5ff093,37, #2A220E
4c3627d7ba04ce5ff093,0, #5F680B
4c3627d7ba04ce5ff093,20, #A39C7C
4c3627d7ba04ce5ff093,20, #574A30
4c3627d7ba04ce5ff093,9,#000000
4c3ab173885ce526d93f,10, #A6A595
4c3ab173885ce526d93f,26, #CDC5B1
4c3ab173885ce526d93f,13,#F6F1DF
4c3ab173885ce526d93f,19, #777B6F
4c3ab173885ce526d93f,17, #434B44
4c3ab173885ce526d93f,11, #151F19
4c3f8c511e1809955aac,3, #3A382F
4c3f8c511e1809955aac,14, #908B7D
4c3f8c511e1809955aac,22, #D7D2BF
4c3f8c511e1809955aac,30, #B1AB99
4c3f8c511e1809955aac,19, #646053
4c3f8c511e1809955aac,9,#F6F2E4
4c438b02ec7481e3a5f8,19, #786D5D
4c438b02ec7481e3a5f8,6, #DBCDB5
4c438b02ec7481e3a5f8,10, #BAAA97
4c438b02ec7481e3a5f8,1, #A27A40
4c438b02ec7481e3a5f8,13, #1A1F2B
4c438b02ec7481e3a5f8,48,#6B392D
4c49f06a7d9204b2b540,2, #C6AD6D
4c49f06a7d9204b2b540,36,#6F5F4D
4c49f06a7d9204b2b540,9, #DCD4B2
4c49f06a7d9204b2b540,3, #A7A8A6
4c49f06a7d9204b2b540,3, #241D14
4c49f06a7d9204b2b540,12, #9C8764
4c49f06a7d9204b2b540,32, #51422E
4c4a41205cc13b81d5cd,4, #5B6A71
4c4a41205cc13b81d5cd,57,#11110F
4c4a41205cc13b81d5cd,1, #9C815E
4c4a41205cc13b81d5cd,3, #A49F90
4c4a41205cc13b81d5cd,1, #EAD5B4
4c4a41205cc13b81d5cd,32, #554B3B
4c4aaf37470dab8ba032,12, #D8D1B7
4c4aaf37470dab8ba032,16, #F0EBD7
4c4aaf37470dab8ba032,5, #4F4635
4c4aaf37470dab8ba032,6, #C1B69A
4c4aaf37470dab8ba032,34,#A09680
4c4aaf37470dab8ba032,22, #796C52
4c4aaf37470dab8ba032,1, #FCFBF4
4c4e7d204110ff2e7510,14, #B2AEA5
4c4e7d204110ff2e7510,21, #696760
4c4e7d204110ff2e7510,2,#F8F4E4
4c4e7d204110ff2e7510,26, #D9D4C9
4c4e7d204110ff2e7510,13, #8B8880
4c4e7d204110ff2e7510,22, #403F3A
4c4f043f2b4b73608d30,9, #9F9785
4c4f043f2b4b73608d30,19,#918573
4c4f043f2b4b73608d30,18, #AEAB9D
4c4f043f2b4b73608d30,23, #CFCBBB
4c4f043f2b4b73608d30,25, #74695C
4c4f043f2b4b73608d30,3, #695849
4c536b2a73b81915f6f8,67, #573022
4c536b2a73b81915f6f8,9,#211C16
4c536b2a73b81915f6f8,6, #82755C
4c536b2a73b81915f6f8,9, #5B5647
4c536b2a73b81915f6f8,2, #CBB68C
4c536b2a73b81915f6f8,4, #AC966E
4c53fe8408db21c0477f,16, #A99975
4c53fe8408db21c0477f,35,#3E3225
4c53fe8408db21c0477f,5, #DFD297
4c53fe8408db21c0477f,13, #5D4F39
4c53fe8408db21c0477f,22, #7A6E54
4c53fe8408db21c0477f,4, #161210
4c53fe8408db21c0477f,3, #F3F0CF
4c56843a65797f0020cd,2, #3B382E
4c56843a65797f0020cd,12, #A7A190
4c56843a65797f0020cd,10, #868170
4c56843a65797f0020cd,39,#F6F3E5
4c56843a65797f0020cd,17, #D8D3C0
4c56843a65797f0020cd,7, #C2BDAB
4c56843a65797f0020cd,9, #5F5A4C
4c6eee137ad5ef428eac,14, #D2CDBA
4c6eee137ad5ef428eac,47,#F3F1E7
4c6eee137ad5ef428eac,13, #B8B29F
4c6eee137ad5ef428eac,0, #37362F
4c6eee137ad5ef428eac,10, #95907F
4c6eee137ad5ef428eac,9, #716C5C
4c6eee137ad5ef428eac,4, #504D40
4c70ffce6ad16b2ec1b1,39, #C3C0B4
4c70ffce6ad16b2ec1b1,0, #363329
4c70ffce6ad16b2ec1b1,5, #969287
4c70ffce6ad16b2ec1b1,5, #B0ACA0
4c70ffce6ad16b2ec1b1,44,#DAD5CB
4c70ffce6ad16b2ec1b1,2, #79756A
4c70ffce6ad16b2ec1b1,2, #5D594E
4c850521b8b0d0602850,19, #392115
4c850521b8b0d0602850,0, #D7D4C8
4c850521b8b0d0602850,20, #937B53
4c850521b8b0d0602850,6, #54586B
4c850521b8b0d0602850,15, #B4A178
4c850521b8b0d0602850,9, #C6BBA1
4c850521b8b0d0602850,28,#643925
4c8ebe6ea6850c8bcd58,6, #9E9E92
4c8ebe6ea6850c8bcd58,10, #777B71
4c8ebe6ea6850c8bcd58,17, #495049
4c8ebe6ea6850c8bcd58,2, #1E2720
4c8ebe6ea6850c8bcd58,48, #F1EDDB
4c8ebe6ea6850c8bcd58,13,#C5C2B2
4c97a3ab760be15cd613,33, #D3D0C1
4c97a3ab760be15cd613,6, #32322D
4c97a3ab760be15cd613,10, #7A786F
4c97a3ab760be15cd613,16, #504F48
4c97a3ab760be15cd613,18,#F4F2E5
4c97a3ab760be15cd613,14, #ACA99D
4ca5f15f08f36dffe34e,0, #B7A368
4ca5f15f08f36dffe34e,19, #622E14
4ca5f15f08f36dffe34e,54,#1D0B06
4ca5f15f08f36dffe34e,8, #2A3322
4ca5f15f08f36dffe34e,3, #A6854A
4ca5f15f08f36dffe34e,1, #3F4B32
4ca5f15f08f36dffe34e,10, #7F5C30
4cacbf144c38a7486cd6,1, #715A3F
4cacbf144c38a7486cd6,1,#E5D7B1
4cacbf144c38a7486cd6,4, #C8B48D
4cacbf144c38a7486cd6,83, #1A1409
4cacbf144c38a7486cd6,5, #968161
4cacbf144c38a7486cd6,2, #4E412B
4cb458216eb964dc02df,24, #C4BDAD
4cb458216eb964dc02df,17, #9F9A8D
4cb458216eb964dc02df,40,#EBE6DA
4cb458216eb964dc02df,1, #414039
4cb458216eb964dc02df,5, #5D5B51
4cb458216eb964dc02df,10, #7A7669
4cb8f61301cdc61000cf,10, #ADA68E
4cb8f61301cdc61000cf,8, #50473F
4cb8f61301cdc61000cf,15, #DDD7C0
4cb8f61301cdc61000cf,20, #928D7B
4cb8f61301cdc61000cf,0, #F4EED6
4cb8f61301cdc61000cf,28,#C7C0A7
4cb8f61301cdc61000cf,16, #716B5F
4cb9b734a61117014369,1, #47493F
4cb9b734a61117014369,4, #6D6E63
4cb9b734a61117014369,6, #A09E92
4cb9b734a61117014369,79, #E2DED0
4cb9b734a61117014369,6, #C3C0B3
4cb9b734a61117014369,1,#FDF9E7
4cc61908d432313df0f4,48, #DDD7C5
4cc61908d432313df0f4,0,#FDFAEF
4cc61908d432313df0f4,1, #3B3931
4cc61908d432313df0f4,18, #AEA89A
4cc61908d432313df0f4,13, #5F5C51
4cc61908d432313df0f4,17, #878377
4cd28f7f618b3ea4b379,8, #ADA07F
4cd28f7f618b3ea4b379,8, #1E1E1A
4cd28f7f618b3ea4b379,3, #C9C5A4
4cd28f7f618b3ea4b379,42, #71513A
4cd28f7f618b3ea4b379,3,#465558
4cd28f7f618b3ea4b379,33, #757F76
4cdb8927d43539b45fb5,21, #9F988B
4cdb8927d43539b45fb5,3, #3D3835
4cdb8927d43539b45fb5,8,#F0E8D9
4cdb8927d43539b45fb5,11, #5C574F
4cdb8927d43539b45fb5,28, #7F796D
4cdb8927d43539b45fb5,27, #C3BBA9
4ce0be9740d11408f2c3,0, #CFD337
4ce0be9740d11408f2c3,12, #9D5063
4ce0be9740d11408f2c3,0, #EBEBEB
4ce0be9740d11408f2c3,0, #BEBEBC
4ce0be9740d11408f2c3,4,#050604
4ce0be9740d11408f2c3,82, #5B3C2B
4ce6d425e4b7f2ae23c7,73, #1F180C
4ce6d425e4b7f2ae23c7,0, #CEC297
4ce6d425e4b7f2ae23c7,0, #A4A590
4ce6d425e4b7f2ae23c7,3, #C0AA63
4ce6d425e4b7f2ae23c7,11,#53482F
4ce6d425e4b7f2ae23c7,10, #827C61
4ceddbba4ae7669ac7a7,4, #A39769
4ceddbba4ae7669ac7a7,41, #765E33
4ceddbba4ae7669ac7a7,2,#C4BA8F
4ceddbba4ae7669ac7a7,17, #937944
4ceddbba4ae7669ac7a7,17, #2E2014
4ceddbba4ae7669ac7a7,17, #593D23
4cf4a8516c222d6113e0,10, #D0CDBC
4cf4a8516c222d6113e0,22, #5E5C50
4cf4a8516c222d6113e0,35, #848273
4cf4a8516c222d6113e0,10,#EFECDA
4cf4a8516c222d6113e0,3, #414138
4cf4a8516c222d6113e0,17, #AFAB9C
4cf546575d99c5b7779b,3, #85786B
4cf546575d99c5b7779b,43,#CBBEB2
4cf546575d99c5b7779b,13, #4C3F3A
4cf546575d99c5b7779b,10, #6C5C53
4cf546575d99c5b7779b,17, #2F221F
4cf546575d99c5b7779b,2, #A89B8D
4cf546575d99c5b7779b,8, #E9E4CF
4cf5b1eba87f616be641,18, #5F5957
4cf5b1eba87f616be641,2, #403E3C
4cf5b1eba87f616be641,12, #CEC9BF
4cf5b1eba87f616be641,18, #7D7773
4cf5b1eba87f616be641,12, #A29D96
4cf5b1eba87f616be641,35,#F9F4EC
4cfe7c53dc7488f5e115,14, #494841
4cfe7c53dc7488f5e115,14, #E1DDCC
4cfe7c53dc7488f5e115,21, #737066
4cfe7c53dc7488f5e115,18, #918D82
4cfe7c53dc7488f5e115,13, #B9B5A6
4cfe7c53dc7488f5e115,17,#FBF9EC
4d035f29c7719fcd2cf7,0, #766F67
4d035f29c7719fcd2cf7,2, #FDFAF1
4d035f29c7719fcd2cf7,86,#EEE3CC
4d035f29c7719fcd2cf7,2, #AEA69A
4d035f29c7719fcd2cf7,6, #D1C8B8
4d035f29c7719fcd2cf7,0, #56504B
4d035f29c7719fcd2cf7,1, #928C82
4d04c027a870ca4aea68,22, #8F8676
4d04c027a870ca4aea68,0, #E4E4D5
4d04c027a870ca4aea68,8, #CCCABA
4d04c027a870ca4aea68,34,#AFAA9A
4d04c027a870ca4aea68,17, #493628
4d04c027a870ca4aea68,4, #2D1D16
4d04c027a870ca4aea68,12, #6A5C4E
4d087b60426b52062957,1, #DBD7C6
4d087b60426b52062957,7, #8F8B82
4d087b60426b52062957,4, #C3C0B4
4d087b60426b52062957,27, #69655C
4d087b60426b52062957,44, #3D362A
4d087b60426b52062957,14,#ABA89F
4d1438ea9ac865de0769,12, #746B5B
4d1438ea9ac865de0769,20, #E0D5C2
4d1438ea9ac865de0769,0, #FBF3E1
4d1438ea9ac865de0769,13, #534E45
4d1438ea9ac865de0769,14, #938774
4d1438ea9ac865de0769,5, #AEA18C
4d1438ea9ac865de0769,33,#C5B59E
4d15ee57f4a42c840dc7,18, #B4BBC2
4d15ee57f4a42c840dc7,15, #5B89A2
4d15ee57f4a42c840dc7,19, #717869
4d15ee57f4a42c840dc7,9,#E8E8E4
4d15ee57f4a42c840dc7,32, #2A3E5E
4d15ee57f4a42c840dc7,4, #0C0F0F
4d18057ecd3daec448cc,11, #6D6A61
4d18057ecd3daec448cc,29, #C9C2B6
4d18057ecd3daec448cc,21, #ACA79C
4d18057ecd3daec448cc,13, #4B4943
4d18057ecd3daec448cc,4,#E9E4DA
4d18057ecd3daec448cc,19, #8D897F
4d184376e0b13e55b37b,23,#5D5950
4d184376e0b13e55b37b,0, #B06255
4d184376e0b13e55b37b,16, #807A6E
4d184376e0b13e55b37b,23, #C8C1B2
4d184376e0b13e55b37b,9, #EBE5D7
4d184376e0b13e55b37b,15, #A09A8E
4d184376e0b13e55b37b,11, #3C3934
4d278ed65dc7daa39dad,8, #999487
4d278ed65dc7daa39dad,36, #D9D4C3
4d278ed65dc7daa39dad,19, #F6F1E3
4d278ed65dc7daa39dad,8, #3E3B36
4d278ed65dc7daa39dad,10,#B9B2A3
4d278ed65dc7daa39dad,15, #746F65
4d28aa77abbcd298084a,22, #576F96
4d28aa77abbcd298084a,0, #F5F0E5
4d28aa77abbcd298084a,26, #C9C9BF
4d28aa77abbcd298084a,24, #2C4385
4d28aa77abbcd298084a,24, #91A0AA
4d28aa77abbcd298084a,0,#87847F
4d313bffe8fe55e66631,87, #2E2D2B
4d313bffe8fe55e66631,1, #C2B57F
4d313bffe8fe55e66631,8, #6E6449
4d313bffe8fe55e66631,2, #9B936E
4d313bffe8fe55e66631,0,#E2DAAB
4d313bffe8fe55e66631,0, #F6F4DD
4d3800ed4af993aff3c4,0, #A08F69
4d3800ed4af993aff3c4,0, #B4AA85
4d3800ed4af993aff3c4,39,#473521
4d3800ed4af993aff3c4,25, #5C482F
4d3800ed4af993aff3c4,3, #756848
4d3800ed4af993aff3c4,29, #272114
4d3800ed4af993aff3c4,1, #8E754F
4d385876c312fdcaf830,20, #94987E
4d385876c312fdcaf830,8, #625D3A
4d385876c312fdcaf830,25, #50451F
4d385876c312fdcaf830,4, #B5B59B
4d385876c312fdcaf830,33,#211B0D
4d385876c312fdcaf830,7, #827A4C
4d3c19e5185b28906db8,15, #E8E8E3
4d3c19e5185b28906db8,3, #807369
4d3c19e5185b28906db8,1, #493327
4d3c19e5185b28906db8,2, #69594D
4d3c19e5185b28906db8,6, #938B81
4d3c19e5185b28906db8,61,#CCC9BC
4d3c19e5185b28906db8,8, #AEA79B
4d42070f6e8d998f47ec,4, #736F65
4d42070f6e8d998f47ec,4, #918E82
4d42070f6e8d998f47ec,6, #555147
4d42070f6e8d998f47ec,7, #C0BEB4
4d42070f6e8d998f47ec,3,#EDE9E4
4d42070f6e8d998f47ec,73, #2B2A27
4d477e279ad5a2f95161,12, #B2AA96
4d477e279ad5a2f95161,21, #312A23
4d477e279ad5a2f95161,17, #877755
4d477e279ad5a2f95161,4, #6E6752
4d477e279ad5a2f95161,16, #9B8E71
4d477e279ad5a2f95161,4, #C3BDAD
4d477e279ad5a2f95161,23,#5D4F33
4d4bfb335df7cd895002,0, #A79E86
4d4bfb335df7cd895002,38, #423225
4d4bfb335df7cd895002,3, #846C51
4d4bfb335df7cd895002,2, #9A856A
4d4bfb335df7cd895002,0, #B9AF95
4d4bfb335df7cd895002,6, #654C33
4d4bfb335df7cd895002,47,#181816
4d4f601587f1fb18f8e6,12, #696550
4d4f601587f1fb18f8e6,4, #181910
4d4f601587f1fb18f8e6,21, #9C957A
4d4f601587f1fb18f8e6,8, #403F2F
4d4f601587f1fb18f8e6,45, #DACCAB
4d4f601587f1fb18f8e6,8,#FAF6DA
4d534687def8608af7cf,2, #0B0907
4d534687def8608af7cf,3, #BDBBB0
4d534687def8608af7cf,7, #EEECE0
4d534687def8608af7cf,8, #918D89
4d534687def8608af7cf,52,#4D4339
4d534687def8608af7cf,3, #31261B
4d534687def8608af7cf,22, #7C7052
4d53b1a81db1f0ca40c2,8,#D6D0BD
4d53b1a81db1f0ca40c2,26, #6C6158
4d53b1a81db1f0ca40c2,34, #888077
4d53b1a81db1f0ca40c2,14, #A29A8E
4d53b1a81db1f0ca40c2,13, #504239
4d53b1a81db1f0ca40c2,2, #BAB4A4
4d61291f266c207531a4,26, #5C4A27
4d61291f266c207531a4,51, #160F08
4d61291f266c207531a4,3, #B4A684
4d61291f266c207531a4,3, #DAC897
4d61291f266c207531a4,13, #9D8755
4d61291f266c207531a4,1,#FAF6E1
4d6518429ea92f2f0a14,11, #CFCAB8
4d6518429ea92f2f0a14,13, #A8A394
4d6518429ea92f2f0a14,0, #282720
4d6518429ea92f2f0a14,10, #46453B
4d6518429ea92f2f0a14,17, #676456
4d6518429ea92f2f0a14,37,#F1ECD8
4d6518429ea92f2f0a14,8, #837E71
4d6fa07bff91bacf98fe,1, #393830
4d6fa07bff91bacf98fe,22, #B8B4A5
4d6fa07bff91bacf98fe,10, #939082
4d6fa07bff91bacf98fe,6, #777568
4d6fa07bff91bacf98fe,5, #5B594E
4d6fa07bff91bacf98fe,53,#EDE6D2
4d75f7a9d26bdacde24e,55,#25241C
4d75f7a9d26bdacde24e,4, #998452
4d75f7a9d26bdacde24e,1, #B9A979
4d75f7a9d26bdacde24e,36, #6D5A37
4d75f7a9d26bdacde24e,1, #D4C792
4d75f7a9d26bdacde24e,0, #EAE0B5
4d80a0468f488cabee4a,3, #2C2924
4d80a0468f488cabee4a,14, #D1C9BB
4d80a0468f488cabee4a,12, #B2AC9F
4d80a0468f488cabee4a,13, #969085
4d80a0468f488cabee4a,36,#534E46
4d80a0468f488cabee4a,1, #EFE8D7
4d80a0468f488cabee4a,17, #797469
4d82bb27200fe4f136fb,10, #F9F5E5
4d82bb27200fe4f136fb,0, #38362F
4d82bb27200fe4f136fb,11, #C6C1B2
4d82bb27200fe4f136fb,35,#E1DCCB
4d82bb27200fe4f136fb,18, #7D796C
4d82bb27200fe4f136fb,12, #565349
4d82bb27200fe4f136fb,10, #A49F91
4d8a1be87c1035733474,3, #876C50
4d8a1be87c1035733474,23,#1A1B12
4d8a1be87c1035733474,11, #695C46
4d8a1be87c1035733474,1, #968B75
4d8a1be87c1035733474,18, #5B4231
4d8a1be87c1035733474,42, #372E23
4d8f977fb9369e95f903,21, #100D09
4d8f977fb9369e95f903,12, #544E3E
4d8f977fb9369e95f903,4, #897C58
4d8f977fb9369e95f903,13,#6F7A8D
4d8f977fb9369e95f903,17, #322819
4d8f977fb9369e95f903,30, #ACA791
4da501ac86b82eb1d622,43, #958E45
4da501ac86b82eb1d622,21, #44432B
4da501ac86b82eb1d622,3,#161714
4da501ac86b82eb1d622,19, #686439
4da501ac86b82eb1d622,2, #D4D2A6
4da501ac86b82eb1d622,9, #BBB77D
4da6fd5ec2c3df88eb65,11, #483426
4da6fd5ec2c3df88eb65,6, #C1B597
4da6fd5ec2c3df88eb65,8,#E1D9C4
4da6fd5ec2c3df88eb65,4, #9D937E
4da6fd5ec2c3df88eb65,13, #7B694F
4da6fd5ec2c3df88eb65,55, #F6F4F0
4db9b0d578bf582b3352,17, #988E80
4db9b0d578bf582b3352,32, #BFBAAF
4db9b0d578bf582b3352,18,#EDE8DC
4db9b0d578bf582b3352,12, #706C62
4db9b0d578bf582b3352,14, #565249
4db9b0d578bf582b3352,4, #37352F
4dbd1efc84a2b12145e5,3, #744945
4dbd1efc84a2b12145e5,15, #C09C8C
4dbd1efc84a2b12145e5,56, #CBC5AD
4dbd1efc84a2b12145e5,0,#382920
4dbd1efc84a2b12145e5,10, #987C72
4dbd1efc84a2b12145e5,14, #EEEBE0
4dc0bae8fa2bbbc3f27c,7, #BCBEB9
4dc0bae8fa2bbbc3f27c,19, #E9EAE0
4dc0bae8fa2bbbc3f27c,3, #3E4039
4dc0bae8fa2bbbc3f27c,3,#959790
4dc0bae8fa2bbbc3f27c,3, #686A63
4dc0bae8fa2bbbc3f27c,61, #151510
4dc19545e5f6f2134225,19,#F9F8F0
4dc19545e5f6f2134225,7, #6E6B62
4dc19545e5f6f2134225,26, #20201B
4dc19545e5f6f2134225,7, #939187
4dc19545e5f6f2134225,13, #4C4941
4dc19545e5f6f2134225,24, #C8C5BA
4dc1e7b996bdc6518475,51, #CFC2B3
4dc1e7b996bdc6518475,2,#F7F3EB
4dc1e7b996bdc6518475,11, #6C635B
4dc1e7b996bdc6518475,4, #4A423D
4dc1e7b996bdc6518475,9, #887F75
4dc1e7b996bdc6518475,21, #A69D91
4dc28b07e76ca9939214,21,#C7CAC2
4dc28b07e76ca9939214,1, #BBB690
4dc28b07e76ca9939214,1, #A69C62
4dc28b07e76ca9939214,15, #3C321E
4dc28b07e76ca9939214,6, #837B4E
4dc28b07e76ca9939214,53, #676139
4dc4aa89503061b5fba9,14, #857F7A
4dc4aa89503061b5fba9,10, #413D40
4dc4aa89503061b5fba9,12, #A9A399
4dc4aa89503061b5fba9,15, #635E5D
4dc4aa89503061b5fba9,41,#F1EAD9
4dc4aa89503061b5fba9,4, #CDC6B8
4dd1847c20d0df46b49b,18, #6D6256
4dd1847c20d0df46b49b,12, #403731
4dd1847c20d0df46b49b,25, #BFB49A
4dd1847c20d0df46b49b,23, #D7D2BE
4dd1847c20d0df46b49b,5,#EFEFEB
4dd1847c20d0df46b49b,14, #928C7F
4dddbf26dd4887c8edb1,1, #A58760
4dddbf26dd4887c8edb1,3, #5B5647
4dddbf26dd4887c8edb1,68,#121211
4dddbf26dd4887c8edb1,2, #7E7057
4dddbf26dd4887c8edb1,1, #A39481
4dddbf26dd4887c8edb1,0, #A8A8A3
4dddbf26dd4887c8edb1,22, #333029
4ddfe79e091714cd8c17,8, #9B9D79
4ddfe79e091714cd8c17,3, #706C48
4ddfe79e091714cd8c17,34, #272517
4ddfe79e091714cd8c17,0, #653A1C
4ddfe79e091714cd8c17,0, #BEB785
4ddfe79e091714cd8c17,40,#4B4A2B
4ddfe79e091714cd8c17,12, #84845F
4de32afe9519b7728fe6,26, #A8A28F
4de32afe9519b7728fe6,26, #988E71
4de32afe9519b7728fe6,2,#D5D5D2
4de32afe9519b7728fe6,32, #817455
4de32afe9519b7728fe6,6, #BFB9A6
4de32afe9519b7728fe6,4, #57472F
4df049c0dcd3f3f35a67,6, #92866E
4df049c0dcd3f3f35a67,16, #CEC9B0
4df049c0dcd3f3f35a67,15, #442D1A
4df049c0dcd3f3f35a67,2, #B6AE93
4df049c0dcd3f3f35a67,6, #644E32
4df049c0dcd3f3f35a67,10, #78654A
4df049c0dcd3f3f35a67,41,#E9E7D4
4df33ee9c09d8e2a52d6,14, #46443A
4df33ee9c09d8e2a52d6,4, #B9B3A0
4df33ee9c09d8e2a52d6,27, #DFD9C5
4df33ee9c09d8e2a52d6,15, #999483
4df33ee9c09d8e2a52d6,37, #6F6B5C
4df33ee9c09d8e2a52d6,1,#FEFEED
4dfd8b29cc41cda4ddf3,3,#DAD1C2
4dfd8b29cc41cda4ddf3,3, #3C3833
4dfd8b29cc41cda4ddf3,21, #5B554D
4dfd8b29cc41cda4ddf3,23, #B8B0A2
4dfd8b29cc41cda4ddf3,11, #F7F0E1
4dfd8b29cc41cda4ddf3,36, #888175
4e0532fce7166379f277,21, #5F5C4F
4e0532fce7166379f277,20, #888372
4e0532fce7166379f277,11, #CBC3AC
4e0532fce7166379f277,31,#F2E9CF
4e0532fce7166379f277,4, #3A3930
4e0532fce7166379f277,9, #ABA490
4e06072bffb13e509643,4, #79643E
4e06072bffb13e509643,75,#160F07
4e06072bffb13e509643,18, #493A23
4e06072bffb13e509643,0, #96865E
4e06072bffb13e509643,0, #B2A074
4e06072bffb13e509643,0, #CFBD8F
4e08738f88911f55852a,0, #B6B18C
4e08738f88911f55852a,3, #9D9372
4e08738f88911f55852a,0, #7A775F
4e08738f88911f55852a,85,#1C1B15
4e08738f88911f55852a,1, #9B7452
4e08738f88911f55852a,1, #725F45
4e08738f88911f55852a,7, #51412E
4e088c4a6b3cebf7f832,20, #DAD2BD
4e088c4a6b3cebf7f832,0,#FEFDF6
4e088c4a6b3cebf7f832,6, #423F37
4e088c4a6b3cebf7f832,33, #868173
4e088c4a6b3cebf7f832,21, #656055
4e088c4a6b3cebf7f832,16, #B0A998
4e0ccd4243ddc323db50,6, #3B3A31
4e0ccd4243ddc323db50,3, #F8F5E7
4e0ccd4243ddc323db50,18, #5B594D
4e0ccd4243ddc323db50,12, #BBB6A2
4e0ccd4243ddc323db50,19, #7A7767
4e0ccd4243ddc323db50,12, #9C9887
4e0ccd4243ddc323db50,26,#DBD4BE
4e0de3da96668a2ebec6,23, #807661
4e0de3da96668a2ebec6,7, #DAC7A8
4e0de3da96668a2ebec6,16, #9B8F78
4e0de3da96668a2ebec6,35,#B9AA91
4e0de3da96668a2ebec6,3, #3C382D
4e0de3da96668a2ebec6,0, #F5E2C7
4e0de3da96668a2ebec6,12, #5F5846
4e11b38bca63d3d20de4,43,#201A14
4e11b38bca63d3d20de4,1, #DBC990
4e11b38bca63d3d20de4,27, #55523D
4e11b38bca63d3d20de4,8, #AAA289
4e11b38bca63d3d20de4,10, #7C755B
4e11b38bca63d3d20de4,2, #C3C3BB
4e11b38bca63d3d20de4,6, #E7E3CE
4e17f4c1b91777b5d8bf,15, #DFD9CA
4e17f4c1b91777b5d8bf,28, #BEB6A2
4e17f4c1b91777b5d8bf,2,#434438
4e17f4c1b91777b5d8bf,0, #FDFCF1
4e17f4c1b91777b5d8bf,37, #948F7F
4e17f4c1b91777b5d8bf,16, #6B6B5C
4e2039142da73a2bc490,10, #B2A991
4e2039142da73a2bc490,9, #42423B
4e2039142da73a2bc490,3,#D2CCB3
4e2039142da73a2bc490,41, #8B8473
4e2039142da73a2bc490,2, #EFEFDC
4e2039142da73a2bc490,34, #615E50
4e2a123f7798633266a8,9,#3A3732
4e2a123f7798633266a8,19, #898678
4e2a123f7798633266a8,13, #E5E2D9
4e2a123f7798633266a8,47, #B7B3A0
4e2a123f7798633266a8,2, #1A1714
4e2a123f7798633266a8,8, #5A5853
4e2d0ada1a92cabb1199,26, #BAB3A1
4e2d0ada1a92cabb1199,26,#F4ECD7
4e2d0ada1a92cabb1199,8, #716C5D
4e2d0ada1a92cabb1199,10, #958F7E
4e2d0ada1a92cabb1199,27, #D9D2C0
4e2d0ada1a92cabb1199,1, #504D43
4e2f013763c7191563c8,41,#F5F4E3
4e2f013763c7191563c8,11, #807D71
4e2f013763c7191563c8,1, #2D2A22
4e2f013763c7191563c8,21, #AAA799
4e2f013763c7191563c8,14, #D3D2C2
4e2f013763c7191563c8,8, #585549
4e2f5531fbf3a76b6365,5, #56503C
4e2f5531fbf3a76b6365,12, #9C885C
4e2f5531fbf3a76b6365,67, #252119
4e2f5531fbf3a76b6365,5, #C7BA9F
4e2f5531fbf3a76b6365,0,#9C9C9A
4e2f5531fbf3a76b6365,8, #E4E4E4
4e305b12a5d4bfdd02a1,16, #797852
4e305b12a5d4bfdd02a1,0, #778769
4e305b12a5d4bfdd02a1,3, #B9B490
4e305b12a5d4bfdd02a1,56, #544D34
4e305b12a5d4bfdd02a1,10,#2C2618
4e305b12a5d4bfdd02a1,11, #A19A6F
4e352f8fb9c5e849425f,3, #B4A984
4e352f8fb9c5e849425f,51, #322D18
4e352f8fb9c5e849425f,34,#100F0D
4e352f8fb9c5e849425f,4, #978253
4e352f8fb9c5e849425f,5, #4C4635
4e352f8fb9c5e849425f,0, #DFDCC6
4e3bcd1c9655306ae33a,2, #9F9664
4e3bcd1c9655306ae33a,3, #837649
4e3bcd1c9655306ae33a,65,#0B0807
4e3bcd1c9655306ae33a,5, #705F33
4e3bcd1c9655306ae33a,15, #37230C
4e3bcd1c9655306ae33a,7, #4A3F25
4e402e1278322464fe06,3, #9F988A
4e402e1278322464fe06,0, #6B6557
4e402e1278322464fe06,3, #DAD3C2
4e402e1278322464fe06,0, #4A453B
4e402e1278322464fe06,2, #C1BAAB
4e402e1278322464fe06,89,#F4F1E6
4e402e1278322464fe06,0, #857E70
4e4ac97044f9a6739b60,5, #5D6038
4e4ac97044f9a6739b60,34,#BFC2B7
4e4ac97044f9a6739b60,7, #74785D
4e4ac97044f9a6739b60,16, #36371E
4e4ac97044f9a6739b60,5, #4A4E28
4e4ac97044f9a6739b60,10, #1A190B
4e4ac97044f9a6739b60,20, #9EA293
4e63effe50c96ae60f66,11, #C1BCA6
4e63effe50c96ae60f66,21, #7F7C65
4e63effe50c96ae60f66,17, #4C4B3C
4e63effe50c96ae60f66,10,#F7F4E5
4e63effe50c96ae60f66,20, #DDD6BF
4e63effe50c96ae60f66,19, #A6A28A
4e65fe72d0f757fca72f,11, #99897A
4e65fe72d0f757fca72f,4, #7F6D5F
4e65fe72d0f757fca72f,15, #351F18
4e65fe72d0f757fca72f,10, #5D493D
4e65fe72d0f757fca72f,34, #BFB4A2
4e65fe72d0f757fca72f,22,#EEE5D3
4e6be49773d5fce5834d,1, #EDE5D3
4e6be49773d5fce5834d,13, #827C70
4e6be49773d5fce5834d,24,#3E3B35
4e6be49773d5fce5834d,22, #9F988B
4e6be49773d5fce5834d,9, #D3CAB9
4e6be49773d5fce5834d,11, #BAB2A3
4e6be49773d5fce5834d,17, #635E53
4e6f1c1ca1dfa7bbcea4,1, #2C2714
4e6f1c1ca1dfa7bbcea4,24,#ABA373
4e6f1c1ca1dfa7bbcea4,2, #D2CEAD
4e6f1c1ca1dfa7bbcea4,24, #504729
4e6f1c1ca1dfa7bbcea4,20, #C3BE91
4e6f1c1ca1dfa7bbcea4,16, #8D8457
4e6f1c1ca1dfa7bbcea4,10, #746A43
4e72b523bd7d5b6b623e,0, #3C3832
4e72b523bd7d5b6b623e,65, #DFD7C3
4e72b523bd7d5b6b623e,5,#FCFAEE
4e72b523bd7d5b6b623e,3, #5D584F
4e72b523bd7d5b6b623e,11, #878176
4e72b523bd7d5b6b623e,14, #BAB4A5
4e786afc2bb5f692b41f,1, #524C34
4e786afc2bb5f692b41f,1, #746F5C
4e786afc2bb5f692b41f,0, #2E2A13
4e786afc2bb5f692b41f,56,#EDE9C1
4e786afc2bb5f692b41f,2, #B2B6B8
4e786afc2bb5f692b41f,29, #CEC8A5
4e786afc2bb5f692b41f,7, #A7A187
4e787237af723d797a6a,91,#201B16
4e787237af723d797a6a,3, #404D55
4e787237af723d797a6a,3, #5D472D
4e787237af723d797a6a,1, #817252
4e787237af723d797a6a,0, #C1BBA9
4e787237af723d797a6a,0, #B19F7B
4e7990fad196dd08b4d7,6, #B9AD82
4e7990fad196dd08b4d7,1, #E5D7A6
4e7990fad196dd08b4d7,0, #F3F0D4
4e7990fad196dd08b4d7,14, #8E633C
4e7990fad196dd08b4d7,52,#644225
4e7990fad196dd08b4d7,16, #9A895C
4e7990fad196dd08b4d7,9, #201D15
4e7bdddea29772038ed2,0, #3E3A33
4e7bdddea29772038ed2,32, #B6AF9F
4e7bdddea29772038ed2,12, #E0D9C6
4e7bdddea29772038ed2,15, #5A554B
4e7bdddea29772038ed2,30, #837D71
4e7bdddea29772038ed2,8,#FAF7F0
4e904c2ff0cd95444f75,10, #B3B0A0
4e904c2ff0cd95444f75,13, #959182
4e904c2ff0cd95444f75,21, #F8F7F2
4e904c2ff0cd95444f75,11, #5E5C4E
4e904c2ff0cd95444f75,33,#DBD8C7
4e904c2ff0cd95444f75,8, #7A7769
4e904c2ff0cd95444f75,1, #3F3D33
4e915df18001e4c0cf19,6,#FBF9F6
4e915df18001e4c0cf19,11, #989385
4e915df18001e4c0cf19,25, #6F695D
4e915df18001e4c0cf19,8, #B6AFA0
4e915df18001e4c0cf19,44, #DBD4C5
4e915df18001e4c0cf19,5, #423E36
4e921acd65fff5ff8d28,42,#F8F4E7
4e921acd65fff5ff8d28,17, #DAD2BE
4e921acd65fff5ff8d28,7, #47413D
4e921acd65fff5ff8d28,10, #B5AFA1
4e921acd65fff5ff8d28,10, #999287
4e921acd65fff5ff8d28,11, #716962
4ea01d958e779343ef8d,1, #E7E4D3
4ea01d958e779343ef8d,5, #D1CBB4
4ea01d958e779343ef8d,47,#87765B
4ea01d958e779343ef8d,0, #181207
4ea01d958e779343ef8d,5, #63492E
4ea01d958e779343ef8d,38, #B8AD92
4ea0c670dbbdf586f608,7, #897652
4ea0c670dbbdf586f608,75, #442D23
4ea0c670dbbdf586f608,1, #C1AA7C
4ea0c670dbbdf586f608,13, #655239
4ea0c670dbbdf586f608,2,#0F1111
4ea0c670dbbdf586f608,0, #E6D1A2
4eaabfa6d7d405626e91,14, #605A4C
4eaabfa6d7d405626e91,4, #DED8C2
4eaabfa6d7d405626e91,21, #A39C8A
4eaabfa6d7d405626e91,6, #35332C
4eaabfa6d7d405626e91,18, #C4BDA6
4eaabfa6d7d405626e91,7, #87806E
4eaabfa6d7d405626e91,26,#F7F5EC
4eaf27cd251d5d4a9d26,56,#776B4D
4eaf27cd251d5d4a9d26,4, #8E8982
4eaf27cd251d5d4a9d26,4, #A8A79E
4eaf27cd251d5d4a9d26,22, #443B33
4eaf27cd251d5d4a9d26,4, #110E0D
4eaf27cd251d5d4a9d26,2, #CAC8BB
4eaf27cd251d5d4a9d26,5, #EEEBE0
4eb12692e856ed92790c,10, #63321E
4eb12692e856ed92790c,1, #A58251
4eb12692e856ed92790c,3, #0A0704
4eb12692e856ed92790c,3, #C1BAAD
4eb12692e856ed92790c,22, #301D10
4eb12692e856ed92790c,55,#716250
4eb12692e856ed92790c,2, #988D85
4eb37b4cb32b23bbb85e,10, #969288
4eb37b4cb32b23bbb85e,11, #6A665D
4eb37b4cb32b23bbb85e,7, #B5B0A4
4eb37b4cb32b23bbb85e,7,#F8F4E5
4eb37b4cb32b23bbb85e,60, #D5CFC3
4eb37b4cb32b23bbb85e,3, #3D3B33
4eb3cb1946c8c29ee2bd,0, #9B8662
4eb3cb1946c8c29ee2bd,77, #3C2D1A
4eb3cb1946c8c29ee2bd,1, #645334
4eb3cb1946c8c29ee2bd,19,#0E0C07
4eb3cb1946c8c29ee2bd,0, #B79F7A
4eb3cb1946c8c29ee2bd,1, #876945
4eb8576cf8a084f66369,0, #B09B5E
4eb8576cf8a084f66369,6, #5E4022
4eb8576cf8a084f66369,3, #6D5E3D
4eb8576cf8a084f66369,20, #40321D
4eb8576cf8a084f66369,1, #927B4E
4eb8576cf8a084f66369,66,#211C14
4ebd0d1d90ecb3f1f524,5,#FAF9F1
4ebd0d1d90ecb3f1f524,20, #A09B89
4ebd0d1d90ecb3f1f524,10, #797566
4ebd0d1d90ecb3f1f524,13, #C3BDA8
4ebd0d1d90ecb3f1f524,16, #4A473D
4ebd0d1d90ecb3f1f524,33, #E3DDC8
4ec75e89d048326d0e41,27, #969181
4ec75e89d048326d0e41,9, #DFDAC6
4ec75e89d048326d0e41,5,#FAF9F5
4ec75e89d048326d0e41,11, #4B483E
4ec75e89d048326d0e41,23, #B9B39F
4ec75e89d048326d0e41,23, #74705F
4ecc0f353dc60d1ac948,0, #CBBD90
4ecc0f353dc60d1ac948,72,#281A11
4ecc0f353dc60d1ac948,0, #B4A273
4ecc0f353dc60d1ac948,19, #5D361D
4ecc0f353dc60d1ac948,4, #816C3E
4ecc0f353dc60d1ac948,1, #99875A
4ecc0f353dc60d1ac948,1, #695428
4ecda6e74d837807c65d,9, #82785F
4ecda6e74d837807c65d,31, #725F41
4ecda6e74d837807c65d,32,#4C402D
4ecda6e74d837807c65d,0, #2A251D
4ecda6e74d837807c65d,13, #AFA07F
4ecda6e74d837807c65d,9, #F1EDCD
4ecda6e74d837807c65d,3, #D8CBA6
4ed17d424aa7abbff7b8,6, #A3946E
4ed17d424aa7abbff7b8,9, #69573D
4ed17d424aa7abbff7b8,24,#D0CEB5
4ed17d424aa7abbff7b8,11, #3F3221
4ed17d424aa7abbff7b8,10, #77715F
4ed17d424aa7abbff7b8,36, #B3AE91
4ed19bd7cd68b7ae5043,9, #827B6F
4ed19bd7cd68b7ae5043,14, #A8A396
4ed19bd7cd68b7ae5043,58,#E8E5D6
4ed19bd7cd68b7ae5043,0, #363027
4ed19bd7cd68b7ae5043,5, #5B5448
4ed19bd7cd68b7ae5043,11, #C8C5B7
4ed642d5a09d17f99035,8, #D1C2AE
4ed642d5a09d17f99035,2, #E0D5C5
4ed642d5a09d17f99035,36, #998978
4ed642d5a09d17f99035,3,#F4EEE3
4ed642d5a09d17f99035,31, #C0A88C
4ed642d5a09d17f99035,17, #7A5F4C
4ed7787e993cd36c2e53,24,#343434
4ed7787e993cd36c2e53,13, #96805B
4ed7787e993cd36c2e53,8, #A6987F
4ed7787e993cd36c2e53,0, #718285
4ed7787e993cd36c2e53,23, #58615E
4ed7787e993cd36c2e53,7, #CCC2A8
4ed7787e993cd36c2e53,20, #715238
4ed90bc4992e8935ce2e,45, #ECEBDC
4ed90bc4992e8935ce2e,2, #B9AF9B
4ed90bc4992e8935ce2e,2,#D0CDBA
4ed90bc4992e8935ce2e,30, #867058
4ed90bc4992e8935ce2e,4, #53473B
4ed90bc4992e8935ce2e,15, #9C8F7B
4edc6b11ea3a6637a660,43,#19130A
4edc6b11ea3a6637a660,0, #CEC8AE
4edc6b11ea3a6637a660,1, #B09E7B
4edc6b11ea3a6637a660,47, #3F3526
4edc6b11ea3a6637a660,2, #767669
4edc6b11ea3a6637a660,4, #5A5C50
4edd51cb2613de9d1aec,26, #CCC7BA
4edd51cb2613de9d1aec,4, #534029
4edd51cb2613de9d1aec,10, #7B6B4C
4edd51cb2613de9d1aec,51, #A39D8A
4edd51cb2613de9d1aec,4,#FBF9F3
4edd51cb2613de9d1aec,2, #E8E1CF
4ee22e68349c224a9704,5, #292F21
4ee22e68349c224a9704,8, #696641
4ee22e68349c224a9704,11, #4E4D31
4ee22e68349c224a9704,19, #A7A67A
4ee22e68349c224a9704,6, #7A7958
4ee22e68349c224a9704,2, #858E77
4ee22e68349c224a9704,46,#C4C295
4eeab94342e775c5cdaf,2, #282316
4eeab94342e775c5cdaf,40, #9D926B
4eeab94342e775c5cdaf,0,#A8A791
4eeab94342e775c5cdaf,16, #715F37
4eeab94342e775c5cdaf,24, #8D7C52
4eeab94342e775c5cdaf,14, #4B3F25
4f084d8cc877b881bd25,0,#F8F1E0
4f084d8cc877b881bd25,17, #6E6A61
4f084d8cc877b881bd25,26, #B8B2A5
4f084d8cc877b881bd25,29, #D7CFC0
4f084d8cc877b881bd25,17, #9A958B
4f084d8cc877b881bd25,7, #414039
4f087ae21e8d6284971b,18, #3C372E
4f087ae21e8d6284971b,13, #A59685
4f087ae21e8d6284971b,11, #8A7666
4f087ae21e8d6284971b,6, #F4F3E5
4f087ae21e8d6284971b,4, #D9D6C5
4f087ae21e8d6284971b,3, #BEB8A9
4f087ae21e8d6284971b,43,#696154
4f1dc18d4250c7044151,0, #F6F3DE
4f1dc18d4250c7044151,44, #170F08
4f1dc18d4250c7044151,25, #424034
4f1dc18d4250c7044151,8,#978F7B
4f1dc18d4250c7044151,11, #88754D
4f1dc18d4250c7044151,9, #C7B78C
4f22032f653d9c6cfcda,1, #AA976D
4f22032f653d9c6cfcda,11, #5C4D36
4f22032f653d9c6cfcda,2, #867756
4f22032f653d9c6cfcda,1, #806330
4f22032f653d9c6cfcda,31, #37312C
4f22032f653d9c6cfcda,51,#18160F
4f22032f653d9c6cfcda,1, #C6BA97
4f240b66044f7ac0200d,1, #9F9989
4f240b66044f7ac0200d,89,#F9F6E7
4f240b66044f7ac0200d,5, #E0DAC9
4f240b66044f7ac0200d,0, #B8B1A0
4f240b66044f7ac0200d,2, #C9C3B3
4f240b66044f7ac0200d,0, #645F51
4f240b66044f7ac0200d,0, #807967
4f26238497f1a5b1f949,30,#969185
4f26238497f1a5b1f949,14, #54514A
4f26238497f1a5b1f949,0, #FDFBF0
4f26238497f1a5b1f949,24, #C4BEB0
4f26238497f1a5b1f949,1, #3B3833
4f26238497f1a5b1f949,8, #E1DCCF
4f26238497f1a5b1f949,18, #706C62
4f287485160a5c7d2bd6,25, #736A4A
4f287485160a5c7d2bd6,2, #2A261A
4f287485160a5c7d2bd6,11, #443C29
4f287485160a5c7d2bd6,0, #8F7341
4f287485160a5c7d2bd6,11, #A69B71
4f287485160a5c7d2bd6,12, #5C4F34
4f287485160a5c7d2bd6,35,#8C835D
4f2bda1a0c288c502491,8, #9F9E98
4f2bda1a0c288c502491,3, #7C6340
4f2bda1a0c288c502491,7, #1B1713
4f2bda1a0c288c502491,5, #7D7A73
4f2bda1a0c288c502491,0, #4C555D
4f2bda1a0c288c502491,3, #C2C1B5
4f2bda1a0c288c502491,70,#523C28
4f307b770bf8bbc15461,48, #342513
4f307b770bf8bbc15461,37,#181109
4f307b770bf8bbc15461,2, #8E7037
4f307b770bf8bbc15461,8, #4B462B
4f307b770bf8bbc15461,3, #745728
4f307b770bf8bbc15461,0, #A68F4F
4f31f4ee9d650ac14cfd,31, #43432F
4f31f4ee9d650ac14cfd,4, #ADB09C
4f31f4ee9d650ac14cfd,4,#010100
4f31f4ee9d650ac14cfd,33, #222011
4f31f4ee9d650ac14cfd,15, #839082
4f31f4ee9d650ac14cfd,10, #5F6555
4f3271c95706c0a6fcb2,8,#8F865B
4f3271c95706c0a6fcb2,62, #66563A
4f3271c95706c0a6fcb2,4, #C7BD9C
4f3271c95706c0a6fcb2,11, #1B1715
4f3271c95706c0a6fcb2,9, #E6DFC5
4f3271c95706c0a6fcb2,3, #A19B85
4f33aa6282ffe2213389,4, #937C43
4f33aa6282ffe2213389,1, #A99659
4f33aa6282ffe2213389,16, #483324
4f33aa6282ffe2213389,64, #211B14
4f33aa6282ffe2213389,4,#574B30
4f33aa6282ffe2213389,8, #784C29
4f347d793b9131994ee6,15, #7D786C
4f347d793b9131994ee6,16, #ACA698
4f347d793b9131994ee6,15, #5D584F
4f347d793b9131994ee6,5, #403D36
4f347d793b9131994ee6,32, #D5CEBD
4f347d793b9131994ee6,13,#F6F4EB
4f39599eb81dd773fd9c,0, #8B9185
4f39599eb81dd773fd9c,18, #A49974
4f39599eb81dd773fd9c,3, #5F512E
4f39599eb81dd773fd9c,10, #71643F
4f39599eb81dd773fd9c,23, #8D8158
4f39599eb81dd773fd9c,0, #626B64
4f39599eb81dd773fd9c,42,#B0AF93
4f3a23107cd751988d58,5, #A19465
4f3a23107cd751988d58,1, #816E3C
4f3a23107cd751988d58,20, #6A5536
4f3a23107cd751988d58,47,#422C14
4f3a23107cd751988d58,15, #573E1F
4f3a23107cd751988d58,3, #8D7F50
4f3a23107cd751988d58,5, #1F1A0E
4f3cd2413d82097bfd40,8, #848781
4f3cd2413d82097bfd40,6, #6F6D63
4f3cd2413d82097bfd40,1, #9F9C89
4f3cd2413d82097bfd40,37, #564D3C
4f3cd2413d82097bfd40,4, #201911
4f3cd2413d82097bfd40,41,#372F23
4f3cd2413d82097bfd40,0, #B0AFA3
4f4146d7edddcc8a0b78,20,#F7F1DE
4f4146d7edddcc8a0b78,13, #141915
4f4146d7edddcc8a0b78,15, #555B53
4f4146d7edddcc8a0b78,16, #84877C
4f4146d7edddcc8a0b78,16, #D4CDB9
4f4146d7edddcc8a0b78,17, #ADAB9C
4f43887bb83e268025ca,17,#342822
4f43887bb83e268025ca,0, #EFE3B3
4f43887bb83e268025ca,77, #726253
4f43887bb83e268025ca,2, #A9966B
4f43887bb83e268025ca,0, #FAF9E9
4f43887bb83e268025ca,1, #DECB84
4f444f303f661e9bfddb,18, #5F4720
4f444f303f661e9bfddb,0, #E0CE71
4f444f303f661e9bfddb,0, #D6B94F
4f444f303f661e9bfddb,0, #796F50
4f444f303f661e9bfddb,1, #BA9944
4f444f303f661e9bfddb,69,#231B07
4f444f303f661e9bfddb,8, #9F6B28
4f44a5495e06dcd6aef0,1, #4C423B
4f44a5495e06dcd6aef0,8, #877E73
4f44a5495e06dcd6aef0,0, #F4F4EE
4f44a5495e06dcd6aef0,3, #DFDED4
4f44a5495e06dcd6aef0,43,#CEC9B3
4f44a5495e06dcd6aef0,38, #ACA28F
4f44a5495e06dcd6aef0,2, #6E6359
4f46cee8b32c9b118b88,1, #413E37
4f46cee8b32c9b118b88,38,#F7F2D8
4f46cee8b32c9b118b88,9, #7F796B
4f46cee8b32c9b118b88,6, #625D52
4f46cee8b32c9b118b88,23, #D1C8B0
4f46cee8b32c9b118b88,19, #A69E8B
4f4fddffe84c4df7efd2,10, #D0C7B7
4f4fddffe84c4df7efd2,0, #443D3C
4f4fddffe84c4df7efd2,1, #7D766F
4f4fddffe84c4df7efd2,6,#A39C93
4f4fddffe84c4df7efd2,0, #5E5753
4f4fddffe84c4df7efd2,81, #EDE7D7
4f5c2414418222315a6d,10, #D4C2AD
4f5c2414418222315a6d,5,#F7F4F0
4f5c2414418222315a6d,0, #302B29
4f5c2414418222315a6d,71, #AD936E
4f5c2414418222315a6d,4, #7B4936
4f5c2414418222315a6d,8, #746559
4f6ab183322f6d2d5c60,1, #38352B
4f6ab183322f6d2d5c60,10,#F9F8F3
4f6ab183322f6d2d5c60,7, #5E594A
4f6ab183322f6d2d5c60,13, #857F6E
4f6ab183322f6d2d5c60,49, #E9E0CC
4f6ab183322f6d2d5c60,17, #B8AF9A
4f6b36c1d8fea8b84b51,4, #57514B
4f6b36c1d8fea8b84b51,22, #968E84
4f6b36c1d8fea8b84b51,26,#EEE3D7
4f6b36c1d8fea8b84b51,10, #B9B0A3
4f6b36c1d8fea8b84b51,19, #D1C7BC
4f6b36c1d8fea8b84b51,1, #403A36
4f6b36c1d8fea8b84b51,15, #6F6861
4f6de513fa84362e3a15,2, #43403A
4f6de513fa84362e3a15,16, #68645C
4f6de513fa84362e3a15,9, #C9C4B7
4f6de513fa84362e3a15,13, #8E8A81
4f6de513fa84362e3a15,33,#E9E4D6
4f6de513fa84362e3a15,23, #AEA99F
4f70e5688da772526289,1, #E0C387
4f70e5688da772526289,46,#493B2D
4f70e5688da772526289,1, #C7AD77
4f70e5688da772526289,5, #66523E
4f70e5688da772526289,7, #AF9360
4f70e5688da772526289,7, #8B7148
4f70e5688da772526289,29, #191613
4f7e2e2caace3dcee493,5, #9C927B
4f7e2e2caace3dcee493,1, #827860
4f7e2e2caace3dcee493,26, #E7E0CA
4f7e2e2caace3dcee493,1, #636050
4f7e2e2caace3dcee493,53,#FAF9F0
4f7e2e2caace3dcee493,11, #C6C0AC
4f7e2e2caace3dcee493,0, #4C483A
4f8162e3153ba7e77b78,10, #AFA995
4f8162e3153ba7e77b78,3,#F4EED4
4f8162e3153ba7e77b78,61, #D8D1B9
4f8162e3153ba7e77b78,9, #8B8674
4f8162e3153ba7e77b78,7, #424134
4f8162e3153ba7e77b78,7, #6C6957
4f83f856725cbe6c728c,19, #C1BEB7
4f83f856725cbe6c728c,7, #51504D
4f83f856725cbe6c728c,16, #9E9C97
4f83f856725cbe6c728c,13, #7A7874
4f83f856725cbe6c728c,41,#ECE9DD
4f83f856725cbe6c728c,1, #302F2E
4f8611d5347e2002bbe2,1, #BBB18D
4f8611d5347e2002bbe2,10, #7B6336
4f8611d5347e2002bbe2,1, #827F6A
4f8611d5347e2002bbe2,9, #A3946C
4f8611d5347e2002bbe2,67,#150F0A
4f8611d5347e2002bbe2,10, #483D27
4f8ada2511aff7ef56dd,38, #9C9D8B
4f8ada2511aff7ef56dd,8, #65604B
4f8ada2511aff7ef56dd,27, #7B7D6E
4f8ada2511aff7ef56dd,4, #4D4631
4f8ada2511aff7ef56dd,0,#2E281A
4f8ada2511aff7ef56dd,19, #C2BDA3
4f8cf0bb31cdda2773c3,0, #A19676
4f8cf0bb31cdda2773c3,0, #90866A
4f8cf0bb31cdda2773c3,58,#1D1C15
4f8cf0bb31cdda2773c3,2, #635943
4f8cf0bb31cdda2773c3,20, #4D4331
4f8cf0bb31cdda2773c3,1, #7A7057
4f8cf0bb31cdda2773c3,16, #373223
4f9161ae343d4ddaaaaa,9, #AAA79C
4f9161ae343d4ddaaaaa,54, #F5F1E4
4f9161ae343d4ddaaaaa,6, #6E6B61
4f9161ae343d4ddaaaaa,2, #4A4941
4f9161ae343d4ddaaaaa,7,#8C8A7F
4f9161ae343d4ddaaaaa,18, #D0CBBE
4f9706fc384c37459a23,2, #4F4D44
4f9706fc384c37459a23,78,#F3F2E3
4f9706fc384c37459a23,4, #939285
4f9706fc384c37459a23,0, #2F2E27
4f9706fc384c37459a23,9, #B9B29D
4f9706fc384c37459a23,5, #6F6E63
4f9a898128809fc9f951,5, #876636
4f9a898128809fc9f951,2, #978C74
4f9a898128809fc9f951,1, #ACA68F
4f9a898128809fc9f951,53,#473420
4f9a898128809fc9f951,24, #645C45
4f9a898128809fc9f951,13, #0F0F0B
4f9a898128809fc9f951,0, #C4C0A7
4fa2fa1c4823ec10241f,34,#9FABBC
4fa2fa1c4823ec10241f,7, #5A5328
4fa2fa1c4823ec10241f,22, #D5D4B5
4fa2fa1c4823ec10241f,9, #999270
4fa2fa1c4823ec10241f,13, #211C09
4fa2fa1c4823ec10241f,12, #717264
4fa433e3e8aaef0dd927,0, #454138
4fa433e3e8aaef0dd927,24, #958F81
4fa433e3e8aaef0dd927,2,#FCF9F0
4fa433e3e8aaef0dd927,8, #6A655A
4fa433e3e8aaef0dd927,15, #B9B2A1
4fa433e3e8aaef0dd927,47, #DED7C5
4fa4ed17a08337eb06b8,0, #B18C3B
4fa4ed17a08337eb06b8,11, #727970
4fa4ed17a08337eb06b8,19, #B0AEAF
4fa4ed17a08337eb06b8,26,#EAEAED
4fa4ed17a08337eb06b8,24, #171616
4fa4ed17a08337eb06b8,18, #5F4F3F
4faa903f598b4334a7a7,11, #867866
4faa903f598b4334a7a7,9, #695241
4faa903f598b4334a7a7,0, #DCC794
4faa903f598b4334a7a7,6, #472F24
4faa903f598b4334a7a7,8, #A29178
4faa903f598b4334a7a7,44,#BAB0A0
4faa903f598b4334a7a7,19, #E6DDCB
4faa98f89431c6b2b1f0,6, #C4C1B3
4faa98f89431c6b2b1f0,75,#F7F5EF
4faa98f89431c6b2b1f0,0, #504D40
4faa98f89431c6b2b1f0,2, #ACA99A
4faa98f89431c6b2b1f0,3, #757262
4faa98f89431c6b2b1f0,7, #D9D6C7
4faa98f89431c6b2b1f0,3, #8F8C7D
4fb5b52533303a373b00,2, #393830
4fb5b52533303a373b00,11, #D2CAB3
4fb5b52533303a373b00,12, #989180
4fb5b52533303a373b00,13, #59574B
4fb5b52533303a373b00,10, #B8B19B
4fb5b52533303a373b00,7, #7D7768
4fb5b52533303a373b00,42,#EFE9D4
4fb86f276839fac833b7,46, #4F4C41
4fb86f276839fac833b7,5, #989387
4fb86f276839fac833b7,1, #B8B4A6
4fb86f276839fac833b7,22,#F4F2E9
4fb86f276839fac833b7,6, #D4D0C1
4fb86f276839fac833b7,16, #787468
4fb96815236d900882cb,14, #938E81
4fb96815236d900882cb,3, #302F27
4fb96815236d900882cb,33,#F0EDE0
4fb96815236d900882cb,16, #504E46
4fb96815236d900882cb,15, #6E6A5F
4fb96815236d900882cb,16, #C0BAAA
4fc89fe0479a774b5838,20, #613E28
4fc89fe0479a774b5838,9, #745A37
4fc89fe0479a774b5838,2, #AD9973
4fc89fe0479a774b5838,6, #867554
4fc89fe0479a774b5838,2, #414541
4fc89fe0479a774b5838,58,#2E2318
4fc89fe0479a774b5838,0, #555F5B
4fcb82c591d2245029c2,10, #D2CBB8
4fcb82c591d2245029c2,3, #5E5C4D
4fcb82c591d2245029c2,4, #979485
4fcb82c591d2245029c2,6,#807D6D
4fcb82c591d2245029c2,4, #B0AB9B
4fcb82c591d2245029c2,70, #FAF5E3
4fd4d226d1cbe020aa88,2, #B19F79
4fd4d226d1cbe020aa88,0, #C2C1AD
4fd4d226d1cbe020aa88,52, #52391D
4fd4d226d1cbe020aa88,21,#14110D
4fd4d226d1cbe020aa88,21, #985832
4fd4d226d1cbe020aa88,2, #665F4B
4fdb374e9de04d34af45,11, #A19784
4fdb374e9de04d34af45,39, #C4B79F
4fdb374e9de04d34af45,12, #817868
4fdb374e9de04d34af45,8, #4F4940
4fdb374e9de04d34af45,1,#FEFEEF
4fdb374e9de04d34af45,27, #E7DEC6
4fef3124070434e44d81,5, #89764E
4fef3124070434e44d81,0, #B8A577
4fef3124070434e44d81,59,#1B1712
4fef3124070434e44d81,1, #A89060
4fef3124070434e44d81,3, #705F3C
4fef3124070434e44d81,28, #493C28
4fffe56ad5a148459c32,15, #858070
4fffe56ad5a148459c32,6,#FBF8EA
4fffe56ad5a148459c32,6, #413F35
4fffe56ad5a148459c32,13, #656053
4fffe56ad5a148459c32,15, #E5DDC4
4fffe56ad5a148459c32,42, #B7B09B
500790c9898ab5aae731,14, #888372
500790c9898ab5aae731,3, #5E5A4D
500790c9898ab5aae731,1, #403E34
500790c9898ab5aae731,11,#B4AF99
500790c9898ab5aae731,61, #F3EDD6
500790c9898ab5aae731,7, #D2CCB4
5014ff343a97fa7d2399,1, #282615
5014ff343a97fa7d2399,12, #888D73
5014ff343a97fa7d2399,45,#806245
5014ff343a97fa7d2399,1, #E2DCBD
5014ff343a97fa7d2399,17, #403D27
5014ff343a97fa7d2399,11, #CDC7A3
5014ff343a97fa7d2399,11, #AFA989
501545113e38d20c3d6d,12, #CFCBBD
501545113e38d20c3d6d,26, #453A2B
501545113e38d20c3d6d,6,#F5F3E9
501545113e38d20c3d6d,13, #9D9786
501545113e38d20c3d6d,25, #726858
501545113e38d20c3d6d,15, #281B0F
5016e116ac949e872105,3, #888074
5016e116ac949e872105,0, #504B46
5016e116ac949e872105,19, #C4BCAB
5016e116ac949e872105,31,#DDD4C1
5016e116ac949e872105,19, #A89F90
5016e116ac949e872105,3, #6D675F
5016e116ac949e872105,21, #F7F4E7
502aae2ab4137642f736,9, #5F5C51
502aae2ab4137642f736,14, #C7C2B2
502aae2ab4137642f736,33,#E6E1D0
502aae2ab4137642f736,16, #F9F8F5
502aae2ab4137642f736,12, #898477
502aae2ab4137642f736,5, #3E3D37
502aae2ab4137642f736,8, #A8A395
502c3c05d8ae2d15d475,4, #44443B
502c3c05d8ae2d15d475,10, #928F80
502c3c05d8ae2d15d475,29, #D6D1C0
502c3c05d8ae2d15d475,17, #6F6D61
502c3c05d8ae2d15d475,2,#EBE7D9
502c3c05d8ae2d15d475,33, #B5B09C
503409c932464475055f,15, #6D6A5E
503409c932464475055f,13, #3F3E39
503409c932464475055f,5, #938F7E
503409c932464475055f,9, #D7D2B9
503409c932464475055f,8, #B5B099
503409c932464475055f,47,#F4F1DD
50374906a065c1ccdaa5,21, #6A5142
50374906a065c1ccdaa5,3,#F3EFE3
50374906a065c1ccdaa5,22, #876D59
50374906a065c1ccdaa5,23, #938678
50374906a065c1ccdaa5,20, #BAA890
50374906a065c1ccdaa5,9, #D7CEBC
503da4579f81ebd72cf2,18, #A09180
503da4579f81ebd72cf2,15,#C0B29C
503da4579f81ebd72cf2,20, #45392B
503da4579f81ebd72cf2,17, #6B5B48
503da4579f81ebd72cf2,5, #DCD1BF
503da4579f81ebd72cf2,22, #847360
503fb349cecf676bbc0c,3,#F9F8F2
503fb349cecf676bbc0c,19, #827A67
503fb349cecf676bbc0c,21, #5F594A
503fb349cecf676bbc0c,32, #DCD4BD
503fb349cecf676bbc0c,15, #413E34
503fb349cecf676bbc0c,7, #A49F8D
50448e781f2958912b43,17, #C0BBA6
50448e781f2958912b43,6, #88774B
50448e781f2958912b43,3, #F8F5EC
50448e781f2958912b43,51, #948C76
50448e781f2958912b43,19, #AEA387
50448e781f2958912b43,0,#D9D1BE
504b3e2df3b6d211b7d4,44, #4C2C1C
504b3e2df3b6d211b7d4,0, #90826F
504b3e2df3b6d211b7d4,46,#211B11
504b3e2df3b6d211b7d4,0, #906E44
504b3e2df3b6d211b7d4,1, #705C3D
504b3e2df3b6d211b7d4,7, #564830
504b3e2df3b6d211b7d4,0, #786D5B
504e12bae6b4434c153d,1, #2A2920
504e12bae6b4434c153d,34,#F5F0DE
504e12bae6b4434c153d,7, #555549
504e12bae6b4434c153d,17, #D9D2C2
504e12bae6b4434c153d,11, #BDB8A9
504e12bae6b4434c153d,13, #7B7A6C
504e12bae6b4434c153d,13, #9F9D8E
5051a77e8b28aa3761cb,0, #FEFEFE
5051a77e8b28aa3761cb,11, #B4AC9B
5051a77e8b28aa3761cb,10, #CEC7B4
5051a77e8b28aa3761cb,2, #382921
5051a77e8b28aa3761cb,28,#8B8175
5051a77e8b28aa3761cb,28, #E8E5D7
5051a77e8b28aa3761cb,17, #615045
5064b23981309fc80681,11, #474742
5064b23981309fc80681,7, #D1CEC5
5064b23981309fc80681,22,#F5F4ED
5064b23981309fc80681,14, #AAA8A3
5064b23981309fc80681,16, #2E2D27
5064b23981309fc80681,11, #878782
5064b23981309fc80681,16, #6A6964
506729843cc765f91c47,18, #968873
506729843cc765f91c47,25, #B7B09B
506729843cc765f91c47,6, #715D49
506729843cc765f91c47,8, #CFCBB5
506729843cc765f91c47,27, #4C3C2F
506729843cc765f91c47,13,#EAE7D1
506a2ceb8b80708c92d1,7, #A78542
506a2ceb8b80708c92d1,7, #ADA482
506a2ceb8b80708c92d1,23, #705741
506a2ceb8b80708c92d1,32, #241D13
506a2ceb8b80708c92d1,10, #B9BEAD
506a2ceb8b80708c92d1,17,#E8E5D4
506cbd045eed2915ec0f,2, #977D41
506cbd045eed2915ec0f,1, #AA8E60
506cbd045eed2915ec0f,2, #384635
506cbd045eed2915ec0f,28, #150F04
506cbd045eed2915ec0f,16, #846D29
506cbd045eed2915ec0f,8, #5E513A
506cbd045eed2915ec0f,40,#5D3112
5083fac0bd6a3210009c,1, #FCFBF7
5083fac0bd6a3210009c,10, #5E534D
5083fac0bd6a3210009c,10, #7D746E
5083fac0bd6a3210009c,8, #C0BAAD
5083fac0bd6a3210009c,10, #9E978E
5083fac0bd6a3210009c,46,#DFDBC8
5083fac0bd6a3210009c,11, #382C27
50870cf189b1154cd263,24, #48453D
50870cf189b1154cd263,42, #DDD7C6
50870cf189b1154cd263,11, #7B766A
50870cf189b1154cd263,0,#FBF6E2
50870cf189b1154cd263,10, #BBB5A4
50870cf189b1154cd263,9, #9C9688
508ba710de7cb71b7852,74, #F1EEE0
508ba710de7cb71b7852,5, #A29A83
508ba710de7cb71b7852,10, #C7BEA7
508ba710de7cb71b7852,1, #2F2E29
508ba710de7cb71b7852,2,#5F5C4F
508ba710de7cb71b7852,5, #7F7A6A
509052c32a90bc56f02f,1, #AD9D68
509052c32a90bc56f02f,0, #F5E5A3
509052c32a90bc56f02f,0,#D3BF82
509052c32a90bc56f02f,71, #210F08
509052c32a90bc56f02f,20, #59472A
509052c32a90bc56f02f,6, #827046
509658b1ae280a424dfa,15, #EAE7CE
509658b1ae280a424dfa,15, #383E3F
509658b1ae280a424dfa,12,#8D825E
509658b1ae280a424dfa,31, #D2C697
509658b1ae280a424dfa,15, #5E5F54
509658b1ae280a424dfa,8, #AFA077
50995f50bf5d1c63629c,75,#F5EEE1
50995f50bf5d1c63629c,4, #9C968B
50995f50bf5d1c63629c,5, #49443B
50995f50bf5d1c63629c,3, #E0D7CB
50995f50bf5d1c63629c,3, #827C71
50995f50bf5d1c63629c,2, #BDB7AC
50995f50bf5d1c63629c,5, #696459
50a01c047777c8d33728,17, #CDC7AC
50a01c047777c8d33728,20, #999581
50a01c047777c8d33728,24, #6E6C5D
50a01c047777c8d33728,23, #4D4C42
50a01c047777c8d33728,4, #2F2F2A
50a01c047777c8d33728,9,#F3EDD2
50a9e332e98ed48d2174,0, #888677
50a9e332e98ed48d2174,6, #82715A
50a9e332e98ed48d2174,1, #D3B787
50a9e332e98ed48d2174,23, #34312A
50a9e332e98ed48d2174,37,#1C1B19
50a9e332e98ed48d2174,22, #5B4F3E
50a9e332e98ed48d2174,8, #B8956C
50b2b1611489d44805ae,17, #A49283
50b2b1611489d44805ae,15,#CDC3B8
50b2b1611489d44805ae,14, #B9AFA2
50b2b1611489d44805ae,7, #4C4843
50b2b1611489d44805ae,7, #7F6A5C
50b2b1611489d44805ae,37, #EEE2D8
50b73b8e6aa77d135085,15, #625D51
50b73b8e6aa77d135085,19, #7F7A6C
50b73b8e6aa77d135085,16, #959084
50b73b8e6aa77d135085,2, #49453B
50b73b8e6aa77d135085,7, #D6D2C6
50b73b8e6aa77d135085,14, #B1AC9F
50b73b8e6aa77d135085,23,#F4F1EB
50bc1e5b6933d4380634,5, #9A9789
50bc1e5b6933d4380634,0, #3F3E31
50bc1e5b6933d4380634,6, #B8B5A4
50bc1e5b6933d4380634,11, #D6D2BE
50bc1e5b6933d4380634,6, #605F52
50bc1e5b6933d4380634,4, #7E7D6F
50bc1e5b6933d4380634,63,#F5F1DC
50c8c2ecc3b529c23bf1,29, #373623
50c8c2ecc3b529c23bf1,11, #1C1A12
50c8c2ecc3b529c23bf1,8, #9E9471
50c8c2ecc3b529c23bf1,3,#B8AD89
50c8c2ecc3b529c23bf1,27, #545133
50c8c2ecc3b529c23bf1,19, #82764A
50cee7d09e60f6ff25cc,36,#2D281C
50cee7d09e60f6ff25cc,14, #110F0B
50cee7d09e60f6ff25cc,2, #676354
50cee7d09e60f6ff25cc,3, #D4C5A8
50cee7d09e60f6ff25cc,8, #B5A47F
50cee7d09e60f6ff25cc,6, #87806C
50cee7d09e60f6ff25cc,27, #4B4738
50cfaf729e665e31b71a,10, #7F7B74
50cfaf729e665e31b71a,1, #3E3C38
50cfaf729e665e31b71a,7, #524F4B
50cfaf729e665e31b71a,8, #66635E
50cfaf729e665e31b71a,15, #B4AFA5
50cfaf729e665e31b71a,6, #97928B
50cfaf729e665e31b71a,48,#E1D9CD
50e5d15ddc25057f65c6,20, #908B77
50e5d15ddc25057f65c6,18, #B2AA91
50e5d15ddc25057f65c6,20, #74715E
50e5d15ddc25057f65c6,0,#F4EDDA
50e5d15ddc25057f65c6,21, #504E41
50e5d15ddc25057f65c6,19, #D3CBB6
50ec410ee6ded276aa3e,0, #AD9963
50ec410ee6ded276aa3e,0, #BCAF78
50ec410ee6ded276aa3e,34, #524831
50ec410ee6ded276aa3e,2, #987F4D
50ec410ee6ded276aa3e,41, #2A2419
50ec410ee6ded276aa3e,20,#786A41
50fade94b371d994dc89,6, #726553
50fade94b371d994dc89,28, #AAA18B
50fade94b371d994dc89,22, #D2C9B0
50fade94b371d994dc89,6,#F3F2EC
50fade94b371d994dc89,3, #91846C
50fade94b371d994dc89,31, #41342B
51064146f8d8a7bbd66e,53, #6C625A
51064146f8d8a7bbd66e,7,#F8F1E2
51064146f8d8a7bbd66e,7, #AEA08E
51064146f8d8a7bbd66e,11, #918577
51064146f8d8a7bbd66e,14, #D0C0AB
51064146f8d8a7bbd66e,5, #4A4240
510dca252a563e54d744,6, #837E72
510dca252a563e54d744,30, #434038
510dca252a563e54d744,16, #645F54
510dca252a563e54d744,1, #D6D0C4
510dca252a563e54d744,3, #9E988D
510dca252a563e54d744,3, #B7B1A6
510dca252a563e54d744,37,#F5F3EE
511487916d668bd58069,39, #645D41
511487916d668bd58069,13, #837D5D
511487916d668bd58069,5, #9C9674
511487916d668bd58069,1,#272619
511487916d668bd58069,38, #423F2A
511487916d668bd58069,2, #C3BB95
5117ced2914a65556d18,10, #585958
5117ced2914a65556d18,1, #D8CEAD
5117ced2914a65556d18,9, #20262A
5117ced2914a65556d18,17, #B0AB99
5117ced2914a65556d18,0, #B28274
5117ced2914a65556d18,39,#75726F
5117ced2914a65556d18,22, #454542
5118b4429b2db56e02d5,10, #554B3D
5118b4429b2db56e02d5,13, #A3946D
5118b4429b2db56e02d5,8, #C3B489
5118b4429b2db56e02d5,6,#322C25
5118b4429b2db56e02d5,10, #7E7357
5118b4429b2db56e02d5,51, #121110
5119e7e411cf5bbed0ff,21, #292516
5119e7e411cf5bbed0ff,2,#616241
5119e7e411cf5bbed0ff,18, #897545
5119e7e411cf5bbed0ff,1, #BEB892
5119e7e411cf5bbed0ff,42, #743F20
5119e7e411cf5bbed0ff,14, #A1996D
512000635be4f022e69b,6, #756336
512000635be4f022e69b,35,#C6BF99
512000635be4f022e69b,0, #997D1A
512000635be4f022e69b,15, #1F1F11
512000635be4f022e69b,9, #544622
512000635be4f022e69b,10, #8F8454
512000635be4f022e69b,22, #B09F65
5135e5f9086c1fded1a6,4, #857F5C
5135e5f9086c1fded1a6,49,#292112
5135e5f9086c1fded1a6,2, #AA854E
5135e5f9086c1fded1a6,17, #593E1E
5135e5f9086c1fded1a6,3, #C49D61
5135e5f9086c1fded1a6,10, #846C40
5135e5f9086c1fded1a6,12, #675632
513b6c9f656eedef5763,5, #777666
513b6c9f656eedef5763,18, #9C9988
513b6c9f656eedef5763,4, #565546
513b6c9f656eedef5763,25, #CECBB8
513b6c9f656eedef5763,1, #2B2A1E
513b6c9f656eedef5763,45,#EEEBD6
5147b35b3f502faef6b9,11, #AAA498
5147b35b3f502faef6b9,4, #504C48
5147b35b3f502faef6b9,9, #767169
5147b35b3f502faef6b9,31,#E3DAC8
5147b35b3f502faef6b9,12, #928C82
5147b35b3f502faef6b9,20, #C6C0B0
5147b35b3f502faef6b9,10, #FBF7ED
5152535c930d0698151e,1, #3C3B31
5152535c930d0698151e,78,#F0EEDE
5152535c930d0698151e,4, #A8A599
5152535c930d0698151e,3, #8D8A80
5152535c930d0698151e,5, #C9C6B8
5152535c930d0698151e,5, #7C664C
51538a43ae31b5107a46,16,#262212
51538a43ae31b5107a46,20, #ADAA97
51538a43ae31b5107a46,11, #5D4827
51538a43ae31b5107a46,15, #8C8971
51538a43ae31b5107a46,11, #70674A
51538a43ae31b5107a46,25, #40361B
51569a6d26d39b5b0f39,19, #482F11
51569a6d26d39b5b0f39,72,#141007
51569a6d26d39b5b0f39,0, #B0A06B
51569a6d26d39b5b0f39,0, #75663A
51569a6d26d39b5b0f39,6, #64491F
51569a6d26d39b5b0f39,0, #948553
51579d33307e62ee5a15,2, #CAAC64
51579d33307e62ee5a15,0, #55524C
51579d33307e62ee5a15,78,#191406
51579d33307e62ee5a15,8, #907634
51579d33307e62ee5a15,9, #664F1A
51579d33307e62ee5a15,0, #CEC893
51579d33307e62ee5a15,0, #37352A
515ab325603c6f89a326,9, #ABA18F
515ab325603c6f89a326,4, #FAF9F7
515ab325603c6f89a326,11, #E7DECA
515ab325603c6f89a326,25,#C8BEA8
515ab325603c6f89a326,23, #887F71
515ab325603c6f89a326,15, #686055
515ab325603c6f89a326,8, #443F38
515b3b42074b5e94ff67,1,#FBF6DE
515b3b42074b5e94ff67,16, #A6A18F
515b3b42074b5e94ff67,3, #3C3A32
515b3b42074b5e94ff67,37, #D3CEBC
515b3b42074b5e94ff67,14, #827E6F
515b3b42074b5e94ff67,27, #5F5B51
51667ee672f78e8cc79c,6, #625144
51667ee672f78e8cc79c,39,#E2D9BC
51667ee672f78e8cc79c,3, #C0B399
51667ee672f78e8cc79c,7, #A39580
51667ee672f78e8cc79c,6, #7E6E5E
51667ee672f78e8cc79c,37, #372B24
516ad92a8f31edd0a3db,17, #8D8678
516ad92a8f31edd0a3db,14, #413D33
516ad92a8f31edd0a3db,19, #DBD3C0
516ad92a8f31edd0a3db,29, #BAB2A1
516ad92a8f31edd0a3db,2,#F8F4E8
516ad92a8f31edd0a3db,16, #6B6558
516c59db43db5e4d23f1,0,#FDFBE1
516c59db43db5e4d23f1,4, #807F70
516c59db43db5e4d23f1,76, #E0DBC4
516c59db43db5e4d23f1,3, #393932
516c59db43db5e4d23f1,6, #ADAB9B
516c59db43db5e4d23f1,7, #5B5B50
517ca63a02fe9c28ac15,15, #D0CEBF
517ca63a02fe9c28ac15,21, #4B4C46
517ca63a02fe9c28ac15,31, #676860
517ca63a02fe9c28ac15,15, #A8A69A
517ca63a02fe9c28ac15,0,#323530
517ca63a02fe9c28ac15,15, #87857C
51805aa07ffe4bd41564,10, #9F988C
51805aa07ffe4bd41564,10, #4D362A
51805aa07ffe4bd41564,10, #6B594B
51805aa07ffe4bd41564,3, #F8F8F6
51805aa07ffe4bd41564,6, #D8D7CC
51805aa07ffe4bd41564,41,#B7B1A3
51805aa07ffe4bd41564,16, #84796C
5185a64c47f249e9e108,1, #302F28
5185a64c47f249e9e108,11, #F2EFE5
5185a64c47f249e9e108,13, #6D6B5C
5185a64c47f249e9e108,15, #918E7F
5185a64c47f249e9e108,33,#CDC8B7
5185a64c47f249e9e108,7, #4E4D40
5185a64c47f249e9e108,15, #B1AD9B
51873ff2fbbdc7061f39,51,#F7EFD2
51873ff2fbbdc7061f39,7, #595345
51873ff2fbbdc7061f39,10, #C8BFA4
51873ff2fbbdc7061f39,1, #3D3930
51873ff2fbbdc7061f39,10, #A09880
51873ff2fbbdc7061f39,9, #78705C
51873ff2fbbdc7061f39,8, #E1D6BA
5189c428cc9177b7441e,19, #807B6F
5189c428cc9177b7441e,16, #ABA396
5189c428cc9177b7441e,46, #E8E0D8
5189c428cc9177b7441e,4, #545046
5189c428cc9177b7441e,0,#FEFEF7
5189c428cc9177b7441e,12, #CCC3B7
518cbc84426943d0e614,5, #9C8E62
518cbc84426943d0e614,12, #796D48
518cbc84426943d0e614,27, #53422A
518cbc84426943d0e614,0, #874E2E
518cbc84426943d0e614,1, #BA9D60
518cbc84426943d0e614,51,#1D1D15
518cdc78f071237b7c45,10, #888177
518cdc78f071237b7c45,20, #DFD7C7
518cdc78f071237b7c45,11, #F7F4E8
518cdc78f071237b7c45,38,#C1B9AB
518cdc78f071237b7c45,1, #433F3A
518cdc78f071237b7c45,6, #645F57
518cdc78f071237b7c45,11, #A49C90
51950eac6e81c23d9e10,6, #AD8069
51950eac6e81c23d9e10,20, #C6A694
51950eac6e81c23d9e10,23, #DDC7BA
51950eac6e81c23d9e10,48, #F7F1E7
51950eac6e81c23d9e10,1, #976146
51950eac6e81c23d9e10,0,#908B86
5195a5dfa0131e73813a,46,#F1EBD5
5195a5dfa0131e73813a,5, #393833
5195a5dfa0131e73813a,12, #A8A391
5195a5dfa0131e73813a,17, #7A776A
5195a5dfa0131e73813a,11, #CBC5B0
5195a5dfa0131e73813a,7, #525148
519800f6985d1a12dd8b,30, #483D1D
519800f6985d1a12dd8b,13,#1E1A0B
519800f6985d1a12dd8b,4, #D4CAA3
519800f6985d1a12dd8b,12, #8A815D
519800f6985d1a12dd8b,36, #756037
519800f6985d1a12dd8b,2, #AE9F73
51996266c14b82765bbd,25, #CFCBC0
51996266c14b82765bbd,21, #3E3E39
51996266c14b82765bbd,15,#F1EEE7
51996266c14b82765bbd,9, #67665E
51996266c14b82765bbd,16, #ADAA9E
51996266c14b82765bbd,11, #86847A
519a95a0cea2765432ca,20, #645330
519a95a0cea2765432ca,34,#B6A371
519a95a0cea2765432ca,4, #1F190E
519a95a0cea2765432ca,13, #423925
519a95a0cea2765432ca,6, #9C8654
519a95a0cea2765432ca,15, #312817
519a95a0cea2765432ca,4, #847044
519bb4678f97141b5de1,19, #877265
519bb4678f97141b5de1,19,#EEEAE0
519bb4678f97141b5de1,25, #594B42
519bb4678f97141b5de1,5, #AE9E91
519bb4678f97141b5de1,24, #CAC2B6
519bb4678f97141b5de1,5, #40302A
519e3e3f62e5d214751f,1, #B9AB94
519e3e3f62e5d214751f,0, #97948E
519e3e3f62e5d214751f,18, #0D0C09
519e3e3f62e5d214751f,16, #534531
519e3e3f62e5d214751f,8, #2F2517
519e3e3f62e5d214751f,39,#8E8168
519e3e3f62e5d214751f,15, #6E634E
51a5fdb32c3fe31eaa14,20, #C5BFAD
51a5fdb32c3fe31eaa14,14, #807D70
51a5fdb32c3fe31eaa14,4, #434239
51a5fdb32c3fe31eaa14,32,#F0E8D3
51a5fdb32c3fe31eaa14,9, #656257
51a5fdb32c3fe31eaa14,17, #9E9A8B
51b95897c94dfb647734,6, #8B8674
51b95897c94dfb647734,0, #484334
51b95897c94dfb647734,71,#EFEBDA
51b95897c94dfb647734,8, #ACA894
51b95897c94dfb647734,2, #65604F
51b95897c94dfb647734,12, #CCC8B4
51b95897c94dfb647734,0, #272217
51b9b45942fed8ddb157,4, #E1D18B
51b9b45942fed8ddb157,0, #140D0D
51b9b45942fed8ddb157,31,#402928
51b9b45942fed8ddb157,6, #BDB9AF
51b9b45942fed8ddb157,29, #A79465
51b9b45942fed8ddb157,21, #6D5E52
51b9b45942fed8ddb157,5, #F0EED8
51bd7d8d2b47ec1a2f8a,35, #EEEADD
51bd7d8d2b47ec1a2f8a,3, #9C9584
51bd7d8d2b47ec1a2f8a,48,#FBFAF4
51bd7d8d2b47ec1a2f8a,0, #726E61
51bd7d8d2b47ec1a2f8a,0, #585345
51bd7d8d2b47ec1a2f8a,7, #DCD5C3
51bd7d8d2b47ec1a2f8a,4, #BEB7A3
51bf02f854239a7b11cd,2, #9F733F
51bf02f854239a7b11cd,33,#2D281F
51bf02f854239a7b11cd,20, #A7A380
51bf02f854239a7b11cd,24, #6C5A40
51bf02f854239a7b11cd,10, #C4BF99
51bf02f854239a7b11cd,1, #D9D5AE
51bf02f854239a7b11cd,6, #868164
51c002d827a54ee1b078,1, #D3C577
51c002d827a54ee1b078,62,#231C10
51c002d827a54ee1b078,3, #69613C
51c002d827a54ee1b078,1, #BDAB67
51c002d827a54ee1b078,2, #9C8E59
51c002d827a54ee1b078,27, #464029
51c279956af4a129f66b,15, #958450
51c279956af4a129f66b,25,#D8D2BF
51c279956af4a129f66b,0, #873815
51c279956af4a129f66b,19, #B0A787
51c279956af4a129f66b,28, #24231E
51c279956af4a129f66b,11, #5C502E
51c5960bd7f023ee9167,46,#4A402E
51c5960bd7f023ee9167,3, #DDD7BE
51c5960bd7f023ee9167,2, #F6F2DB
51c5960bd7f023ee9167,1, #C1B99D
51c5960bd7f023ee9167,17, #6C624B
51c5960bd7f023ee9167,15, #9E926F
51c5960bd7f023ee9167,13, #19120C
51d56f333f2e1a89b283,7, #D5C29E
51d56f333f2e1a89b283,18, #3A3221
51d56f333f2e1a89b283,1, #B5A480
51d56f333f2e1a89b283,31, #5C5239
51d56f333f2e1a89b283,2, #98704C
51d56f333f2e1a89b283,36,#15120F
51d56f333f2e1a89b283,2, #9F8F6D
51dd33619cab1ae7844a,43,#EFEEE0
51dd33619cab1ae7844a,3, #635039
51dd33619cab1ae7844a,8, #A39981
51dd33619cab1ae7844a,1, #423021
51dd33619cab1ae7844a,32, #D1CDB3
51dd33619cab1ae7844a,10, #7D6C54
51e8c8f00b4f0314af6a,3, #ABA490
51e8c8f00b4f0314af6a,25, #0F0E10
51e8c8f00b4f0314af6a,3, #857A5B
51e8c8f00b4f0314af6a,0, #CDC3AD
51e8c8f00b4f0314af6a,10, #675C42
51e8c8f00b4f0314af6a,54,#3D3227
51e96a2c504757851eed,62, #D8C99A
51e96a2c504757851eed,2, #413F39
51e96a2c504757851eed,4, #C4765E
51e96a2c504757851eed,17,#F6F2E4
51e96a2c504757851eed,1, #795649
51e96a2c504757851eed,11, #928C70
51ec5602bc4965173b8b,50, #925938
51ec5602bc4965173b8b,11, #312B17
51ec5602bc4965173b8b,12, #A5986D
51ec5602bc4965173b8b,13,#947C4A
51ec5602bc4965173b8b,9, #BBAF83
51ec5602bc4965173b8b,1, #D5CDA7
51f485a13be78e1f6f5e,4, #B9A289
51f485a13be78e1f6f5e,3, #3F3A33
51f485a13be78e1f6f5e,62,#F9F5E6
51f485a13be78e1f6f5e,10, #A08168
51f485a13be78e1f6f5e,12, #D6CAB5
51f485a13be78e1f6f5e,6, #805E49
51f4f2f0b1ddf48320fb,0, #544F43
51f4f2f0b1ddf48320fb,5,#6F6859
51f4f2f0b1ddf48320fb,19, #97907F
51f4f2f0b1ddf48320fb,32, #C7BFAD
51f4f2f0b1ddf48320fb,41, #ECE5D1
51f4f2f0b1ddf48320fb,0, #FEFCED
51f81bf85c67352694ea,73,#E6E1CD
51f81bf85c67352694ea,2, #FCFAF4
51f81bf85c67352694ea,3, #5D5445
51f81bf85c67352694ea,5, #ADA58E
51f81bf85c67352694ea,3, #6D7066
51f81bf85c67352694ea,2, #282825
51f81bf85c67352694ea,10, #CAC2A7
5201eb3001e6744e5a85,4, #C9B174
5201eb3001e6744e5a85,8, #AA9767
5201eb3001e6744e5a85,3, #E5DEB7
5201eb3001e6744e5a85,32,#383426
5201eb3001e6744e5a85,18, #827650
5201eb3001e6744e5a85,32, #5E5A42
5203dfa2330081af01af,8, #938E80
5203dfa2330081af01af,0, #36342E
5203dfa2330081af01af,5, #706B5E
5203dfa2330081af01af,4, #524E44
5203dfa2330081af01af,23, #B8B3A5
5203dfa2330081af01af,24, #F8F7F2
5203dfa2330081af01af,31,#DFDBCE
521d8fbe6f34e82bf84e,9, #75674A
521d8fbe6f34e82bf84e,12, #3B2D21
521d8fbe6f34e82bf84e,39,#AEA482
521d8fbe6f34e82bf84e,20, #624E34
521d8fbe6f34e82bf84e,0, #221913
521d8fbe6f34e82bf84e,5, #8D7C56
521d8fbe6f34e82bf84e,12, #9B8E69
52218f48ba5bded7853f,3, #C3BFAC
52218f48ba5bded7853f,2, #A19E8E
52218f48ba5bded7853f,80, #F2ECD6
52218f48ba5bded7853f,3, #947667
52218f48ba5bded7853f,4, #754F49
52218f48ba5bded7853f,5,#616768
522926faffa5825c6fe1,5, #7D786A
522926faffa5825c6fe1,5, #989282
522926faffa5825c6fe1,25,#F7F3DE
522926faffa5825c6fe1,44, #DDD3BD
522926faffa5825c6fe1,6, #545046
522926faffa5825c6fe1,12, #BDB4A2
522f41db446c1ec51f5f,11, #3C3930
522f41db446c1ec51f5f,2, #615F53
522f41db446c1ec51f5f,11, #D8CFB6
522f41db446c1ec51f5f,4,#79766A
522f41db446c1ec51f5f,8, #AA9A7E
522f41db446c1ec51f5f,61, #F3F0DE
522fdbfc2dec67fc8e93,0,#FEFDEF
522fdbfc2dec67fc8e93,25, #7A7567
522fdbfc2dec67fc8e93,21, #C1BCAC
522fdbfc2dec67fc8e93,17, #E6E1D1
522fdbfc2dec67fc8e93,18, #4E4C42
522fdbfc2dec67fc8e93,17, #9E9989
523c91cdb8c8fc2c7a66,19,#7E776D
523c91cdb8c8fc2c7a66,17, #655E57
523c91cdb8c8fc2c7a66,27, #A09A8D
523c91cdb8c8fc2c7a66,3, #3A3633
523c91cdb8c8fc2c7a66,19, #F4F0DC
523c91cdb8c8fc2c7a66,12, #CBC4B5
523dea334b3cb5ba64e4,9, #C7BBB0
523dea334b3cb5ba64e4,73,#F4EEE8
523dea334b3cb5ba64e4,0, #A56151
523dea334b3cb5ba64e4,4, #746E66
523dea334b3cb5ba64e4,10, #A18B7E
523dea334b3cb5ba64e4,1, #4F4B47
525079e9fbe0cdf2f090,19, #CEBD8E
525079e9fbe0cdf2f090,12, #8D7857
525079e9fbe0cdf2f090,4, #6F573C
525079e9fbe0cdf2f090,26,#9F9580
525079e9fbe0cdf2f090,10, #FAFAF6
525079e9fbe0cdf2f090,21, #E6DFC3
525079e9fbe0cdf2f090,4, #4B2C19
5255247e38b12c864c27,7, #565346
5255247e38b12c864c27,16, #7A7563
5255247e38b12c864c27,8,#FAF4DA
5255247e38b12c864c27,40, #D9D2B9
5255247e38b12c864c27,1, #3B3930
5255247e38b12c864c27,26, #ADA791
525789bcc746b40f136b,1, #D8D5BC
525789bcc746b40f136b,12, #413E2C
525789bcc746b40f136b,16, #A9A384
525789bcc746b40f136b,20, #898467
525789bcc746b40f136b,36,#625F49
525789bcc746b40f136b,10, #C0BEA5
525789bcc746b40f136b,2, #262419
5259e7c79b70cbf5e174,12, #938942
5259e7c79b70cbf5e174,2, #B5A559
5259e7c79b70cbf5e174,22, #262312
5259e7c79b70cbf5e174,2, #E4D586
5259e7c79b70cbf5e174,0, #CEBE72
5259e7c79b70cbf5e174,26, #7A6F30
5259e7c79b70cbf5e174,32,#4B4723
525d4cf863c305089833,9, #5E5950
525d4cf863c305089833,40,#E6E0CD
525d4cf863c305089833,1, #3B3832
525d4cf863c305089833,6, #FCFAF4
525d4cf863c305089833,8, #7F796D
525d4cf863c305089833,13, #9B9585
525d4cf863c305089833,20, #C0B8A3
52617408d6a2fef79911,3, #444237
52617408d6a2fef79911,3, #646154
52617408d6a2fef79911,7, #F9F6E0
52617408d6a2fef79911,6, #7F7C6F
52617408d6a2fef79911,64,#DFD9C4
52617408d6a2fef79911,5, #A09D8E
52617408d6a2fef79911,10, #BBB7A5
52632f0ea91d154d0d32,1, #655937
52632f0ea91d154d0d32,3, #D0CDB8
52632f0ea91d154d0d32,1, #4C3E24
52632f0ea91d154d0d32,61,#A28F6F
52632f0ea91d154d0d32,0, #312513
52632f0ea91d154d0d32,5, #767056
52632f0ea91d154d0d32,25, #BCB39A
52717ada2cabe6e4e9cb,7, #635E56
52717ada2cabe6e4e9cb,12, #878176
52717ada2cabe6e4e9cb,14, #C4B9A6
52717ada2cabe6e4e9cb,37,#DDD1BF
52717ada2cabe6e4e9cb,1, #46423D
52717ada2cabe6e4e9cb,15, #F1E8DA
52717ada2cabe6e4e9cb,10, #A9A191
527a2b4dfc4e03f00f63,1, #937546
527a2b4dfc4e03f00f63,6, #775933
527a2b4dfc4e03f00f63,0, #7D6E58
527a2b4dfc4e03f00f63,0, #958771
527a2b4dfc4e03f00f63,58,#251C18
527a2b4dfc4e03f00f63,34, #563F29
5296c65e59b4232b3a98,3, #393631
5296c65e59b4232b3a98,21, #968F82
5296c65e59b4232b3a98,35, #BEB6A6
5296c65e59b4232b3a98,14, #767064
5296c65e59b4232b3a98,4,#EFEBE0
5296c65e59b4232b3a98,19, #59554C
529a3a3598618a12f6d7,2, #1E170E
529a3a3598618a12f6d7,13, #A49A85
529a3a3598618a12f6d7,2, #5B4F3E
529a3a3598618a12f6d7,11,#F9F7EC
529a3a3598618a12f6d7,2, #817764
529a3a3598618a12f6d7,68, #D9D1BD
52aab22cc93887d511a0,11, #18150C
52aab22cc93887d511a0,21, #7A6435
52aab22cc93887d511a0,24, #9A9A8A
52aab22cc93887d511a0,12, #7D8072
52aab22cc93887d511a0,26,#323329
52aab22cc93887d511a0,4, #B7B49D
52ac36d299f2dc3ab2ed,8, #5A564A
52ac36d299f2dc3ab2ed,3,#FAF9F1
52ac36d299f2dc3ab2ed,6, #C0BAA4
52ac36d299f2dc3ab2ed,5, #333129
52ac36d299f2dc3ab2ed,10, #847F6F
52ac36d299f2dc3ab2ed,65, #E4DFC6
52af62b12eb651740cee,7, #60553C
52af62b12eb651740cee,4, #9A5B34
52af62b12eb651740cee,0, #B5A883
52af62b12eb651740cee,68,#2C261B
52af62b12eb651740cee,15, #733A18
52af62b12eb651740cee,1, #978D6E
52af62b12eb651740cee,0, #D7C293
52afd638656fe38d0a18,8, #B9B098
52afd638656fe38d0a18,7, #978B76
52afd638656fe38d0a18,2, #826C5A
52afd638656fe38d0a18,1, #63503E
52afd638656fe38d0a18,13, #D4CCB2
52afd638656fe38d0a18,66,#F4F1E5
52afd638656fe38d0a18,0, #342715
52b090558a52d6cc2000,6, #808178
52b090558a52d6cc2000,19, #303028
52b090558a52d6cc2000,13, #4A4A42
52b090558a52d6cc2000,12, #66665D
52b090558a52d6cc2000,8, #9F9F96
52b090558a52d6cc2000,26,#F8F7F3
52b090558a52d6cc2000,12, #CBC9BC
52c95e1e56b7ca220a1c,4, #7F5D23
52c95e1e56b7ca220a1c,0,#514937
52c95e1e56b7ca220a1c,75, #24170A
52c95e1e56b7ca220a1c,7, #BBA159
52c95e1e56b7ca220a1c,2, #9D803D
52c95e1e56b7ca220a1c,10, #483115
52ca8c186f9d3d4c809a,27, #6B604B
52ca8c186f9d3d4c809a,27, #534028
52ca8c186f9d3d4c809a,23, #251910
52ca8c186f9d3d4c809a,15, #76838A
52ca8c186f9d3d4c809a,1,#B9AB85
52ca8c186f9d3d4c809a,4, #A08D69
52cae3612b413b0df2c5,13, #F9F6E7
52cae3612b413b0df2c5,4, #463F36
52cae3612b413b0df2c5,6, #655A4C
52cae3612b413b0df2c5,10, #837561
52cae3612b413b0df2c5,31,#A79884
52cae3612b413b0df2c5,15, #C9BBA6
52cae3612b413b0df2c5,17, #E1D6C4
52d86c31ad4cb6d9b64f,5, #6B7B6E
52d86c31ad4cb6d9b64f,10, #312F23
52d86c31ad4cb6d9b64f,33,#504A39
52d86c31ad4cb6d9b64f,12, #AF9C79
52d86c31ad4cb6d9b64f,0, #C3BE99
52d86c31ad4cb6d9b64f,14, #917047
52d86c31ad4cb6d9b64f,22, #0A0A08
52dafcd99a4fa5d0becd,15, #3D362B
52dafcd99a4fa5d0becd,47,#70665C
52dafcd99a4fa5d0becd,0, #100F0C
52dafcd99a4fa5d0becd,17, #E1DFD0
52dafcd99a4fa5d0becd,14, #918D86
52dafcd99a4fa5d0becd,0, #FBF9F1
52dafcd99a4fa5d0becd,3, #BDBBAF
52dbf533ae0f6b6ff1f4,12, #6B6463
52dbf533ae0f6b6ff1f4,15, #958E8E
52dbf533ae0f6b6ff1f4,29, #211112
52dbf533ae0f6b6ff1f4,39, #433734
52dbf533ae0f6b6ff1f4,2, #B1AEAF
52dbf533ae0f6b6ff1f4,1,#CDCCCE
52dc05e4346a3741f19f,4, #998B56
52dc05e4346a3741f19f,49, #303226
52dc05e4346a3741f19f,19, #575232
52dc05e4346a3741f19f,1, #B3A26F
52dc05e4346a3741f19f,11,#080906
52dc05e4346a3741f19f,13, #747044
52e1a190e8df2bb7e42e,0, #3E3430
52e1a190e8df2bb7e42e,5, #574D46
52e1a190e8df2bb7e42e,3, #E0DED2
52e1a190e8df2bb7e42e,22, #C2B9A4
52e1a190e8df2bb7e42e,43,#9C9184
52e1a190e8df2bb7e42e,0, #FBFAF5
52e1a190e8df2bb7e42e,23, #766A60
52e48bd0c5cafe545136,23,#F3EBD6
52e48bd0c5cafe545136,13, #B9AE9B
52e48bd0c5cafe545136,20, #9E9382
52e48bd0c5cafe545136,10, #3F3E38
52e48bd0c5cafe545136,7, #D1C6B0
52e48bd0c5cafe545136,24, #7E6C5D
52e4bd502c5f098de4a6,10, #10150D
52e4bd502c5f098de4a6,12, #63613D
52e4bd502c5f098de4a6,16, #4A3F1D
52e4bd502c5f098de4a6,3, #A5A67A
52e4bd502c5f098de4a6,17, #B3B997
52e4bd502c5f098de4a6,38,#CAD0AF
52e4bd502c5f098de4a6,1, #8E8D62
52ece4637736087747dd,4, #6A6653
52ece4637736087747dd,61,#DFDBC8
52ece4637736087747dd,3, #86806A
52ece4637736087747dd,1, #484538
52ece4637736087747dd,7, #9A947C
52ece4637736087747dd,10, #B2AC94
52ece4637736087747dd,10, #C4BEA9
52ef9bd74c721efa99c6,4, #898677
52ef9bd74c721efa99c6,13, #BBB7A8
52ef9bd74c721efa99c6,8,#FBF8E8
52ef9bd74c721efa99c6,0, #605E51
52ef9bd74c721efa99c6,73, #E2DECC
52ef9bd74c721efa99c6,0, #46443A
52f1e975a4b71db54293,23, #B7B2A2
52f1e975a4b71db54293,1, #615D52
52f1e975a4b71db54293,55,#DFDAC9
52f1e975a4b71db54293,6, #F9F6EA
52f1e975a4b71db54293,3, #767265
52f1e975a4b71db54293,9, #928D7F
52f1e975a4b71db54293,0, #46453C
52f557ec53d9411a7ea5,6, #968558
52f557ec53d9411a7ea5,8, #B2A884
52f557ec53d9411a7ea5,21, #745938
52f557ec53d9411a7ea5,3, #080807
52f557ec53d9411a7ea5,16, #CFC6A2
52f557ec53d9411a7ea5,24,#2D2015
52f557ec53d9411a7ea5,19, #493924
52fbfc63e2efe0aac941,1, #FEFCE6
52fbfc63e2efe0aac941,14, #7A7360
52fbfc63e2efe0aac941,4, #3C3831
52fbfc63e2efe0aac941,9, #554F43
52fbfc63e2efe0aac941,8, #CFC6AD
52fbfc63e2efe0aac941,11, #ACA48D
52fbfc63e2efe0aac941,50,#EAE2C9
52ffc9a2d5fefc7d26b5,41, #4D442C
52ffc9a2d5fefc7d26b5,3,#918869
52ffc9a2d5fefc7d26b5,6, #7A7051
52ffc9a2d5fefc7d26b5,11, #D4CBAB
52ffc9a2d5fefc7d26b5,31, #211E13
52ffc9a2d5fefc7d26b5,5, #ADA787
53005e19fd15548092bd,31,#F5F5EF
53005e19fd15548092bd,5, #C1B8A2
53005e19fd15548092bd,3, #978C6C
53005e19fd15548092bd,9, #47362C
53005e19fd15548092bd,24, #221311
53005e19fd15548092bd,24, #E0DBC7
53005e19fd15548092bd,2, #6A5D54
5303fcf953516f497f86,7, #9D9B93
5303fcf953516f497f86,8, #B5B3AC
5303fcf953516f497f86,4, #7B7870
5303fcf953516f497f86,14, #CBC9C2
5303fcf953516f497f86,63,#EAE8DF
5303fcf953516f497f86,0, #504F49
5309249fa97b6d47557e,7, #2B231D
5309249fa97b6d47557e,10, #97948D
5309249fa97b6d47557e,3, #080806
5309249fa97b6d47557e,1, #4B4036
5309249fa97b6d47557e,13, #BFBEB3
5309249fa97b6d47557e,6, #F1EEE4
5309249fa97b6d47557e,56,#736852
5312fa1dccf3e2b85c9e,15, #A9A194
5312fa1dccf3e2b85c9e,0, #FFFFF4
5312fa1dccf3e2b85c9e,6, #8A8479
5312fa1dccf3e2b85c9e,4, #6F6961
5312fa1dccf3e2b85c9e,14, #EDE7D9
5312fa1dccf3e2b85c9e,1, #494541
5312fa1dccf3e2b85c9e,56,#D1C9B9
53163c58f7430d8a15bb,13, #383932
53163c58f7430d8a15bb,24, #A9A69B
53163c58f7430d8a15bb,30, #CFCAC0
53163c58f7430d8a15bb,11, #5F6054
53163c58f7430d8a15bb,7,#F3F0E8
53163c58f7430d8a15bb,12, #838277
53180fbfaf438f0f6fb8,0, #BFB9AF
53180fbfaf438f0f6fb8,9, #8C847D
53180fbfaf438f0f6fb8,38, #271C17
53180fbfaf438f0f6fb8,7,#EAE6D7
53180fbfaf438f0f6fb8,20, #483A35
53180fbfaf438f0f6fb8,23, #615551
5318ab568216eded48c3,15, #443B32
5318ab568216eded48c3,11, #7E786B
5318ab568216eded48c3,16, #9C9787
5318ab568216eded48c3,21, #E5E5CE
5318ab568216eded48c3,8, #C3BDA2
5318ab568216eded48c3,25,#61594F
5318ab568216eded48c3,0, #2F261D
53268b3d64da8c6ee481,10, #8B8473
53268b3d64da8c6ee481,5, #676153
53268b3d64da8c6ee481,9, #B5AE99
53268b3d64da8c6ee481,1, #F5EED5
53268b3d64da8c6ee481,2, #26231E
53268b3d64da8c6ee481,65,#D9D2B9
53268b3d64da8c6ee481,5, #474238
5328ac61d35c32223381,2, #EDEDEA
5328ac61d35c32223381,15, #8D887B
5328ac61d35c32223381,23, #B2AE9D
5328ac61d35c32223381,9, #6F685D
5328ac61d35c32223381,3, #271C12
5328ac61d35c32223381,37,#D0CDB8
5328ac61d35c32223381,7, #4F463A
533324b1cee9b672cd55,37, #090A0C
533324b1cee9b672cd55,1, #AC9B66
533324b1cee9b672cd55,0, #B5B6A0
533324b1cee9b672cd55,0, #CCCDC1
533324b1cee9b672cd55,0, #DFC479
533324b1cee9b672cd55,3, #8A743E
533324b1cee9b672cd55,55,#333231
53354a33110a56a899d9,4, #3A362F
53354a33110a56a899d9,6,#F7F1E7
53354a33110a56a899d9,18, #A7A091
53354a33110a56a899d9,36, #D4CBBA
53354a33110a56a899d9,14, #837C6F
53354a33110a56a899d9,20, #5F5A50
5337eb6ae326e22040b1,2,#F3F2EF
5337eb6ae326e22040b1,11, #3B3733
5337eb6ae326e22040b1,14, #5E5852
5337eb6ae326e22040b1,7, #787169
5337eb6ae326e22040b1,25, #99938A
5337eb6ae326e22040b1,38, #C9C2B9
5337f02bc69912b22291,3, #48453B
5337f02bc69912b22291,16, #969384
5337f02bc69912b22291,17, #D1CDBE
5337f02bc69912b22291,25,#E6E2D3
5337f02bc69912b22291,0, #FCFAE8
5337f02bc69912b22291,12, #6F6C5E
5337f02bc69912b22291,23, #B7B3A3
5339a6177d3ccd1ed15a,4, #D0C2AC
5339a6177d3ccd1ed15a,10, #847A6A
5339a6177d3ccd1ed15a,2, #A96749
5339a6177d3ccd1ed15a,9, #BD9B7F
5339a6177d3ccd1ed15a,69,#ECE6D5
5339a6177d3ccd1ed15a,3, #4A4742
533b35819fbc737e426c,28, #E7DECF
533b35819fbc737e426c,1, #FCF6E6
533b35819fbc737e426c,35,#A0998E
533b35819fbc737e426c,20, #C4BCAE
533b35819fbc737e426c,2, #413E38
533b35819fbc737e426c,6, #7D776E
533b35819fbc737e426c,5, #5E5A52
533ea993fcdfe886fa30,80,#F3EEDD
533ea993fcdfe886fa30,5, #676456
533ea993fcdfe886fa30,1, #928E7F
533ea993fcdfe886fa30,0, #AFAA97
533ea993fcdfe886fa30,1, #807B6B
533ea993fcdfe886fa30,8, #403F34
533ea993fcdfe886fa30,1, #D3CDBA
5348d76b07686e9bc389,35,#2D2F35
5348d76b07686e9bc389,10, #756D62
5348d76b07686e9bc389,28, #4D4746
5348d76b07686e9bc389,19, #131A21
5348d76b07686e9bc389,0, #D8CDB3
5348d76b07686e9bc389,2, #928C7D
5348d76b07686e9bc389,2, #C2B38F
534fa720937839ae53cb,32, #EEEBE4
534fa720937839ae53cb,4, #AC9F87
534fa720937839ae53cb,10, #352D23
534fa720937839ae53cb,0, #1C130F
534fa720937839ae53cb,11, #5D5545
534fa720937839ae53cb,34,#C4BCAD
534fa720937839ae53cb,6, #817C76
535d307dfcdae0b25ded,3, #797168
535d307dfcdae0b25ded,72,#C6C1AB
535d307dfcdae0b25ded,5, #3E3730
535d307dfcdae0b25ded,0, #E6E0CC
535d307dfcdae0b25ded,1, #1D1713
535d307dfcdae0b25ded,10, #9E9789
535d307dfcdae0b25ded,6, #5D554D
535ed4c9d1f2ea82ecb5,12, #918159
535ed4c9d1f2ea82ecb5,0, #BAA579
535ed4c9d1f2ea82ecb5,6, #594D2D
535ed4c9d1f2ea82ecb5,19, #A49469
535ed4c9d1f2ea82ecb5,4, #483D24
535ed4c9d1f2ea82ecb5,10, #312A1A
535ed4c9d1f2ea82ecb5,47,#766A46
536600036210363d5b92,11, #AEA896
536600036210363d5b92,10, #6A6659
536600036210363d5b92,21, #888273
536600036210363d5b92,30, #C8C2AE
536600036210363d5b92,4,#EDE3CC
536600036210363d5b92,21, #464339
5367df0ddf386799e1dd,24, #48463C
5367df0ddf386799e1dd,7, #C0B49E
5367df0ddf386799e1dd,21, #827966
5367df0ddf386799e1dd,11, #A09785
5367df0ddf386799e1dd,8,#F4F2E6
5367df0ddf386799e1dd,26, #D7CEB9
5371a4eb521cd612835a,37, #CCC8BB
5371a4eb521cd612835a,8, #ADA99F
5371a4eb521cd612835a,9, #8B897F
5371a4eb521cd612835a,26, #3C3D38
5371a4eb521cd612835a,4,#F2EFE7
5371a4eb521cd612835a,12, #696860
5373266a404a49fe57be,18, #AEAA92
5373266a404a49fe57be,11, #918F7B
5373266a404a49fe57be,19, #D0CBB3
5373266a404a49fe57be,13, #4B4A3B
5373266a404a49fe57be,20,#79765F
5373266a404a49fe57be,0, #FEFEF2
5373266a404a49fe57be,15, #EFE7D2
53769b0a6eeb8aa7f483,27, #8E8171
53769b0a6eeb8aa7f483,41, #EEE2BD
53769b0a6eeb8aa7f483,0, #564B3D
53769b0a6eeb8aa7f483,24, #C8BA9D
53769b0a6eeb8aa7f483,0, #352C1D
53769b0a6eeb8aa7f483,5,#F9F8F2
5382d89741c2893fc77c,14, #AAA590
5382d89741c2893fc77c,23,#D7D1B9
5382d89741c2893fc77c,22, #F6F5E1
5382d89741c2893fc77c,9, #6B685A
5382d89741c2893fc77c,9, #878372
5382d89741c2893fc77c,12, #525246
5382d89741c2893fc77c,7, #393932
538c16ad61e1c35682ca,28, #716864
538c16ad61e1c35682ca,1,#FDFBF2
538c16ad61e1c35682ca,3, #463F3E
538c16ad61e1c35682ca,17, #B7AEA3
538c16ad61e1c35682ca,19, #989087
538c16ad61e1c35682ca,30, #DCD1C4
539bc5dd814a3ba5f6e9,13, #3A3B36
539bc5dd814a3ba5f6e9,24, #6B6B61
539bc5dd814a3ba5f6e9,13, #9A978D
539bc5dd814a3ba5f6e9,39, #BAB7AC
539bc5dd814a3ba5f6e9,6, #DCD8CB
539bc5dd814a3ba5f6e9,2,#F8F6F1
539c022f2af17abb1285,8, #C9C7BB
539c022f2af17abb1285,57, #6F665E
539c022f2af17abb1285,6,#F0EDE3
539c022f2af17abb1285,10, #40372D
539c022f2af17abb1285,1, #12100D
539c022f2af17abb1285,15, #99968F
539d8f5f67b519f27c15,23, #463723
539d8f5f67b519f27c15,9,#F3F3E7
539d8f5f67b519f27c15,26, #CBC6A8
539d8f5f67b519f27c15,14, #65573A
539d8f5f67b519f27c15,9, #9A937D
539d8f5f67b519f27c15,16, #837655
53a2a6c25a6d6b6eb348,7, #646055
53a2a6c25a6d6b6eb348,11, #817C71
53a2a6c25a6d6b6eb348,9, #434139
53a2a6c25a6d6b6eb348,17, #D9D4C5
53a2a6c25a6d6b6eb348,15, #A09B8F
53a2a6c25a6d6b6eb348,28,#F6F5EB
53a2a6c25a6d6b6eb348,10, #BEB9AB
53b3473d4d6ad03edbd6,1, #3B3830
53b3473d4d6ad03edbd6,7, #7A725F
53b3473d4d6ad03edbd6,11, #585244
53b3473d4d6ad03edbd6,42,#F6F2E2
53b3473d4d6ad03edbd6,22, #9F9783
53b3473d4d6ad03edbd6,14, #CFC7AF
53bf8a5076dedbc2ab4d,47, #553927
53bf8a5076dedbc2ab4d,2, #C8C6B7
53bf8a5076dedbc2ab4d,2, #B3A88A
53bf8a5076dedbc2ab4d,2, #918A75
53bf8a5076dedbc2ab4d,33,#14120B
53bf8a5076dedbc2ab4d,11, #6E644F
53c584661e8708cc1c11,0, #4D4E43
53c584661e8708cc1c11,3, #6B5210
53c584661e8708cc1c11,0, #84877C
53c584661e8708cc1c11,0, #696C60
53c584661e8708cc1c11,0, #957C26
53c584661e8708cc1c11,95,#2D2612
53c584661e8708cc1c11,0, #ABAC9B
53c81c2487247692be98,47,#110B06
53c81c2487247692be98,2, #A79680
53c81c2487247692be98,6, #655B4D
53c81c2487247692be98,0, #817F74
53c81c2487247692be98,3, #906D4B
53c81c2487247692be98,37, #3F2818
53c81c2487247692be98,0, #B9B7AA
53c855d4195f94faf1b9,1, #A79674
53c855d4195f94faf1b9,51, #413D34
53c855d4195f94faf1b9,0, #BEAE8B
53c855d4195f94faf1b9,5,#8D7552
53c855d4195f94faf1b9,14, #1A1714
53c855d4195f94faf1b9,26, #635946
53c940bfaf049793bacf,12, #80796E
53c940bfaf049793bacf,5,#FAF8F0
53c940bfaf049793bacf,49, #DED4C1
53c940bfaf049793bacf,2, #39332F
53c940bfaf049793bacf,23, #B2A996
53c940bfaf049793bacf,6, #5E564F
53cc7f5cade19893c84d,1, #604E34
53cc7f5cade19893c84d,8,#FBFAF5
53cc7f5cade19893c84d,43, #C2BDA5
53cc7f5cade19893c84d,5, #E3E0D1
53cc7f5cade19893c84d,29, #A09B85
53cc7f5cade19893c84d,11, #817458
53d8a3bafefda8ff4609,17, #7E7868
53d8a3bafefda8ff4609,4, #423F34
53d8a3bafefda8ff4609,15, #5F5B4D
53d8a3bafefda8ff4609,24, #D0C9B3
53d8a3bafefda8ff4609,29, #A49D8B
53d8a3bafefda8ff4609,7,#F7F5EB
53d91665c83af4527f50,9, #C1BAAA
53d91665c83af4527f50,5,#847D70
53d91665c83af4527f50,13, #A29B8E
53d91665c83af4527f50,31, #FAF7F2
53d91665c83af4527f50,27, #DFD8C8
53d91665c83af4527f50,11, #5B554A
53de6b8fdb507590be54,25, #7D7153
53de6b8fdb507590be54,41,#55493F
53de6b8fdb507590be54,2, #090806
53de6b8fdb507590be54,5, #BEBBB2
53de6b8fdb507590be54,10, #EFEDE2
53de6b8fdb507590be54,6, #9A9692
53de6b8fdb507590be54,9, #29221D
53e8222836929238ad82,0, #867753
53e8222836929238ad82,0, #9C8B61
53e8222836929238ad82,22, #14110A
53e8222836929238ad82,3, #716546
53e8222836929238ad82,42, #554D3C
53e8222836929238ad82,29,#2F2A22
53edb78380cc3ee6f27c,23, #9C8D72
53edb78380cc3ee6f27c,3, #E8D089
53edb78380cc3ee6f27c,39,#633F37
53edb78380cc3ee6f27c,0, #BAB8B3
53edb78380cc3ee6f27c,17, #1D1616
53edb78380cc3ee6f27c,6, #E5E3D0
53edb78380cc3ee6f27c,10, #CBA95F
53fe2d004ee34313581e,12, #746439
53fe2d004ee34313581e,33, #211B12
53fe2d004ee34313581e,4, #BEB688
53fe2d004ee34313581e,34,#51462A
53fe2d004ee34313581e,9, #867D54
53fe2d004ee34313581e,2, #D9D5AB
53fe2d004ee34313581e,3, #A9A174
53fe40eb0eb03298e95e,10, #574739
53fe40eb0eb03298e95e,2, #39261B
53fe40eb0eb03298e95e,36, #ABA28F
53fe40eb0eb03298e95e,0,#FAFAF4
53fe40eb0eb03298e95e,45, #DDDBCC
53fe40eb0eb03298e95e,4, #816F5B
5406a1607e5890c8a6c5,0,#FCF6E6
5406a1607e5890c8a6c5,26, #E6DFD0
5406a1607e5890c8a6c5,6, #AAA495
5406a1607e5890c8a6c5,38, #524F45
5406a1607e5890c8a6c5,26, #807B6D
5406a1607e5890c8a6c5,1, #CDC6B7
5410cc9720c1f298e445,46,#1C160D
5410cc9720c1f298e445,5, #A07B39
5410cc9720c1f298e445,3, #D4C197
5410cc9720c1f298e445,6, #B0945D
5410cc9720c1f298e445,23, #423724
5410cc9720c1f298e445,2, #EAE2BE
5410cc9720c1f298e445,12, #715D33
541324d1ed05bfd286ef,3, #B4A776
541324d1ed05bfd286ef,3, #A5895A
541324d1ed05bfd286ef,50,#252016
541324d1ed05bfd286ef,14, #896D42
541324d1ed05bfd286ef,27, #584128
541324d1ed05bfd286ef,1, #804C2A
5413640a97e9e79b5b61,0, #9A969B
5413640a97e9e79b5b61,53,#322C26
5413640a97e9e79b5b61,0, #706C6A
5413640a97e9e79b5b61,2, #6C5029
5413640a97e9e79b5b61,3, #886F43
5413640a97e9e79b5b61,34, #11110C
5413640a97e9e79b5b61,5, #514B40
5413ed3f03b6d9c401a2,2, #A89576
5413ed3f03b6d9c401a2,0, #AE8D48
5413ed3f03b6d9c401a2,2, #BCB094
5413ed3f03b6d9c401a2,4, #8C6B41
5413ed3f03b6d9c401a2,5, #68583F
5413ed3f03b6d9c401a2,18, #49311D
5413ed3f03b6d9c401a2,66,#15120F
54142e951d91c59b3b60,4, #C7C4BA
54142e951d91c59b3b60,1, #3D3D38
54142e951d91c59b3b60,3, #AEABA4
54142e951d91c59b3b60,6, #565550
54142e951d91c59b3b60,8, #74736C
54142e951d91c59b3b60,70,#ECE9DB
54142e951d91c59b3b60,5, #95938C
541517f800ada1b13ae0,5, #BBB6A3
541517f800ada1b13ae0,1, #494739
541517f800ada1b13ae0,71,#F8F0DA
541517f800ada1b13ae0,9, #DAD1B9
541517f800ada1b13ae0,5, #9C9886
541517f800ada1b13ae0,7, #716E5C
541a9186c4bbd467cc2e,48, #746855
541a9186c4bbd467cc2e,7,#E6E4D8
541a9186c4bbd467cc2e,8, #171412
541a9186c4bbd467cc2e,9, #BDBDB3
541a9186c4bbd467cc2e,9, #989288
541a9186c4bbd467cc2e,17, #50443B
541e15d977cf448d8609,10, #44463F
541e15d977cf448d8609,23, #706B51
541e15d977cf448d8609,0, #EEE5BE
541e15d977cf448d8609,24, #948E6F
541e15d977cf448d8609,35, #1A2025
541e15d977cf448d8609,5,#BBB49B
541ef277c381ef1b6db5,4, #8E877C
541ef277c381ef1b6db5,10, #F1F2EE
541ef277c381ef1b6db5,6, #71655D
541ef277c381ef1b6db5,10, #5B4C43
541ef277c381ef1b6db5,23, #D7D7C4
541ef277c381ef1b6db5,25,#B1AD9E
541ef277c381ef1b6db5,19, #45342C
541f544fab4926123da3,14, #917264
541f544fab4926123da3,6, #301619
541f544fab4926123da3,0,#BABAC6
541f544fab4926123da3,57, #603D37
541f544fab4926123da3,8, #E6E4D5
541f544fab4926123da3,12, #C4B187
542392e8295d497bc78e,3, #9C9483
542392e8295d497bc78e,24, #F8F6EE
542392e8295d497bc78e,0, #6F7168
542392e8295d497bc78e,4, #555045
542392e8295d497bc78e,5, #C7C0AB
542392e8295d497bc78e,8, #2C2520
542392e8295d497bc78e,52,#E0DAC6
543d58595098cc130e52,16,#302B1F
543d58595098cc130e52,23, #554630
543d58595098cc130e52,22, #C3B89C
543d58595098cc130e52,6, #8F674C
543d58595098cc130e52,10, #6D5D40
543d58595098cc130e52,20, #A48F64
5446cb45ae25da76ffd4,18, #706E64
5446cb45ae25da76ffd4,21, #D4CFC1
5446cb45ae25da76ffd4,6, #F8F6EC
5446cb45ae25da76ffd4,17, #AFAB9F
5446cb45ae25da76ffd4,22,#939084
5446cb45ae25da76ffd4,2, #31302B
5446cb45ae25da76ffd4,10, #504D46
544731a57d90827d3d15,14, #C2C1AF
544731a57d90827d3d15,17, #6E6346
544731a57d90827d3d15,32,#8A8067
544731a57d90827d3d15,0, #2E2E2A
544731a57d90827d3d15,23, #C1A679
544731a57d90827d3d15,5, #EDE4B9
544731a57d90827d3d15,7, #4E4836
5449817a22d5546b3b6b,17, #757775
5449817a22d5546b3b6b,28, #A6ADA9
5449817a22d5546b3b6b,17, #8E8F89
5449817a22d5546b3b6b,3, #493927
5449817a22d5546b3b6b,15,#BAC1BF
5449817a22d5546b3b6b,17, #635545
544b9d1ac747e704b183,7, #C4BFB3
544b9d1ac747e704b183,1, #605C4F
544b9d1ac747e704b183,2, #7D796B
544b9d1ac747e704b183,0, #423E34
544b9d1ac747e704b183,82,#F1EDE4
544b9d1ac747e704b183,4, #9B9689
544c61ddf5ed72f6dd4b,9, #907E56
544c61ddf5ed72f6dd4b,2, #CCBE98
544c61ddf5ed72f6dd4b,22, #372817
544c61ddf5ed72f6dd4b,52,#050401
544c61ddf5ed72f6dd4b,8, #6A533B
544c61ddf5ed72f6dd4b,3, #E2DFCD
544c61ddf5ed72f6dd4b,1, #BCA97B
54556412954cef1f21cf,6, #31312A
54556412954cef1f21cf,13, #DDD6CA
54556412954cef1f21cf,2,#FAF8F4
54556412954cef1f21cf,24, #857F73
54556412954cef1f21cf,15, #504E45
54556412954cef1f21cf,37, #BAB2A0
54566042c0d50a2daee2,3, #CCC5B5
54566042c0d50a2daee2,33,#F1ECDE
54566042c0d50a2daee2,9, #767165
54566042c0d50a2daee2,3, #AAA394
54566042c0d50a2daee2,3, #22201C
54566042c0d50a2daee2,44, #44413A
545aa16a4744bbc3cd6c,21, #E0DCC7
545aa16a4744bbc3cd6c,10, #7C7260
545aa16a4744bbc3cd6c,2, #FAFAF8
545aa16a4744bbc3cd6c,12, #BBB6A2
545aa16a4744bbc3cd6c,17, #3C322C
545aa16a4744bbc3cd6c,7, #98907E
545aa16a4744bbc3cd6c,28,#5E5348
546baccfb6e515e05161,3, #9E8E62
546baccfb6e515e05161,50,#211E13
546baccfb6e515e05161,17, #4E432A
546baccfb6e515e05161,16, #87704A
546baccfb6e515e05161,4, #B3A473
546baccfb6e515e05161,7, #C6BC90
546c90c896526894a294,11, #C7BCA7
546c90c896526894a294,13, #7B766D
546c90c896526894a294,10, #948E83
546c90c896526894a294,39,#E8DFD1
546c90c896526894a294,0, #383632
546c90c896526894a294,10, #58554F
546c90c896526894a294,13, #ABA497
5470950fafc8cc3bb43d,42,#F6F6EB
5470950fafc8cc3bb43d,10, #65675D
5470950fafc8cc3bb43d,14, #B6B6AC
5470950fafc8cc3bb43d,14, #DBDACF
5470950fafc8cc3bb43d,15, #8F9084
5470950fafc8cc3bb43d,2, #494B45
5471d6af39a7a5d017e2,42, #343221
5471d6af39a7a5d017e2,47, #776A41
5471d6af39a7a5d017e2,0, #F3F2D4
5471d6af39a7a5d017e2,5,#10110D
5471d6af39a7a5d017e2,3, #A59766
5471d6af39a7a5d017e2,1, #D5C892
547425d8ddbcd57eaa88,12, #C5C1B1
547425d8ddbcd57eaa88,9, #5A574C
547425d8ddbcd57eaa88,46,#F0EEE2
547425d8ddbcd57eaa88,3, #3B3933
547425d8ddbcd57eaa88,14, #A29E90
547425d8ddbcd57eaa88,14, #7E7B6D
547b1945ef66eed5a9ad,8, #78633C
547b1945ef66eed5a9ad,65,#171109
547b1945ef66eed5a9ad,1, #B2A37A
547b1945ef66eed5a9ad,3, #594428
547b1945ef66eed5a9ad,2, #978861
547b1945ef66eed5a9ad,17, #462614
547b1945ef66eed5a9ad,0, #70310F
547ca6763603d5c85f45,16, #968C76
547ca6763603d5c85f45,0,#FDFDF9
547ca6763603d5c85f45,1, #6A5D4A
547ca6763603d5c85f45,0, #F4EAC2
547ca6763603d5c85f45,34, #3F3A2D
547ca6763603d5c85f45,45, #CBC0A2
5481d88eff8654bc5f6f,29, #0F1109
5481d88eff8654bc5f6f,1, #A59263
5481d88eff8654bc5f6f,32, #675632
5481d88eff8654bc5f6f,2, #8D784B
5481d88eff8654bc5f6f,32,#372B1A
5481d88eff8654bc5f6f,2, #CBBA83
5484ba243359e6f0cef6,78, #F2EDDE
5484ba243359e6f0cef6,0, #2F2C24
5484ba243359e6f0cef6,3, #767061
5484ba243359e6f0cef6,0,#504B3F
5484ba243359e6f0cef6,7, #A19B8A
5484ba243359e6f0cef6,9, #C6BFA9
54899f349cc147c40ea5,2, #D4CBB3
54899f349cc147c40ea5,24, #705E52
54899f349cc147c40ea5,11, #95897D
54899f349cc147c40ea5,17,#F6F4E7
54899f349cc147c40ea5,40, #47342C
54899f349cc147c40ea5,3, #B3A897
548eec5b10211a527846,73,#F6F0DE
548eec5b10211a527846,1, #837D6F
548eec5b10211a527846,15, #D8D2C1
548eec5b10211a527846,4, #BEB8A8
548eec5b10211a527846,0, #6C6558
548eec5b10211a527846,0, #49443A
548eec5b10211a527846,5, #9F9A8B
5498f9f4650e15f4ca2b,0, #37362E
5498f9f4650e15f4ca2b,44, #F4EFE2
5498f9f4650e15f4ca2b,17, #827F74
5498f9f4650e15f4ca2b,16, #ABA79B
5498f9f4650e15f4ca2b,7, #56544A
5498f9f4650e15f4ca2b,13,#D3CDC2
54aded91e8ac7fc266ca,3, #484540
54aded91e8ac7fc266ca,0, #FCF8ED
54aded91e8ac7fc266ca,21, #BCB6A8
54aded91e8ac7fc266ca,16, #9A9589
54aded91e8ac7fc266ca,23,#66625B
54aded91e8ac7fc266ca,20, #817C72
54aded91e8ac7fc266ca,13, #E3DCCE
54c5831aeaea236e1bac,14, #7D6A43
54c5831aeaea236e1bac,2, #B19873
54c5831aeaea236e1bac,1, #D5C28E
54c5831aeaea236e1bac,12,#19170A
54c5831aeaea236e1bac,68, #423B21
54c5831aeaea236e1bac,0, #F3ECBF
54ccb4ce5693ffb43f98,17, #C7B19A
54ccb4ce5693ffb43f98,6, #693B23
54ccb4ce5693ffb43f98,8,#E0DEDF
54ccb4ce5693ffb43f98,33, #7D6B59
54ccb4ce5693ffb43f98,10, #A3917E
54ccb4ce5693ffb43f98,22, #301E14
54ccd2dd944271891cb0,1, #A79E7D
54ccd2dd944271891cb0,1, #C0B690
54ccd2dd944271891cb0,44,#5C4D34
54ccd2dd944271891cb0,6, #6A695C
54ccd2dd944271891cb0,20, #453C2C
54ccd2dd944271891cb0,1, #2B2519
54ccd2dd944271891cb0,23, #887A5A
54d0129d95f32cca1749,0, #AAA89E
54d0129d95f32cca1749,84, #DCD9CD
54d0129d95f32cca1749,0,#FDF9EB
54d0129d95f32cca1749,5, #63665B
54d0129d95f32cca1749,6, #494A42
54d0129d95f32cca1749,1, #818277
54d2132f101a86bf68ac,20, #B1AEA7
54d2132f101a86bf68ac,35,#DEDBD2
54d2132f101a86bf68ac,4, #333231
54d2132f101a86bf68ac,8, #5F5D59
54d2132f101a86bf68ac,16, #F5F3EB
54d2132f101a86bf68ac,14, #85837E
54dc1ec833f1866c8f83,11, #201E12
54dc1ec833f1866c8f83,3, #C4C393
54dc1ec833f1866c8f83,6,#AAA163
54dc1ec833f1866c8f83,10, #897E44
54dc1ec833f1866c8f83,29, #DFDEC2
54dc1ec833f1866c8f83,38, #714A22
54dcf46e2046888b9b9f,10, #988163
54dcf46e2046888b9b9f,59, #604A36
54dcf46e2046888b9b9f,4, #D1C7A6
54dcf46e2046888b9b9f,6,#B6A57E
54dcf46e2046888b9b9f,8, #EFEFE3
54dcf46e2046888b9b9f,11, #20160F
54e57eeea0314060f36b,17, #716E60
54e57eeea0314060f36b,12, #4C4A3F
54e57eeea0314060f36b,17,#BEBAAB
54e57eeea0314060f36b,12, #DBD8C7
54e57eeea0314060f36b,16, #F5F4EC
54e57eeea0314060f36b,9, #8A8678
54e57eeea0314060f36b,13, #A09D8F
54e7c40ab6b25d84b4eb,1, #82775E
54e7c40ab6b25d84b4eb,1, #635742
54e7c40ab6b25d84b4eb,3, #BCB197
54e7c40ab6b25d84b4eb,2, #A18C6C
54e7c40ab6b25d84b4eb,20,#463F35
54e7c40ab6b25d84b4eb,68, #1A1A16
54ea442ff7da01527708,0, #1F1A13
54ea442ff7da01527708,3, #78683E
54ea442ff7da01527708,65,#362B1F
54ea442ff7da01527708,21, #55422B
54ea442ff7da01527708,6, #6C572D
54ea442ff7da01527708,1, #8B7642
54ea442ff7da01527708,0, #9D854C
54f28a153631c8f1776e,6, #968661
54f28a153631c8f1776e,21, #7C6235
54f28a153631c8f1776e,0, #B89B14
54f28a153631c8f1776e,18, #38302D
54f28a153631c8f1776e,2, #B8A67B
54f28a153631c8f1776e,51,#1A140D
54f28a153631c8f1776e,0, #9C3B29
54f5259668c7132cda0b,25, #2E201B
54f5259668c7132cda0b,21, #52453E
54f5259668c7132cda0b,4, #9E958E
54f5259668c7132cda0b,10,#EAE7D6
54f5259668c7132cda0b,36, #746A63
54f5259668c7132cda0b,0, #C2BBB0
54fb4803f3f14d4e75db,41, #C0BEB5
54fb4803f3f14d4e75db,5, #403C30
54fb4803f3f14d4e75db,16, #16130D
54fb4803f3f14d4e75db,27, #8E8B81
54fb4803f3f14d4e75db,4,#EAE8DA
54fb4803f3f14d4e75db,4, #605D51
5502728dc8366ba19c20,14, #E0DECF
5502728dc8366ba19c20,18, #9C9179
5502728dc8366ba19c20,5, #5F4F39
5502728dc8366ba19c20,19,#F7F7F4
5502728dc8366ba19c20,36, #CCC4AA
5502728dc8366ba19c20,6, #7B694D
55064d218d5f6a33532a,7, #B9B382
55064d218d5f6a33532a,0, #E6C54B
55064d218d5f6a33532a,14, #A99654
55064d218d5f6a33532a,1, #EAE3AB
55064d218d5f6a33532a,23,#1D180C
55064d218d5f6a33532a,53, #8D5C2C
550a484bdad215e53c62,1, #A59679
550a484bdad215e53c62,27, #3C2A1C
550a484bdad215e53c62,2, #7B6844
550a484bdad215e53c62,0, #B5AD8E
550a484bdad215e53c62,51,#1D130E
550a484bdad215e53c62,3, #8C7C59
550a484bdad215e53c62,12, #614931
550e4dad3e5cda0f01aa,1, #645D4A
550e4dad3e5cda0f01aa,6, #BEB8A2
550e4dad3e5cda0f01aa,4, #DCD8C6
550e4dad3e5cda0f01aa,61,#F5F4E9
550e4dad3e5cda0f01aa,16, #9F9883
550e4dad3e5cda0f01aa,9, #7F7760
55175b52562cbf16b29c,13, #948E75
55175b52562cbf16b29c,9, #323020
55175b52562cbf16b29c,19, #C1B798
55175b52562cbf16b29c,35,#F2E8C9
55175b52562cbf16b29c,1, #0E0E04
55175b52562cbf16b29c,21, #635F4A
55196bb065be84ae4f93,2,#FAF9F0
55196bb065be84ae4f93,29, #918D7D
55196bb065be84ae4f93,30, #C1BBA7
55196bb065be84ae4f93,17, #6F6C60
55196bb065be84ae4f93,0, #E3E0CA
55196bb065be84ae4f93,18, #43453D
5519e2f37bf481dfabd8,4, #51411E
5519e2f37bf481dfabd8,15, #402F0F
5519e2f37bf481dfabd8,7, #695D3B
5519e2f37bf481dfabd8,4, #817652
5519e2f37bf481dfabd8,5, #988C65
5519e2f37bf481dfabd8,0, #ACA584
5519e2f37bf481dfabd8,62,#160F04
551c9a2308f965a7bdc1,50, #F4F1E8
551c9a2308f965a7bdc1,14, #A89B81
551c9a2308f965a7bdc1,12, #746852
551c9a2308f965a7bdc1,5,#443A2B
551c9a2308f965a7bdc1,0, #170F09
551c9a2308f965a7bdc1,16, #D3CAB2
552745fbef1aaa427cf0,9, #FAF8F0
552745fbef1aaa427cf0,7, #6F6A5C
552745fbef1aaa427cf0,3, #46443A
552745fbef1aaa427cf0,16, #CBC6B3
552745fbef1aaa427cf0,48,#E8E3D1
552745fbef1aaa427cf0,8, #949080
552745fbef1aaa427cf0,7, #AEA996
552be809fd32c6f297d2,4, #DED5A7
552be809fd32c6f297d2,7, #1B190A
552be809fd32c6f297d2,49,#3D3316
552be809fd32c6f297d2,8, #CDBA80
552be809fd32c6f297d2,16, #5F5230
552be809fd32c6f297d2,7, #A49460
552be809fd32c6f297d2,6, #7F7145
552e01bffc812da08628,15, #B59E83
552e01bffc812da08628,3, #FCF8F7
552e01bffc812da08628,18, #D0BFA9
552e01bffc812da08628,5, #99876F
552e01bffc812da08628,2, #7D6F5F
552e01bffc812da08628,53,#EFE1D1
552e01bffc812da08628,0, #685B4E
55318dcc3ed95ae35900,9, #E2DBCD
55318dcc3ed95ae35900,14, #827B72
55318dcc3ed95ae35900,24, #A89F91
55318dcc3ed95ae35900,14, #504D4A
55318dcc3ed95ae35900,33, #C7BDAB
55318dcc3ed95ae35900,3,#FAF8F6
55325e8310e915bae102,1,#D3C290
55325e8310e915bae102,24, #5F523D
55325e8310e915bae102,49, #987B5B
55325e8310e915bae102,0, #EADFAF
55325e8310e915bae102,18, #373227
55325e8310e915bae102,5, #C0A976
553311ece72b09872f0e,39,#634829
553311ece72b09872f0e,2, #C9BC97
553311ece72b09872f0e,18, #716442
553311ece72b09872f0e,14, #947A48
553311ece72b09872f0e,7, #3D3421
553311ece72b09872f0e,2, #B9A370
553311ece72b09872f0e,14, #1F2019
5534757cd0f53bcfa839,1, #4C493F
5534757cd0f53bcfa839,12, #A09B8F
5534757cd0f53bcfa839,15, #C2BEB1
5534757cd0f53bcfa839,0, #FEFEFD
5534757cd0f53bcfa839,5,#7D786C
5534757cd0f53bcfa839,64, #E5E1D3
553733fc8562b3bbff40,6, #B8B4A7
553733fc8562b3bbff40,20, #545247
553733fc8562b3bbff40,12, #D8D4C6
553733fc8562b3bbff40,37,#767265
553733fc8562b3bbff40,1, #393831
553733fc8562b3bbff40,10, #F8F7F0
553733fc8562b3bbff40,10, #989487
553a52b54711b3e18482,5, #8D8A7A
553a52b54711b3e18482,7, #B0AD99
553a52b54711b3e18482,0, #FEFEFE
553a52b54711b3e18482,1, #414036
553a52b54711b3e18482,74,#EEEBD8
553a52b54711b3e18482,5, #686554
553a52b54711b3e18482,4, #D4CFB8
554488f65eb23037b541,7, #A49C8F
554488f65eb23037b541,13, #C2BAAA
554488f65eb23037b541,52,#F7F2E5
554488f65eb23037b541,16, #DCD4C3
554488f65eb23037b541,6, #837B71
554488f65eb23037b541,2, #5E5750
554488f65eb23037b541,0, #433D39
55450d3e69764698a39b,10, #49453E
55450d3e69764698a39b,8, #908A79
55450d3e69764698a39b,12,#B1AB9A
55450d3e69764698a39b,31, #F5F3E2
55450d3e69764698a39b,9, #716C62
55450d3e69764698a39b,27, #D4CAB3
554b9b0ba46d1b9fae86,7, #807C6B
554b9b0ba46d1b9fae86,0,#FDFAE6
554b9b0ba46d1b9fae86,6, #635F52
554b9b0ba46d1b9fae86,2, #434139
554b9b0ba46d1b9fae86,20, #AAA493
554b9b0ba46d1b9fae86,61, #E0D9C3
554e7b6868491b62f1e3,11, #757268
554e7b6868491b62f1e3,7,#969387
554e7b6868491b62f1e3,9, #32312A
554e7b6868491b62f1e3,6, #58574D
554e7b6868491b62f1e3,49, #EBE6D7
554e7b6868491b62f1e3,15, #C1BCB0
55514337308856650b0e,15, #ABA89B
55514337308856650b0e,3, #464339
55514337308856650b0e,8, #646155
55514337308856650b0e,54,#F0EFDF
55514337308856650b0e,10, #827F73
55514337308856650b0e,7, #D3D2C2
5555d26d30fcac4d505a,26, #433621
5555d26d30fcac4d505a,10, #85744F
5555d26d30fcac4d505a,7,#B5AE99
5555d26d30fcac4d505a,23, #9F9579
5555d26d30fcac4d505a,12, #251F15
5555d26d30fcac4d505a,18, #63553B
555a4201fd9da30cc040,22,#9C9784
555a4201fd9da30cc040,8, #575549
555a4201fd9da30cc040,20, #DED8C2
555a4201fd9da30cc040,18, #C3BDA7
555a4201fd9da30cc040,3, #38382F
555a4201fd9da30cc040,10, #7A7565
555a4201fd9da30cc040,16, #F4F1E3
55693a7878d8447d037a,1, #3F3B31
55693a7878d8447d037a,9, #5D5749
55693a7878d8447d037a,2,#F8F6F1
55693a7878d8447d037a,2, #DDD6C8
55693a7878d8447d037a,46, #BBAE97
55693a7878d8447d037a,38, #8B8272
556a155dc69620a99241,26, #5E4D41
556a155dc69620a99241,30, #32241F
556a155dc69620a99241,15, #796B5F
556a155dc69620a99241,7, #9E958A
556a155dc69620a99241,17, #C4BBAA
556a155dc69620a99241,3,#F2EEE2
556eb0e15608a08f6bc2,5, #322F24
556eb0e15608a08f6bc2,21, #CAC5A6
556eb0e15608a08f6bc2,31, #9C977B
556eb0e15608a08f6bc2,17, #736E52
556eb0e15608a08f6bc2,9,#56523B
556eb0e15608a08f6bc2,14, #E5E0C7
558255ee721990b4df0d,0,#FDFCF1
558255ee721990b4df0d,7, #E6E0D0
558255ee721990b4df0d,1, #5F5954
558255ee721990b4df0d,11, #7D7670
558255ee721990b4df0d,28, #979389
558255ee721990b4df0d,51, #C1BBAC
558427b12225c3f13dff,6, #2C2625
558427b12225c3f13dff,47,#4E4541
558427b12225c3f13dff,23, #72675D
558427b12225c3f13dff,3, #F6F6F1
558427b12225c3f13dff,0, #DCD8C6
558427b12225c3f13dff,16, #9D9382
558427b12225c3f13dff,2, #C6BEA7
5585137c1f7554f84f3d,1, #F7F2ED
5585137c1f7554f84f3d,0, #D6CDC6
5585137c1f7554f84f3d,19, #49392F
5585137c1f7554f84f3d,8, #16100B
5585137c1f7554f84f3d,0, #B9AFA7
5585137c1f7554f84f3d,4, #8F837D
5585137c1f7554f84f3d,65,#67564C
558d57d158cabcd058c3,29,#111109
558d57d158cabcd058c3,19, #4A311C
558d57d158cabcd058c3,14, #211E14
558d57d158cabcd058c3,0, #827A5A
558d57d158cabcd058c3,14, #6E6545
558d57d158cabcd058c3,20, #5F4E30
55903ae4c299d4f39099,1, #D1CCB1
55903ae4c299d4f39099,14, #736745
55903ae4c299d4f39099,12, #2A2922
55903ae4c299d4f39099,63,#484535
55903ae4c299d4f39099,2, #B3AE8F
55903ae4c299d4f39099,4, #938762
55903ae4c299d4f39099,0, #CAB275
55919ce25325762b1bf8,13, #656359
55919ce25325762b1bf8,4, #EFEDDD
55919ce25325762b1bf8,2, #47463D
55919ce25325762b1bf8,0, #FEFEFE
55919ce25325762b1bf8,15, #868477
55919ce25325762b1bf8,36,#CBC7B6
55919ce25325762b1bf8,26, #A5A192
559445946a82018ebe8a,13, #B7B09D
559445946a82018ebe8a,15, #9D9686
559445946a82018ebe8a,12,#F6F3E8
559445946a82018ebe8a,13, #555245
559445946a82018ebe8a,20, #7D7868
559445946a82018ebe8a,25, #D6CFBB
559ccfdfdbc7d9cddf20,24, #5F4128
559ccfdfdbc7d9cddf20,38,#38281A
559ccfdfdbc7d9cddf20,11, #12110F
559ccfdfdbc7d9cddf20,2, #BCAF78
559ccfdfdbc7d9cddf20,9, #A99553
559ccfdfdbc7d9cddf20,14, #7C6C42
559ccfdfdbc7d9cddf20,0, #C8C09B
559e63fdad093c28cb13,20, #ACA684
559e63fdad093c28cb13,20, #CFCDA9
559e63fdad093c28cb13,14, #8E8A6E
559e63fdad093c28cb13,10, #616355
559e63fdad093c28cb13,4, #16100B
559e63fdad093c28cb13,26,#3F3622
559e63fdad093c28cb13,2, #887149
55a0598f5218dde26d6f,9, #B0AC9A
55a0598f5218dde26d6f,41, #CFCBBA
55a0598f5218dde26d6f,25,#F5F2E3
55a0598f5218dde26d6f,7, #7D7867
55a0598f5218dde26d6f,5, #5D5A4A
55a0598f5218dde26d6f,10, #969280
55a94468d1928ea807a1,2, #A59770
55a94468d1928ea807a1,1, #725B36
55a94468d1928ea807a1,0, #BDB391
55a94468d1928ea807a1,1, #927E54
55a94468d1928ea807a1,9, #4D3419
55a94468d1928ea807a1,84,#1D1308
55a94468d1928ea807a1,1, #826D45
55b183e84aa862bc1577,9, #BBB19B
55b183e84aa862bc1577,11,#F7F6F2
55b183e84aa862bc1577,11, #4A3B33
55b183e84aa862bc1577,4, #9C9282
55b183e84aa862bc1577,54, #DCD7C7
55b183e84aa862bc1577,8, #796B5A
55c384c1112682791055,19, #231D11
55c384c1112682791055,1, #CFC592
55c384c1112682791055,41,#3B3624
55c384c1112682791055,0, #908150
55c384c1112682791055,15, #96967C
55c384c1112682791055,5, #696E5F
55c384c1112682791055,14, #6F5537
55c7de194582d85c8d72,5,#F6F6ED
55c7de194582d85c8d72,23, #847C61
55c7de194582d85c8d72,32, #A19A7E
55c7de194582d85c8d72,3, #D7D4BF
55c7de194582d85c8d72,11, #C3BEA3
55c7de194582d85c8d72,24, #5D5B51
55c8d4e6ec987fa8988d,0,#E5DED5
55c8d4e6ec987fa8988d,42, #A29177
55c8d4e6ec987fa8988d,3, #504D46
55c8d4e6ec987fa8988d,13, #6B6357
55c8d4e6ec987fa8988d,16, #CDBEA6
55c8d4e6ec987fa8988d,23, #80796F
55ce930a12acb485b44a,11, #959889
55ce930a12acb485b44a,7, #63685D
55ce930a12acb485b44a,51, #F3F1D8
55ce930a12acb485b44a,4, #2D322A
55ce930a12acb485b44a,24,#C3C2B0
55ce930a12acb485b44a,0, #060A06
55d775cf5c42743b8129,30, #979581
55d775cf5c42743b8129,21, #6C6A5A
55d775cf5c42743b8129,4,#F7F4DE
55d775cf5c42743b8129,10, #45453B
55d775cf5c42743b8129,13, #DDD8C3
55d775cf5c42743b8129,19, #C1BEA9
55ef521c742cfb13f76c,9, #958F80
55ef521c742cfb13f76c,9,#F9F5DF
55ef521c742cfb13f76c,18, #B9B2A0
55ef521c742cfb13f76c,10, #413E38
55ef521c742cfb13f76c,36, #DFD8C2
55ef521c742cfb13f76c,15, #716B5F
55f0916177140a905d46,71,#C8C2A7
55f0916177140a905d46,1, #514E3E
55f0916177140a905d46,5, #736E5A
55f0916177140a905d46,0, #E0D9BD
55f0916177140a905d46,0, #38352A
55f0916177140a905d46,9, #B0AA91
55f0916177140a905d46,10, #97927A
5603f582e571beab108c,62, #E8E5DA
5603f582e571beab108c,3, #574438
5603f582e571beab108c,5, #766553
5603f582e571beab108c,0,#FFFEFD
5603f582e571beab108c,18, #C4BAA3
5603f582e571beab108c,9, #968B78
5607d93e0be32430019e,19,#F1E4D0
5607d93e0be32430019e,14, #474441
5607d93e0be32430019e,17, #ABA291
5607d93e0be32430019e,7, #8E8679
5607d93e0be32430019e,15, #706A60
5607d93e0be32430019e,25, #CFC4B1
5610558322d4a6046e0c,17, #686659
5610558322d4a6046e0c,19, #ABA794
5610558322d4a6046e0c,12, #504F43
5610558322d4a6046e0c,3, #38382F
5610558322d4a6046e0c,6, #F5F1DC
5610558322d4a6046e0c,23,#D3CCB4
5610558322d4a6046e0c,16, #878374
561365dee872d0a547f8,3, #A8936E
561365dee872d0a547f8,26, #625639
561365dee872d0a547f8,1, #BFB592
561365dee872d0a547f8,35,#483620
561365dee872d0a547f8,4, #8A7651
561365dee872d0a547f8,28, #16160F
5617fd77ba9a12e93330,2, #EBE3A2
5617fd77ba9a12e93330,14,#7D7861
5617fd77ba9a12e93330,12, #BEBA9B
5617fd77ba9a12e93330,35, #131312
5617fd77ba9a12e93330,25, #34322D
5617fd77ba9a12e93330,9, #E4E4E2
561d2227d098f94a064b,6, #54441E
561d2227d098f94a064b,12, #121009
561d2227d098f94a064b,2, #776039
561d2227d098f94a064b,0, #D3B977
561d2227d098f94a064b,72,#302915
561d2227d098f94a064b,1, #BCA46B
561d2227d098f94a064b,3, #A88856
561e1d3be522ca8b257c,6, #68361D
561e1d3be522ca8b257c,3, #6D6855
561e1d3be522ca8b257c,3, #A99C7B
561e1d3be522ca8b257c,0, #C8C5A4
561e1d3be522ca8b257c,9, #555037
561e1d3be522ca8b257c,72,#2B1E0E
561e1d3be522ca8b257c,3, #898166
5621c84e853a37243407,9,#19170B
5621c84e853a37243407,40, #3C3218
5621c84e853a37243407,2, #D8C581
5621c84e853a37243407,20, #6C481A
5621c84e853a37243407,13, #AC985A
5621c84e853a37243407,13, #916B27
562875e46234176a6490,11, #5B4338
562875e46234176a6490,2,#776B54
562875e46234176a6490,82, #211E18
562875e46234176a6490,0, #DBD5B9
562875e46234176a6490,0, #B7A987
562875e46234176a6490,1, #938751
562ac3d76f468242cf6d,12, #A2A090
562ac3d76f468242cf6d,4, #C2BEAD
562ac3d76f468242cf6d,48, #E2DECB
562ac3d76f468242cf6d,5,#FAF9EF
562ac3d76f468242cf6d,10, #4D4A3D
562ac3d76f468242cf6d,19, #787567
562c0c96bd04954861fe,5, #4A3E2F
562c0c96bd04954861fe,1, #665F4F
562c0c96bd04954861fe,13, #887B64
562c0c96bd04954861fe,29, #F6F3E9
562c0c96bd04954861fe,0, #1B140B
562c0c96bd04954861fe,7, #BBAE92
562c0c96bd04954861fe,43,#D8CCB3
5631d2f218f276e70a13,1, #3A382F
5631d2f218f276e70a13,22,#726E61
5631d2f218f276e70a13,13, #545146
5631d2f218f276e70a13,24, #938F81
5631d2f218f276e70a13,36, #C4BEAE
5631d2f218f276e70a13,1, #EAE3D2
5633bea86ceba46c9091,71, #D1CAB1
5633bea86ceba46c9091,1, #6B5642
5633bea86ceba46c9091,4, #7E705D
5633bea86ceba46c9091,1, #58402E
5633bea86ceba46c9091,1,#9D8E76
5633bea86ceba46c9091,19, #BCAB88
5665a71d6fe2bdbef211,30, #A69F85
5665a71d6fe2bdbef211,26, #E2D3B0
5665a71d6fe2bdbef211,21, #65624D
5665a71d6fe2bdbef211,7,#FDFBE7
5665a71d6fe2bdbef211,6, #1A1B13
5665a71d6fe2bdbef211,7, #3D3D2E
56683ea885ce8276bc5a,0, #12100C
56683ea885ce8276bc5a,32,#736246
56683ea885ce8276bc5a,16, #DDCD96
56683ea885ce8276bc5a,17, #A48C4F
56683ea885ce8276bc5a,5, #F5EAB5
56683ea885ce8276bc5a,7, #C8AF67
56683ea885ce8276bc5a,20, #3A301F
5675b4c1748eb9a7a671,13, #A29981
5675b4c1748eb9a7a671,7, #DAD2B9
5675b4c1748eb9a7a671,0,#85765A
5675b4c1748eb9a7a671,32, #F5EED6
5675b4c1748eb9a7a671,40, #BAAE93
5675b4c1748eb9a7a671,5, #918771
567b28a1389d1f5b12d2,1,#F0E7D7
567b28a1389d1f5b12d2,9, #514C42
567b28a1389d1f5b12d2,1, #BFB7A6
567b28a1389d1f5b12d2,0, #767060
567b28a1389d1f5b12d2,1, #9F9786
567b28a1389d1f5b12d2,85, #D9D1C0
567daf6b12484c32be39,18, #8A8678
567daf6b12484c32be39,3, #444339
567daf6b12484c32be39,16,#F8F4E5
567daf6b12484c32be39,15, #686558
567daf6b12484c32be39,24, #B4AE9F
567daf6b12484c32be39,21, #D9D3C3
568109f5c0cfe789fab6,45,#3F3D33
568109f5c0cfe789fab6,12, #252420
568109f5c0cfe789fab6,3, #868666
568109f5c0cfe789fab6,25, #59533E
568109f5c0cfe789fab6,4, #766A49
568109f5c0cfe789fab6,0, #968047
568109f5c0cfe789fab6,8, #AFA872
56872976086e7814aee8,3, #48483E
56872976086e7814aee8,14, #626255
56872976086e7814aee8,0, #FCF9E7
56872976086e7814aee8,13, #C4C1B2
56872976086e7814aee8,9, #A4A194
56872976086e7814aee8,16, #807F72
56872976086e7814aee8,40,#E3E0D0
56883dda1172ba661f27,19, #F5F4ED
56883dda1172ba661f27,9, #79776B
56883dda1172ba661f27,26,#2F2E26
56883dda1172ba661f27,5, #9D9B8F
56883dda1172ba661f27,17, #D7D4C5
56883dda1172ba661f27,13, #565448
56883dda1172ba661f27,9, #BAB8AB
568b909f45714e2d8615,51, #22221F
568b909f45714e2d8615,24, #51524F
568b909f45714e2d8615,6, #777777
568b909f45714e2d8615,6,#E9EBEB
568b909f45714e2d8615,6, #979797
568b909f45714e2d8615,4, #BFC0BF
568b939b4b4f19c6f279,7, #512B15
568b939b4b4f19c6f279,2, #9E8A59
568b939b4b4f19c6f279,82,#13130E
568b939b4b4f19c6f279,0, #CFC394
568b939b4b4f19c6f279,1, #BBAA73
568b939b4b4f19c6f279,3, #89612F
568b939b4b4f19c6f279,1, #574C2F
568c4c5580d586ba991d,3, #5C584F
568c4c5580d586ba991d,37,#F5F4ED
568c4c5580d586ba991d,6, #797469
568c4c5580d586ba991d,19, #D4CFC2
568c4c5580d586ba991d,3, #383630
568c4c5580d586ba991d,17, #9A958A
568c4c5580d586ba991d,10, #BDB7AB
568fde1fe8afe236f5d2,4, #CDC5A7
568fde1fe8afe236f5d2,11, #7E7B69
568fde1fe8afe236f5d2,63, #585547
568fde1fe8afe236f5d2,4, #E2DCC5
568fde1fe8afe236f5d2,10,#F8F7EF
568fde1fe8afe236f5d2,4, #AAA590
56970fd33f75ecb82cbe,56,#E9E5D2
56970fd33f75ecb82cbe,1, #4F4537
56970fd33f75ecb82cbe,10, #CAC3AE
56970fd33f75ecb82cbe,4, #9A907D
56970fd33f75ecb82cbe,1, #6E6756
56970fd33f75ecb82cbe,21, #FBFAF3
56970fd33f75ecb82cbe,2, #30261A
56984e4ef05404d65a31,0, #2E2C25
56984e4ef05404d65a31,6, #46443B
56984e4ef05404d65a31,42,#DAD5C3
56984e4ef05404d65a31,11, #8D897C
56984e4ef05404d65a31,22, #69665A
56984e4ef05404d65a31,9, #B2AD9E
56984e4ef05404d65a31,6, #F9F5E3
5698b3aa7a1dd294228e,17, #383730
5698b3aa7a1dd294228e,4, #D8D2C1
5698b3aa7a1dd294228e,7,#BDB8A7
5698b3aa7a1dd294228e,17, #969284
5698b3aa7a1dd294228e,31, #5D5A51
5698b3aa7a1dd294228e,21, #F7F4E3
569da2b68bdd9158ce8b,3, #837B6B
569da2b68bdd9158ce8b,5, #A6A29A
569da2b68bdd9158ce8b,7, #251913
569da2b68bdd9158ce8b,11, #3C3431
569da2b68bdd9158ce8b,34,#D3CBB7
569da2b68bdd9158ce8b,24, #F6F4ED
569da2b68bdd9158ce8b,13, #625949
56a303bb5ec90b7935dd,11, #3A352E
56a303bb5ec90b7935dd,41,#F9F8F3
56a303bb5ec90b7935dd,2, #22170E
56a303bb5ec90b7935dd,4, #BBB4A6
56a303bb5ec90b7935dd,4, #908879
56a303bb5ec90b7935dd,10, #695F4D
56a303bb5ec90b7935dd,23, #E3DED0
56b063399656fbac1469,8, #C7C1A3
56b063399656fbac1469,19, #98917B
56b063399656fbac1469,12, #797362
56b063399656fbac1469,22, #D6D2B5
56b063399656fbac1469,0,#58564B
56b063399656fbac1469,36, #B4B099
56b8b0b6ab87866f09e5,13,#F1EEE6
56b8b0b6ab87866f09e5,8, #5D5E53
56b8b0b6ab87866f09e5,13, #7C7B70
56b8b0b6ab87866f09e5,24, #CCC9BD
56b8b0b6ab87866f09e5,24, #393A33
56b8b0b6ab87866f09e5,15, #A8A69C
56bf976c4fe092e1523f,0, #752F19
56bf976c4fe092e1523f,1, #B19E78
56bf976c4fe092e1523f,1, #947E5A
56bf976c4fe092e1523f,26, #553D25
56bf976c4fe092e1523f,0, #C4BDA9
56bf976c4fe092e1523f,63,#1B120D
56bf976c4fe092e1523f,6, #675E4A
56c36ab910501cbd94bf,0, #AD794D
56c36ab910501cbd94bf,11, #1D1A12
56c36ab910501cbd94bf,0,#E2DFB7
56c36ab910501cbd94bf,19, #646C52
56c36ab910501cbd94bf,44, #744C2A
56c36ab910501cbd94bf,22, #A1A680
56c54d48dcdcc69ca2ae,19, #79766D
56c54d48dcdcc69ca2ae,2,#FAF8F2
56c54d48dcdcc69ca2ae,23, #D9D4C6
56c54d48dcdcc69ca2ae,12, #373631
56c54d48dcdcc69ca2ae,20, #55534D
56c54d48dcdcc69ca2ae,21, #ABA69C
56c5daf4e36b06a120b1,31, #C0B398
56c5daf4e36b06a120b1,54, #DFD6BD
56c5daf4e36b06a120b1,7, #A4957B
56c5daf4e36b06a120b1,5, #7F745B
56c5daf4e36b06a120b1,0, #675840
56c5daf4e36b06a120b1,0,#4E412A
56c7168184c050383d5d,12,#F2EFE5
56c7168184c050383d5d,3, #C1B39A
56c7168184c050383d5d,26, #56483E
56c7168184c050383d5d,25, #DBD1B6
56c7168184c050383d5d,24, #82715F
56c7168184c050383d5d,7, #A39785
56cb4ce8cee8e5f75bb1,1,#F5F2E9
56cb4ce8cee8e5f75bb1,32, #D7D1C1
56cb4ce8cee8e5f75bb1,2, #423F35
56cb4ce8cee8e5f75bb1,25, #928D80
56cb4ce8cee8e5f75bb1,19, #6D695C
56cb4ce8cee8e5f75bb1,17, #B3AD9E
56d32d30abbec6056d12,13, #ACAFA5
56d32d30abbec6056d12,14, #786C5A
56d32d30abbec6056d12,12, #131007
56d32d30abbec6056d12,26, #75898C
56d32d30abbec6056d12,30,#58442B
56d32d30abbec6056d12,0, #9B523E
56d32d30abbec6056d12,1, #AC937A
56d3fd3a9654a64531fc,13, #545246
56d3fd3a9654a64531fc,12,#FBFAED
56d3fd3a9654a64531fc,37, #E1DAC1
56d3fd3a9654a64531fc,16, #AEA896
56d3fd3a9654a64531fc,2, #39382F
56d3fd3a9654a64531fc,17, #7D7968
56da5743f91f36b5f9ab,0, #F8F7F3
56da5743f91f36b5f9ab,11, #938576
56da5743f91f36b5f9ab,14, #C3B196
56da5743f91f36b5f9ab,33,#DDD7CB
56da5743f91f36b5f9ab,17, #785E47
56da5743f91f36b5f9ab,1, #33261B
56da5743f91f36b5f9ab,20, #543C2B
56dc979a2e6572cdb9ee,6, #B0A9A0
56dc979a2e6572cdb9ee,17, #CDC6B9
56dc979a2e6572cdb9ee,14, #6D6865
56dc979a2e6572cdb9ee,12, #969089
56dc979a2e6572cdb9ee,10, #403C3D
56dc979a2e6572cdb9ee,38,#F5EFDF
56df56120ad095189402,1, #A27D51
56df56120ad095189402,20, #58482B
56df56120ad095189402,3, #C3A071
56df56120ad095189402,24, #13120F
56df56120ad095189402,46,#352E1E
56df56120ad095189402,4, #7C653B
56e3b11deef1c5f97d73,2, #CDBFAC
56e3b11deef1c5f97d73,11, #E5D8C3
56e3b11deef1c5f97d73,11, #8E7A6E
56e3b11deef1c5f97d73,47,#FBF6E7
56e3b11deef1c5f97d73,16, #624B41
56e3b11deef1c5f97d73,2, #B4A393
56e3b11deef1c5f97d73,7, #402A23
56ec00585f23032f10b4,6, #786E63
56ec00585f23032f10b4,3, #978D7B
56ec00585f23032f10b4,14, #D5CFB8
56ec00585f23032f10b4,17, #544943
56ec00585f23032f10b4,44,#EFEBDB
56ec00585f23032f10b4,10, #322925
56ec00585f23032f10b4,2, #B6AFA0
56f4625252777490e52c,5, #9E8E72
56f4625252777490e52c,17, #BEAF8E
56f4625252777490e52c,42,#D8D5C3
56f4625252777490e52c,3, #85765D
56f4625252777490e52c,18, #383027
56f4625252777490e52c,5, #6C5D47
56f4625252777490e52c,5, #0A0908
56fce9cc8f6e07238d78,2, #BAB7AA
56fce9cc8f6e07238d78,2, #807F73
56fce9cc8f6e07238d78,4, #D6D3C5
56fce9cc8f6e07238d78,1, #6A695E
56fce9cc8f6e07238d78,79,#F6F4EB
56fce9cc8f6e07238d78,5, #4B4B43
56fce9cc8f6e07238d78,3, #A09E91
56fd00b839d9d0717289,17, #7D6E50
56fd00b839d9d0717289,15, #3F2F1A
56fd00b839d9d0717289,22, #604426
56fd00b839d9d0717289,11, #AEA588
56fd00b839d9d0717289,22,#18130C
56fd00b839d9d0717289,9, #968965
56ffe8f52c1a1739a2ab,68,#312A18
56ffe8f52c1a1739a2ab,1, #AB9461
56ffe8f52c1a1739a2ab,3, #827549
56ffe8f52c1a1739a2ab,1, #CEB87D
56ffe8f52c1a1739a2ab,0, #E9D191
56ffe8f52c1a1739a2ab,24, #594C2F
5709964a48a5fb3902d9,12, #4F4532
5709964a48a5fb3902d9,1, #A1967E
5709964a48a5fb3902d9,1, #181812
5709964a48a5fb3902d9,37,#343021
5709964a48a5fb3902d9,18, #7C7E73
5709964a48a5fb3902d9,13, #685B3D
5709964a48a5fb3902d9,14, #786D54
570f4b7f6cdce73111d7,0, #BEB496
570f4b7f6cdce73111d7,9, #665C3E
570f4b7f6cdce73111d7,18, #837752
570f4b7f6cdce73111d7,16,#191611
570f4b7f6cdce73111d7,7, #A29674
570f4b7f6cdce73111d7,47, #503622
57198df0541306cbd7d2,22, #281F17
57198df0541306cbd7d2,11, #998367
57198df0541306cbd7d2,6, #7B6448
57198df0541306cbd7d2,16, #504435
57198df0541306cbd7d2,33,#6C2C11
57198df0541306cbd7d2,1, #C9B297
57198df0541306cbd7d2,6, #954225
571b052d36ca5ca2b917,2, #3C3831
571b052d36ca5ca2b917,6, #635C4E
571b052d36ca5ca2b917,2, #FBF2DD
571b052d36ca5ca2b917,63,#E5DAC6
571b052d36ca5ca2b917,6, #A79C89
571b052d36ca5ca2b917,4, #89806F
571b052d36ca5ca2b917,13, #C7BCA7
5724c144d6d96dd8b2ba,2, #383830
5724c144d6d96dd8b2ba,21, #6F6D5D
5724c144d6d96dd8b2ba,23,#B9B09A
5724c144d6d96dd8b2ba,19, #505044
5724c144d6d96dd8b2ba,19, #938F7E
5724c144d6d96dd8b2ba,10, #D8CBB3
5724c144d6d96dd8b2ba,2, #F6F1E6
5726273bef643c156b72,28, #725D3E
5726273bef643c156b72,3, #73787A
5726273bef643c156b72,2,#B9A443
5726273bef643c156b72,21, #1B110D
5726273bef643c156b72,37, #413A37
5726273bef643c156b72,6, #AA9981
572943ce74cfc1e257c3,16, #ECEADB
572943ce74cfc1e257c3,9, #7E7D6F
572943ce74cfc1e257c3,24, #393A34
572943ce74cfc1e257c3,19,#C1BEAC
572943ce74cfc1e257c3,7, #999688
572943ce74cfc1e257c3,22, #5D5C51
5732839cc7b970741585,10, #AAA395
5732839cc7b970741585,8, #C6BEAF
5732839cc7b970741585,18, #49463E
5732839cc7b970741585,15, #7E796D
5732839cc7b970741585,46, #E1D8CA
5732839cc7b970741585,0,#FDF5E7
5732daa5338c0770b522,1, #34332D
5732daa5338c0770b522,7, #C7C3B5
5732daa5338c0770b522,79,#F4F2E5
5732daa5338c0770b522,4, #838174
5732daa5338c0770b522,4, #5A584D
5732daa5338c0770b522,3, #A4A193
5733c577b2114244aeff,10, #A9A192
5733c577b2114244aeff,6, #7D7566
5733c577b2114244aeff,8, #60574B
5733c577b2114244aeff,8, #433E38
5733c577b2114244aeff,17, #2A1F17
5733c577b2114244aeff,20, #F7F4EE
5733c577b2114244aeff,28,#D6D1C5
5733d7a2e0156b0dbb89,8, #AEA286
5733d7a2e0156b0dbb89,29,#514C42
5733d7a2e0156b0dbb89,13, #756B58
5733d7a2e0156b0dbb89,8, #CFC9B3
5733d7a2e0156b0dbb89,14, #8A8374
5733d7a2e0156b0dbb89,26, #25251F
5734de7964ef51a54c9e,0, #322718
5734de7964ef51a54c9e,2, #4A463D
5734de7964ef51a54c9e,15,#EDE7D8
5734de7964ef51a54c9e,31, #A19782
5734de7964ef51a54c9e,36, #D0CAB7
5734de7964ef51a54c9e,13, #6D6657
574282b142d9aac948f8,8, #B7A580
574282b142d9aac948f8,11, #988461
574282b142d9aac948f8,24, #73634D
574282b142d9aac948f8,26, #534334
574282b142d9aac948f8,5,#E2D5B0
574282b142d9aac948f8,24, #CFBF99
574567ca861c5e74cf1b,15, #A7A6A8
574567ca861c5e74cf1b,31, #201F1F
574567ca861c5e74cf1b,38, #6D6C6D
574567ca861c5e74cf1b,0, #CD5547
574567ca861c5e74cf1b,5, #D0CFCF
574567ca861c5e74cf1b,8,#F7F5F4
5748c9d2cc79d8bb6d88,0, #76531A
5748c9d2cc79d8bb6d88,44,#432E15
5748c9d2cc79d8bb6d88,11, #1F1A0F
5748c9d2cc79d8bb6d88,0, #907E4E
5748c9d2cc79d8bb6d88,18, #6A552B
5748c9d2cc79d8bb6d88,6, #7F6C40
5748c9d2cc79d8bb6d88,18, #524322
574d51d3ae8b29d9ae5a,14, #F8F6EC
574d51d3ae8b29d9ae5a,12, #C9BBA3
574d51d3ae8b29d9ae5a,13, #B7A68F
574d51d3ae8b29d9ae5a,6, #9C9286
574d51d3ae8b29d9ae5a,3, #7A695F
574d51d3ae8b29d9ae5a,40,#E1DAC5
574d51d3ae8b29d9ae5a,9, #8F7D6E
574dd5d096d94ea35bf0,34,#352413
574dd5d096d94ea35bf0,5, #8F7A4C
574dd5d096d94ea35bf0,0, #8D4016
574dd5d096d94ea35bf0,24, #17110B
574dd5d096d94ea35bf0,9, #75582E
574dd5d096d94ea35bf0,0, #B6A06F
574dd5d096d94ea35bf0,24, #573B1C
575084308f55592b5e56,16, #A49E8A
575084308f55592b5e56,15, #6B6554
575084308f55592b5e56,20,#F2EFE2
575084308f55592b5e56,10, #464235
575084308f55592b5e56,9, #867E6A
575084308f55592b5e56,27, #D0C9B1
575fbc23c409c7d20224,15, #E5DEC9
575fbc23c409c7d20224,21, #948F7F
575fbc23c409c7d20224,21, #B9B19B
575fbc23c409c7d20224,29, #746E5D
575fbc23c409c7d20224,7, #4A463B
575fbc23c409c7d20224,4,#FAFAF7
576594292b1f750c6225,17,#F3EBD2
576594292b1f750c6225,24, #564139
576594292b1f750c6225,6, #302422
576594292b1f750c6225,2, #D0C6AF
576594292b1f750c6225,28, #AA9C83
576594292b1f750c6225,20, #7E6B5E
5769518b092556821142,1,#3C3630
5769518b092556821142,21, #CAC4B2
5769518b092556821142,15, #A9A291
5769518b092556821142,37, #F0ECD9
5769518b092556821142,6, #5B5349
5769518b092556821142,16, #817A6B
576b906cde5dbcdd0769,1, #B5A372
576b906cde5dbcdd0769,43,#231F14
576b906cde5dbcdd0769,7, #72643A
576b906cde5dbcdd0769,6, #95885B
576b906cde5dbcdd0769,0, #55644E
576b906cde5dbcdd0769,1, #CBBD8B
576b906cde5dbcdd0769,39, #444630
57777a50dbb0667e4559,0, #60665D
57777a50dbb0667e4559,41,#A6A68E
57777a50dbb0667e4559,32, #9D9474
57777a50dbb0667e4559,5, #766945
57777a50dbb0667e4559,8, #B6BAA5
57777a50dbb0667e4559,1, #645732
57777a50dbb0667e4559,11, #8B7F59
5777d62a6076ad7dcb98,22, #A6A393
5777d62a6076ad7dcb98,25,#F4F2DC
5777d62a6076ad7dcb98,17, #CECBB7
5777d62a6076ad7dcb98,14, #838072
5777d62a6076ad7dcb98,3, #48483D
5777d62a6076ad7dcb98,16, #68675A
57840478a15e6d4303fc,40,#F5F1E1
57840478a15e6d4303fc,4, #A19E8E
57840478a15e6d4303fc,4, #7A786B
57840478a15e6d4303fc,7, #BEB8A2
57840478a15e6d4303fc,29, #D9D2B6
57840478a15e6d4303fc,14, #514F49
57882ca8257ed1ea8ff5,16, #D8D4C1
57882ca8257ed1ea8ff5,20, #F3F2E7
57882ca8257ed1ea8ff5,12, #7B6F4F
57882ca8257ed1ea8ff5,11, #C6C0A6
57882ca8257ed1ea8ff5,25,#554939
57882ca8257ed1ea8ff5,7, #B2A890
57882ca8257ed1ea8ff5,7, #98907F
578e54ab22bc7dac6595,12, #76645A
578e54ab22bc7dac6595,43,#E9E0CC
578e54ab22bc7dac6595,13, #94857A
578e54ab22bc7dac6595,7, #39251E
578e54ab22bc7dac6595,9, #BBB0A1
578e54ab22bc7dac6595,13, #5A453C
579230f61a4bf3593cde,2, #7A6E4E
579230f61a4bf3593cde,53,#CDC8AE
579230f61a4bf3593cde,0, #63593E
579230f61a4bf3593cde,0, #E7E4CF
579230f61a4bf3593cde,12, #AC9E7B
579230f61a4bf3593cde,9, #908567
579230f61a4bf3593cde,20, #BAB090
579bbc3825499894090b,3, #0E1814
579bbc3825499894090b,17, #2F3932
579bbc3825499894090b,7,#F5F1E0
579bbc3825499894090b,23, #8E9081
579bbc3825499894090b,26, #C0BCAA
579bbc3825499894090b,22, #5D6359
57a0a190a8c9f0c48b9e,14, #7C7B73
57a0a190a8c9f0c48b9e,22,#CBC7BA
57a0a190a8c9f0c48b9e,6, #A8A59C
57a0a190a8c9f0c48b9e,35, #F2EFE2
57a0a190a8c9f0c48b9e,14, #4B4C47
57a0a190a8c9f0c48b9e,7, #282B29
57a4f6026fc148c23943,0, #767263
57a4f6026fc148c23943,2, #43423B
57a4f6026fc148c23943,2, #AFAA99
57a4f6026fc148c23943,2, #928E7F
57a4f6026fc148c23943,3, #D4D0BF
57a4f6026fc148c23943,1, #5A574C
57a4f6026fc148c23943,85,#F9F7F1
57a5298c240f635057cf,13, #8B8379
57a5298c240f635057cf,4,#FAF8F1
57a5298c240f635057cf,7, #736A61
57a5298c240f635057cf,44, #DFD2C4
57a5298c240f635057cf,2, #574E46
57a5298c240f635057cf,27, #ADA499
57b58c9287e318a0e3ca,1, #403731
57b58c9287e318a0e3ca,11, #665B52
57b58c9287e318a0e3ca,2,#F9F4E8
57b58c9287e318a0e3ca,42, #E5D3C1
57b58c9287e318a0e3ca,27, #B8AB9B
57b58c9287e318a0e3ca,14, #8A7E71
57b84a42b985f409df2a,14, #807A75
57b84a42b985f409df2a,25, #CBC3BA
57b84a42b985f409df2a,7, #2F2B2A
57b84a42b985f409df2a,12, #635E5B
57b84a42b985f409df2a,29,#A09992
57b84a42b985f409df2a,1, #F4E9DF
57b84a42b985f409df2a,9, #474342
57ca229e9920c91d36fb,18, #928E83
57ca229e9920c91d36fb,7, #636056
57ca229e9920c91d36fb,13, #BEB9AD
57ca229e9920c91d36fb,36, #DCD5C8
57ca229e9920c91d36fb,21,#F5F0E0
57ca229e9920c91d36fb,3, #3D3B33
57d471de61ce575b3777,2, #BAA68D
57d471de61ce575b3777,0, #A4674B
57d471de61ce575b3777,3, #CBC1AD
57d471de61ce575b3777,3, #494540
57d471de61ce575b3777,8, #AA8D6D
57d471de61ce575b3777,72,#F3EEE0
57d471de61ce575b3777,9, #6B6558
57e154f85288797e01cb,0, #AEA899
57e154f85288797e01cb,46, #AC936B
57e154f85288797e01cb,0,#413E34
57e154f85288797e01cb,3, #D7C9A1
57e154f85288797e01cb,47, #605743
57e154f85288797e01cb,1, #F3E8B4
57e4afbcf39a3eb2525b,1,#DFDDDC
57e4afbcf39a3eb2525b,37, #9F9384
57e4afbcf39a3eb2525b,12, #7F7264
57e4afbcf39a3eb2525b,13, #2E1E1D
57e4afbcf39a3eb2525b,13, #C1BCB8
57e4afbcf39a3eb2525b,19, #574A46
57ea1aac321cae1368bd,1, #432E21
57ea1aac321cae1368bd,4, #9D937E
57ea1aac321cae1368bd,50, #BFB499
57ea1aac321cae1368bd,39, #F1ECD5
57ea1aac321cae1368bd,1, #624F3E
57ea1aac321cae1368bd,3,#857762
57ebe8a937e8e3521f2e,0, #756F5F
57ebe8a937e8e3521f2e,40, #F9F3E9
57ebe8a937e8e3521f2e,4, #D1C9BA
57ebe8a937e8e3521f2e,0, #534E3F
57ebe8a937e8e3521f2e,2, #B8B0A0
57ebe8a937e8e3521f2e,1, #948D82
57ebe8a937e8e3521f2e,50,#E6DDCD
57f421530c5a37083b80,5, #4A473E
57f421530c5a37083b80,35, #F0E6D1
57f421530c5a37083b80,10, #686558
57f421530c5a37083b80,12,#A8A291
57f421530c5a37083b80,23, #CEC5B2
57f421530c5a37083b80,13, #868173
57f8aef87baab083589e,12, #666458
57f8aef87baab083589e,42,#F6F4EF
57f8aef87baab083589e,2, #32322B
57f8aef87baab083589e,13, #827F72
57f8aef87baab083589e,15, #A4A295
57f8aef87baab083589e,7, #CECBC0
57f8aef87baab083589e,5, #4A4A3F
57fc0aaf7e4e706587dd,47, #2C2212
57fc0aaf7e4e706587dd,0, #B8A873
57fc0aaf7e4e706587dd,0, #CFC48D
57fc0aaf7e4e706587dd,3, #7E6B43
57fc0aaf7e4e706587dd,47, #5C4629
57fc0aaf7e4e706587dd,0,#A19062
57fe0743605cfa99190e,7, #E0DACC
57fe0743605cfa99190e,10, #C9C4B7
57fe0743605cfa99190e,2, #F7F5EE
57fe0743605cfa99190e,28,#67645A
57fe0743605cfa99190e,14, #858175
57fe0743605cfa99190e,12, #41403A
57fe0743605cfa99190e,24, #A39F94
57fed84fda9ee5f7c396,8, #837535
57fed84fda9ee5f7c396,0, #1A170A
57fed84fda9ee5f7c396,12, #5D5534
57fed84fda9ee5f7c396,1, #A89A4F
57fed84fda9ee5f7c396,0, #BFAF5C
57fed84fda9ee5f7c396,47,#2E2919
57fed84fda9ee5f7c396,29, #483E24
580386edc6608ea7b34e,18, #92887E
580386edc6608ea7b34e,15, #E0D0C1
580386edc6608ea7b34e,17, #655D56
580386edc6608ea7b34e,44, #BFB1A3
580386edc6608ea7b34e,1,#F8F1E3
580386edc6608ea7b34e,2, #39322D
58096777cf7f12e0796c,26, #EDE9D5
58096777cf7f12e0796c,9, #423D3B
58096777cf7f12e0796c,12, #625E5A
58096777cf7f12e0796c,30,#B6B4A6
58096777cf7f12e0796c,19, #87847D
58096777cf7f12e0796c,0, #272120
580a9f90b10bdd83b414,22, #B9B6AB
580a9f90b10bdd83b414,15, #373631
580a9f90b10bdd83b414,23, #8E8A83
580a9f90b10bdd83b414,12, #E4E2D5
580a9f90b10bdd83b414,3,#FAFAF6
580a9f90b10bdd83b414,21, #65625B
580e306b625e89cf59cd,0, #F5EDD9
580e306b625e89cf59cd,15, #DFD8C7
580e306b625e89cf59cd,42,#BFB8A8
580e306b625e89cf59cd,11, #3C3933
580e306b625e89cf59cd,12, #9E9582
580e306b625e89cf59cd,12, #5D584B
580e306b625e89cf59cd,5, #7C7362
581413d7a2d3666b114c,0, #FEFCE4
581413d7a2d3666b114c,1, #AFA792
581413d7a2d3666b114c,1, #908977
581413d7a2d3666b114c,4, #756F5E
581413d7a2d3666b114c,1, #D0C8B0
581413d7a2d3666b114c,8, #4C4A40
581413d7a2d3666b114c,82,#EBE2C9
5817c60b3e41e59cb23b,3, #C0B376
5817c60b3e41e59cb23b,5, #D5CD96
5817c60b3e41e59cb23b,27, #393524
5817c60b3e41e59cb23b,10, #191710
5817c60b3e41e59cb23b,35,#906B38
5817c60b3e41e59cb23b,10, #A6955C
5817c60b3e41e59cb23b,7, #594E2C
581c331cc834e482358f,13, #9E8550
581c331cc834e482358f,25, #59341D
581c331cc834e482358f,25,#221A13
581c331cc834e482358f,1, #DBCE9C
581c331cc834e482358f,23, #6A5A4A
581c331cc834e482358f,3, #C4B077
581c331cc834e482358f,6, #8E5728
581ceb6246dd9831fb5f,32, #0C0C08
581ceb6246dd9831fb5f,1, #9D8F66
581ceb6246dd9831fb5f,3, #817447
581ceb6246dd9831fb5f,8, #715C1E
581ceb6246dd9831fb5f,0, #D4C5A4
581ceb6246dd9831fb5f,52,#383429
581ceb6246dd9831fb5f,0, #C0AB80
582630a7bd37563fa9e0,18, #CAC5BD
582630a7bd37563fa9e0,7, #8B8783
582630a7bd37563fa9e0,11, #42403F
582630a7bd37563fa9e0,9, #6B6864
582630a7bd37563fa9e0,15, #F5F2ED
582630a7bd37563fa9e0,37,#ACA7A1
582817f2bc837717137f,5, #706945
582817f2bc837717137f,22, #0B090D
582817f2bc837717137f,26, #56263C
582817f2bc837717137f,40,#E3E3DE
582817f2bc837717137f,4, #9DA1A1
582817f2bc837717137f,0, #336B8C
58291955c850ec5fecf6,1, #777467
58291955c850ec5fecf6,76,#F5F3E9
58291955c850ec5fecf6,0, #3E3C2F
58291955c850ec5fecf6,10, #E1DBC8
58291955c850ec5fecf6,7, #C5C0AE
58291955c850ec5fecf6,3, #9B9483
58291955c850ec5fecf6,1, #575548
582abb2e43858a037318,47,#EBE6D6
582abb2e43858a037318,10, #523725
582abb2e43858a037318,16, #7F6E5C
582abb2e43858a037318,11, #AD9E87
582abb2e43858a037318,10, #CDC5B3
582abb2e43858a037318,3, #2E170F
5831941253a6326fd3cc,17, #CAC3B7
5831941253a6326fd3cc,8, #A9A49A
5831941253a6326fd3cc,19, #6A6660
5831941253a6326fd3cc,10, #8B867F
5831941253a6326fd3cc,23,#4C4944
5831941253a6326fd3cc,7, #31302C
5831941253a6326fd3cc,13, #F2EDE5
583d11b06f59ac713c6c,8, #8A8881
583d11b06f59ac713c6c,14,#A0A09A
583d11b06f59ac713c6c,49, #BDBEB8
583d11b06f59ac713c6c,16, #726D66
583d11b06f59ac713c6c,5, #3D2C20
583d11b06f59ac713c6c,6, #63503C
5867b7a7927cfd2befcd,5, #1F1812
5867b7a7927cfd2befcd,6, #645F57
5867b7a7927cfd2befcd,31, #A9A598
5867b7a7927cfd2befcd,8, #827E76
5867b7a7927cfd2befcd,6, #474139
5867b7a7927cfd2befcd,41,#D2D0C4
5867b7a7927cfd2befcd,0, #EDEEEA
586f21a9703c85a18152,7, #6C675E
586f21a9703c85a18152,27,#B0A595
586f21a9703c85a18152,17, #DFD7C3
586f21a9703c85a18152,13, #F6F2E1
586f21a9703c85a18152,18, #CFC2AB
586f21a9703c85a18152,14, #8B867B
586f21a9703c85a18152,1, #4C4841
5878cb372cf3350227b5,3, #E4E3DD
5878cb372cf3350227b5,52,#B5AE9D
5878cb372cf3350227b5,5, #635140
5878cb372cf3350227b5,22, #CDCAB9
5878cb372cf3350227b5,8, #837563
5878cb372cf3350227b5,2, #FAFAF8
5878cb372cf3350227b5,4, #989081
588cbed7d30af21d4020,39,#1F1C13
588cbed7d30af21d4020,0, #BCA463
588cbed7d30af21d4020,3, #7E6839
588cbed7d30af21d4020,5, #9E8043
588cbed7d30af21d4020,10, #6F4221
588cbed7d30af21d4020,39, #4B321C
588e1376bc07d558380e,2, #A3936E
588e1376bc07d558380e,53, #5F5440
588e1376bc07d558380e,4, #857A5D
588e1376bc07d558380e,0, #BDB086
588e1376bc07d558380e,38,#2E2B24
588e1376bc07d558380e,0, #D8CE9F
5894cbc87369538386ae,19, #D8D0BB
5894cbc87369538386ae,10, #47443A
5894cbc87369538386ae,6, #767060
5894cbc87369538386ae,38,#F5F1E4
5894cbc87369538386ae,0, #161514
5894cbc87369538386ae,12, #BCB5A1
5894cbc87369538386ae,11, #918D81
589636f05847bb064546,19, #37301F
589636f05847bb064546,0, #C6B697
589636f05847bb064546,13, #72644B
589636f05847bb064546,3, #B09C81
589636f05847bb064546,20, #120F09
589636f05847bb064546,14, #8F8067
589636f05847bb064546,27,#554B32
589d43a372927ad09798,0, #474A49
589d43a372927ad09798,16, #201406
589d43a372927ad09798,38,#473016
589d43a372927ad09798,2, #AEA589
589d43a372927ad09798,13, #8E8670
589d43a372927ad09798,0, #929FAC
589d43a372927ad09798,27, #715934
58a10aa8935ae8ebe070,8, #878477
58a10aa8935ae8ebe070,10, #C0BEB1
58a10aa8935ae8ebe070,13, #D7D3C7
58a10aa8935ae8ebe070,6, #4F4C42
58a10aa8935ae8ebe070,34,#F7F6F1
58a10aa8935ae8ebe070,10, #706D60
58a10aa8935ae8ebe070,16, #A3A094
58a3e30c3dd2bd8a4aa9,28, #CBBD8F
58a3e30c3dd2bd8a4aa9,9, #61491F
58a3e30c3dd2bd8a4aa9,0, #545547
58a3e30c3dd2bd8a4aa9,3, #866A29
58a3e30c3dd2bd8a4aa9,3, #2B2012
58a3e30c3dd2bd8a4aa9,51,#9F9571
58a3e30c3dd2bd8a4aa9,3, #9A803F
58a985a5e02d7c275425,60, #D6CFB9
58a985a5e02d7c275425,4, #716359
58a985a5e02d7c275425,2, #503F38
58a985a5e02d7c275425,2, #352622
58a985a5e02d7c275425,17, #A9A08C
58a985a5e02d7c275425,12,#F5F4F0
58bdee220d8df4cb89a6,1, #BAAC92
58bdee220d8df4cb89a6,0, #D0C7B4
58bdee220d8df4cb89a6,9,#F4EFE5
58bdee220d8df4cb89a6,18, #767167
58bdee220d8df4cb89a6,63, #4F4D49
58bdee220d8df4cb89a6,6, #988E79
58c7967d293c043aa4dd,7, #B1AEA6
58c7967d293c043aa4dd,16, #777467
58c7967d293c043aa4dd,5, #515C5B
58c7967d293c043aa4dd,33,#3B392A
58c7967d293c043aa4dd,8, #361811
58c7967d293c043aa4dd,5, #71452B
58c7967d293c043aa4dd,22, #8E9393
58c9418b2cd45765783e,69, #CAC0A6
58c9418b2cd45765783e,8, #7F7761
58c9418b2cd45765783e,7, #5A5542
58c9418b2cd45765783e,2, #39382C
58c9418b2cd45765783e,8, #A59D85
58c9418b2cd45765783e,4,#EEEADD
58d652c65c7655d97442,8,#949289
58d652c65c7655d97442,11, #4C4B44
58d652c65c7655d97442,15, #ADAAA1
58d652c65c7655d97442,6, #77756D
58d652c65c7655d97442,45, #EFEDE1
58d652c65c7655d97442,12, #CAC7BD
58d97bfe512ba8652c17,4, #F2F4E9
58d97bfe512ba8652c17,2, #DBD4B7
58d97bfe512ba8652c17,0, #B2B2AB
58d97bfe512ba8652c17,29,#252220
58d97bfe512ba8652c17,26, #4E4535
58d97bfe512ba8652c17,19, #6D685A
58d97bfe512ba8652c17,16, #B19F72
58da0eddc93ee8260532,49,#12100A
58da0eddc93ee8260532,25, #4B3923
58da0eddc93ee8260532,10, #D0BA88
58da0eddc93ee8260532,2, #F0E4C1
58da0eddc93ee8260532,6, #816C43
58da0eddc93ee8260532,5, #A69569
58dc2c219a58198b6d9c,0, #706D5E
58dc2c219a58198b6d9c,86,#F9F9F1
58dc2c219a58198b6d9c,2, #929081
58dc2c219a58198b6d9c,8, #DAD7BF
58dc2c219a58198b6d9c,1, #B8B6A5
58dc2c219a58198b6d9c,0, #504D3F
58dfdf352e15f2ada416,1, #604835
58dfdf352e15f2ada416,43, #D4C8AD
58dfdf352e15f2ada416,18, #988A74
58dfdf352e15f2ada416,28, #B2A38B
58dfdf352e15f2ada416,7, #7C6850
58dfdf352e15f2ada416,0,#F7EDD4
58e304b97852248cc528,3, #514C42
58e304b97852248cc528,9, #777161
58e304b97852248cc528,1,#FAF7E8
58e304b97852248cc528,10, #958F7D
58e304b97852248cc528,55, #E4DDC8
58e304b97852248cc528,19, #BCB5A1
58e4dd82b4ad05ca01d4,24, #867D63
58e4dd82b4ad05ca01d4,18, #A7A086
58e4dd82b4ad05ca01d4,2, #55482D
58e4dd82b4ad05ca01d4,41, #BFB9A2
58e4dd82b4ad05ca01d4,0,#3D2F19
58e4dd82b4ad05ca01d4,12, #746644
58e63ad7e731759a57d9,16, #5A564A
58e63ad7e731759a57d9,0, #423E34
58e63ad7e731759a57d9,16, #F5F2E6
58e63ad7e731759a57d9,7, #D5D0BF
58e63ad7e731759a57d9,6, #BBB5A6
58e63ad7e731759a57d9,12, #A49F90
58e63ad7e731759a57d9,38,#7E796B
58e82d9c1721a3059bae,16, #99968A
58e82d9c1721a3059bae,7, #F5F5EC
58e82d9c1721a3059bae,14, #53524A
58e82d9c1721a3059bae,20, #747268
58e82d9c1721a3059bae,16, #B7B4A5
58e82d9c1721a3059bae,2, #393931
58e82d9c1721a3059bae,23,#D7D3C3
58f10ca3d83cfe7ef2d8,10, #DAD6B2
58f10ca3d83cfe7ef2d8,17, #554E3A
58f10ca3d83cfe7ef2d8,15,#272417
58f10ca3d83cfe7ef2d8,29, #978459
58f10ca3d83cfe7ef2d8,26, #B2B194
58f10ca3d83cfe7ef2d8,0, #768B8D
58fa571c7625ba902bf9,6,#F6F6F2
58fa571c7625ba902bf9,5, #93805B
58fa571c7625ba902bf9,49, #D6D1BD
58fa571c7625ba902bf9,2, #574731
58fa571c7625ba902bf9,4, #776648
58fa571c7625ba902bf9,32, #AB9E81
59088c5dd2e5bf1e06c9,42, #5D5C54
59088c5dd2e5bf1e06c9,3, #1E1A11
59088c5dd2e5bf1e06c9,19, #5A4D37
59088c5dd2e5bf1e06c9,1, #9F9579
59088c5dd2e5bf1e06c9,12, #382F1E
59088c5dd2e5bf1e06c9,20,#827D6D
5909166a1396fc38d772,4, #53453F
5909166a1396fc38d772,4, #3C2E28
5909166a1396fc38d772,15, #ABA596
5909166a1396fc38d772,7,#6A5E55
5909166a1396fc38d772,21, #8E8479
5909166a1396fc38d772,46, #CCC9B6
5910fea1272c6479a4d3,19, #B6B2A0
5910fea1272c6479a4d3,19,#DAD5C1
5910fea1272c6479a4d3,3, #312E25
5910fea1272c6479a4d3,11, #F9F7E4
5910fea1272c6479a4d3,18, #5B584B
5910fea1272c6479a4d3,15, #817D70
5910fea1272c6479a4d3,12, #9C9788
59150e9498e6df0afd8c,0, #B69E6F
59150e9498e6df0afd8c,3, #7D6941
59150e9498e6df0afd8c,3, #937F59
59150e9498e6df0afd8c,40,#2D2418
59150e9498e6df0afd8c,38, #0B0A08
59150e9498e6df0afd8c,14, #5E5545
59150e9498e6df0afd8c,0, #CEC4A2
5921f246368f35362ca9,46,#442C1A
5921f246368f35362ca9,4, #A28C6C
5921f246368f35362ca9,6, #7F684B
5921f246368f35362ca9,3, #605640
5921f246368f35362ca9,2, #ACA58B
5921f246368f35362ca9,10, #594128
5921f246368f35362ca9,26, #1B170E
592c8045e8fde9cf8a7d,14, #B0AC9F
592c8045e8fde9cf8a7d,4, #454238
592c8045e8fde9cf8a7d,12, #CECABA
592c8045e8fde9cf8a7d,30,#F1ECDA
592c8045e8fde9cf8a7d,15, #625F54
592c8045e8fde9cf8a7d,21, #8C887D
592c8045e8fde9cf8a7d,0, #25211B
592ee9596588ec644b35,18, #A3977F
592ee9596588ec644b35,20, #C8BA98
592ee9596588ec644b35,5, #837863
592ee9596588ec644b35,47, #E5DDC7
592ee9596588ec644b35,7,#FBF9F4
592ee9596588ec644b35,1, #605849
5931395ee29f3d69ad26,27, #DCDDD5
5931395ee29f3d69ad26,5, #959790
5931395ee29f3d69ad26,9, #B5B7B1
5931395ee29f3d69ad26,40, #191813
5931395ee29f3d69ad26,10, #6E7068
5931395ee29f3d69ad26,5,#44453D
5934aaba8150fbe751c9,37, #25251E
5934aaba8150fbe751c9,4, #A18E6B
5934aaba8150fbe751c9,0, #BBB49C
5934aaba8150fbe751c9,50,#0D0D0C
5934aaba8150fbe751c9,4, #494334
5934aaba8150fbe751c9,1, #6C5D41
5934aaba8150fbe751c9,1, #877451
5935eec07923a523a10d,12, #F7F5EA
5935eec07923a523a10d,47,#E4DBC3
5935eec07923a523a10d,2, #716857
5935eec07923a523a10d,2, #534839
5935eec07923a523a10d,2, #261C13
5935eec07923a523a10d,17, #C6BEAB
5935eec07923a523a10d,14, #9C927E
593767499566219b7e9f,3, #FBFAF6
593767499566219b7e9f,9, #575244
593767499566219b7e9f,3, #EBE7D7
593767499566219b7e9f,2, #D6D0BE
593767499566219b7e9f,1, #BCB6A2
593767499566219b7e9f,21, #9D9787
593767499566219b7e9f,58,#7B7463
593ef0a0322bba615c7b,6, #907D3D
593ef0a0322bba615c7b,10, #61552E
593ef0a0322bba615c7b,3, #271102
593ef0a0322bba615c7b,13, #A19358
593ef0a0322bba615c7b,5, #7F6620
593ef0a0322bba615c7b,14, #4A2906
593ef0a0322bba615c7b,45,#BDB686
593ef432b4925f5c73c1,7, #938D7F
593ef432b4925f5c73c1,69, #DCD7C7
593ef432b4925f5c73c1,2, #383326
593ef432b4925f5c73c1,4, #B4AFA1
593ef432b4925f5c73c1,11, #696356
593ef432b4925f5c73c1,4,#FAF8EE
5942b558fbfabdfd7fbe,91, #EEE8DF
5942b558fbfabdfd7fbe,0, #FEFDF8
5942b558fbfabdfd7fbe,0,#575554
5942b558fbfabdfd7fbe,0, #93918A
5942b558fbfabdfd7fbe,4, #D9D0BF
5942b558fbfabdfd7fbe,2, #B7B3AA
59469e94198ad96906cb,24, #382A1B
59469e94198ad96906cb,29, #754C24
59469e94198ad96906cb,3, #B59C5D
59469e94198ad96906cb,24,#1C170D
59469e94198ad96906cb,12, #9E8346
59469e94198ad96906cb,5, #856E3B
594722eb4c1e0105f2a1,6, #74705C
594722eb4c1e0105f2a1,1, #474536
594722eb4c1e0105f2a1,78,#F1EAD4
594722eb4c1e0105f2a1,6, #CEC8B1
594722eb4c1e0105f2a1,4, #B3AD97
594722eb4c1e0105f2a1,4, #999480
594b9c869a3af218957e,23, #47473F
594b9c869a3af218957e,38,#AFB3AD
594b9c869a3af218957e,19, #73756F
594b9c869a3af218957e,5, #262520
594b9c869a3af218957e,7, #CFD3CB
594b9c869a3af218957e,6, #909593
59505c5758dcbc62fcef,10, #D6D1BD
59505c5758dcbc62fcef,12, #837E6C
59505c5758dcbc62fcef,25,#F6F4EB
59505c5758dcbc62fcef,13, #9E9A8B
59505c5758dcbc62fcef,11, #686354
59505c5758dcbc62fcef,11, #BEB8A4
59505c5758dcbc62fcef,14, #444036
59510e81adcc8ac273f2,5, #615B4E
59510e81adcc8ac273f2,13, #DBD7B2
59510e81adcc8ac273f2,31,#C1B998
59510e81adcc8ac273f2,17, #7E7867
59510e81adcc8ac273f2,4, #F4F5EC
59510e81adcc8ac273f2,17, #9D9784
59510e81adcc8ac273f2,10, #463E33
595508f24bc8dd918bd3,29,#DED8C6
595508f24bc8dd918bd3,8, #261810
595508f24bc8dd918bd3,52, #B9B29B
595508f24bc8dd918bd3,2, #8F8676
595508f24bc8dd918bd3,2, #716658
595508f24bc8dd918bd3,4, #4F3F34
595f6e8656a309994571,13, #949288
595f6e8656a309994571,54, #54544D
595f6e8656a309994571,0,#31342F
595f6e8656a309994571,5, #E3E2D5
595f6e8656a309994571,14, #BBBAAD
595f6e8656a309994571,11, #75746C
596143b97d70e6f2619c,39, #9D9791
596143b97d70e6f2619c,4, #847A73
596143b97d70e6f2619c,13,#F4F2E7
596143b97d70e6f2619c,12, #6A5E58
596143b97d70e6f2619c,14, #CAC7BE
596143b97d70e6f2619c,16, #342E2F
5968aa0b6c890987f0d8,15, #BCC2BC
5968aa0b6c890987f0d8,34, #1E2E45
5968aa0b6c890987f0d8,14, #536271
5968aa0b6c890987f0d8,23, #0A1014
5968aa0b6c890987f0d8,6, #9DA19C
5968aa0b6c890987f0d8,6,#E8E8DE
596e737cc79255718760,5, #8C7953
596e737cc79255718760,6, #876A33
596e737cc79255718760,0, #A4A28D
596e737cc79255718760,0, #908E6E
596e737cc79255718760,64,#27261B
596e737cc79255718760,23, #5C5336
596f1c964d4c37f78cae,31,#A2966C
596f1c964d4c37f78cae,24, #58543B
596f1c964d4c37f78cae,11, #383629
596f1c964d4c37f78cae,2, #CCBE90
596f1c964d4c37f78cae,28, #89764E
596f1c964d4c37f78cae,0, #CF9D71
596f1c964d4c37f78cae,1, #EEE6B3
5982ae0428511848c387,5, #563E2A
5982ae0428511848c387,9, #73614B
5982ae0428511848c387,1, #3D2618
5982ae0428511848c387,16, #BAB29D
5982ae0428511848c387,3, #98886D
5982ae0428511848c387,64,#E0D7B8
598911d789e1277a9af0,4, #786C43
598911d789e1277a9af0,17, #9E946C
598911d789e1277a9af0,36,#211B0E
598911d789e1277a9af0,6, #B5AA85
598911d789e1277a9af0,17, #42351C
598911d789e1277a9af0,16, #5D4D28
598972666fe38d5a8a12,6, #5D5951
598972666fe38d5a8a12,31, #7C786D
598972666fe38d5a8a12,1, #424039
598972666fe38d5a8a12,32, #A29E91
598972666fe38d5a8a12,2,#F6F2E5
598972666fe38d5a8a12,27, #CAC4B4
598a713924919e9c9b2e,24, #32291D
598a713924919e9c9b2e,61,#100D0A
598a713924919e9c9b2e,0, #A2987E
598a713924919e9c9b2e,6, #493D2C
598a713924919e9c9b2e,1, #8B7F68
598a713924919e9c9b2e,5, #705A40
598e39ede9a5c9f02ddf,15, #6B6559
598e39ede9a5c9f02ddf,4, #29271F
598e39ede9a5c9f02ddf,6, #48453B
598e39ede9a5c9f02ddf,26, #938C7F
598e39ede9a5c9f02ddf,19,#EDE6D5
598e39ede9a5c9f02ddf,27, #C3B9AA
599a29359e2b3741dd8c,0, #38352D
599a29359e2b3741dd8c,4, #A29B88
599a29359e2b3741dd8c,5, #4D483D
599a29359e2b3741dd8c,7, #88816F
599a29359e2b3741dd8c,24, #BFB7A3
599a29359e2b3741dd8c,5, #696353
599a29359e2b3741dd8c,52,#E9DFCA
59a8c38ff61b7cc8f509,50,#FBF9F5
59a8c38ff61b7cc8f509,1, #403C32
59a8c38ff61b7cc8f509,9, #686253
59a8c38ff61b7cc8f509,11, #8E8879
59a8c38ff61b7cc8f509,15, #E2DCCC
59a8c38ff61b7cc8f509,11, #B6B1A0
59ad70e28ff77ea998e6,14, #F4F2E5
59ad70e28ff77ea998e6,2, #403D35
59ad70e28ff77ea998e6,4,#D8D4C4
59ad70e28ff77ea998e6,21, #B7B3A3
59ad70e28ff77ea998e6,17, #646156
59ad70e28ff77ea998e6,38, #8F8B7E
59aed473ca4bc6618f96,21, #000000
59aed473ca4bc6618f96,2, #807855
59aed473ca4bc6618f96,22, #2B2214
59aed473ca4bc6618f96,5, #6D5E39
59aed473ca4bc6618f96,10, #594727
59aed473ca4bc6618f96,23,#968D6F
59aed473ca4bc6618f96,12, #A6A493
59b29e23df92e800a62a,55,#F7F5EA
59b29e23df92e800a62a,5, #C6C2B7
59b29e23df92e800a62a,4, #55544A
59b29e23df92e800a62a,0, #39392F
59b29e23df92e800a62a,22, #E1DCCF
59b29e23df92e800a62a,3, #A5A297
59b29e23df92e800a62a,7, #807E73
59b2a296087b28a62989,19, #71431F
59b2a296087b28a62989,70,#211D1F
59b2a296087b28a62989,5, #8F8252
59b2a296087b28a62989,3, #4D5152
59b2a296087b28a62989,0, #C7A92E
59b2a296087b28a62989,1, #C5BC90
59b8f4e468941950f8bf,3, #27261E
59b8f4e468941950f8bf,13, #6E6849
59b8f4e468941950f8bf,2, #4D402B
59b8f4e468941950f8bf,0, #823A30
59b8f4e468941950f8bf,49,#BEBCAD
59b8f4e468941950f8bf,11, #988862
59b8f4e468941950f8bf,19, #A29C87
59bd2b5a296f4144d49c,6, #D7D3A9
59bd2b5a296f4144d49c,41,#3B301C
59bd2b5a296f4144d49c,3, #7A7457
59bd2b5a296f4144d49c,25, #ACAA8A
59bd2b5a296f4144d49c,1, #8E8868
59bd2b5a296f4144d49c,12, #181309
59bd2b5a296f4144d49c,8, #615736
59be1de669076ba9c893,43,#4B4C33
59be1de669076ba9c893,4, #B3A869
59be1de669076ba9c893,7, #89865A
59be1de669076ba9c893,5, #D8D39D
59be1de669076ba9c893,12, #B2B49D
59be1de669076ba9c893,12, #6B6B4C
59be1de669076ba9c893,14, #31311F
59c3267092c4573210b8,47,#170D02
59c3267092c4573210b8,3, #988651
59c3267092c4573210b8,10, #695322
59c3267092c4573210b8,1, #B2A872
59c3267092c4573210b8,4, #816933
59c3267092c4573210b8,32, #483A0E
59c3ba3998ccde9ef42b,24, #756A48
59c3ba3998ccde9ef42b,12, #A18D60
59c3ba3998ccde9ef42b,2, #93957B
59c3ba3998ccde9ef42b,27,#312C1F
59c3ba3998ccde9ef42b,32, #51472F
59c3ba3998ccde9ef42b,1, #787E66
59ced24e9740d2a0625f,74, #0F0D0A
59ced24e9740d2a0625f,16,#332615
59ced24e9740d2a0625f,1, #C3B58E
59ced24e9740d2a0625f,2, #584629
59ced24e9740d2a0625f,1, #7B6742
59ced24e9740d2a0625f,3, #A18D62
59d3196bb7fe06701d80,3, #969080
59d3196bb7fe06701d80,2, #41413C
59d3196bb7fe06701d80,9, #6F6B5D
59d3196bb7fe06701d80,10, #D5D1C3
59d3196bb7fe06701d80,69,#F9F7EE
59d3196bb7fe06701d80,4, #B3AD9D
59d82ad8372e389d158a,46,#F1EFE8
59d82ad8372e389d158a,10, #6D5F8B
59d82ad8372e389d158a,6, #633C49
59d82ad8372e389d158a,4, #212C6B
59d82ad8372e389d158a,24, #0F0C29
59d82ad8372e389d158a,0, #CDBA69
59d82ad8372e389d158a,7, #CBCDCB
59d96fa86e1014a7dc3c,24, #D2CCBA
59d96fa86e1014a7dc3c,21, #B0AA9B
59d96fa86e1014a7dc3c,14, #686459
59d96fa86e1014a7dc3c,7,#F0ECDA
59d96fa86e1014a7dc3c,8, #444239
59d96fa86e1014a7dc3c,22, #8A8577
59de237c6c15daa4aa96,29, #DBD3BE
59de237c6c15daa4aa96,15, #B3AA97
59de237c6c15daa4aa96,1, #544637
59de237c6c15daa4aa96,2, #2A2116
59de237c6c15daa4aa96,1, #6E6455
59de237c6c15daa4aa96,43,#F7F5EB
59de237c6c15daa4aa96,6, #968973
59df5ec874c9736602ce,37,#1B160E
59df5ec874c9736602ce,6, #AD9A71
59df5ec874c9736602ce,37, #5B3022
59df5ec874c9736602ce,1, #E1DCC5
59df5ec874c9736602ce,14, #8A5C41
59df5ec874c9736602ce,2, #CBBE98
59e8d4b65826894bc79b,66, #604A2A
59e8d4b65826894bc79b,3, #D8B861
59e8d4b65826894bc79b,8, #BC9C50
59e8d4b65826894bc79b,10,#241E15
59e8d4b65826894bc79b,8, #9A7F43
59e8d4b65826894bc79b,2, #F2DD8B
59ea46843b17d7113fa6,8, #47463E
59ea46843b17d7113fa6,12, #272722
59ea46843b17d7113fa6,11, #9A9480
59ea46843b17d7113fa6,31,#B9B299
59ea46843b17d7113fa6,8, #6E6B5E
59ea46843b17d7113fa6,25, #D1CCB5
59ea46843b17d7113fa6,0, #E6E3CF
59ec4e3fdebb31bd122f,0,#FEF8EB
59ec4e3fdebb31bd122f,11, #999387
59ec4e3fdebb31bd122f,16, #4D4A41
59ec4e3fdebb31bd122f,11, #B2AC9F
59ec4e3fdebb31bd122f,15, #7B776B
59ec4e3fdebb31bd122f,44, #D5CDC0
59ef8bdba776894d3fa2,4, #A49E93
59ef8bdba776894d3fa2,51,#100F0D
59ef8bdba776894d3fa2,10, #878270
59ef8bdba776894d3fa2,10, #696556
59ef8bdba776894d3fa2,12, #3D3A2F
59ef8bdba776894d3fa2,1, #C8C4BF
59ef8bdba776894d3fa2,9, #F5F4EF
59f401d85c93eed9768f,13, #65655A
59f401d85c93eed9768f,1, #262924
59f401d85c93eed9768f,69,#D4CFBD
59f401d85c93eed9768f,1, #AAA597
59f401d85c93eed9768f,3, #898678
59f401d85c93eed9768f,9, #41423B
59fccaf5b53c3c79a37f,57, #E5DFC7
59fccaf5b53c3c79a37f,8,#FAF7E3
59fccaf5b53c3c79a37f,9, #C3BCA6
59fccaf5b53c3c79a37f,10, #7D7867
59fccaf5b53c3c79a37f,6, #A29C89
59fccaf5b53c3c79a37f,7, #4E4B3F
5a05367c7d72480c04f6,9, #38362E
5a05367c7d72480c04f6,34, #F4F0E4
5a05367c7d72480c04f6,18, #B0A99A
5a05367c7d72480c04f6,12, #807B6D
5a05367c7d72480c04f6,8,#615D52
5a05367c7d72480c04f6,16, #D3CDBC
5a166b5239b814f487c2,11, #B2AF9D
5a166b5239b814f487c2,16, #D0CEB7
5a166b5239b814f487c2,6, #F4F4E7
5a166b5239b814f487c2,10, #49413C
5a166b5239b814f487c2,13, #231C1A
5a166b5239b814f487c2,21,#67625B
5a166b5239b814f487c2,19, #8F8B80
5a2648de54b7eaa4e9fa,13, #DAD2B8
5a2648de54b7eaa4e9fa,10, #FBFAF6
5a2648de54b7eaa4e9fa,26,#857253
5a2648de54b7eaa4e9fa,6, #635139
5a2648de54b7eaa4e9fa,10, #C8BDA0
5a2648de54b7eaa4e9fa,18, #EAE6D3
5a2648de54b7eaa4e9fa,15, #A79C82
5a2cd35fd03dba8cbbb4,1, #A4683D
5a2cd35fd03dba8cbbb4,28, #A59B79
5a2cd35fd03dba8cbbb4,0, #252118
5a2cd35fd03dba8cbbb4,0, #3B505F
5a2cd35fd03dba8cbbb4,7, #727669
5a2cd35fd03dba8cbbb4,12, #6C4E37
5a2cd35fd03dba8cbbb4,49,#E0D7B4
5a30c847346dc67545c9,8, #A19D9E
5a30c847346dc67545c9,0, #261F1D
5a30c847346dc67545c9,0,#F7F3F0
5a30c847346dc67545c9,12, #CDCAC6
5a30c847346dc67545c9,59, #464140
5a30c847346dc67545c9,17, #787373
5a4114fc5858c4b65a76,4, #867F53
5a4114fc5858c4b65a76,22, #605E4A
5a4114fc5858c4b65a76,6, #19170E
5a4114fc5858c4b65a76,9, #9B9768
5a4114fc5858c4b65a76,28,#A1A790
5a4114fc5858c4b65a76,6, #CCCCAE
5a4114fc5858c4b65a76,21, #3C331D
5a443d8e633f51cb658c,32, #E8DCC3
5a443d8e633f51cb658c,0,#FCF7E4
5a443d8e633f51cb658c,16, #BDB39C
5a443d8e633f51cb658c,13, #6B6658
5a443d8e633f51cb658c,10, #898270
5a443d8e633f51cb658c,25, #454138
5a56b6a6d3cfa60f8a52,19, #35362B
5a56b6a6d3cfa60f8a52,25,#CFBF94
5a56b6a6d3cfa60f8a52,10, #BB9E66
5a56b6a6d3cfa60f8a52,22, #625B3B
5a56b6a6d3cfa60f8a52,11, #141612
5a56b6a6d3cfa60f8a52,0, #F2E1BB
5a56b6a6d3cfa60f8a52,9, #9E7746
5a57581addcbed2beae0,5, #928D82
5a57581addcbed2beae0,52,#393731
5a57581addcbed2beae0,1, #B2ACA1
5a57581addcbed2beae0,4, #CCC5B8
5a57581addcbed2beae0,21, #524F48
5a57581addcbed2beae0,9, #6D685E
5a57581addcbed2beae0,3, #EBE4D5
5a6757969aaab6478f3c,5, #B2A99C
5a6757969aaab6478f3c,9, #CBC1B3
5a6757969aaab6478f3c,8, #6F675D
5a6757969aaab6478f3c,6, #989085
5a6757969aaab6478f3c,5, #FCF9F6
5a6757969aaab6478f3c,1, #474139
5a6757969aaab6478f3c,63,#E8DCCF
5a6bd76a437f35bb95bb,5, #EEECEE
5a6bd76a437f35bb95bb,12, #AE926C
5a6bd76a437f35bb95bb,6, #7B7A73
5a6bd76a437f35bb95bb,42,#52463F
5a6bd76a437f35bb95bb,13, #8D6345
5a6bd76a437f35bb95bb,5, #CBC1AD
5a6bd76a437f35bb95bb,14, #2D1F1C
5a6e574b520c69e03d7c,11, #6E6A58
5a6e574b520c69e03d7c,14, #938D75
5a6e574b520c69e03d7c,0, #EEEBD6
5a6e574b520c69e03d7c,17, #D5D1B9
5a6e574b520c69e03d7c,3,#48473D
5a6e574b520c69e03d7c,51, #B9B193
5a751870486292e99df7,22, #393A34
5a751870486292e99df7,11, #868477
5a751870486292e99df7,22, #B6B2A5
5a751870486292e99df7,8, #68675C
5a751870486292e99df7,32, #DED9CC
5a751870486292e99df7,2,#F9F7F2
5a78e11db9c3fb7608d6,2,#F4F2E5
5a78e11db9c3fb7608d6,78, #8B836F
5a78e11db9c3fb7608d6,0, #D6CFB6
5a78e11db9c3fb7608d6,2, #56524B
5a78e11db9c3fb7608d6,12, #6F6B60
5a78e11db9c3fb7608d6,4, #B6A98B
5a793ac6888402c7de7c,1, #352E2B
5a793ac6888402c7de7c,39,#816758
5a793ac6888402c7de7c,17, #DEDBCC
5a793ac6888402c7de7c,5, #B1A795
5a793ac6888402c7de7c,15, #9F836D
5a793ac6888402c7de7c,9, #4E453D
5a793ac6888402c7de7c,11, #CEC6A9
5a798733925db6c6f8e2,7, #5E5230
5a798733925db6c6f8e2,3, #847650
5a798733925db6c6f8e2,29, #3E3421
5a798733925db6c6f8e2,12, #9B8C66
5a798733925db6c6f8e2,13, #1E1B14
5a798733925db6c6f8e2,30,#BEB186
5a798733925db6c6f8e2,3, #716741
5a7d052d85638db7ed3e,8, #AA8B56
5a7d052d85638db7ed3e,36, #4E361F
5a7d052d85638db7ed3e,33,#28190E
5a7d052d85638db7ed3e,1, #DBCBA1
5a7d052d85638db7ed3e,1, #C4AB7D
5a7d052d85638db7ed3e,17, #916234
5a7f551c0704e2172c3c,38, #534F43
5a7f551c0704e2172c3c,16, #2B261D
5a7f551c0704e2172c3c,35, #787365
5a7f551c0704e2172c3c,5, #A39F91
5a7f551c0704e2172c3c,0, #C8C1B1
5a7f551c0704e2172c3c,4,#F0ECE0
5a88e5183c8da1ab16e0,19, #63604C
5a88e5183c8da1ab16e0,11, #A19E89
5a88e5183c8da1ab16e0,10, #837F6A
5a88e5183c8da1ab16e0,2, #484636
5a88e5183c8da1ab16e0,13, #C8C5B0
5a88e5183c8da1ab16e0,42,#F0EDD9
5a8b7dcb108c4e271c0a,21, #8D8A79
5a8b7dcb108c4e271c0a,11, #525042
5a8b7dcb108c4e271c0a,4, #A9A694
5a8b7dcb108c4e271c0a,5, #CCC7B6
5a8b7dcb108c4e271c0a,20, #706D5C
5a8b7dcb108c4e271c0a,37,#F4EFDE
5a90285aca1373e9eb4d,8, #9EA083
5a90285aca1373e9eb4d,5, #CBBA80
5a90285aca1373e9eb4d,0, #B1984F
5a90285aca1373e9eb4d,24, #131517
5a90285aca1373e9eb4d,14, #32312B
5a90285aca1373e9eb4d,14, #7E7F62
5a90285aca1373e9eb4d,31,#5A5F51
5a92c23fbe6d9ac29e31,5, #B7AD95
5a92c23fbe6d9ac29e31,6, #948972
5a92c23fbe6d9ac29e31,77,#D7CFBA
5a92c23fbe6d9ac29e31,0, #F7F6EC
5a92c23fbe6d9ac29e31,0, #17110A
5a92c23fbe6d9ac29e31,5, #625B4D
5a92c23fbe6d9ac29e31,3, #3A3024
5a9ff5700fcc611ee221,11, #9C9563
5a9ff5700fcc611ee221,1, #8B834F
5a9ff5700fcc611ee221,85, #B4AD81
5a9ff5700fcc611ee221,0,#6E6A4E
5a9ff5700fcc611ee221,0, #5C5738
5a9ff5700fcc611ee221,0, #D0C898
5aa0ce158108b65f426e,10, #7B7668
5aa0ce158108b65f426e,4, #F8F7EB
5aa0ce158108b65f426e,7, #948F7D
5aa0ce158108b65f426e,24,#B8B299
5aa0ce158108b65f426e,19, #DCD7BA
5aa0ce158108b65f426e,18, #2C2928
5aa0ce158108b65f426e,13, #55504B
5aa79cf84c82ae9c3923,19, #17140D
5aa79cf84c82ae9c3923,19, #663A1E
5aa79cf84c82ae9c3923,0, #987F53
5aa79cf84c82ae9c3923,55,#3C2715
5aa79cf84c82ae9c3923,2, #7A5429
5aa79cf84c82ae9c3923,2, #86683E
5aa8437c565cf03a6d38,19, #B5A38C
5aa8437c565cf03a6d38,0, #694F3C
5aa8437c565cf03a6d38,14, #D0C1A6
5aa8437c565cf03a6d38,4, #ECE3CD
5aa8437c565cf03a6d38,56,#968573
5aa8437c565cf03a6d38,3, #7C6350
5aa8437c565cf03a6d38,0, #FEFEF0
5aa9a04f8fd7d426eb39,13, #B1A484
5aa9a04f8fd7d426eb39,1, #B38F53
5aa9a04f8fd7d426eb39,28,#5F3F28
5aa9a04f8fd7d426eb39,2, #D3C298
5aa9a04f8fd7d426eb39,20, #82693F
5aa9a04f8fd7d426eb39,18, #838275
5aa9a04f8fd7d426eb39,14, #312821
5aac1e1d381e1446cff8,4, #76694E
5aac1e1d381e1446cff8,5,#E2DAC9
5aac1e1d381e1446cff8,35, #B5A88C
5aac1e1d381e1446cff8,7, #A29274
5aac1e1d381e1446cff8,7, #8F7F65
5aac1e1d381e1446cff8,40, #CCC1A2
5ab38e6ca1db5aaf8d2a,1, #D1C89F
5ab38e6ca1db5aaf8d2a,15, #AFA376
5ab38e6ca1db5aaf8d2a,35, #5E5339
5ab38e6ca1db5aaf8d2a,0,#E7E1C0
5ab38e6ca1db5aaf8d2a,28, #1D2023
5ab38e6ca1db5aaf8d2a,19, #917F52
5ac17457a738c29637e8,24, #908458
5ac17457a738c29637e8,14, #BEB696
5ac17457a738c29637e8,42,#A49C7A
5ac17457a738c29637e8,3, #FBFAE5
5ac17457a738c29637e8,13, #7B6D41
5ac17457a738c29637e8,0, #D9D5B4
5ac17457a738c29637e8,0, #EBE7C9
5ac2b72bc0e87bbde716,12, #EFE9C8
5ac2b72bc0e87bbde716,0, #0F0B08
5ac2b72bc0e87bbde716,12, #9A8970
5ac2b72bc0e87bbde716,15, #594839
5ac2b72bc0e87bbde716,49,#372724
5ac2b72bc0e87bbde716,7, #D4C080
5ac2b72bc0e87bbde716,1, #BDB6B6
5acd9d1d641684b37afa,4, #968A7D
5acd9d1d641684b37afa,2, #715B48
5acd9d1d641684b37afa,1,#F5F0E2
5acd9d1d641684b37afa,1, #4A2E1E
5acd9d1d641684b37afa,84, #DED3BF
5acd9d1d641684b37afa,6, #BBAE9F
5ad0dc443c7113346619,13, #65564C
5ad0dc443c7113346619,9, #352822
5ad0dc443c7113346619,0, #EBE6D2
5ad0dc443c7113346619,8, #A29789
5ad0dc443c7113346619,13, #BFB6A0
5ad0dc443c7113346619,11, #85786C
5ad0dc443c7113346619,44,#D8CEB7
5ad5a24ca4d5b3ea29fc,18, #4F2E1B
5ad5a24ca4d5b3ea29fc,0, #756244
5ad5a24ca4d5b3ea29fc,32, #11110B
5ad5a24ca4d5b3ea29fc,0, #8B7552
5ad5a24ca4d5b3ea29fc,0, #AA895C
5ad5a24ca4d5b3ea29fc,6, #5E5139
5ad5a24ca4d5b3ea29fc,40,#282117
5ad95982f265b54ec5bf,2, #A6957F
5ad95982f265b54ec5bf,20, #D0C6B1
5ad95982f265b54ec5bf,72,#EBE5D3
5ad95982f265b54ec5bf,3, #BBAC95
5ad95982f265b54ec5bf,0, #7D7162
5ad95982f265b54ec5bf,0, #665F54
5ad95982f265b54ec5bf,0, #8C8170
5adb9f1ad9b105d62b0a,27,#656F74
5adb9f1ad9b105d62b0a,5, #AAA36A
5adb9f1ad9b105d62b0a,8, #6D693D
5adb9f1ad9b105d62b0a,28, #4D492A
5adb9f1ad9b105d62b0a,2, #928940
5adb9f1ad9b105d62b0a,28, #212113
5adc3dd7e6af6c2aa5cb,15, #655446
5adc3dd7e6af6c2aa5cb,4, #85786C
5adc3dd7e6af6c2aa5cb,8, #9A9186
5adc3dd7e6af6c2aa5cb,21, #B4B0A3
5adc3dd7e6af6c2aa5cb,7, #3F2A1E
5adc3dd7e6af6c2aa5cb,9, #F2F2EF
5adc3dd7e6af6c2aa5cb,32,#D1CFC5
5adda63c039cff97831e,4,#0F0F09
5adda63c039cff97831e,78, #3B3325
5adda63c039cff97831e,0, #E9CF81
5adda63c039cff97831e,10, #786037
5adda63c039cff97831e,4, #928351
5adda63c039cff97831e,1, #C8AD61
5ae3a9a5339b8d91d847,8, #615C4D
5ae3a9a5339b8d91d847,3,#F3F1E8
5ae3a9a5339b8d91d847,2, #262724
5ae3a9a5339b8d91d847,12, #928B76
5ae3a9a5339b8d91d847,20, #B5AB95
5ae3a9a5339b8d91d847,53, #D8D2BF
5ae630696f5f99791382,61,#D5C7AF
5ae630696f5f99791382,4, #B2A792
5ae630696f5f99791382,9, #3A3732
5ae630696f5f99791382,8, #8D8576
5ae630696f5f99791382,0, #F0E5D8
5ae630696f5f99791382,13, #645F54
5ae630696f5f99791382,1, #FDFAF4
5ae673e55ab436a464d2,3, #6C5A55
5ae673e55ab436a464d2,60,#F3F0E6
5ae673e55ab436a464d2,1, #D9D0C8
5ae673e55ab436a464d2,11, #4F3E38
5ae673e55ab436a464d2,14, #B1A5A0
5ae673e55ab436a464d2,4, #322622
5ae673e55ab436a464d2,3, #897C76
5afaf4cdc136dd028400,3, #453F3D
5afaf4cdc136dd028400,20, #9F9790
5afaf4cdc136dd028400,13, #807873
5afaf4cdc136dd028400,9, #675F5B
5afaf4cdc136dd028400,23,#F1E8DA
5afaf4cdc136dd028400,29, #C6BEB3
5b074d45b08d7d5da212,5, #141E17
5b074d45b08d7d5da212,25, #737567
5b074d45b08d7d5da212,12,#F2EBD6
5b074d45b08d7d5da212,14, #A49D89
5b074d45b08d7d5da212,22, #3D443A
5b074d45b08d7d5da212,18, #CABCA2
5b0fc0f05fc1e10dbc91,13, #A59F8C
5b0fc0f05fc1e10dbc91,19, #605D50
5b0fc0f05fc1e10dbc91,16, #CBC5AE
5b0fc0f05fc1e10dbc91,20, #817B6B
5b0fc0f05fc1e10dbc91,20,#F5F2DE
5b0fc0f05fc1e10dbc91,8, #434139
5b159f235cf94f1cda0a,1, #C2B896
5b159f235cf94f1cda0a,10, #150F09
5b159f235cf94f1cda0a,1, #A79979
5b159f235cf94f1cda0a,4, #7B5B40
5b159f235cf94f1cda0a,18, #544630
5b159f235cf94f1cda0a,57,#5E2E19
5b159f235cf94f1cda0a,5, #8A7860
5b195fdf9311b4edb529,34, #392721
5b195fdf9311b4edb529,6, #A59070
5b195fdf9311b4edb529,39,#7C705C
5b195fdf9311b4edb529,0, #FCFDF9
5b195fdf9311b4edb529,3, #E9E3CB
5b195fdf9311b4edb529,6, #C3BBA5
5b195fdf9311b4edb529,7, #953D49
5b1d7aee6567e0197f96,13, #F5F2E2
5b1d7aee6567e0197f96,36, #CAC0AE
5b1d7aee6567e0197f96,15, #726E60
5b1d7aee6567e0197f96,9,#8A8678
5b1d7aee6567e0197f96,10, #4B483C
5b1d7aee6567e0197f96,13, #A59F8F
5b2270a4b3ce0777a941,50, #454031
5b2270a4b3ce0777a941,5, #6D5A37
5b2270a4b3ce0777a941,41,#1F1C15
5b2270a4b3ce0777a941,1, #857855
5b2270a4b3ce0777a941,0, #98907B
5b2270a4b3ce0777a941,0, #F2F2F3
5b2ba3e453be83f9f8fc,7, #876B47
5b2ba3e453be83f9f8fc,21, #100F08
5b2ba3e453be83f9f8fc,2, #565F61
5b2ba3e453be83f9f8fc,26, #5A442C
5b2ba3e453be83f9f8fc,2, #AAA086
5b2ba3e453be83f9f8fc,39,#2F2419
5b30d531f77ec25d46fc,31, #2A1E12
5b30d531f77ec25d46fc,0, #624221
5b30d531f77ec25d46fc,3, #927848
5b30d531f77ec25d46fc,57,#0E0D07
5b30d531f77ec25d46fc,2, #A88E5C
5b30d531f77ec25d46fc,1, #826738
5b30d531f77ec25d46fc,2, #45331E
5b371d0b79c7d17be36e,42, #CCC39D
5b371d0b79c7d17be36e,20, #363125
5b371d0b79c7d17be36e,6, #0F0E0E
5b371d0b79c7d17be36e,9, #675D3C
5b371d0b79c7d17be36e,11, #8E8257
5b371d0b79c7d17be36e,9,#B4A87A
5b38985259a10d3bd31e,3, #6A5439
5b38985259a10d3bd31e,8, #564228
5b38985259a10d3bd31e,2, #837052
5b38985259a10d3bd31e,6,#100F0A
5b38985259a10d3bd31e,0, #A89169
5b38985259a10d3bd31e,79, #34271A
5b3ce0a17e735952e6e1,13, #564230
5b3ce0a17e735952e6e1,2, #CDB686
5b3ce0a17e735952e6e1,0, #E0D3AB
5b3ce0a17e735952e6e1,17, #BE936A
5b3ce0a17e735952e6e1,0, #282618
5b3ce0a17e735952e6e1,0, #6B6754
5b3ce0a17e735952e6e1,65,#9E7454
5b42f1e057358d5f2491,1, #A39354
5b42f1e057358d5f2491,54, #583817
5b42f1e057358d5f2491,40,#141107
5b42f1e057358d5f2491,0, #C1B270
5b42f1e057358d5f2491,2, #8C6A31
5b42f1e057358d5f2491,0, #DCD5A0
5b4350636249b885c206,24, #7A776F
5b4350636249b885c206,13,#F5F3E9
5b4350636249b885c206,13, #9E9A93
5b4350636249b885c206,8, #B6B2AB
5b4350636249b885c206,21, #D0CCC4
5b4350636249b885c206,18, #45443E
5b4473a914ce8c9da4d3,17, #898170
5b4473a914ce8c9da4d3,2, #4D483F
5b4473a914ce8c9da4d3,0,#34302A
5b4473a914ce8c9da4d3,5, #6A6358
5b4473a914ce8c9da4d3,5, #D7D3CC
5b4473a914ce8c9da4d3,68, #C0B291
5b49d7876f0db78ecb67,20, #D9CBB4
5b49d7876f0db78ecb67,16, #B2A898
5b49d7876f0db78ecb67,13, #91887C
5b49d7876f0db78ecb67,12,#F1E6D0
5b49d7876f0db78ecb67,34, #6D655E
5b49d7876f0db78ecb67,2, #413C3B
5b52817ed8a53effe959,28, #8A7558
5b52817ed8a53effe959,4, #C5B58A
5b52817ed8a53effe959,31,#675237
5b52817ed8a53effe959,5, #E9E9DC
5b52817ed8a53effe959,13, #A69172
5b52817ed8a53effe959,1, #E7D690
5b52817ed8a53effe959,13, #36261E
5b52a1aa40e336d67012,13, #A19E90
5b52a1aa40e336d67012,10, #807E71
5b52a1aa40e336d67012,27, #C8C5B3
5b52a1aa40e336d67012,11, #616054
5b52a1aa40e336d67012,10, #302F27
5b52a1aa40e336d67012,25,#F5F1DE
5b596bd97bf97f7d51ff,13, #77716C
5b596bd97bf97f7d51ff,15, #F0EBDD
5b596bd97bf97f7d51ff,29,#D9D4C4
5b596bd97bf97f7d51ff,21, #36302D
5b596bd97bf97f7d51ff,9, #BAB2A0
5b596bd97bf97f7d51ff,7, #58524E
5b596bd97bf97f7d51ff,3, #959087
5b5f76b5514a29758ffd,46,#DBD4C0
5b5f76b5514a29758ffd,5, #7D776D
5b5f76b5514a29758ffd,23, #F5F0E0
5b5f76b5514a29758ffd,3, #5E5851
5b5f76b5514a29758ffd,0, #3F3B36
5b5f76b5514a29758ffd,5, #948E83
5b5f76b5514a29758ffd,14, #B5AB9A
5b61a281ee48ad0ddbf3,6,#ECE5D1
5b61a281ee48ad0ddbf3,11, #464137
5b61a281ee48ad0ddbf3,26, #989282
5b61a281ee48ad0ddbf3,14, #615C50
5b61a281ee48ad0ddbf3,27, #C1BBA8
5b61a281ee48ad0ddbf3,14, #797365
5b627a69c72c27049416,9, #9EA090
5b627a69c72c27049416,6, #212D22
5b627a69c72c27049416,4, #7A8073
5b627a69c72c27049416,10, #CFCAB5
5b627a69c72c27049416,57,#F8F5E2
5b627a69c72c27049416,11, #555F53
5b6df416b6e5b154dcf9,8, #747063
5b6df416b6e5b154dcf9,21, #A59D8A
5b6df416b6e5b154dcf9,2,#565247
5b6df416b6e5b154dcf9,40, #CAC2AE
5b6df416b6e5b154dcf9,8, #8C8677
5b6df416b6e5b154dcf9,18, #DFDBD0
5b8170cf5ff7c376ed47,1, #DDD8B9
5b8170cf5ff7c376ed47,48, #25241A
5b8170cf5ff7c376ed47,38,#46402C
5b8170cf5ff7c376ed47,8, #877248
5b8170cf5ff7c376ed47,1, #B19C6E
5b8170cf5ff7c376ed47,1, #C6B88C
5b8d6fd020c878bc2cb5,22, #75685A
5b8d6fd020c878bc2cb5,13, #D1CCBB
5b8d6fd020c878bc2cb5,11, #2D221C
5b8d6fd020c878bc2cb5,16, #A99F8F
5b8d6fd020c878bc2cb5,29, #4C3D32
5b8d6fd020c878bc2cb5,6,#F4F1DC
5b902f1121d55a0ba540,2, #A69B87
5b902f1121d55a0ba540,0, #C6BCA5
5b902f1121d55a0ba540,34,#1D2224
5b902f1121d55a0ba540,22, #53453D
5b902f1121d55a0ba540,21, #333334
5b902f1121d55a0ba540,4, #7D7364
5b902f1121d55a0ba540,14, #6C584A
5b9977432619d2bd2e8d,7, #A29F98
5b9977432619d2bd2e8d,53, #C2C0B5
5b9977432619d2bd2e8d,19, #61574C
5b9977432619d2bd2e8d,8, #7B746A
5b9977432619d2bd2e8d,9, #908981
5b9977432619d2bd2e8d,1,#3E3329
5b99b75768c06e3d8b0b,5, #B9AD92
5b99b75768c06e3d8b0b,70, #D1CAB5
5b99b75768c06e3d8b0b,1, #59483C
5b99b75768c06e3d8b0b,5, #988E7E
5b99b75768c06e3d8b0b,8, #796B5C
5b99b75768c06e3d8b0b,8,#F6F5F0
5ba407820ad10a43b5d9,24, #CEC7B5
5ba407820ad10a43b5d9,1, #6A614D
5ba407820ad10a43b5d9,0,#1A1C13
5ba407820ad10a43b5d9,63, #F9F6EC
5ba407820ad10a43b5d9,7, #928975
5ba407820ad10a43b5d9,1, #423E2E
5ba69cf219cdaca46d7f,2, #32271A
5ba69cf219cdaca46d7f,65, #D3CAB5
5ba69cf219cdaca46d7f,1, #716958
5ba69cf219cdaca46d7f,3, #584D3E
5ba69cf219cdaca46d7f,19, #9B907B
5ba69cf219cdaca46d7f,7,#F8F6EE
5ba90f12d25ed3454bb4,13, #87857A
5ba90f12d25ed3454bb4,11, #D9D6C5
5ba90f12d25ed3454bb4,0, #36362D
5ba90f12d25ed3454bb4,27, #5B5A50
5ba90f12d25ed3454bb4,8, #B0AD9E
5ba90f12d25ed3454bb4,38,#F7F5E6
5bad4d26f143516c01e8,2, #7D612E
5bad4d26f143516c01e8,82,#242116
5bad4d26f143516c01e8,10, #403A2A
5bad4d26f143516c01e8,0, #8D7D46
5bad4d26f143516c01e8,0, #AC8B47
5bad4d26f143516c01e8,3, #5A4C26
5bad4d26f143516c01e8,0, #504E46
5bb5b5b816c628df3137,10, #7B7870
5bb5b5b816c628df3137,29, #EAE5D4
5bb5b5b816c628df3137,8, #D2CBB5
5bb5b5b816c628df3137,7, #A8A496
5bb5b5b816c628df3137,44, #4A4844
5bb5b5b816c628df3137,0,#FEFEFE
5bbd941b4c8e502ecbec,0, #A78948
5bbd941b4c8e502ecbec,93,#271C0F
5bbd941b4c8e502ecbec,0, #A8A474
5bbd941b4c8e502ecbec,0, #695629
5bbd941b4c8e502ecbec,3, #4B3214
5bbd941b4c8e502ecbec,0, #8E8B5E
5bbd941b4c8e502ecbec,1, #826E3A
5bc17bc37e48e983dfd7,7, #BAB5A8
5bc17bc37e48e983dfd7,27, #605E54
5bc17bc37e48e983dfd7,1, #3A3830
5bc17bc37e48e983dfd7,9, #D3CEC0
5bc17bc37e48e983dfd7,24, #928E83
5bc17bc37e48e983dfd7,29,#F1ECDB
5bc2c4fd1bf734670855,4, #918B7B
5bc2c4fd1bf734670855,59, #DAD1B8
5bc2c4fd1bf734670855,18,#F6F3E6
5bc2c4fd1bf734670855,2, #47433A
5bc2c4fd1bf734670855,6, #6F695A
5bc2c4fd1bf734670855,8, #B7AD97
5bc7a258b02eaf72dd5e,7, #5F5246
5bc7a258b02eaf72dd5e,9, #A69D8A
5bc7a258b02eaf72dd5e,30, #D5C5B3
5bc7a258b02eaf72dd5e,1, #34261F
5bc7a258b02eaf72dd5e,6, #817769
5bc7a258b02eaf72dd5e,44,#FBF7F0
5bc7def6958563c172fe,1, #796D54
5bc7def6958563c172fe,2, #675C44
5bc7def6958563c172fe,26, #403422
5bc7def6958563c172fe,0, #A19D7D
5bc7def6958563c172fe,1, #927F5B
5bc7def6958563c172fe,51,#0A0805
5bc7def6958563c172fe,15, #1E1913
5bd378cf797dffe787fa,10, #AA8C5B
5bd378cf797dffe787fa,65, #564A31
5bd378cf797dffe787fa,14,#2A2922
5bd378cf797dffe787fa,9, #7D6A41
5bd378cf797dffe787fa,0, #E6DDA7
5bd378cf797dffe787fa,0, #C5B67F
5bd763df401ebeaab07a,31,#3D3B35
5bd763df401ebeaab07a,6, #A3884F
5bd763df401ebeaab07a,5, #9E9B92
5bd763df401ebeaab07a,25, #EEEEF0
5bd763df401ebeaab07a,25, #797056
5bd763df401ebeaab07a,3, #DDD6B3
5bd763df401ebeaab07a,0, #D0B56E
5bdb0233b735ccd1d5e6,15, #ACA594
5bdb0233b735ccd1d5e6,58, #D7CEB9
5bdb0233b735ccd1d5e6,5, #48463F
5bdb0233b735ccd1d5e6,5, #8B8677
5bdb0233b735ccd1d5e6,8, #6A6659
5bdb0233b735ccd1d5e6,7,#FAF4DE
5bdc7db23245a882b150,15, #868275
5bdc7db23245a882b150,25, #F8F5E4
5bdc7db23245a882b150,3, #4D4A40
5bdc7db23245a882b150,17, #ACA799
5bdc7db23245a882b150,27,#D6D1C0
5bdc7db23245a882b150,0, #312F27
5bdc7db23245a882b150,10, #676458
5bdcec73a11cbc9199fa,7, #715935
5bdcec73a11cbc9199fa,66, #1F1A13
5bdcec73a11cbc9199fa,1, #8B744E
5bdcec73a11cbc9199fa,1,#A28E69
5bdcec73a11cbc9199fa,21, #443224
5bdcec73a11cbc9199fa,0, #B6A786
5bdfbdba0ce28b29ade2,6, #C5BEAB
5bdfbdba0ce28b29ade2,6, #9B9587
5bdfbdba0ce28b29ade2,6, #3C3A32
5bdfbdba0ce28b29ade2,7, #6F6A5E
5bdfbdba0ce28b29ade2,1,#FEFEF9
5bdfbdba0ce28b29ade2,71, #E7E2CF
5be6c52cd658115657a0,22, #7B764B
5be6c52cd658115657a0,1, #D5C58D
5be6c52cd658115657a0,23, #635632
5be6c52cd658115657a0,8, #AD954F
5be6c52cd658115657a0,34,#523421
5be6c52cd658115657a0,7, #BDA868
5be6c52cd658115657a0,0, #833F29
5be762f9b7826395febc,0, #2A2720
5be762f9b7826395febc,7, #46453C
5be762f9b7826395febc,22, #BAB7A7
5be762f9b7826395febc,17, #6E6C60
5be762f9b7826395febc,21, #989588
5be762f9b7826395febc,6, #D8D4C2
5be762f9b7826395febc,23,#F5F2DE
5be7f685af4719598fde,6, #5F7E9D
5be7f685af4719598fde,14, #100F0A
5be7f685af4719598fde,7,#345171
5be7f685af4719598fde,51, #664730
5be7f685af4719598fde,13, #A28559
5be7f685af4719598fde,6, #B0B5A7
5be9098174984d01f93f,3, #2F2218
5be9098174984d01f93f,3, #EDECE9
5be9098174984d01f93f,3, #554B40
5be9098174984d01f93f,33, #A79F90
5be9098174984d01f93f,39,#C7C1B1
5be9098174984d01f93f,3, #6D6358
5be9098174984d01f93f,12, #867E73
5bf507c59f135cfeb265,16, #49433B
5bf507c59f135cfeb265,15, #726959
5bf507c59f135cfeb265,11, #8F8673
5bf507c59f135cfeb265,3, #FBF9F0
5bf507c59f135cfeb265,24,#E9E0CB
5bf507c59f135cfeb265,18, #D1C6AD
5bf507c59f135cfeb265,9, #B6AB93
5bfc98951f600f13566a,40, #ADA191
5bfc98951f600f13566a,10, #E0D2C4
5bfc98951f600f13566a,3,#FBF6F7
5bfc98951f600f13566a,5, #3E3936
5bfc98951f600f13566a,23, #887E71
5bfc98951f600f13566a,16, #625A52
5c04da79206ff58138cf,9, #CFCDC1
5c04da79206ff58138cf,6,#919287
5c04da79206ff58138cf,40, #F4F2E7
5c04da79206ff58138cf,9, #45473F
5c04da79206ff58138cf,13, #ACADA3
5c04da79206ff58138cf,21, #74766B
5c06e7b8470a49129245,1, #DDC480
5c06e7b8470a49129245,69,#1E1B15
5c06e7b8470a49129245,18, #4A3F2F
5c06e7b8470a49129245,7, #876438
5c06e7b8470a49129245,1, #C4AA6C
5c06e7b8470a49129245,2, #B08F54
5c06e7b8470a49129245,0, #F7E2A1
5c0e0b7b45a857e439f5,2, #776E5B
5c0e0b7b45a857e439f5,0, #FCF5E1
5c0e0b7b45a857e439f5,2, #595245
5c0e0b7b45a857e439f5,83,#E2D9C4
5c0e0b7b45a857e439f5,0, #413D34
5c0e0b7b45a857e439f5,4, #C5BAA4
5c0e0b7b45a857e439f5,5, #9D937F
5c131fcb2cd18b53122d,18, #2C261C
5c131fcb2cd18b53122d,0, #6C716F
5c131fcb2cd18b53122d,33, #484131
5c131fcb2cd18b53122d,0, #7D4521
5c131fcb2cd18b53122d,7, #7E6E47
5c131fcb2cd18b53122d,2, #9B8456
5c131fcb2cd18b53122d,36,#675F45
5c19d01fe0c9f536b293,13, #7A533C
5c19d01fe0c9f536b293,8, #B7AC90
5c19d01fe0c9f536b293,9, #827C65
5c19d01fe0c9f536b293,51,#919388
5c19d01fe0c9f536b293,9, #574F3C
5c19d01fe0c9f536b293,8, #2E291F
5c1a491a879cbdce5405,46, #A69C8B
5c1a491a879cbdce5405,6, #E3DDC9
5c1a491a879cbdce5405,17, #C8BDA5
5c1a491a879cbdce5405,2, #624A2F
5c1a491a879cbdce5405,6,#FAF9F3
5c1a491a879cbdce5405,20, #8A7860
5c2763234137fde770a5,3, #666357
5c2763234137fde770a5,8, #A19D92
5c2763234137fde770a5,2, #CAC6BB
5c2763234137fde770a5,61,#F0EDE4
5c2763234137fde770a5,9, #3E3C34
5c2763234137fde770a5,14, #7F7C70
5c2eed2638d45eaabd8a,12, #86827A
5c2eed2638d45eaabd8a,8, #3A3933
5c2eed2638d45eaabd8a,43, #D9D2C9
5c2eed2638d45eaabd8a,0,#FEFDF8
5c2eed2638d45eaabd8a,14, #AAA49C
5c2eed2638d45eaabd8a,19, #5C5A53
5c2fb87cca90f0e870e0,6, #A09882
5c2fb87cca90f0e870e0,13, #DCD5BF
5c2fb87cca90f0e870e0,10, #7D7159
5c2fb87cca90f0e870e0,8, #514431
5c2fb87cca90f0e870e0,5, #C0B69B
5c2fb87cca90f0e870e0,54,#F4F2EB
5c2fe877c8211c0e2963,29, #3B3423
5c2fe877c8211c0e2963,18, #675A37
5c2fe877c8211c0e2963,0, #CBC297
5c2fe877c8211c0e2963,1, #A38E63
5c2fe877c8211c0e2963,0, #B5AD81
5c2fe877c8211c0e2963,1, #807552
5c2fe877c8211c0e2963,48,#19150F
5c41c6c4591a733181f0,49, #E0D8BB
5c41c6c4591a733181f0,3, #3C2E23
5c41c6c4591a733181f0,8, #645646
5c41c6c4591a733181f0,25, #BBB095
5c41c6c4591a733181f0,1,#FEFCE6
5c41c6c4591a733181f0,11, #8D8371
5c480d2d63e3ad84e917,13, #E5D3AF
5c480d2d63e3ad84e917,13, #9C907A
5c480d2d63e3ad84e917,5, #605142
5c480d2d63e3ad84e917,12, #BFB398
5c480d2d63e3ad84e917,27,#D1C3A4
5c480d2d63e3ad84e917,11, #AEA288
5c480d2d63e3ad84e917,16, #7B6E5D
5c4ae2f06d7524c171db,12, #41372F
5c4ae2f06d7524c171db,42, #251C17
5c4ae2f06d7524c171db,6, #60574F
5c4ae2f06d7524c171db,22, #867E74
5c4ae2f06d7524c171db,6,#E3DDC6
5c4ae2f06d7524c171db,9, #B9B2A0
5c4b4720744078de45af,2,#DDD6C5
5c4b4720744078de45af,21, #6D5B43
5c4b4720744078de45af,34, #918571
5c4b4720744078de45af,20, #3F3023
5c4b4720744078de45af,6, #F8F6EF
5c4b4720744078de45af,14, #B6AF9B
5c4d7db251027f7489d2,35, #5A3720
5c4d7db251027f7489d2,5, #170E0B
5c4d7db251027f7489d2,5, #E3D3AF
5c4d7db251027f7489d2,6, #917649
5c4d7db251027f7489d2,8, #B9A378
5c4d7db251027f7489d2,37,#F4F1E9
5c55f346ee70e87f426e,1, #928C83
5c55f346ee70e87f426e,5, #C2B9A9
5c55f346ee70e87f426e,29, #DED2BA
5c55f346ee70e87f426e,60,#F5EFE1
5c55f346ee70e87f426e,0, #605B58
5c55f346ee70e87f426e,2, #ADA597
5c55f346ee70e87f426e,0, #7A756F
5c5dbfbb88df9546c003,9, #A39D8A
5c5dbfbb88df9546c003,14, #3F3D36
5c5dbfbb88df9546c003,1, #E4DEC2
5c5dbfbb88df9546c003,13, #6B6659
5c5dbfbb88df9546c003,20, #F8F6E3
5c5dbfbb88df9546c003,5, #878171
5c5dbfbb88df9546c003,35,#C8C0A9
5c60d4f3c9d5bb061233,11, #5E5C51
5c60d4f3c9d5bb061233,1, #AAA696
5c60d4f3c9d5bb061233,6, #757265
5c60d4f3c9d5bb061233,6, #8E8A7B
5c60d4f3c9d5bb061233,40,#464438
5c60d4f3c9d5bb061233,3, #BDB8A8
5c60d4f3c9d5bb061233,28, #26241C
5c6cbe1a07213a14ee04,12, #85765F
5c6cbe1a07213a14ee04,35,#523821
5c6cbe1a07213a14ee04,6, #B4A488
5c6cbe1a07213a14ee04,13, #66533A
5c6cbe1a07213a14ee04,4, #76674D
5c6cbe1a07213a14ee04,20, #17130D
5c6cbe1a07213a14ee04,8, #9B8C72
5c785c2571ca87c3f054,29,#F0F0EA
5c785c2571ca87c3f054,17, #4A413A
5c785c2571ca87c3f054,7, #807668
5c785c2571ca87c3f054,19, #AAA18D
5c785c2571ca87c3f054,5, #62584E
5c785c2571ca87c3f054,20, #D1CBB6
5c7a4e7a5d74e858fe57,9, #73745C
5c7a4e7a5d74e858fe57,56,#251C0D
5c7a4e7a5d74e858fe57,24, #655329
5c7a4e7a5d74e858fe57,2, #BFAE7F
5c7a4e7a5d74e858fe57,1, #9A7B3D
5c7a4e7a5d74e858fe57,5, #9C9677
5c86a7ac5c041c197ff0,10, #AE9D64
5c86a7ac5c041c197ff0,6, #CDBD7D
5c86a7ac5c041c197ff0,25, #686041
5c86a7ac5c041c197ff0,5, #EFE19F
5c86a7ac5c041c197ff0,8, #7C7F63
5c86a7ac5c041c197ff0,42,#353226
5c86a7ac5c041c197ff0,0, #A2AA8F
5c8ec72f37ab96572ff2,9,#E6DEC6
5c8ec72f37ab96572ff2,10, #685A49
5c8ec72f37ab96572ff2,5, #4E3E2F
5c8ec72f37ab96572ff2,29, #817664
5c8ec72f37ab96572ff2,41, #A79B83
5c8ec72f37ab96572ff2,2, #CAC0A6
5c95a3abe23a38efdf1b,24, #7F7559
5c95a3abe23a38efdf1b,1, #FDFDF8
5c95a3abe23a38efdf1b,6, #E5DFC4
5c95a3abe23a38efdf1b,2, #C9BF9B
5c95a3abe23a38efdf1b,10, #2C1A13
5c95a3abe23a38efdf1b,20, #A2946E
5c95a3abe23a38efdf1b,34,#5B4A3B
5ca7a4b59627ebd89e7b,8, #655E3F
5ca7a4b59627ebd89e7b,10, #B0A07D
5ca7a4b59627ebd89e7b,64, #301B0F
5ca7a4b59627ebd89e7b,9, #8F7E53
5ca7a4b59627ebd89e7b,1, #C7BE9C
5ca7a4b59627ebd89e7b,6,#49442D
5cadbfcc3e2122539269,5, #444337
5cadbfcc3e2122539269,5,#8A8679
5cadbfcc3e2122539269,64, #E1DCCD
5cadbfcc3e2122539269,3, #FAF8EC
5cadbfcc3e2122539269,5, #6B685A
5cadbfcc3e2122539269,15, #B1AE9E
5cadd9c06539cfe7029d,17, #766B44
5cadd9c06539cfe7029d,7, #53482E
5cadd9c06539cfe7029d,41,#1F160D
5cadd9c06539cfe7029d,10, #C1B686
5cadd9c06539cfe7029d,13, #E1DBB8
5cadd9c06539cfe7029d,1, #FDFDF4
5cadd9c06539cfe7029d,8, #998E69
5cb86a1be0844951ef7d,1, #1F1817
5cb86a1be0844951ef7d,18, #908A85
5cb86a1be0844951ef7d,6, #3D3533
5cb86a1be0844951ef7d,26, #635B58
5cb86a1be0844951ef7d,44, #C0BDB3
5cb86a1be0844951ef7d,2,#E9E6D5
5cba5d06a32502503bdf,5, #AB9B80
5cba5d06a32502503bdf,2, #D3C8B3
5cba5d06a32502503bdf,1, #C2B69E
5cba5d06a32502503bdf,7, #756855
5cba5d06a32502503bdf,0, #4A453C
5cba5d06a32502503bdf,77,#EBE1D0
5cba5d06a32502503bdf,5, #978366
5cc41592a8d0bceacd3e,4, #AEA89D
5cc41592a8d0bceacd3e,12,#827D74
5cc41592a8d0bceacd3e,0, #FBF5E7
5cc41592a8d0bceacd3e,7, #DBD4C8
5cc41592a8d0bceacd3e,49, #5C5850
5cc41592a8d0bceacd3e,25, #37352F
5cc6c8b83032c8d32495,4, #A3906A
5cc6c8b83032c8d32495,7,#7E6B50
5cc6c8b83032c8d32495,0, #5E462F
5cc6c8b83032c8d32495,14, #DFD6BB
5cc6c8b83032c8d32495,4, #B3A281
5cc6c8b83032c8d32495,69, #C9BD9E
5cdab6345aea098b8f85,5, #0D0A09
5cdab6345aea098b8f85,11, #898281
5cdab6345aea098b8f85,3, #F4F2E7
5cdab6345aea098b8f85,62,#665943
5cdab6345aea098b8f85,6, #B3B0A8
5cdab6345aea098b8f85,7, #322B2A
5cdab6345aea098b8f85,3, #D8D5C8
5ce444a1d7813ed39072,5, #A09D89
5ce444a1d7813ed39072,9, #C0BCA4
5ce444a1d7813ed39072,4, #383732
5ce444a1d7813ed39072,13, #DFDAC0
5ce444a1d7813ed39072,32,#F6F5E1
5ce444a1d7813ed39072,13, #7C7A6C
5ce444a1d7813ed39072,22, #525148
5ceccb6fd0677d3a2618,39, #B0A27F
5ceccb6fd0677d3a2618,27, #D5CAA4
5ceccb6fd0677d3a2618,2, #64553C
5ceccb6fd0677d3a2618,20, #948766
5ceccb6fd0677d3a2618,8, #7C6D50
5ceccb6fd0677d3a2618,0,#524027
5cf27ecd4ce5f70a2539,0, #907C4A
5cf27ecd4ce5f70a2539,23, #4B3A20
5cf27ecd4ce5f70a2539,0, #B4A778
5cf27ecd4ce5f70a2539,0, #A1915F
5cf27ecd4ce5f70a2539,0, #715E33
5cf27ecd4ce5f70a2539,75,#1E1409
5cf27ecd4ce5f70a2539,0, #703011
5cf466025ec71d3cc20e,13, #483720
5cf466025ec71d3cc20e,0, #9E9468
5cf466025ec71d3cc20e,0, #817B5A
5cf466025ec71d3cc20e,53,#19140E
5cf466025ec71d3cc20e,16, #342116
5cf466025ec71d3cc20e,9, #5E5332
5cf466025ec71d3cc20e,6, #776D4A
5d0b25769a17a74664fc,7, #7F7972
5d0b25769a17a74664fc,7, #58524E
5d0b25769a17a74664fc,19, #C5BFB0
5d0b25769a17a74664fc,10, #A39E92
5d0b25769a17a74664fc,1, #34312D
5d0b25769a17a74664fc,53,#F3EEE1
5d0dd2fa5a06ba1dfba8,0, #7D7969
5d0dd2fa5a06ba1dfba8,1, #6D5F48
5d0dd2fa5a06ba1dfba8,0, #BBB49A
5d0dd2fa5a06ba1dfba8,48,#18160F
5d0dd2fa5a06ba1dfba8,0, #98754F
5d0dd2fa5a06ba1dfba8,1, #A99575
5d0dd2fa5a06ba1dfba8,46, #4C3D29
5d0e87ed60101dc2490c,14, #B8B29F
5d0e87ed60101dc2490c,11, #534F44
5d0e87ed60101dc2490c,13, #7C7769
5d0e87ed60101dc2490c,9, #9A9484
5d0e87ed60101dc2490c,19,#D8CDB4
5d0e87ed60101dc2490c,31, #F1E8CF
5d15f8b79cb20be0f54d,3, #484342
5d15f8b79cb20be0f54d,28,#E9DFCB
5d15f8b79cb20be0f54d,12, #665F5B
5d15f8b79cb20be0f54d,21, #847D75
5d15f8b79cb20be0f54d,19, #C1B8A8
5d15f8b79cb20be0f54d,15, #A59D91
5d1b185991fd40c2eb67,56,#201B14
5d1b185991fd40c2eb67,4, #BBA984
5d1b185991fd40c2eb67,13, #423024
5d1b185991fd40c2eb67,8, #906B46
5d1b185991fd40c2eb67,13, #6E503B
5d1b185991fd40c2eb67,3, #A08264
5d1c001b822b9741ff8e,8, #795118
5d1c001b822b9741ff8e,0, #BBB380
5d1c001b822b9741ff8e,2, #AA9655
5d1c001b822b9741ff8e,18, #6F6942
5d1c001b822b9741ff8e,51,#423619
5d1c001b822b9741ff8e,19, #16130E
5d2ccab9669f43e99ad8,2,#D2CCC2
5d2ccab9669f43e99ad8,5, #49453E
5d2ccab9669f43e99ad8,2, #B4AFA7
5d2ccab9669f43e99ad8,80, #F2EBDD
5d2ccab9669f43e99ad8,3, #98948B
5d2ccab9669f43e99ad8,6, #79746C
5d33c15d0a4c4abd74fb,13, #98A4A4
5d33c15d0a4c4abd74fb,16, #76605B
5d33c15d0a4c4abd74fb,8, #838482
5d33c15d0a4c4abd74fb,20,#5D3C3C
5d33c15d0a4c4abd74fb,18, #111A1D
5d33c15d0a4c4abd74fb,14, #B0C2CA
5d33c15d0a4c4abd74fb,7, #D9E6E6
5d37b01f9866f0292e82,21,#A8A796
5d37b01f9866f0292e82,21, #694D39
5d37b01f9866f0292e82,20, #6C7C8C
5d37b01f9866f0292e82,6, #D3CBB1
5d37b01f9866f0292e82,26, #2D2416
5d37b01f9866f0292e82,3, #9A8767
5d4667dee62eeb576325,30, #C1BDB0
5d4667dee62eeb576325,14, #878379
5d4667dee62eeb576325,31, #E5E0D1
5d4667dee62eeb576325,5, #A29E93
5d4667dee62eeb576325,6,#FAF8F4
5d4667dee62eeb576325,11, #5E5C54
5d4d14f015ccce810f6b,23,#B9B7A7
5d4d14f015ccce810f6b,8, #515043
5d4d14f015ccce810f6b,19, #989788
5d4d14f015ccce810f6b,12, #F9F7E4
5d4d14f015ccce810f6b,16, #DBD6C4
5d4d14f015ccce810f6b,15, #717062
5d4d14f015ccce810f6b,2, #343328
5d522388478c43d536ed,85, #ECE8DD
5d522388478c43d536ed,0, #524E43
5d522388478c43d536ed,2, #898477
5d522388478c43d536ed,5,#A9A497
5d522388478c43d536ed,2, #706B5F
5d522388478c43d536ed,3, #C4C0B3
5d56cd19a8e3f261d0f7,5, #6E3F20
5d56cd19a8e3f261d0f7,37,#3C3722
5d56cd19a8e3f261d0f7,19, #242015
5d56cd19a8e3f261d0f7,6, #867C4C
5d56cd19a8e3f261d0f7,21, #675E39
5d56cd19a8e3f261d0f7,4, #CEC28A
5d56cd19a8e3f261d0f7,3, #9E9B6A
5d59647d517554020b61,0, #FEFEFE
5d59647d517554020b61,11, #918B79
5d59647d517554020b61,3, #6C6655
5d59647d517554020b61,28, #EDE9DB
5d59647d517554020b61,0, #464236
5d59647d517554020b61,40,#D7D0BA
5d59647d517554020b61,13, #BAB39E
5d624c9dc36306180905,51, #A79E8A
5d624c9dc36306180905,1, #8E755D
5d624c9dc36306180905,1, #5A4C42
5d624c9dc36306180905,0, #312513
5d624c9dc36306180905,34,#D7CDB4
5d624c9dc36306180905,10, #F4F1E5
5d7b18b98c235588dc75,21,#3A331E
5d7b18b98c235588dc75,13, #B29E62
5d7b18b98c235588dc75,16, #CEC387
5d7b18b98c235588dc75,8, #8D5D39
5d7b18b98c235588dc75,5, #16170B
5d7b18b98c235588dc75,18, #8C8657
5d7b18b98c235588dc75,16, #5A5435
5d805dcdc84cc077df36,12, #211918
5d805dcdc84cc077df36,4, #F4F5F1
5d805dcdc84cc077df36,50,#4D382D
5d805dcdc84cc077df36,17, #AC8A71
5d805dcdc84cc077df36,1, #CCB88F
5d805dcdc84cc077df36,2, #E7D8AB
5d805dcdc84cc077df36,11, #7A5C4C
5d82513696d2b29e52d7,7, #F3F2E8
5d82513696d2b29e52d7,14, #BEBAAB
5d82513696d2b29e52d7,15, #7F7D6C
5d82513696d2b29e52d7,12, #9F9C8C
5d82513696d2b29e52d7,8, #34342B
5d82513696d2b29e52d7,12, #5F5D4F
5d82513696d2b29e52d7,29,#D5D2C4
5d85a7008a77c06874fb,42, #CFC1A0
5d85a7008a77c06874fb,18, #484531
5d85a7008a77c06874fb,8,#F7F1D5
5d85a7008a77c06874fb,13, #9E9578
5d85a7008a77c06874fb,6, #15150C
5d85a7008a77c06874fb,9, #777258
5d9338485edbd4fe30bb,0, #DFD695
5d9338485edbd4fe30bb,1, #A08B4F
5d9338485edbd4fe30bb,87, #140C0B
5d9338485edbd4fe30bb,1,#766437
5d9338485edbd4fe30bb,8, #372F24
5d9338485edbd4fe30bb,0, #C5B573
5da7d8051f7a53ce803a,2, #393734
5da7d8051f7a53ce803a,15, #C5BDAD
5da7d8051f7a53ce803a,11, #837B72
5da7d8051f7a53ce803a,22, #A29B90
5da7d8051f7a53ce803a,8, #5E5853
5da7d8051f7a53ce803a,39,#F0EBE1
5daeefeb628583d0ff87,3, #ADAE9F
5daeefeb628583d0ff87,8, #8F8E7F
5daeefeb628583d0ff87,6, #4C483C
5daeefeb628583d0ff87,68,#6F6B5D
5daeefeb628583d0ff87,2, #CECEBF
5daeefeb628583d0ff87,3, #24211B
5daeefeb628583d0ff87,7, #F1F2EA
5db0a90b1fcab17cd8af,1, #C5C1A0
5db0a90b1fcab17cd8af,4, #AEA57A
5db0a90b1fcab17cd8af,13, #5C5129
5db0a90b1fcab17cd8af,57, #2B240F
5db0a90b1fcab17cd8af,14,#0A0907
5db0a90b1fcab17cd8af,9, #847034
5db699145fbfa0689816,14, #8A8276
5db699145fbfa0689816,4, #48423C
5db699145fbfa0689816,3, #6F675C
5db699145fbfa0689816,57, #F1EBDA
5db699145fbfa0689816,8,#AEA697
5db699145fbfa0689816,11, #CEC6B5
5db6a282b5d22e15ac2a,10,#C2B6A5
5db6a282b5d22e15ac2a,5, #F3EDE1
5db6a282b5d22e15ac2a,32, #DBD4C6
5db6a282b5d22e15ac2a,18, #564B44
5db6a282b5d22e15ac2a,10, #A69483
5db6a282b5d22e15ac2a,23, #877361
5db77fe88525a1cfcf32,28, #615E54
5db77fe88525a1cfcf32,24, #949083
5db77fe88525a1cfcf32,11, #BDB8A9
5db77fe88525a1cfcf32,19, #393832
5db77fe88525a1cfcf32,15, #DCD7C5
5db77fe88525a1cfcf32,0,#FBF9ED
5db7eaddccda63bb47d7,13, #DCCFB4
5db7eaddccda63bb47d7,4, #BBAB96
5db7eaddccda63bb47d7,0, #FAEED2
5db7eaddccda63bb47d7,48,#4C3629
5db7eaddccda63bb47d7,19, #715B48
5db7eaddccda63bb47d7,3, #A5947D
5db7eaddccda63bb47d7,8, #8D7C68
5db98dc1b3c2957871a3,4, #68665B
5db98dc1b3c2957871a3,3, #A7A496
5db98dc1b3c2957871a3,5, #3C3B33
5db98dc1b3c2957871a3,6, #CAC5B6
5db98dc1b3c2957871a3,75,#F0EDDE
5db98dc1b3c2957871a3,3, #8C897C
5dbc7c0c3c6b22fc5e90,11, #5B5B47
5dbc7c0c3c6b22fc5e90,61,#423F33
5dbc7c0c3c6b22fc5e90,4, #CDC593
5dbc7c0c3c6b22fc5e90,7, #26261F
5dbc7c0c3c6b22fc5e90,4, #B4A570
5dbc7c0c3c6b22fc5e90,8, #777355
5dbc7c0c3c6b22fc5e90,3, #9F8258
5dbcb432d91954d6ba34,44, #BDB6A3
5dbcb432d91954d6ba34,23, #6F6B5E
5dbcb432d91954d6ba34,16, #918A7C
5dbcb432d91954d6ba34,3,#F9F8F0
5dbcb432d91954d6ba34,6, #49463D
5dbcb432d91954d6ba34,4, #E2DDCC
5dc01a0dd9b2eaeaf84c,2, #5C4735
5dc01a0dd9b2eaeaf84c,8, #816F58
5dc01a0dd9b2eaeaf84c,19, #9C8C71
5dc01a0dd9b2eaeaf84c,3, #6E5C46
5dc01a0dd9b2eaeaf84c,48, #D4C8AC
5dc01a0dd9b2eaeaf84c,17,#BDAF8F
5dc4f5fcc0454b9daf60,10,#F8F5E2
5dc4f5fcc0454b9daf60,9, #948C78
5dc4f5fcc0454b9daf60,5, #4F3E2E
5dc4f5fcc0454b9daf60,19, #776954
5dc4f5fcc0454b9daf60,10, #B7AD94
5dc4f5fcc0454b9daf60,44, #D7CAAD
5dca3c6d2daaf4275f08,57,#EEEADC
5dca3c6d2daaf4275f08,8, #7D7A71
5dca3c6d2daaf4275f08,3, #373530
5dca3c6d2daaf4275f08,7, #5B5952
5dca3c6d2daaf4275f08,11, #C6C2B5
5dca3c6d2daaf4275f08,10, #9D9A8F
5de099cafa9aea889f24,0,#F6F4E6
5de099cafa9aea889f24,43, #DCDBCF
5de099cafa9aea889f24,4, #7B7A6F
5de099cafa9aea889f24,15, #A59F93
5de099cafa9aea889f24,32, #C8C2B7
5de099cafa9aea889f24,4, #52544A
5df0183a816b16ce1663,1, #BCB39C
5df0183a816b16ce1663,13, #5E5135
5df0183a816b16ce1663,4,#DDDCD8
5df0183a816b16ce1663,10, #796F5A
5df0183a816b16ce1663,9, #A69B7A
5df0183a816b16ce1663,60, #2A2218
5df24b76362dd1bd672b,49,#7B6F4F
5df24b76362dd1bd672b,8, #332C2A
5df24b76362dd1bd672b,7, #E9E7DB
5df24b76362dd1bd672b,5, #BDBCAF
5df24b76362dd1bd672b,5, #0B0908
5df24b76362dd1bd672b,15, #574D43
5df24b76362dd1bd672b,8, #95938A
5e043fa84bd56537ee7f,16, #89885C
5e043fa84bd56537ee7f,2,#2B281F
5e043fa84bd56537ee7f,10, #CFC277
5e043fa84bd56537ee7f,1, #ECE4A8
5e043fa84bd56537ee7f,54, #79542F
5e043fa84bd56537ee7f,14, #B79138
5e068cb84dfd6d14f5a1,13, #837C69
5e068cb84dfd6d14f5a1,21, #C9C1BB
5e068cb84dfd6d14f5a1,31, #97999F
5e068cb84dfd6d14f5a1,4, #EAE4D6
5e068cb84dfd6d14f5a1,11, #141515
5e068cb84dfd6d14f5a1,17,#4F4B3D
5e0d73129a149a159f00,38,#F7F4E7
5e0d73129a149a159f00,9, #95907E
5e0d73129a149a159f00,13, #7A7564
5e0d73129a149a159f00,9, #B0AA95
5e0d73129a149a159f00,23, #D0C9B1
5e0d73129a149a159f00,4, #525044
5e118d48ae2400386bb1,59,#3F2E15
5e118d48ae2400386bb1,12, #B4AD9E
5e118d48ae2400386bb1,9, #494D4D
5e118d48ae2400386bb1,10, #7F5B37
5e118d48ae2400386bb1,2, #727C80
5e118d48ae2400386bb1,5, #A98862
5e13934686b6d096fd27,18, #979289
5e13934686b6d096fd27,10, #BCB6A7
5e13934686b6d096fd27,2, #34302D
5e13934686b6d096fd27,46,#F6F1E5
5e13934686b6d096fd27,16, #645D58
5e13934686b6d096fd27,4, #DCD4C2
5e151a3abac274135361,2, #3E413B
5e151a3abac274135361,20, #838377
5e151a3abac274135361,26,#EFEDE1
5e151a3abac274135361,16, #CDCCC0
5e151a3abac274135361,27, #ABAA9F
5e151a3abac274135361,6, #5F6058
5e1d15acd24b8c3b7998,27,#392F23
5e1d15acd24b8c3b7998,14, #A9987F
5e1d15acd24b8c3b7998,27, #CCBEB3
5e1d15acd24b8c3b7998,3, #8D7D5F
5e1d15acd24b8c3b7998,7, #76674C
5e1d15acd24b8c3b7998,3, #16120F
5e1d15acd24b8c3b7998,16, #665436
5e20df2a61f95b398586,11, #221B09
5e20df2a61f95b398586,14, #544629
5e20df2a61f95b398586,0, #7D785C
5e20df2a61f95b398586,16, #666148
5e20df2a61f95b398586,23, #383219
5e20df2a61f95b398586,33,#0B0702
5e212ea638bc67411a67,3, #3F3E35
5e212ea638bc67411a67,26,#E3DECE
5e212ea638bc67411a67,14, #848174
5e212ea638bc67411a67,23, #F7F5E7
5e212ea638bc67411a67,9, #C9C4B6
5e212ea638bc67411a67,10, #615F54
5e212ea638bc67411a67,11, #AAA698
5e227f0a9dc25d4fcd55,0, #F6F2DF
5e227f0a9dc25d4fcd55,27, #D8D5C5
5e227f0a9dc25d4fcd55,19, #777568
5e227f0a9dc25d4fcd55,19, #4E4E44
5e227f0a9dc25d4fcd55,17, #999789
5e227f0a9dc25d4fcd55,15,#BEBBAB
5e27ca612650be96340b,2, #6B645D
5e27ca612650be96340b,14,#FAF4E4
5e27ca612650be96340b,0, #4E4843
5e27ca612650be96340b,67, #D9D0C0
5e27ca612650be96340b,6, #B2AA9D
5e27ca612650be96340b,6, #8E867C
5e29e6698b4efaf05604,13,#F5EFDD
5e29e6698b4efaf05604,10, #797566
5e29e6698b4efaf05604,3, #565347
5e29e6698b4efaf05604,33, #DBD2C2
5e29e6698b4efaf05604,29, #C0B9A7
5e29e6698b4efaf05604,9, #9F9887
5e307d4c77d4feeece48,17, #877E56
5e307d4c77d4feeece48,0, #863D20
5e307d4c77d4feeece48,22, #343023
5e307d4c77d4feeece48,3, #BCA75A
5e307d4c77d4feeece48,55, #705C2B
5e307d4c77d4feeece48,0,#D1C09A
5e34d8f9bf92d835a149,2, #5B5649
5e34d8f9bf92d835a149,30, #D5D0C1
5e34d8f9bf92d835a149,3, #42372A
5e34d8f9bf92d835a149,4, #827964
5e34d8f9bf92d835a149,8, #A49F90
5e34d8f9bf92d835a149,50,#F6F5ED
5e34d8f9bf92d835a149,0, #1D170E
5e3e8a8c0e8a5a98b11f,31, #958E83
5e3e8a8c0e8a5a98b11f,2,#F4F1E1
5e3e8a8c0e8a5a98b11f,11, #D7CFBE
5e3e8a8c0e8a5a98b11f,5, #4F4945
5e3e8a8c0e8a5a98b11f,18, #706862
5e3e8a8c0e8a5a98b11f,30, #BAB2A2
5e441187e03b398668ce,3, #B9A994
5e441187e03b398668ce,7, #D6C9B0
5e441187e03b398668ce,10, #988C7E
5e441187e03b398668ce,44, #6A594F
5e441187e03b398668ce,18, #847363
5e441187e03b398668ce,14,#F2EEE2
5e587a47e65fe61f7c88,11, #8C7E5F
5e587a47e65fe61f7c88,0, #D4D5D5
5e587a47e65fe61f7c88,35,#110C05
5e587a47e65fe61f7c88,7, #C4C1B5
5e587a47e65fe61f7c88,25, #3A2B16
5e587a47e65fe61f7c88,3, #B5A687
5e587a47e65fe61f7c88,16, #635234
5e6258d9967723a25af9,0, #3D382F
5e6258d9967723a25af9,2, #696356
5e6258d9967723a25af9,4, #8D8779
5e6258d9967723a25af9,5, #CBC4B3
5e6258d9967723a25af9,6, #AFA998
5e6258d9967723a25af9,80,#F3EEDB
5e68ed395fe46afebb44,0, #595750
5e68ed395fe46afebb44,11, #ACB1AC
5e68ed395fe46afebb44,4, #8D9B9B
5e68ed395fe46afebb44,12, #D6D3C4
5e68ed395fe46afebb44,4, #7C7A71
5e68ed395fe46afebb44,65,#F6F4EE
5e69f6aee8a865f02b33,13, #8A8372
5e69f6aee8a865f02b33,7, #6A6045
5e69f6aee8a865f02b33,4, #211E1B
5e69f6aee8a865f02b33,43,#F6F4EF
5e69f6aee8a865f02b33,8, #B8AF9E
5e69f6aee8a865f02b33,8, #41403E
5e69f6aee8a865f02b33,13, #DED5C0
5e73978cdfbfe5b408f8,4, #6E5C43
5e73978cdfbfe5b408f8,5, #1E2626
5e73978cdfbfe5b408f8,52,#0F0A09
5e73978cdfbfe5b408f8,6, #917F64
5e73978cdfbfe5b408f8,18, #481915
5e73978cdfbfe5b408f8,2, #B1A98E
5e73978cdfbfe5b408f8,9, #523631
5e75928e8dfc4f904acb,34,#322910
5e75928e8dfc4f904acb,5, #C0B06F
5e75928e8dfc4f904acb,2, #807C59
5e75928e8dfc4f904acb,2, #939176
5e75928e8dfc4f904acb,7, #988131
5e75928e8dfc4f904acb,24, #665C33
5e75928e8dfc4f904acb,22, #0B0B09
5e7a51faa01f1c017b76,12, #716D63
5e7a51faa01f1c017b76,13, #908C82
5e7a51faa01f1c017b76,3, #33312E
5e7a51faa01f1c017b76,16,#BCB8AC
5e7a51faa01f1c017b76,29, #EFEDE3
5e7a51faa01f1c017b76,24, #514D47
5e8aaa1fac0bcce78f82,24, #DED5BB
5e8aaa1fac0bcce78f82,0, #463E37
5e8aaa1fac0bcce78f82,57,#FAF3D5
5e8aaa1fac0bcce78f82,1, #60584E
5e8aaa1fac0bcce78f82,6, #898071
5e8aaa1fac0bcce78f82,11, #B4AB97
5e8fea0ea476c9e2c8b5,9, #0F0F0B
5e8fea0ea476c9e2c8b5,18, #4A3B2D
5e8fea0ea476c9e2c8b5,10, #B9A77F
5e8fea0ea476c9e2c8b5,13, #755C3B
5e8fea0ea476c9e2c8b5,0, #CAC0A5
5e8fea0ea476c9e2c8b5,39,#29221B
5e8fea0ea476c9e2c8b5,6, #8E7A59
5e95f604d2343d5e9d12,3, #473327
5e95f604d2343d5e9d12,9, #857767
5e95f604d2343d5e9d12,2, #685647
5e95f604d2343d5e9d12,14, #EEEEEA
5e95f604d2343d5e9d12,17, #B1AB9C
5e95f604d2343d5e9d12,42,#CAC7BB
5e95f604d2343d5e9d12,9, #9A9183
5e978f2a3572e64d7fa5,2, #D2CBB8
5e978f2a3572e64d7fa5,6, #B2A68F
5e978f2a3572e64d7fa5,20, #4E3825
5e978f2a3572e64d7fa5,40, #786245
5e978f2a3572e64d7fa5,17, #948770
5e978f2a3572e64d7fa5,11,#F4F1E1
5e9bca702f072d7b69a3,18, #3D3933
5e9bca702f072d7b69a3,27, #7F786A
5e9bca702f072d7b69a3,18, #A09787
5e9bca702f072d7b69a3,12,#F1E5D1
5e9bca702f072d7b69a3,6, #635C51
5e9bca702f072d7b69a3,16, #C4BAA7
5ea87349621823559262,10,#F6F3E7
5ea87349621823559262,7, #585548
5ea87349621823559262,9, #747160
5ea87349621823559262,20, #E1DBC2
5ea87349621823559262,21, #8D8979
5ea87349621823559262,30, #C0B89F
5ea9116ad69bdd4c5b9e,17, #D5CFC0
5ea9116ad69bdd4c5b9e,6, #8E897F
5ea9116ad69bdd4c5b9e,2, #43413A
5ea9116ad69bdd4c5b9e,3, #67635B
5ea9116ad69bdd4c5b9e,3,#B5AFA4
5ea9116ad69bdd4c5b9e,65, #F8F6ED
5ece1f21dd8c8c71729f,9, #D7D4BD
5ece1f21dd8c8c71729f,60, #696663
5ece1f21dd8c8c71729f,0, #030201
5ece1f21dd8c8c71729f,10, #A8A592
5ece1f21dd8c8c71729f,16, #312E2B
5ece1f21dd8c8c71729f,1,#F5F1E0
5ecf8884e66a40742ce2,4, #D0D3D3
5ecf8884e66a40742ce2,11, #252A2C
5ecf8884e66a40742ce2,36, #7E8380
5ecf8884e66a40742ce2,31, #ADB4BA
5ecf8884e66a40742ce2,16,#4B4D4B
5ecf8884e66a40742ce2,0, #EFEEE7
5ed69cb5973924f8aa8d,52,#D0C7B3
5ed69cb5973924f8aa8d,0, #FEFEFD
5ed69cb5973924f8aa8d,1, #3F3B30
5ed69cb5973924f8aa8d,15, #EEE8D9
5ed69cb5973924f8aa8d,13, #A6A08F
5ed69cb5973924f8aa8d,8, #686355
5ed69cb5973924f8aa8d,7, #888272
5edb20866f25d2a9f3ab,12, #6A6359
5edb20866f25d2a9f3ab,29, #CDC4B1
5edb20866f25d2a9f3ab,26, #8F877B
5edb20866f25d2a9f3ab,3, #4D4741
5edb20866f25d2a9f3ab,14,#F2ECDE
5edb20866f25d2a9f3ab,13, #B0A797
5ee24bd74f4271336bee,5, #8F8775
5ee24bd74f4271336bee,22, #D1CBB5
5ee24bd74f4271336bee,5, #736752
5ee24bd74f4271336bee,0, #FEFEFA
5ee24bd74f4271336bee,10, #BBB5A1
5ee24bd74f4271336bee,6, #A49E8C
5ee24bd74f4271336bee,50,#E9E7D9
5ee500afd341f699e63b,1, #313129
5ee500afd341f699e63b,13, #ACA89A
5ee500afd341f699e63b,10, #4E4E44
5ee500afd341f699e63b,2, #FAF6E8
5ee500afd341f699e63b,28, #908D81
5ee500afd341f699e63b,31,#D4CEBD
5ee500afd341f699e63b,11, #717065
5eef8710aaf59bf7a597,12, #A79282
5eef8710aaf59bf7a597,15, #675549
5eef8710aaf59bf7a597,44, #EAE4D8
5eef8710aaf59bf7a597,2,#D0C6B5
5eef8710aaf59bf7a597,22, #8E7B6C
5eef8710aaf59bf7a597,2, #B9AA9D
5ef51cf0cfdfa1c9ebfc,11, #9E947C
5ef51cf0cfdfa1c9ebfc,33,#F6EBCA
5ef51cf0cfdfa1c9ebfc,5, #7F7360
5ef51cf0cfdfa1c9ebfc,6, #514A3F
5ef51cf0cfdfa1c9ebfc,37, #D9D0B0
5ef51cf0cfdfa1c9ebfc,5, #BFB394
5ef6a87ef54a1c60b6f0,19, #D1CFAF
5ef6a87ef54a1c60b6f0,18, #9A9E64
5ef6a87ef54a1c60b6f0,12, #8EAAAB
5ef6a87ef54a1c60b6f0,4, #1F2829
5ef6a87ef54a1c60b6f0,19, #3F4738
5ef6a87ef54a1c60b6f0,5, #E5E7D4
5ef6a87ef54a1c60b6f0,20,#646D4F
5eff42e70155b6fbea62,27, #B5AB97
5eff42e70155b6fbea62,2, #3B2F21
5eff42e70155b6fbea62,2, #5C5141
5eff42e70155b6fbea62,0, #19120B
5eff42e70155b6fbea62,9, #867C69
5eff42e70155b6fbea62,21, #E0D8C3
5eff42e70155b6fbea62,36,#F8F5E8
5f04bb735a7df9abbd4c,28, #A8A094
5f04bb735a7df9abbd4c,22, #908370
5f04bb735a7df9abbd4c,15, #7B6B56
5f04bb735a7df9abbd4c,20, #CFCABE
5f04bb735a7df9abbd4c,10,#F8F6EE
5f04bb735a7df9abbd4c,2, #65513B
5f06826303f5fce250bf,10,#737167
5f06826303f5fce250bf,16, #928F82
5f06826303f5fce250bf,12, #5B5951
5f06826303f5fce250bf,25, #E0DDCB
5f06826303f5fce250bf,4, #42423B
5f06826303f5fce250bf,30, #BAB6A6
5f0ab58c38ee9de91bf2,13, #746F66
5f0ab58c38ee9de91bf2,2, #4E4A44
5f0ab58c38ee9de91bf2,28,#F5EFDF
5f0ab58c38ee9de91bf2,26, #D6CFC0
5f0ab58c38ee9de91bf2,20, #B3ADA2
5f0ab58c38ee9de91bf2,9, #948E84
5f0f82551f27a2e4a551,13, #898474
5f0f82551f27a2e4a551,28, #A7A291
5f0f82551f27a2e4a551,14, #6E695B
5f0f82551f27a2e4a551,1,#ECE7D5
5f0f82551f27a2e4a551,37, #C9C5B5
5f0f82551f27a2e4a551,5, #49473E
5f1790d98254dcd19e68,1, #4A372A
5f1790d98254dcd19e68,8, #F2F2F1
5f1790d98254dcd19e68,5, #624E3D
5f1790d98254dcd19e68,30,#C8BAA2
5f1790d98254dcd19e68,20, #D9D4CB
5f1790d98254dcd19e68,12, #82705A
5f1790d98254dcd19e68,22, #A79B86
5f18ce6f3eaee2d0e34f,3, #F7F0D6
5f18ce6f3eaee2d0e34f,27, #504737
5f18ce6f3eaee2d0e34f,30, #A69F89
5f18ce6f3eaee2d0e34f,28, #D4CCB4
5f18ce6f3eaee2d0e34f,1,#151614
5f18ce6f3eaee2d0e34f,9, #716D5F
5f1f527005217f2685da,12,#080402
5f1f527005217f2685da,3, #AF9888
5f1f527005217f2685da,18, #513933
5f1f527005217f2685da,39, #2D1E16
5f1f527005217f2685da,8, #CEB7B4
5f1f527005217f2685da,16, #846C65
5f1f58caca560db967fd,12, #B5BC8F
5f1f58caca560db967fd,22,#9A9866
5f1f58caca560db967fd,13, #947A35
5f1f58caca560db967fd,13, #E9DE99
5f1f58caca560db967fd,17, #696034
5f1f58caca560db967fd,5, #C3B066
5f1f58caca560db967fd,15, #403C23
5f32020b83d8d245745c,0,#FEFEF8
5f32020b83d8d245745c,14, #EBE7DA
5f32020b83d8d245745c,20, #747263
5f32020b83d8d245745c,20, #C7C4B4
5f32020b83d8d245745c,12, #525143
5f32020b83d8d245745c,30, #9A9787
5f339342e15b09ccb60c,61, #3D3627
5f339342e15b09ccb60c,0, #A69973
5f339342e15b09ccb60c,1, #806E4E
5f339342e15b09ccb60c,8,#232017
5f339342e15b09ccb60c,28, #644E35
5f339342e15b09ccb60c,0, #978864
5f343755e525073fded8,6, #492D12
5f343755e525073fded8,44, #A59F82
5f343755e525073fded8,14,#8D7F5D
5f343755e525073fded8,10, #6A5E42
5f343755e525073fded8,11, #20160B
5f343755e525073fded8,10, #5A4729
5f3889980bfa9512579c,70, #5C5A49
5f3889980bfa9512579c,0, #D7D2BE
5f3889980bfa9512579c,3, #C1B8A1
5f3889980bfa9512579c,16, #857A65
5f3889980bfa9512579c,6,#F6F5EE
5f3889980bfa9512579c,2, #A59D8A
5f394db6fe342aadc16c,13, #D2CBBB
5f394db6fe342aadc16c,2,#ECE6D6
5f394db6fe342aadc16c,24, #5A564A
5f394db6fe342aadc16c,3, #31302A
5f394db6fe342aadc16c,30, #ABA395
5f394db6fe342aadc16c,24, #827C6E
5f3ad3ff66b41313501e,19, #5F5E55
5f3ad3ff66b41313501e,2, #363631
5f3ad3ff66b41313501e,26, #D5D2C4
5f3ad3ff66b41313501e,25, #B1AEA2
5f3ad3ff66b41313501e,0,#FBF8E8
5f3ad3ff66b41313501e,25, #918E83
5f3e6bd3b3a9ea016647,3, #A6936F
5f3e6bd3b3a9ea016647,17, #675F45
5f3e6bd3b3a9ea016647,0, #E8DEBB
5f3e6bd3b3a9ea016647,9, #827859
5f3e6bd3b3a9ea016647,37,#5D4028
5f3e6bd3b3a9ea016647,25, #1B1813
5f3e6bd3b3a9ea016647,3, #C7B791
5f4488e92a20f78448f2,37,#DFD7CA
5f4488e92a20f78448f2,15, #9A9489
5f4488e92a20f78448f2,6, #4E4B45
5f4488e92a20f78448f2,13, #787369
5f4488e92a20f78448f2,6, #F9F5E5
5f4488e92a20f78448f2,21, #BBB4A9
5f4705dcc8bb6d5b655a,1, #69563D
5f4705dcc8bb6d5b655a,7, #976E60
5f4705dcc8bb6d5b655a,0,#FEFEFA
5f4705dcc8bb6d5b655a,53, #D1C2A3
5f4705dcc8bb6d5b655a,8, #EAE5D3
5f4705dcc8bb6d5b655a,28, #A9927D
5f496187d5bef4956ea9,14, #AD9369
5f496187d5bef4956ea9,23, #565437
5f496187d5bef4956ea9,33,#8C7456
5f496187d5bef4956ea9,1, #E1D4BB
5f496187d5bef4956ea9,8, #C1AF8E
5f496187d5bef4956ea9,12, #472C23
5f496187d5bef4956ea9,6, #813B2E
5f49e30d7c1c5e5ad293,15, #878779
5f49e30d7c1c5e5ad293,14, #A7A79A
5f49e30d7c1c5e5ad293,36,#F2EFE2
5f49e30d7c1c5e5ad293,18, #CECCC0
5f49e30d7c1c5e5ad293,2, #444438
5f49e30d7c1c5e5ad293,12, #676759
5f4dc2d97f51d7e519bd,3, #6C645D
5f4dc2d97f51d7e519bd,1, #C6BFB2
5f4dc2d97f51d7e519bd,4, #898178
5f4dc2d97f51d7e519bd,80,#F2EADF
5f4dc2d97f51d7e519bd,9, #4C4743
5f4dc2d97f51d7e519bd,1, #ABA499
5f5253fa38c7d882d382,10, #B5AFA6
5f5253fa38c7d882d382,1,#F9F5EC
5f5253fa38c7d882d382,8, #D9CFC3
5f5253fa38c7d882d382,20, #98928C
5f5253fa38c7d882d382,39, #756E6B
5f5253fa38c7d882d382,19, #45403F
5f527d01da3762df3338,7, #4E5449
5f527d01da3762df3338,56,#FAF6E5
5f527d01da3762df3338,2, #17221C
5f527d01da3762df3338,7, #838374
5f527d01da3762df3338,8, #A5A291
5f527d01da3762df3338,17, #D2C9B2
5f5645d54c062492fa54,5, #645F4C
5f5645d54c062492fa54,68,#141512
5f5645d54c062492fa54,23, #3F3728
5f5645d54c062492fa54,0, #A58D66
5f5645d54c062492fa54,1, #8B7151
5f5645d54c062492fa54,0, #B8A880
5f5645d54c062492fa54,0, #7D806C
5f56adfffe82f50b1d5b,2, #34291C
5f56adfffe82f50b1d5b,32, #F9F7EE
5f56adfffe82f50b1d5b,47,#D3CCB8
5f56adfffe82f50b1d5b,6, #8C816B
5f56adfffe82f50b1d5b,2, #5A4F3F
5f56adfffe82f50b1d5b,7, #ACA493
5f56adfffe82f50b1d5b,0, #0F0B06
5f5cc6eb2fcdb5d01fd1,0, #FEFEFD
5f5cc6eb2fcdb5d01fd1,8, #EDE6CE
5f5cc6eb2fcdb5d01fd1,14, #3F3D36
5f5cc6eb2fcdb5d01fd1,16, #7F7969
5f5cc6eb2fcdb5d01fd1,12, #D1C9AF
5f5cc6eb2fcdb5d01fd1,24,#ADA692
5f5cc6eb2fcdb5d01fd1,23, #5E5B4E
5f5d37ebbd921e0a09ce,15, #554D48
5f5d37ebbd921e0a09ce,4,#F1F0EB
5f5d37ebbd921e0a09ce,9, #D0CCBD
5f5d37ebbd921e0a09ce,14, #7D746B
5f5d37ebbd921e0a09ce,22, #A49F99
5f5d37ebbd921e0a09ce,33, #312C29
5f6002de083f144b5a1a,5, #F0EDC8
5f6002de083f144b5a1a,0, #140B0A
5f6002de083f144b5a1a,20, #3D291A
5f6002de083f144b5a1a,11, #C1BAA0
5f6002de083f144b5a1a,8, #B79552
5f6002de083f144b5a1a,16, #827666
5f6002de083f144b5a1a,37,#554540
5f60d57618593b3a0f90,59,#EDE9D4
5f60d57618593b3a0f90,6, #645F56
5f60d57618593b3a0f90,9, #C3BEAC
5f60d57618593b3a0f90,5, #7D786C
5f60d57618593b3a0f90,5, #3E3B35
5f60d57618593b3a0f90,14, #9C9689
5f6c3a6d6e76cc0c8a1c,34, #434239
5f6c3a6d6e76cc0c8a1c,7, #DED9C5
5f6c3a6d6e76cc0c8a1c,9, #9D9888
5f6c3a6d6e76cc0c8a1c,10, #C2BCA9
5f6c3a6d6e76cc0c8a1c,24,#F6F3E3
5f6c3a6d6e76cc0c8a1c,13, #747063
5f82f463e1df0c4f97bc,14, #B5AF9B
5f82f463e1df0c4f97bc,16, #646254
5f82f463e1df0c4f97bc,33,#E5DEC7
5f82f463e1df0c4f97bc,7, #CFC8B1
5f82f463e1df0c4f97bc,18, #908B79
5f82f463e1df0c4f97bc,7, #404037
5f82f463e1df0c4f97bc,0, #FEFBE5
5f8d8d5c07c6fe99e21f,0, #D1BC76
5f8d8d5c07c6fe99e21f,34,#6C5F3D
5f8d8d5c07c6fe99e21f,12, #B6B38F
5f8d8d5c07c6fe99e21f,19, #AE9C69
5f8d8d5c07c6fe99e21f,3, #D1CFA7
5f8d8d5c07c6fe99e21f,10, #3D4135
5f8d8d5c07c6fe99e21f,19, #857F58
5f9355e7eb8aa4932be2,5, #D7D2BA
5f9355e7eb8aa4932be2,0, #271C19
5f9355e7eb8aa4932be2,41,#8D8273
5f9355e7eb8aa4932be2,5, #443731
5f9355e7eb8aa4932be2,17, #6B5D52
5f9355e7eb8aa4932be2,26, #BAB097
5f9355e7eb8aa4932be2,2, #F1F1EA
5f97ddc2ee30de735de8,6, #373733
5f97ddc2ee30de735de8,20, #89877A
5f97ddc2ee30de735de8,6,#EBEAE6
5f97ddc2ee30de735de8,17, #5D5D54
5f97ddc2ee30de735de8,0, #121214
5f97ddc2ee30de735de8,48, #BAB5A6
5f993369749ca7708304,26, #241C0A
5f993369749ca7708304,6, #A89256
5f993369749ca7708304,21, #8A733E
5f993369749ca7708304,0, #DFCD8E
5f993369749ca7708304,7, #744A25
5f993369749ca7708304,32,#4C381A
5f993369749ca7708304,3, #BEAE77
5f9d33ddd19f33acf058,5, #5F5A50
5f9d33ddd19f33acf058,17, #807A6C
5f9d33ddd19f33acf058,21, #E8E2D5
5f9d33ddd19f33acf058,8, #BDB19A
5f9d33ddd19f33acf058,24,#CFC3AA
5f9d33ddd19f33acf058,21, #A29780
5f9d33ddd19f33acf058,1, #43403A
5fab1852c519dfc5c55a,17, #7D7A71
5fab1852c519dfc5c55a,13, #B6B2A8
5fab1852c519dfc5c55a,29,#F4F2E8
5fab1852c519dfc5c55a,21, #59574E
5fab1852c519dfc5c55a,6, #9E9A90
5fab1852c519dfc5c55a,10, #D4D0C5
5fab1852c519dfc5c55a,1, #37352E
5faf2e13bf00bd66c917,26, #3F2E0D
5faf2e13bf00bd66c917,5, #887645
5faf2e13bf00bd66c917,46, #151109
5faf2e13bf00bd66c917,2,#AE9860
5faf2e13bf00bd66c917,18, #6B5728
5faf2e13bf00bd66c917,0, #D2C085
5fb0c6335bb7ff606b22,12, #BBB6A2
5fb0c6335bb7ff606b22,19, #6F6B5C
5fb0c6335bb7ff606b22,11, #575446
5fb0c6335bb7ff606b22,30,#E3DDC7
5fb0c6335bb7ff606b22,3, #403D31
5fb0c6335bb7ff606b22,24, #989381
5fb78a6b23e3609f78bd,11, #A9A292
5fb78a6b23e3609f78bd,12, #878072
5fb78a6b23e3609f78bd,59, #D3CBB8
5fb78a6b23e3609f78bd,6,#FAF6E4
5fb78a6b23e3609f78bd,6, #645E54
5fb78a6b23e3609f78bd,3, #443E37
5fca3f1275db9c65a427,16, #666252
5fca3f1275db9c65a427,11, #857F6B
5fca3f1275db9c65a427,43, #D7CDAE
5fca3f1275db9c65a427,15, #AAA288
5fca3f1275db9c65a427,12, #46433A
5fca3f1275db9c65a427,1,#F2EBCE
5fcaa7773d956695c287,10,#FAF4E3
5fcaa7773d956695c287,16, #65605B
5fcaa7773d956695c287,1, #3E3936
5fcaa7773d956695c287,20, #DFD7C7
5fcaa7773d956695c287,16, #88827A
5fcaa7773d956695c287,35, #B3ACA0
5fcf904444f411ad5a58,30, #2B231A
5fcf904444f411ad5a58,7, #4C432D
5fcf904444f411ad5a58,1, #6D5B3B
5fcf904444f411ad5a58,0, #B49A6C
5fcf904444f411ad5a58,57,#0A0C07
5fcf904444f411ad5a58,1, #937D54
5fcf904444f411ad5a58,0, #62381B
5fdc32d9e07d6ee25c1b,1, #434645
5fdc32d9e07d6ee25c1b,13, #5C6A65
5fdc32d9e07d6ee25c1b,16,#F8F5E5
5fdc32d9e07d6ee25c1b,14, #748895
5fdc32d9e07d6ee25c1b,3, #DCD8BA
5fdc32d9e07d6ee25c1b,51, #ACB1A8
5fe1468d58f39f7bfd55,3,#AC9F73
5fe1468d58f39f7bfd55,1, #CABE8D
5fe1468d58f39f7bfd55,13, #988150
5fe1468d58f39f7bfd55,33, #50351B
5fe1468d58f39f7bfd55,18, #726341
5fe1468d58f39f7bfd55,30, #19110A
5fe54e53284e285f1778,10, #EDE7D7
5fe54e53284e285f1778,13, #6C6A5F
5fe54e53284e285f1778,8,#878478
5fe54e53284e285f1778,11, #45453C
5fe54e53284e285f1778,13, #A19D8F
5fe54e53284e285f1778,41, #C5BFB1
5fea9276731d8ee41c4b,40,#211E0F
5fea9276731d8ee41c4b,6, #7C703A
5fea9276731d8ee41c4b,38, #544A27
5fea9276731d8ee41c4b,9, #988D59
5fea9276731d8ee41c4b,1, #D4CD96
5fea9276731d8ee41c4b,3, #B8AF75
5ff671abf9b07eaa3e8a,12, #BDB6A9
5ff671abf9b07eaa3e8a,56,#DBD4C4
5ff671abf9b07eaa3e8a,7, #FAF7EB
5ff671abf9b07eaa3e8a,2, #464239
5ff671abf9b07eaa3e8a,8, #837E73
5ff671abf9b07eaa3e8a,3, #6A655A
5ff671abf9b07eaa3e8a,9, #A19C90
600aa455bbd6fb1d719e,7, #A4978A
600aa455bbd6fb1d719e,8, #795B45
600aa455bbd6fb1d719e,50,#F0EBDA
600aa455bbd6fb1d719e,16, #87796A
600aa455bbd6fb1d719e,5, #653F25
600aa455bbd6fb1d719e,10, #C4BCAC
601c34752e5ef121c433,33,#373630
601c34752e5ef121c433,15, #E7E1D0
601c34752e5ef121c433,1, #FBFAF3
601c34752e5ef121c433,13, #9F9B8F
601c34752e5ef121c433,18, #626057
601c34752e5ef121c433,6, #807C71
601c34752e5ef121c433,10, #C7C2B2
601ce1a65ef8598898d1,2, #A49E79
601ce1a65ef8598898d1,2, #867756
601ce1a65ef8598898d1,0, #BAB598
601ce1a65ef8598898d1,42, #1A130D
601ce1a65ef8598898d1,49, #513C26
601ce1a65ef8598898d1,2,#6E5B3E
602256ad3061e075b271,20, #190D07
602256ad3061e075b271,29, #A29577
602256ad3061e075b271,29,#B9B5AD
602256ad3061e075b271,9, #3C2A1B
602256ad3061e075b271,6, #614D38
602256ad3061e075b271,1, #E0D8C3
602256ad3061e075b271,3, #77664E
602451ad49534672215e,25, #E7E0C8
602451ad49534672215e,39,#B8AF98
602451ad49534672215e,3, #2A1F1D
602451ad49534672215e,23, #8A8073
602451ad49534672215e,0, #FEFEF2
602451ad49534672215e,4, #493E3A
602451ad49534672215e,3, #655A52
602cf9fcb001416df29c,10, #97917C
602cf9fcb001416df29c,1, #503E27
602cf9fcb001416df29c,5, #867A61
602cf9fcb001416df29c,10, #6C5C41
602cf9fcb001416df29c,8, #B8B49C
602cf9fcb001416df29c,34,#EDECDB
602cf9fcb001416df29c,28, #D0CDB5
602d5d8b61ca465b72f9,5,#D3CBBA
602d5d8b61ca465b72f9,3, #454538
602d5d8b61ca465b72f9,41, #F7F1E4
602d5d8b61ca465b72f9,10, #AEAA9C
602d5d8b61ca465b72f9,13, #8F8E7E
602d5d8b61ca465b72f9,25, #6C6C5D
60330e0418ccec80a4c2,7, #C3BEAA
60330e0418ccec80a4c2,0, #7D7869
60330e0418ccec80a4c2,1, #A39F8D
60330e0418ccec80a4c2,0, #8F8A79
60330e0418ccec80a4c2,0, #666357
60330e0418ccec80a4c2,9, #FAF9F0
60330e0418ccec80a4c2,80,#E2DCC5
60402498d9d6185cbe0e,17, #DEDDD2
60402498d9d6185cbe0e,11, #6E7268
60402498d9d6185cbe0e,26, #93958B
60402498d9d6185cbe0e,17, #42453E
60402498d9d6185cbe0e,13, #BCBCB1
60402498d9d6185cbe0e,13,#FAF8F0
60411d6231bfeb24d4ad,9, #7C5F2A
60411d6231bfeb24d4ad,18, #241A0C
60411d6231bfeb24d4ad,0, #DBC67B
60411d6231bfeb24d4ad,2, #B5A566
60411d6231bfeb24d4ad,7, #7C775E
60411d6231bfeb24d4ad,0, #F2EAAE
60411d6231bfeb24d4ad,60,#534833
6048db13426aa4bad0e6,10, #726F63
6048db13426aa4bad0e6,16, #D9D5C7
6048db13426aa4bad0e6,12, #A7A496
6048db13426aa4bad0e6,7, #49463B
6048db13426aa4bad0e6,15, #C0BDAF
6048db13426aa4bad0e6,13, #908C80
6048db13426aa4bad0e6,22,#F2F0E1
604cf6e6c326d0f52c15,63,#EDE9DE
604cf6e6c326d0f52c15,9, #6F6E62
604cf6e6c326d0f52c15,17, #4E4D44
604cf6e6c326d0f52c15,1, #CBC6BC
604cf6e6c326d0f52c15,1, #B2AEA3
604cf6e6c326d0f52c15,6, #949184
604f5283edb5dd7ba101,19, #0E0E0A
604f5283edb5dd7ba101,11, #C8BFA6
604f5283edb5dd7ba101,2, #B49977
604f5283edb5dd7ba101,1, #DED9C4
604f5283edb5dd7ba101,50,#3D3524
604f5283edb5dd7ba101,14, #7A6540
604f5283edb5dd7ba101,0, #97835E
60577866a9a9e78b15b3,8, #464235
60577866a9a9e78b15b3,17, #9F967D
60577866a9a9e78b15b3,14,#F2F1EA
60577866a9a9e78b15b3,1, #726B59
60577866a9a9e78b15b3,53, #CCC5AD
60577866a9a9e78b15b3,3, #1A1915
60577cc711e99de436f2,1, #B0A48E
60577cc711e99de436f2,27, #140D09
60577cc711e99de436f2,56,#402018
60577cc711e99de436f2,2, #97846C
60577cc711e99de436f2,4, #7D6C54
60577cc711e99de436f2,7, #5C4836
60577cc711e99de436f2,0, #77281B
6063317aa802f1002403,1, #A27C24
6063317aa802f1002403,14, #201D11
6063317aa802f1002403,27, #7C6139
6063317aa802f1002403,1, #63796B
6063317aa802f1002403,41,#494531
6063317aa802f1002403,5, #9F9067
6063317aa802f1002403,9, #CABC96
6068d64e05af31b6868f,18, #89837C
6068d64e05af31b6868f,4, #373531
6068d64e05af31b6868f,20, #E0D6CA
6068d64e05af31b6868f,31, #605B56
6068d64e05af31b6868f,18, #B2AAA1
6068d64e05af31b6868f,6,#FAF4ED
60761c751056830161ac,8, #6D6657
60761c751056830161ac,9, #87806F
60761c751056830161ac,29, #F4F0E1
60761c751056830161ac,20,#D1CAB6
60761c751056830161ac,28, #ABA492
60761c751056830161ac,2, #474135
6083c2ddd53a3951437d,0, #FEF5E0
6083c2ddd53a3951437d,3, #BEA68A
6083c2ddd53a3951437d,39,#785B47
6083c2ddd53a3951437d,10, #97795F
6083c2ddd53a3951437d,10, #D8C6AB
6083c2ddd53a3951437d,2, #9B8C7A
6083c2ddd53a3951437d,32, #EEE1CA
6087621cd3cc1fdf4363,24, #878354
6087621cd3cc1fdf4363,10, #605B26
6087621cd3cc1fdf4363,0, #F7F5DA
6087621cd3cc1fdf4363,26, #3A350F
6087621cd3cc1fdf4363,7, #BEBB92
6087621cd3cc1fdf4363,2, #E3DDBC
6087621cd3cc1fdf4363,28,#110B02
6087cade300f4722a10b,21, #ABA194
6087cade300f4722a10b,3,#F4EFE5
6087cade300f4722a10b,28, #DAD1BC
6087cade300f4722a10b,18, #605552
6087cade300f4722a10b,13, #7F736D
6087cade300f4722a10b,14, #3E302E
609516ef0edb0945a634,12, #948D7F
609516ef0edb0945a634,52,#F2EBD6
609516ef0edb0945a634,4, #6D665A
609516ef0edb0945a634,2, #413C33
609516ef0edb0945a634,9, #B8B2A1
609516ef0edb0945a634,18, #D3CCBA
6095b576c386b21626d9,48,#232019
6095b576c386b21626d9,0, #C5B993
6095b576c386b21626d9,4, #7C6947
6095b576c386b21626d9,0, #010201
6095b576c386b21626d9,34, #463A2B
6095b576c386b21626d9,8, #605239
6095b576c386b21626d9,2, #9D855E
609b413b3d5a321b81bf,2,#FDFBF3
609b413b3d5a321b81bf,33, #BCB3A6
609b413b3d5a321b81bf,9, #403B39
609b413b3d5a321b81bf,25, #6A625E
609b413b3d5a321b81bf,25, #8F877F
609b413b3d5a321b81bf,4, #E7DCCE
60a7c7ba879008420ad9,11,#F6F4EC
60a7c7ba879008420ad9,29, #CFC9B6
60a7c7ba879008420ad9,11, #ADA691
60a7c7ba879008420ad9,7, #5C5643
60a7c7ba879008420ad9,6, #271E18
60a7c7ba879008420ad9,33, #86806F
60ac31c457d983c52d70,13, #9F9480
60ac31c457d983c52d70,5, #645D55
60ac31c457d983c52d70,8,#E3DBC9
60ac31c457d983c52d70,62, #BDB6A6
60ac31c457d983c52d70,9, #827B70
60ac31c457d983c52d70,1, #3F3A36
60afb2e8511dd5f49afc,0, #423E36
60afb2e8511dd5f49afc,10, #767168
60afb2e8511dd5f49afc,41,#DBD4C7
60afb2e8511dd5f49afc,20, #999389
60afb2e8511dd5f49afc,4, #F7F3E9
60afb2e8511dd5f49afc,20, #BCB6AA
60afb2e8511dd5f49afc,1, #5D584E
60b27a27fae9c8bf7cb4,24, #545047
60b27a27fae9c8bf7cb4,3,#F7F0DD
60b27a27fae9c8bf7cb4,23, #B8B2A2
60b27a27fae9c8bf7cb4,11, #9E9889
60b27a27fae9c8bf7cb4,12, #D6CEBE
60b27a27fae9c8bf7cb4,24, #807A6E
60b89d5bb781a1f6da8f,15,#CFC6AD
60b89d5bb781a1f6da8f,45, #A3A6AA
60b89d5bb781a1f6da8f,1, #0F1214
60b89d5bb781a1f6da8f,11, #7C7C76
60b89d5bb781a1f6da8f,16, #393A34
60b89d5bb781a1f6da8f,9, #5F5F53
60bfd734dde718340a80,1, #867D5E
60bfd734dde718340a80,50,#462D1A
60bfd734dde718340a80,0, #AAA184
60bfd734dde718340a80,0, #988E70
60bfd734dde718340a80,12, #72623F
60bfd734dde718340a80,24, #54452C
60bfd734dde718340a80,10, #1F1B10
60c21831d982042380ed,5, #898063
60c21831d982042380ed,24, #3E2E1F
60c21831d982042380ed,26, #66533B
60c21831d982042380ed,39,#181711
60c21831d982042380ed,3, #B3A987
60c21831d982042380ed,0, #DACEA6
60ce3b6af693343946e8,19, #989586
60ce3b6af693343946e8,12,#BAB6A6
60ce3b6af693343946e8,8, #43423B
60ce3b6af693343946e8,31, #D9D5C5
60ce3b6af693343946e8,27, #6D6B5F
60ce3b6af693343946e8,0, #F8F5DE
60d248d0511b308a039a,24,#989088
60d248d0511b308a039a,3, #312019
60d248d0511b308a039a,12, #DBD8C2
60d248d0511b308a039a,14, #80766F
60d248d0511b308a039a,7, #4D3C34
60d248d0511b308a039a,13, #665951
60d248d0511b308a039a,23, #B8B2A2
60d4609d82abde8c8576,1, #C6A76E
60d4609d82abde8c8576,16, #A04A2A
60d4609d82abde8c8576,17, #5D412F
60d4609d82abde8c8576,0, #5C685A
60d4609d82abde8c8576,0, #7E8975
60d4609d82abde8c8576,27, #9D7A55
60d4609d82abde8c8576,36,#3A2317
60e9131ce73546f519f9,4, #5C5A50
60e9131ce73546f519f9,1, #414039
60e9131ce73546f519f9,3, #7C7A70
60e9131ce73546f519f9,3, #C5C2B7
60e9131ce73546f519f9,2, #DCDACD
60e9131ce73546f519f9,77,#F6F6F1
60e9131ce73546f519f9,6, #A3A198
60eb2d1758fa6dd66f8a,12, #868274
60eb2d1758fa6dd66f8a,7, #3A3932
60eb2d1758fa6dd66f8a,0,#FFFEFD
60eb2d1758fa6dd66f8a,20, #625F54
60eb2d1758fa6dd66f8a,22, #B3AF9F
60eb2d1758fa6dd66f8a,35, #E9E4D1
60ef3db5c0a2d5e959f5,3, #423833
60ef3db5c0a2d5e959f5,3, #F4F3EF
60ef3db5c0a2d5e959f5,7, #CDC6AF
60ef3db5c0a2d5e959f5,43,#8F8276
60ef3db5c0a2d5e959f5,0, #DEDCD0
60ef3db5c0a2d5e959f5,24, #B1A999
60ef3db5c0a2d5e959f5,18, #695C53
6101e882cb5d98431ee2,11, #554A3E
6101e882cb5d98431ee2,8, #37291F
6101e882cb5d98431ee2,46, #A9ADA4
6101e882cb5d98431ee2,18, #737168
6101e882cb5d98431ee2,8,#C0CBCE
6101e882cb5d98431ee2,6, #888A83
61071d8c60378bc9f48a,20, #AB9C83
61071d8c60378bc9f48a,43,#D6C7AF
61071d8c60378bc9f48a,9, #ECE7D6
61071d8c60378bc9f48a,10, #493320
61071d8c60378bc9f48a,7, #88765A
61071d8c60378bc9f48a,0, #FFFFFE
61071d8c60378bc9f48a,7, #6E5C43
610777e98bbc6871be1a,13, #848076
610777e98bbc6871be1a,6, #646258
610777e98bbc6871be1a,18, #C5BFB2
610777e98bbc6871be1a,5, #42413A
610777e98bbc6871be1a,7, #A4A094
610777e98bbc6871be1a,48,#F0EBDB
6111fc98ee80de54a7dc,3, #E5E2CC
6111fc98ee80de54a7dc,57, #BFC1B4
6111fc98ee80de54a7dc,3, #3A5D88
6111fc98ee80de54a7dc,17, #597A99
6111fc98ee80de54a7dc,0,#89877B
6111fc98ee80de54a7dc,16, #90A1A7
61178fe133cace616518,15, #474740
61178fe133cace616518,10, #D1CCB2
61178fe133cace616518,8,#F4EDDB
61178fe133cace616518,22, #848772
61178fe133cace616518,26, #656859
61178fe133cace616518,16, #AAAA8F
61196e8151b96a4d3fc7,24, #A09983
61196e8151b96a4d3fc7,68, #C6C2B2
61196e8151b96a4d3fc7,2, #776949
61196e8151b96a4d3fc7,1, #E7E0CF
61196e8151b96a4d3fc7,0, #58472A
61196e8151b96a4d3fc7,1,#FCF9F1
611d124fbff4ae45ce31,1, #5B4D2E
611d124fbff4ae45ce31,2, #7D663F
611d124fbff4ae45ce31,0, #A8996F
611d124fbff4ae45ce31,0, #2F4048
611d124fbff4ae45ce31,5, #3E331A
611d124fbff4ae45ce31,88,#181E21
611d124fbff4ae45ce31,1, #917F58
611e1e7174d3c10ec5f4,47, #16130C
611e1e7174d3c10ec5f4,3, #BFBEAA
611e1e7174d3c10ec5f4,5, #8F7A5D
611e1e7174d3c10ec5f4,3, #AD987A
611e1e7174d3c10ec5f4,4,#695640
611e1e7174d3c10ec5f4,34, #433A2E
611f552e7bfecdad7dc6,4, #747261
611f552e7bfecdad7dc6,1, #4B4939
611f552e7bfecdad7dc6,5, #C5C2AF
611f552e7bfecdad7dc6,5, #959382
611f552e7bfecdad7dc6,3, #DEDBC5
611f552e7bfecdad7dc6,77,#F4F1DB
611f552e7bfecdad7dc6,3, #ADAB99
6127f51b761bfb140dab,18, #817262
6127f51b761bfb140dab,10, #ACA28F
6127f51b761bfb140dab,14, #D4CFBB
6127f51b761bfb140dab,27, #2C1910
6127f51b761bfb140dab,6,#F3EDDC
6127f51b761bfb140dab,22, #534135
612885bf6091f9a99a25,31, #EAE6D4
612885bf6091f9a99a25,16, #45433A
612885bf6091f9a99a25,31, #737064
612885bf6091f9a99a25,1,#FFFEF9
612885bf6091f9a99a25,8, #9F9B8D
612885bf6091f9a99a25,11, #C7C3B2
612b4a25cd2f6b882528,2,#F8F6ED
612b4a25cd2f6b882528,26, #1C1612
612b4a25cd2f6b882528,11, #988D81
612b4a25cd2f6b882528,18, #CAC1AF
612b4a25cd2f6b882528,14, #786B60
612b4a25cd2f6b882528,26, #4C403B
6131ee0ad2215cb62399,55,#15110B
6131ee0ad2215cb62399,0, #85734B
6131ee0ad2215cb62399,38, #3D3422
6131ee0ad2215cb62399,0, #A0A18B
6131ee0ad2215cb62399,5, #674F2F
6131ee0ad2215cb62399,0, #37464D
6131ee0ad2215cb62399,0, #918869
6133b9717e903699228b,49, #161417
6133b9717e903699228b,29,#3D3528
6133b9717e903699228b,3, #A2905C
6133b9717e903699228b,15, #74653E
6133b9717e903699228b,0, #B9A033
6133b9717e903699228b,1, #C0B48E
61358f65e28bb3c525a7,35,#F6F3E7
61358f65e28bb3c525a7,14, #938E7E
61358f65e28bb3c525a7,1, #39372E
61358f65e28bb3c525a7,19, #D9D3C0
61358f65e28bb3c525a7,4, #736E60
61358f65e28bb3c525a7,6, #575447
61358f65e28bb3c525a7,18, #BBB6A4
61417cde1849eaa72ddd,12, #443F3A
61417cde1849eaa72ddd,15, #D7CCB9
61417cde1849eaa72ddd,16, #8B8377
61417cde1849eaa72ddd,14, #B1A896
61417cde1849eaa72ddd,25,#686057
61417cde1849eaa72ddd,14, #F0E8D9
61417cde1849eaa72ddd,0, #FFFFF8
6141a118e8f8bc5cedd2,4,#F7F5EF
6141a118e8f8bc5cedd2,3, #7D6E5D
6141a118e8f8bc5cedd2,3, #BDAE92
6141a118e8f8bc5cedd2,76, #DDD3B6
6141a118e8f8bc5cedd2,5, #9A8E7D
6141a118e8f8bc5cedd2,5, #53483F
6142fc42e5225d1a8d05,10, #99977B
6142fc42e5225d1a8d05,13,#FAF9EF
6142fc42e5225d1a8d05,17, #34302F
6142fc42e5225d1a8d05,20, #656762
6142fc42e5225d1a8d05,0, #8D5A42
6142fc42e5225d1a8d05,37, #CFC9A6
61490b0ee888096536f5,1, #9E9074
61490b0ee888096536f5,9, #7B684A
61490b0ee888096536f5,9, #5B4B3B
61490b0ee888096536f5,3, #8D7D62
61490b0ee888096536f5,63,#F2EED7
61490b0ee888096536f5,3, #B7AE97
61490b0ee888096536f5,9, #D9D0BB
6149a589a549dfb9ebb9,2, #4C4C47
6149a589a549dfb9ebb9,4, #D3CEC1
6149a589a549dfb9ebb9,1, #A6A59D
6149a589a549dfb9ebb9,2, #86857F
6149a589a549dfb9ebb9,4, #686861
6149a589a549dfb9ebb9,85,#F5F2EC
614bfb588ced4b80dfa3,5,#F9F3DF
614bfb588ced4b80dfa3,11, #4C4A3B
614bfb588ced4b80dfa3,9, #958F7A
614bfb588ced4b80dfa3,12, #B6AC92
614bfb588ced4b80dfa3,57, #DAD1BB
614bfb588ced4b80dfa3,2, #76725E
6159fc14745e5709db9f,2, #9F9990
6159fc14745e5709db9f,0, #7F7A70
6159fc14745e5709db9f,3, #BCB6AB
6159fc14745e5709db9f,0,#645C55
6159fc14745e5709db9f,88, #EBE5D2
6159fc14745e5709db9f,5, #D2CBBB
615ae6456bfd4ed6e238,0, #9E5A37
615ae6456bfd4ed6e238,8, #181F22
615ae6456bfd4ed6e238,25, #CDBF8C
615ae6456bfd4ed6e238,12, #746E4E
615ae6456bfd4ed6e238,11, #514634
615ae6456bfd4ed6e238,36,#9E976F
615ae6456bfd4ed6e238,4, #F0E5BB
615c63a4135f69e01566,0, #35352C
615c63a4135f69e01566,3, #68675C
615c63a4135f69e01566,2, #4F4E43
615c63a4135f69e01566,55,#F1EDE0
615c63a4135f69e01566,23, #C2C0B3
615c63a4135f69e01566,15, #919084
6162b0346e9fb8a104cb,13,#040403
6162b0346e9fb8a104cb,35, #3C3F3C
6162b0346e9fb8a104cb,1, #161616
6162b0346e9fb8a104cb,8, #282929
6162b0346e9fb8a104cb,37, #5F6154
6162b0346e9fb8a104cb,3, #575546
616da5c38fbaf1852331,1, #B8B5A8
616da5c38fbaf1852331,0, #BE993C
616da5c38fbaf1852331,0, #E4E1D8
616da5c38fbaf1852331,73,#151412
616da5c38fbaf1852331,20, #6B543A
616da5c38fbaf1852331,3, #7280A3
616e1375f8d481ec9ae4,8, #B3A692
616e1375f8d481ec9ae4,1,#F7F4EC
616e1375f8d481ec9ae4,5, #C4BBAB
616e1375f8d481ec9ae4,57, #DAD3C3
616e1375f8d481ec9ae4,16, #918678
616e1375f8d481ec9ae4,10, #776557
6174f3774997bed4d1d3,10, #C9BBA5
6174f3774997bed4d1d3,0, #886F5B
6174f3774997bed4d1d3,0, #383529
6174f3774997bed4d1d3,6, #A3937D
6174f3774997bed4d1d3,81,#EBE3CD
6174f3774997bed4d1d3,0, #5F5548
617aa498b0cef1ea8cb5,2, #261F15
617aa498b0cef1ea8cb5,0, #C2B69B
617aa498b0cef1ea8cb5,30, #61523A
617aa498b0cef1ea8cb5,9, #907D5A
617aa498b0cef1ea8cb5,8, #7D6A49
617aa498b0cef1ea8cb5,3, #A59678
617aa498b0cef1ea8cb5,43,#423725
618581fc9ee793393d11,2, #44443F
618581fc9ee793393d11,5, #7E7868
618581fc9ee793393d11,0, #CA935E
618581fc9ee793393d11,22, #B7A78C
618581fc9ee793393d11,64, #DAD0B9
618581fc9ee793393d11,4,#F7F2E0
618d200d5011c0e456fb,0,#FBF6EA
618d200d5011c0e456fb,13, #A29F91
618d200d5011c0e456fb,9, #43443A
618d200d5011c0e456fb,12, #807D70
618d200d5011c0e456fb,8, #636356
618d200d5011c0e456fb,55, #D6D0C3
618e0661d6089cebd209,5, #423C26
618e0661d6089cebd209,6, #6D551F
618e0661d6089cebd209,0, #C2B065
618e0661d6089cebd209,4, #8D722F
618e0661d6089cebd209,1, #AB8E3D
618e0661d6089cebd209,82,#261F10
618e0661d6089cebd209,0, #64584D
619c68aa96dcd8b1d047,7, #4D452B
619c68aa96dcd8b1d047,0,#E5E9D3
619c68aa96dcd8b1d047,33, #9C9D8F
619c68aa96dcd8b1d047,0, #28271A
619c68aa96dcd8b1d047,35, #CACCBB
619c68aa96dcd8b1d047,21, #877956
61a534a05f571856ad4b,7, #7B796F
61a534a05f571856ad4b,6, #3A3830
61a534a05f571856ad4b,16, #9C998E
61a534a05f571856ad4b,14, #C0BDAE
61a534a05f571856ad4b,36,#ECE8D6
61a534a05f571856ad4b,17, #5C5B53
61a83524e04442755e7a,18, #765837
61a83524e04442755e7a,0, #687570
61a83524e04442755e7a,13, #A38755
61a83524e04442755e7a,31,#BEA571
61a83524e04442755e7a,9, #161512
61a83524e04442755e7a,17, #E7D9AD
61a83524e04442755e7a,9, #4C3E2D
61ae01fa4afe1a9c68ce,15, #A89F8D
61ae01fa4afe1a9c68ce,17,#F3EBD4
61ae01fa4afe1a9c68ce,10, #5B564A
61ae01fa4afe1a9c68ce,33, #C5BCA6
61ae01fa4afe1a9c68ce,2, #32312A
61ae01fa4afe1a9c68ce,20, #88806F
61afbcc589ac57d0d44e,31,#685B51
61afbcc589ac57d0d44e,14, #A09684
61afbcc589ac57d0d44e,1, #D5D0BD
61afbcc589ac57d0d44e,2, #BAAF97
61afbcc589ac57d0d44e,20, #453B37
61afbcc589ac57d0d44e,5, #F1F1EB
61afbcc589ac57d0d44e,24, #85776A
61b066a802ac78b02304,25, #DDD4C1
61b066a802ac78b02304,10, #6C645A
61b066a802ac78b02304,0, #FBF3DD
61b066a802ac78b02304,12,#8D8478
61b066a802ac78b02304,24, #B6AE9E
61b066a802ac78b02304,26, #443E38
61be56c6c1afdfafde45,3,#676763
61be56c6c1afdfafde45,5, #7F8079
61be56c6c1afdfafde45,33, #ACB2AC
61be56c6c1afdfafde45,16, #939894
61be56c6c1afdfafde45,39, #C7CCC3
61be56c6c1afdfafde45,2, #4F4F4D
61bf4f02cc561cf2d26b,36, #140D07
61bf4f02cc561cf2d26b,1, #F8F5E2
61bf4f02cc561cf2d26b,21, #A99B71
61bf4f02cc561cf2d26b,20, #504428
61bf4f02cc561cf2d26b,10, #7E704B
61bf4f02cc561cf2d26b,8,#DACEA2
61bf878166feb4d5caba,0,#D1D0C6
61bf878166feb4d5caba,8, #978C6E
61bf878166feb4d5caba,34, #C0B99F
61bf878166feb4d5caba,16, #5D4D32
61bf878166feb4d5caba,16, #7A725F
61bf878166feb4d5caba,23, #ABA289
61c23bb2777a125f79f0,0, #C9C3A1
61c23bb2777a125f79f0,79, #3A3431
61c23bb2777a125f79f0,3, #938155
61c23bb2777a125f79f0,12, #726238
61c23bb2777a125f79f0,1,#070202
61c23bb2777a125f79f0,3, #ADA076
61c5c39711002891a4ea,2, #C7C4B1
61c5c39711002891a4ea,54,#1A1914
61c5c39711002891a4ea,5, #A49367
61c5c39711002891a4ea,7, #867448
61c5c39711002891a4ea,23, #4E4633
61c5c39711002891a4ea,6, #ABA897
61c9178796e7ba43949f,48, #D0C8B6
61c9178796e7ba43949f,10,#ECE5D2
61c9178796e7ba43949f,19, #B8AF9A
61c9178796e7ba43949f,1, #464036
61c9178796e7ba43949f,14, #928775
61c9178796e7ba43949f,6, #685F4F
61ce2642354dd8801188,6, #959A8F
61ce2642354dd8801188,3, #83745D
61ce2642354dd8801188,41, #37291C
61ce2642354dd8801188,0, #AB8D70
61ce2642354dd8801188,13, #5F533F
61ce2642354dd8801188,34,#0E0C08
61d0c474748a4e0880f7,13, #BCB8A9
61d0c474748a4e0880f7,11, #A4A093
61d0c474748a4e0880f7,2, #696559
61d0c474748a4e0880f7,8, #8A867A
61d0c474748a4e0880f7,32, #DCD6C2
61d0c474748a4e0880f7,31,#F8F7EE
61d2ea919597d783c6e5,1, #5D7371
61d2ea919597d783c6e5,62, #433C2B
61d2ea919597d783c6e5,7, #7A6644
61d2ea919597d783c6e5,18,#13110F
61d2ea919597d783c6e5,7, #8D907F
61d2ea919597d783c6e5,2, #C0B8A4
61d4808e9a38f89b8974,11, #D7B461
61d4808e9a38f89b8974,28,#D1C4AC
61d4808e9a38f89b8974,26, #6C5D4D
61d4808e9a38f89b8974,11, #32221B
61d4808e9a38f89b8974,2, #F9F1D7
61d4808e9a38f89b8974,19, #9D8560
61d8cfd785be0fb91743,13, #4A4640
61d8cfd785be0fb91743,20,#706B64
61d8cfd785be0fb91743,20, #CFCDBB
61d8cfd785be0fb91743,9, #F1F0DC
61d8cfd785be0fb91743,9, #8F8B82
61d8cfd785be0fb91743,5, #221E19
61d8cfd785be0fb91743,20, #AEAB9B
61da689acd2743e74790,10, #D9D3B6
61da689acd2743e74790,14, #9F977C
61da689acd2743e74790,8, #F8F7E3
61da689acd2743e74790,14, #877D64
61da689acd2743e74790,0, #474438
61da689acd2743e74790,46,#B9AE8F
61da689acd2743e74790,5, #625E4C
61e2764e9c0bec3ab5b6,21, #393929
61e2764e9c0bec3ab5b6,1, #BCB597
61e2764e9c0bec3ab5b6,3, #7E7F69
61e2764e9c0bec3ab5b6,56,#6D5F45
61e2764e9c0bec3ab5b6,3, #99977D
61e2764e9c0bec3ab5b6,13, #21211B
61e2764e9c0bec3ab5b6,0, #D7CFB0
61e306e4536a68216604,14, #DED7CE
61e306e4536a68216604,4, #C5B9AC
61e306e4536a68216604,0, #554D44
61e306e4536a68216604,7, #A69184
61e306e4536a68216604,62,#FBF7F4
61e306e4536a68216604,9, #857362
61ebc69bf20c1c274452,13, #292415
61ebc69bf20c1c274452,12, #A49862
61ebc69bf20c1c274452,15, #625534
61ebc69bf20c1c274452,28,#453D28
61ebc69bf20c1c274452,5, #C9BD7B
61ebc69bf20c1c274452,10, #93834F
61ebc69bf20c1c274452,14, #7C6F41
61f2e29b4a3c84193b13,6, #D6CDA1
61f2e29b4a3c84193b13,14, #B1A67E
61f2e29b4a3c84193b13,26,#000000
61f2e29b4a3c84193b13,15, #2F2617
61f2e29b4a3c84193b13,7, #93875C
61f2e29b4a3c84193b13,4, #F8F4D5
61f2e29b4a3c84193b13,25, #615839
61f64f7e0df5ca3f6ace,16,#8E8170
61f64f7e0df5ca3f6ace,13, #C3B59C
61f64f7e0df5ca3f6ace,15, #564937
61f64f7e0df5ca3f6ace,6, #E0D9CA
61f64f7e0df5ca3f6ace,9, #A69985
61f64f7e0df5ca3f6ace,37, #766958
620212321fed3cf03080,9, #DDD0B5
620212321fed3cf03080,21, #C4B18F
620212321fed3cf03080,14, #947A5B
620212321fed3cf03080,18, #776752
620212321fed3cf03080,2, #34312A
620212321fed3cf03080,26,#B19669
620212321fed3cf03080,7, #564C3F
6207043ebe082839cb61,16, #373831
6207043ebe082839cb61,1, #A29865
6207043ebe082839cb61,77, #161B1C
6207043ebe082839cb61,0, #C3BFA2
6207043ebe082839cb61,2, #81744D
6207043ebe082839cb61,2,#5D5234
620fbbb270f75b402b54,4,#FAF9F1
620fbbb270f75b402b54,11, #545044
620fbbb270f75b402b54,35, #D9D3BB
620fbbb270f75b402b54,21, #B2AB94
620fbbb270f75b402b54,15, #918C7C
620fbbb270f75b402b54,10, #75705E
6210dc4f27b8cd7ce725,22, #666154
6210dc4f27b8cd7ce725,6,#F6ECD1
6210dc4f27b8cd7ce725,11, #A59E8A
6210dc4f27b8cd7ce725,17, #444239
6210dc4f27b8cd7ce725,17, #837D6D
6210dc4f27b8cd7ce725,24, #D2CAB1
62167e065b9cea2b52df,14, #714D34
62167e065b9cea2b52df,0, #A2A08B
62167e065b9cea2b52df,1, #89856E
62167e065b9cea2b52df,61, #412F1C
62167e065b9cea2b52df,22,#1F170D
62167e065b9cea2b52df,0, #B7B7A2
621d67b8d905eaa5024b,0, #D7CDA2
621d67b8d905eaa5024b,81,#120D0B
621d67b8d905eaa5024b,0, #B5A673
621d67b8d905eaa5024b,0, #52514A
621d67b8d905eaa5024b,0, #7D662B
621d67b8d905eaa5024b,0, #887F5E
621d67b8d905eaa5024b,17, #48361F
621da43ae015ebce4c2f,12, #837F75
621da43ae015ebce4c2f,10, #615F56
621da43ae015ebce4c2f,5, #ACA79A
621da43ae015ebce4c2f,0, #FFFEF3
621da43ae015ebce4c2f,44,#EBE6D7
621da43ae015ebce4c2f,18, #D5CAB3
621da43ae015ebce4c2f,7, #43423C
62233d10cac22e14394a,11, #D3D1C2
62233d10cac22e14394a,50,#736856
62233d10cac22e14394a,2, #130F0D
62233d10cac22e14394a,24, #3E352C
62233d10cac22e14394a,3, #EFEBE1
62233d10cac22e14394a,2, #898581
62233d10cac22e14394a,5, #AEABA2
622596a77f4c51ce404b,6, #979382
622596a77f4c51ce404b,25, #47463B
622596a77f4c51ce404b,14, #757464
622596a77f4c51ce404b,18,#F7EFDA
622596a77f4c51ce404b,12, #B4AE9D
622596a77f4c51ce404b,21, #D9D1BE
6226a050b35ce8ee0400,3, #675437
6226a050b35ce8ee0400,0, #967D50
6226a050b35ce8ee0400,2, #5C4127
6226a050b35ce8ee0400,28, #413628
6226a050b35ce8ee0400,0, #9F9068
6226a050b35ce8ee0400,1, #856A43
6226a050b35ce8ee0400,63,#1D1C16
6226fa307e3be9ff2a13,19, #7A7364
6226fa307e3be9ff2a13,7, #4C4A42
6226fa307e3be9ff2a13,3,#F9F8F0
6226fa307e3be9ff2a13,22, #E2E0D2
6226fa307e3be9ff2a13,22, #C5BFAD
6226fa307e3be9ff2a13,25, #A99D87
622db473c30121e1ae67,7, #8B7551
622db473c30121e1ae67,55, #414658
622db473c30121e1ae67,5, #878FA4
622db473c30121e1ae67,6, #EAE3DB
622db473c30121e1ae67,0, #DCC163
622db473c30121e1ae67,23,#101317
62345ed1a99ad0ba2a18,32, #D3CBAD
62345ed1a99ad0ba2a18,9, #EDE8D1
62345ed1a99ad0ba2a18,13, #86816D
62345ed1a99ad0ba2a18,1,#1B1409
62345ed1a99ad0ba2a18,35, #55503B
62345ed1a99ad0ba2a18,8, #BAB090
6251157a4f9717e9e7fe,14, #69655C
6251157a4f9717e9e7fe,15, #494848
6251157a4f9717e9e7fe,13, #D3D0C0
6251157a4f9717e9e7fe,5, #F7F7F4
6251157a4f9717e9e7fe,14, #958E78
6251157a4f9717e9e7fe,31,#E5E3DC
6251157a4f9717e9e7fe,4, #BAB6A4
6256c2426eef1aea310c,24,#DAD4C8
6256c2426eef1aea310c,15, #9F9A8F
6256c2426eef1aea310c,9, #BEB8AD
6256c2426eef1aea310c,2, #F8F5E8
6256c2426eef1aea310c,10, #837E73
6256c2426eef1aea310c,19, #48453E
6256c2426eef1aea310c,18, #6C685E
6259b30c1969cf7ed1c7,11, #504E46
6259b30c1969cf7ed1c7,7, #777365
6259b30c1969cf7ed1c7,7, #9E998A
6259b30c1969cf7ed1c7,12, #CBC1AA
6259b30c1969cf7ed1c7,60, #EAE5D5
6259b30c1969cf7ed1c7,0,#FEFEFE
62678039e89601e25571,33, #CFCBC0
62678039e89601e25571,8, #383935
62678039e89601e25571,12, #77756C
62678039e89601e25571,3,#F9F7F3
62678039e89601e25571,25, #9C998E
62678039e89601e25571,16, #575750
626afed8b700444ef76d,9, #958975
626afed8b700444ef76d,64, #D8D2C1
626afed8b700444ef76d,9,#F5F4EF
626afed8b700444ef76d,8, #B8AC93
626afed8b700444ef76d,2, #4D3A2B
626afed8b700444ef76d,5, #72614D
626bfdd28453c3766715,19, #655D47
626bfdd28453c3766715,30, #A29C82
626bfdd28453c3766715,9, #CBD2CE
626bfdd28453c3766715,22,#BDC0B5
626bfdd28453c3766715,7, #3B3528
626bfdd28453c3766715,10, #8A836A
626ed1852218eea899b7,16, #B5B2AA
626ed1852218eea899b7,14, #77746C
626ed1852218eea899b7,15, #59574F
626ed1852218eea899b7,3, #3E3D37
626ed1852218eea899b7,16, #D6D3C7
626ed1852218eea899b7,11, #96938B
626ed1852218eea899b7,21,#F5F4EE
6270d8b5d872d13cc41c,0,#333731
6270d8b5d872d13cc41c,7, #DEDCCE
6270d8b5d872d13cc41c,16, #8A887F
6270d8b5d872d13cc41c,14, #C7C4B6
6270d8b5d872d13cc41c,25, #ADAA9D
6270d8b5d872d13cc41c,35, #5F6058
6274f05a6d75861aaa29,7, #7B6656
6274f05a6d75861aaa29,0, #372E2A
6274f05a6d75861aaa29,82,#EFE8D3
6274f05a6d75861aaa29,1, #4E4742
6274f05a6d75861aaa29,2, #D3C5AA
6274f05a6d75861aaa29,3, #BAA98E
6274f05a6d75861aaa29,3, #A28E79
62774e90e05943c1465e,8, #8E7E6E
62774e90e05943c1465e,3, #AF9E8C
62774e90e05943c1465e,2, #375369
62774e90e05943c1465e,62, #37332F
62774e90e05943c1465e,14,#06090B
62774e90e05943c1465e,8, #655A49
62794720056a24d7fd4d,27, #F9F6ED
62794720056a24d7fd4d,0, #443F37
62794720056a24d7fd4d,5, #5F594F
62794720056a24d7fd4d,8, #797469
62794720056a24d7fd4d,14, #B8B1A5
62794720056a24d7fd4d,30,#DDD6C9
62794720056a24d7fd4d,12, #958F83
627d5169506238e83dc2,28,#EEECED
627d5169506238e83dc2,12, #545255
627d5169506238e83dc2,11, #B3B2B7
627d5169506238e83dc2,30, #1F1E1E
627d5169506238e83dc2,0, #C94C3F
627d5169506238e83dc2,16, #7B797D
627ff72d96a534ef9ffc,16, #AFA078
627ff72d96a534ef9ffc,0, #49453D
627ff72d96a534ef9ffc,3, #887D5B
627ff72d96a534ef9ffc,18, #764A29
627ff72d96a534ef9ffc,43,#17140D
627ff72d96a534ef9ffc,8, #3B2D1F
627ff72d96a534ef9ffc,9, #8F663D
6281caea7f8d85462366,1, #EDEDED
6281caea7f8d85462366,2, #0E0E0E
6281caea7f8d85462366,22, #656565
6281caea7f8d85462366,22,#3A3A3A
6281caea7f8d85462366,19, #808080
6281caea7f8d85462366,13, #9E9E9E
6281caea7f8d85462366,18, #C4C4C4
6282750e8f03c8061ce3,26, #696445
6282750e8f03c8061ce3,0, #222117
6282750e8f03c8061ce3,9, #443F29
6282750e8f03c8061ce3,9, #9B9170
6282750e8f03c8061ce3,35,#DDDCC1
6282750e8f03c8061ce3,18, #BEBA9C
628505407ecf2fe3b2f8,13, #AD8754
628505407ecf2fe3b2f8,15,#4D6861
628505407ecf2fe3b2f8,15, #34352B
628505407ecf2fe3b2f8,29, #815E39
628505407ecf2fe3b2f8,11, #7E8D75
628505407ecf2fe3b2f8,14, #C7BF92
62964c2b9fb7eb3ace51,2, #CDCBC4
62964c2b9fb7eb3ace51,6, #808179
62964c2b9fb7eb3ace51,15, #54564E
62964c2b9fb7eb3ace51,2, #32332D
62964c2b9fb7eb3ace51,68,#EFECE7
62964c2b9fb7eb3ace51,4, #ABABA3
6299382cc7d9a30e1c0a,9, #807960
6299382cc7d9a30e1c0a,6, #4E432F
6299382cc7d9a30e1c0a,0, #1C1A18
6299382cc7d9a30e1c0a,5, #352D24
6299382cc7d9a30e1c0a,33,#9F9D8C
6299382cc7d9a30e1c0a,24, #625E47
6299382cc7d9a30e1c0a,20, #C4BDA1
629d3e059f6fd592a8ed,25,#3B2713
629d3e059f6fd592a8ed,11, #0F0F0A
629d3e059f6fd592a8ed,43, #70552A
629d3e059f6fd592a8ed,0, #CEC49C
629d3e059f6fd592a8ed,13, #947835
629d3e059f6fd592a8ed,4, #B19E5A
629e4dfed504cfe7c436,4, #A49E8E
629e4dfed504cfe7c436,37, #F0EDE2
629e4dfed504cfe7c436,6, #7C7A75
629e4dfed504cfe7c436,1, #37352B
629e4dfed504cfe7c436,6, #BEB7A2
629e4dfed504cfe7c436,2, #545143
629e4dfed504cfe7c436,41,#D1CDBB
62a07b501ad4f0a3b004,8, #A09276
62a07b501ad4f0a3b004,12, #B5A787
62a07b501ad4f0a3b004,20, #897B64
62a07b501ad4f0a3b004,6, #756754
62a07b501ad4f0a3b004,36,#DACFAD
62a07b501ad4f0a3b004,4, #4A3C2F
62a07b501ad4f0a3b004,11, #645644
62a58681763dd3e9318d,7, #302A24
62a58681763dd3e9318d,60, #E0DAC3
62a58681763dd3e9318d,11, #C2B69A
62a58681763dd3e9318d,1,#F9F9F6
62a58681763dd3e9318d,3, #62574A
62a58681763dd3e9318d,16, #918776
62a7eb885f6a95a76b64,0, #C2BCAF
62a7eb885f6a95a76b64,4,#EEE8DB
62a7eb885f6a95a76b64,48, #6F6C63
62a7eb885f6a95a76b64,15, #3D3B33
62a7eb885f6a95a76b64,8, #17150F
62a7eb885f6a95a76b64,23, #9B978F
62b46b259e932b3397f0,47, #BEBA99
62b46b259e932b3397f0,9, #2E2613
62b46b259e932b3397f0,24, #564C33
62b46b259e932b3397f0,15, #87764B
62b46b259e932b3397f0,2, #AB9D6E
62b46b259e932b3397f0,0,#D2D4BF
62b5670e949061300111,38, #DED5BD
62b5670e949061300111,3, #6F6854
62b5670e949061300111,12, #91876D
62b5670e949061300111,27,#FAF8F1
62b5670e949061300111,14, #B3AA92
62b5670e949061300111,3, #484131
62c334a282abd4dd2061,28,#F3ECDA
62c334a282abd4dd2061,13, #938C7E
62c334a282abd4dd2061,12, #6C675A
62c334a282abd4dd2061,7, #4D483E
62c334a282abd4dd2061,33, #C3BAA6
62c334a282abd4dd2061,4, #2D2A22
62c4c68f2bea14f753a8,19, #B5AD9A
62c4c68f2bea14f753a8,27,#E3DDCD
62c4c68f2bea14f753a8,6, #CFC8B4
62c4c68f2bea14f753a8,14, #90897B
62c4c68f2bea14f753a8,10, #FAF8F2
62c4c68f2bea14f753a8,10, #766E5F
62c4c68f2bea14f753a8,10, #4E4A40
62c4f7ea437ec514b0b8,7, #474233
62c4f7ea437ec514b0b8,9, #6B644F
62c4f7ea437ec514b0b8,20, #C6B89A
62c4f7ea437ec514b0b8,12, #938A75
62c4f7ea437ec514b0b8,2, #FAF1D7
62c4f7ea437ec514b0b8,47,#E7D8B7
62cb5b004077522e32cd,44,#52686D
62cb5b004077522e32cd,0, #C2C1B8
62cb5b004077522e32cd,21, #50524C
62cb5b004077522e32cd,17, #9CA097
62cb5b004077522e32cd,0, #6A84A2
62cb5b004077522e32cd,16, #936D59
62cb5b004077522e32cd,0, #2F3031
62d138cbdf9f52eb8500,1, #70613E
62d138cbdf9f52eb8500,0, #DECF9B
62d138cbdf9f52eb8500,1, #897B57
62d138cbdf9f52eb8500,1, #A08F67
62d138cbdf9f52eb8500,82,#232013
62d138cbdf9f52eb8500,2, #B8AA80
62d138cbdf9f52eb8500,10, #4B4228
62d274151590251993db,25, #28260D
62d274151590251993db,25,#0A0802
62d274151590251993db,1, #B2A47F
62d274151590251993db,1, #79735C
62d274151590251993db,3, #635E3F
62d274151590251993db,41, #49482D
62d6d538af05bb061233,0,#69553B
62d6d538af05bb061233,0, #75756F
62d6d538af05bb061233,15, #BFB7A4
62d6d538af05bb061233,0, #988977
62d6d538af05bb061233,1, #B1A38F
62d6d538af05bb061233,81, #CECABA
62e13d1237dcb7194f38,0, #847D68
62e13d1237dcb7194f38,7, #C0AC95
62e13d1237dcb7194f38,0,#525147
62e13d1237dcb7194f38,18, #E1D9BE
62e13d1237dcb7194f38,72, #F9F7EB
62e13d1237dcb7194f38,1, #A09076
62e1ad9aabc508e4f9f9,1, #414036
62e1ad9aabc508e4f9f9,7, #605E51
62e1ad9aabc508e4f9f9,10,#F6F5EE
62e1ad9aabc508e4f9f9,51, #C8C4B2
62e1ad9aabc508e4f9f9,19, #9D9B8C
62e1ad9aabc508e4f9f9,9, #827F70
62ee4158d86430c9cca1,0, #FAF8EB
62ee4158d86430c9cca1,5, #434139
62ee4158d86430c9cca1,18, #E2DCC8
62ee4158d86430c9cca1,11, #A7A291
62ee4158d86430c9cca1,15, #908B7D
62ee4158d86430c9cca1,14, #C2BCAA
62ee4158d86430c9cca1,33,#696559
62eee6efb64f182cba8b,79,#33332D
62eee6efb64f182cba8b,4, #8F8974
62eee6efb64f182cba8b,0, #C9C7C5
62eee6efb64f182cba8b,6, #57564C
62eee6efb64f182cba8b,2, #737061
62eee6efb64f182cba8b,3, #ACA68F
62eee6efb64f182cba8b,2, #EEEAE4
62f0c135507df27359a7,21, #928367
62f0c135507df27359a7,17,#7B6549
62f0c135507df27359a7,0, #C6C3AB
62f0c135507df27359a7,41, #1F180F
62f0c135507df27359a7,2, #ABA78E
62f0c135507df27359a7,15, #5E472E
62f2ec300007600eb878,6, #948A80
62f2ec300007600eb878,14, #6F6058
62f2ec300007600eb878,61, #423430
62f2ec300007600eb878,2, #E5DDCD
62f2ec300007600eb878,7,#FAF9F5
62f2ec300007600eb878,8, #C0B6A4
62f4123ac8cecf05fe9f,5, #8D816C
62f4123ac8cecf05fe9f,54, #11100C
62f4123ac8cecf05fe9f,1, #ACA38B
62f4123ac8cecf05fe9f,5, #645C4D
62f4123ac8cecf05fe9f,0,#B9B8AC
62f4123ac8cecf05fe9f,31, #3A3325
62fb2b9b3ff9fcca3ea5,83,#100F0A
62fb2b9b3ff9fcca3ea5,1, #5D5D4B
62fb2b9b3ff9fcca3ea5,1, #58492A
62fb2b9b3ff9fcca3ea5,2, #87815F
62fb2b9b3ff9fcca3ea5,8, #322B15
62fb2b9b3ff9fcca3ea5,1, #A8A17C
62fb2b9b3ff9fcca3ea5,1, #826A40
62fece02b7536b3b1d6f,0, #882B22
62fece02b7536b3b1d6f,6, #887D6A
62fece02b7536b3b1d6f,1, #A6A38C
62fece02b7536b3b1d6f,20, #100F0B
62fece02b7536b3b1d6f,8, #6C5F51
62fece02b7536b3b1d6f,0, #576A71
62fece02b7536b3b1d6f,62,#473022
6301155f56e1997ca062,58, #F6F5EE
6301155f56e1997ca062,14, #ADADA5
6301155f56e1997ca062,3, #484B44
6301155f56e1997ca062,10, #86887F
6301155f56e1997ca062,8,#D5D4CB
6301155f56e1997ca062,4, #696C64
63014c908da6d3c0470c,18, #848073
63014c908da6d3c0470c,37,#E9E3D2
63014c908da6d3c0470c,17, #CDC7B7
63014c908da6d3c0470c,1, #302E27
63014c908da6d3c0470c,15, #545248
63014c908da6d3c0470c,1, #FEFCEE
63014c908da6d3c0470c,8, #ACA799
6304573e0acfc85defe8,12, #A795A1
6304573e0acfc85defe8,4,#080504
6304573e0acfc85defe8,51, #3E2427
6304573e0acfc85defe8,0, #DDC5C1
6304573e0acfc85defe8,14, #685461
6304573e0acfc85defe8,16, #887783
63055ecb0856e6d68946,17, #F8F7EC
63055ecb0856e6d68946,14, #D1CDC0
63055ecb0856e6d68946,17, #8F8B7F
63055ecb0856e6d68946,22,#B1ADA1
63055ecb0856e6d68946,8, #E5E1D4
63055ecb0856e6d68946,15, #6E6B5F
63055ecb0856e6d68946,3, #4A463C
630574667eb76d26e5c8,31, #8C8680
630574667eb76d26e5c8,24, #D6D1BB
630574667eb76d26e5c8,3,#FAF5E6
630574667eb76d26e5c8,11, #AFAA9C
630574667eb76d26e5c8,27, #5B5652
630574667eb76d26e5c8,2, #2F2D27
6316053d2c4f4a81d38a,5, #5E5A4B
6316053d2c4f4a81d38a,8, #76705D
6316053d2c4f4a81d38a,17, #F8F7F0
6316053d2c4f4a81d38a,14, #B8B19A
6316053d2c4f4a81d38a,30,#D7D0BA
6316053d2c4f4a81d38a,12, #958F7C
6316053d2c4f4a81d38a,11, #3C3A30
63184aab9b500ddbd81b,7, #6B685D
63184aab9b500ddbd81b,8,#F9F6E7
63184aab9b500ddbd81b,4, #49483E
63184aab9b500ddbd81b,12, #8B877B
63184aab9b500ddbd81b,10, #AFAB9E
63184aab9b500ddbd81b,56, #D6D2C4
631f3d8d063968d69001,3,#F5F1D0
631f3d8d063968d69001,11, #CBC29B
631f3d8d063968d69001,8, #948250
631f3d8d063968d69001,47, #1D160D
631f3d8d063968d69001,18, #585034
631f3d8d063968d69001,10, #AEA176
6322c0155ff75291913c,17, #69634A
6322c0155ff75291913c,13, #DCD4C6
6322c0155ff75291913c,4, #AFADA1
6322c0155ff75291913c,0, #C48774
6322c0155ff75291913c,16, #CABFB0
6322c0155ff75291913c,16, #B59D88
6322c0155ff75291913c,31,#847E66
6322d5a0ea508f9d297e,18, #432E19
6322d5a0ea508f9d297e,75,#1F180E
6322d5a0ea508f9d297e,2, #5C4322
6322d5a0ea508f9d297e,0, #72502B
6322d5a0ea508f9d297e,0, #665D52
6322d5a0ea508f9d297e,1, #825D35
6322d5a0ea508f9d297e,0, #936F44
632785e7a21c2431391e,1, #A99F8E
632785e7a21c2431391e,10,#C4BDAB
632785e7a21c2431391e,5, #8C8276
632785e7a21c2431391e,66, #E5E0D3
632785e7a21c2431391e,3, #696059
632785e7a21c2431391e,12, #F9F8F0
6329ae3ababe54441dfb,4,#F8F7F3
6329ae3ababe54441dfb,23, #DAD2C3
6329ae3ababe54441dfb,44, #524840
6329ae3ababe54441dfb,10, #A1978D
6329ae3ababe54441dfb,5, #BEB3A6
6329ae3ababe54441dfb,11, #827269
632a9a40510db594e861,4, #B08061
632a9a40510db594e861,8, #B6AE9F
632a9a40510db594e861,11, #D3CEC2
632a9a40510db594e861,60,#F7F2E4
632a9a40510db594e861,0, #3C3D3C
632a9a40510db594e861,10, #807669
632a9a40510db594e861,3, #5F564D
6331bde8b7e6bcba24d8,15, #3D3321
6331bde8b7e6bcba24d8,4, #E7E3C2
6331bde8b7e6bcba24d8,8, #998157
6331bde8b7e6bcba24d8,60,#120E04
6331bde8b7e6bcba24d8,4, #B3A790
6331bde8b7e6bcba24d8,6, #6D593C
634488a223e75cb6b673,27, #524F44
634488a223e75cb6b673,8, #BBB4A0
634488a223e75cb6b673,28,#F9F7EE
634488a223e75cb6b673,13, #E3DCC1
634488a223e75cb6b673,7, #9C9786
634488a223e75cb6b673,14, #7E7B6C
634992dc647322ef6f5e,4, #857254
634992dc647322ef6f5e,0, #A78D6A
634992dc647322ef6f5e,0, #C1A57F
634992dc647322ef6f5e,32, #443F35
634992dc647322ef6f5e,41,#23201C
634992dc647322ef6f5e,14, #0E110D
634992dc647322ef6f5e,6, #63553C
63563ad96ba2e0c6c3a5,12, #D0CDC3
63563ad96ba2e0c6c3a5,5, #F7F6EF
63563ad96ba2e0c6c3a5,5, #ABA79D
63563ad96ba2e0c6c3a5,50,#514633
63563ad96ba2e0c6c3a5,9, #6D6554
63563ad96ba2e0c6c3a5,10, #96875A
63563ad96ba2e0c6c3a5,6, #2E281F
636166a6a2c55de6879c,12, #777166
636166a6a2c55de6879c,19, #AFA799
636166a6a2c55de6879c,3, #EDE5D3
636166a6a2c55de6879c,20,#5C584F
636166a6a2c55de6879c,13, #928C80
636166a6a2c55de6879c,17, #3E3B34
636166a6a2c55de6879c,12, #CEC6B6
6363005e11c89d6e5cba,18, #636159
6363005e11c89d6e5cba,0, #CECABE
6363005e11c89d6e5cba,11, #46453F
6363005e11c89d6e5cba,1, #B1ADA2
6363005e11c89d6e5cba,21, #88857B
6363005e11c89d6e5cba,45,#F3F0E0
636a94d194c01a60a721,2, #2D2F41
636a94d194c01a60a721,60, #5E5950
636a94d194c01a60a721,19, #908A77
636a94d194c01a60a721,1, #131327
636a94d194c01a60a721,3,#EBE7D5
636a94d194c01a60a721,13, #BAB6A3
636eca80f91f383433bc,51,#FAF8E7
636eca80f91f383433bc,33, #CAC7B6
636eca80f91f383433bc,0, #232A22
636eca80f91f383433bc,10, #94968B
636eca80f91f383433bc,2, #6C7169
636eca80f91f383433bc,1, #474D48
637bc5c373007176db60,2, #3A3830
637bc5c373007176db60,22, #ABA691
637bc5c373007176db60,19, #847F6E
637bc5c373007176db60,20, #CBC5AF
637bc5c373007176db60,25,#F1EBD2
637bc5c373007176db60,9, #595749
637f955a1cdf0ff76163,4, #B3A27C
637f955a1cdf0ff76163,4, #1F120D
637f955a1cdf0ff76163,0, #A9644D
637f955a1cdf0ff76163,1, #D2C498
637f955a1cdf0ff76163,58,#7A4F3A
637f955a1cdf0ff76163,24, #35271E
637f955a1cdf0ff76163,5, #928462
6381aa3d6e211460e719,9, #826C4B
6381aa3d6e211460e719,6, #6E5332
6381aa3d6e211460e719,62,#D0C8B3
6381aa3d6e211460e719,11, #56361B
6381aa3d6e211460e719,4, #867F6E
6381aa3d6e211460e719,5, #ADA490
638454ef8a9ae426180a,21, #694F38
638454ef8a9ae426180a,11,#F6F3EB
638454ef8a9ae426180a,13, #8B755E
638454ef8a9ae426180a,22, #AA9A84
638454ef8a9ae426180a,24, #3D221A
638454ef8a9ae426180a,6, #D6C7B4
6385b5bae6a7325ece3d,21, #43433C
6385b5bae6a7325ece3d,16, #656458
6385b5bae6a7325ece3d,29, #CAC6B7
6385b5bae6a7325ece3d,3, #ADAA9B
6385b5bae6a7325ece3d,7,#F0EDD9
6385b5bae6a7325ece3d,21, #8D8B7D
6388924822183bac13c1,20, #AA9C7A
6388924822183bac13c1,8, #E7CE97
6388924822183bac13c1,0, #71767E
6388924822183bac13c1,27,#463817
6388924822183bac13c1,8, #C1C4C8
6388924822183bac13c1,8, #161608
6388924822183bac13c1,26, #866A32
63916b8de69bdb26ca2f,8, #726E5E
63916b8de69bdb26ca2f,10,#D2CCB8
63916b8de69bdb26ca2f,13, #B6B19D
63916b8de69bdb26ca2f,45, #EEE7D0
63916b8de69bdb26ca2f,10, #948F7E
63916b8de69bdb26ca2f,12, #454238
6394ba051097d6a69756,4, #756E64
6394ba051097d6a69756,2, #49433D
6394ba051097d6a69756,21, #CFC6B8
6394ba051097d6a69756,13, #AEA699
6394ba051097d6a69756,48,#F2EBDC
6394ba051097d6a69756,8, #8F887C
63951754f9c18166587a,3, #7F5F36
63951754f9c18166587a,50,#3A2B1E
63951754f9c18166587a,14, #8C7C59
63951754f9c18166587a,1, #A99E7C
63951754f9c18166587a,0, #C5B68F
63951754f9c18166587a,14, #1B1813
63951754f9c18166587a,15, #5F4D34
6399ef34f4f4f70786d3,15, #A9A59A
6399ef34f4f4f70786d3,12, #D3CEC1
6399ef34f4f4f70786d3,51, #F1ECDD
6399ef34f4f4f70786d3,7, #3B3932
6399ef34f4f4f70786d3,6, #666359
6399ef34f4f4f70786d3,6,#837F75
639b068833199eb14420,19, #6B5C4D
639b068833199eb14420,10, #D0CCBE
639b068833199eb14420,41, #2A2119
639b068833199eb14420,9, #868075
639b068833199eb14420,2,#ECEBE6
639b068833199eb14420,16, #B0A99A
63a28c58c4b89c0bae1d,44,#998A63
63a28c58c4b89c0bae1d,7, #55472A
63a28c58c4b89c0bae1d,5, #282011
63a28c58c4b89c0bae1d,25, #776B4F
63a28c58c4b89c0bae1d,4, #635739
63a28c58c4b89c0bae1d,12, #3F331C
63aa71554e070a8275f4,13, #3C3A30
63aa71554e070a8275f4,11, #9F9B8B
63aa71554e070a8275f4,34,#F2EEDB
63aa71554e070a8275f4,13, #666356
63aa71554e070a8275f4,8, #827E6E
63aa71554e070a8275f4,18, #C8C1AC
63ac1ec23d36d92fc35b,6, #F3F2EA
63ac1ec23d36d92fc35b,32,#1A170A
63ac1ec23d36d92fc35b,12, #94824E
63ac1ec23d36d92fc35b,8, #A09A7E
63ac1ec23d36d92fc35b,8, #B7B49D
63ac1ec23d36d92fc35b,8, #D7D5BF
63ac1ec23d36d92fc35b,23, #5C4C22
63b17cfd4423aed41631,9,#E3DEC9
63b17cfd4423aed41631,6, #A39E8D
63b17cfd4423aed41631,9, #CBC6B1
63b17cfd4423aed41631,67, #F8F7EE
63b17cfd4423aed41631,2, #524C3F
63b17cfd4423aed41631,5, #7B7461
63c84d64d0ef9324ac1a,9, #939081
63c84d64d0ef9324ac1a,7,#F2F1E6
63c84d64d0ef9324ac1a,6, #514E46
63c84d64d0ef9324ac1a,53, #C9C5AF
63c84d64d0ef9324ac1a,14, #26221E
63c84d64d0ef9324ac1a,8, #726E5F
63ca026cb8c22a9c6d17,0, #988561
63ca026cb8c22a9c6d17,23, #77705A
63ca026cb8c22a9c6d17,1, #A7A58F
63ca026cb8c22a9c6d17,15, #231E12
63ca026cb8c22a9c6d17,34,#65563B
63ca026cb8c22a9c6d17,17, #898D83
63ca026cb8c22a9c6d17,7, #3C3828
63cabdbcdadc310bbf81,12, #2D291D
63cabdbcdadc310bbf81,0, #C3B07C
63cabdbcdadc310bbf81,76,#4A3F27
63cabdbcdadc310bbf81,1, #9D8855
63cabdbcdadc310bbf81,0, #AA9866
63cabdbcdadc310bbf81,1, #8C7747
63cabdbcdadc310bbf81,7, #6F5B34
63cb99355317ecda5cdd,0, #646264
63cb99355317ecda5cdd,7, #6D4B26
63cb99355317ecda5cdd,1, #8F6E39
63cb99355317ecda5cdd,0, #BDA66A
63cb99355317ecda5cdd,0, #A88649
63cb99355317ecda5cdd,52,#221F17
63cb99355317ecda5cdd,36, #443E37
63d582199d87712e3e11,13, #B3AD83
63d582199d87712e3e11,26, #8E9073
63d582199d87712e3e11,14, #DCD3B0
63d582199d87712e3e11,14, #573F22
63d582199d87712e3e11,29, #67694A
63d582199d87712e3e11,1,#2F2B15
63da2b02ac6fb1b1f826,0,#FDF5DE
63da2b02ac6fb1b1f826,43, #B7AC9C
63da2b02ac6fb1b1f826,10, #948879
63da2b02ac6fb1b1f826,19, #453D35
63da2b02ac6fb1b1f826,8, #766B5E
63da2b02ac6fb1b1f826,17, #E0D7C4
63f1ff46321a17534d81,11, #7B6D5C
63f1ff46321a17534d81,1, #F8F4E9
63f1ff46321a17534d81,39,#D8D0C0
63f1ff46321a17534d81,12, #9D8E78
63f1ff46321a17534d81,7, #27221B
63f1ff46321a17534d81,11, #BEAF93
63f1ff46321a17534d81,15, #51483F
63f51e5c8d1bffe4de96,15, #D6D2C1
63f51e5c8d1bffe4de96,16, #444339
63f51e5c8d1bffe4de96,17, #9C9889
63f51e5c8d1bffe4de96,9, #BFBAA8
63f51e5c8d1bffe4de96,19, #726F61
63f51e5c8d1bffe4de96,20,#F6F5EE
63fba3351a9266dee28c,2, #9F9C89
63fba3351a9266dee28c,87,#E6E0CE
63fba3351a9266dee28c,1, #6B6958
63fba3351a9266dee28c,2, #868373
63fba3351a9266dee28c,0, #504F40
63fba3351a9266dee28c,5, #C3BFAD
63feae66a8b733fc1cd8,1,#A3A29F
63feae66a8b733fc1cd8,15, #1F1913
63feae66a8b733fc1cd8,6, #F2EBC4
63feae66a8b733fc1cd8,41, #4B4233
63feae66a8b733fc1cd8,3, #CBC0A0
63feae66a8b733fc1cd8,31, #7E755E
6401f699307a88e65b59,9, #877145
6401f699307a88e65b59,25, #272623
6401f699307a88e65b59,12, #504536
6401f699307a88e65b59,49,#0A0B0B
6401f699307a88e65b59,2, #BC9E56
6401f699307a88e65b59,0, #E9D27C
6401f699307a88e65b59,0, #CBB66E
64066b6acbe722b0217e,10,#F5EFD3
64066b6acbe722b0217e,21, #6E6953
64066b6acbe722b0217e,11, #1B1B12
64066b6acbe722b0217e,25, #989178
64066b6acbe722b0217e,14, #C7BA9A
64066b6acbe722b0217e,17, #444333
6412dcb9ac03a0abe463,12, #F7F4E1
6412dcb9ac03a0abe463,12, #B5B096
6412dcb9ac03a0abe463,23,#726F5B
6412dcb9ac03a0abe463,3, #414032
6412dcb9ac03a0abe463,15, #D9D2B8
6412dcb9ac03a0abe463,17, #585644
6412dcb9ac03a0abe463,14, #8E8B75
64143c4d193c6696b053,1, #907B48
64143c4d193c6696b053,9,#504126
64143c4d193c6696b053,74, #11100E
64143c4d193c6696b053,4, #745F32
64143c4d193c6696b053,0, #9F8D5F
64143c4d193c6696b053,9, #2B271F
6417ed231c832a70080c,9, #B7B2A5
6417ed231c832a70080c,0, #403E36
6417ed231c832a70080c,33,#F3F1E9
6417ed231c832a70080c,3, #626055
6417ed231c832a70080c,17, #D6D0C0
6417ed231c832a70080c,35, #908C80
6418cfd18731f9783f86,25, #807051
6418cfd18731f9783f86,10, #3F3933
6418cfd18731f9783f86,16, #CCBE8F
6418cfd18731f9783f86,0,#F5EED2
6418cfd18731f9783f86,21, #AB9D73
6418cfd18731f9783f86,26, #DFD5B1
64234c57c67acb657a95,0, #51401F
64234c57c67acb657a95,2,#F9F6EC
64234c57c67acb657a95,6, #DDD8C7
64234c57c67acb657a95,20, #796941
64234c57c67acb657a95,36, #9D9376
64234c57c67acb657a95,33, #C0B89C
6426c6ff57bbd64797ec,1, #3A3931
6426c6ff57bbd64797ec,20, #959181
6426c6ff57bbd64797ec,23,#CFC9B7
6426c6ff57bbd64797ec,12, #787566
6426c6ff57bbd64797ec,10, #565449
6426c6ff57bbd64797ec,18, #B4AF9E
6426c6ff57bbd64797ec,13, #F3F0E5
6427e94d365cd03ec09f,8, #6F6C60
6427e94d365cd03ec09f,3, #4A4940
6427e94d365cd03ec09f,57, #E7E4D6
6427e94d365cd03ec09f,13, #928F82
6427e94d365cd03ec09f,0,#FEFEFB
6427e94d365cd03ec09f,16, #BFBBAD
642d22494793a013c644,13,#706951
642d22494793a013c644,10, #A0997D
642d22494793a013c644,11, #C8BFA2
642d22494793a013c644,10, #EEECE3
642d22494793a013c644,43, #151712
642d22494793a013c644,10, #3A3B31
6431dcff4019c7474b0c,17,#959184
6431dcff4019c7474b0c,17, #EAE2CE
6431dcff4019c7474b0c,6, #3A3932
6431dcff4019c7474b0c,19, #55524A
6431dcff4019c7474b0c,18, #767267
6431dcff4019c7474b0c,20, #B5B0A2
6447ecf5c9a2e1ed6828,3, #9E9987
6447ecf5c9a2e1ed6828,2,#F9F7F0
6447ecf5c9a2e1ed6828,5, #BDB5A0
6447ecf5c9a2e1ed6828,4, #7E7964
6447ecf5c9a2e1ed6828,81, #DFD8C3
6447ecf5c9a2e1ed6828,2, #474536
6455ed15854126be6592,6, #1E1507
6455ed15854126be6592,8, #E5E3D6
6455ed15854126be6592,27, #635537
6455ed15854126be6592,32,#8C826A
6455ed15854126be6592,3, #BFBDB0
6455ed15854126be6592,8, #44371B
6455ed15854126be6592,13, #A6A193
6457d07c719c11cef72b,0, #968D68
6457d07c719c11cef72b,31, #876942
6457d07c719c11cef72b,0, #D4D4A3
6457d07c719c11cef72b,0, #B6AE81
6457d07c719c11cef72b,56,#261A0E
6457d07c719c11cef72b,10, #534835
64586351e6b386b2e5c7,4, #A79E83
64586351e6b386b2e5c7,6, #91876E
64586351e6b386b2e5c7,35,#CEC8AF
64586351e6b386b2e5c7,8, #706349
64586351e6b386b2e5c7,18, #BBB396
64586351e6b386b2e5c7,25, #E7E2CC
64586351e6b386b2e5c7,1, #4D3F2D
6462a815de6a37d51b1e,11, #6E6657
6462a815de6a37d51b1e,2, #474135
6462a815de6a37d51b1e,52,#EEE8D9
6462a815de6a37d51b1e,13, #C9C0B1
6462a815de6a37d51b1e,8, #AEA696
6462a815de6a37d51b1e,11, #908878
646db2f7167a4bf59c18,16, #2F251E
646db2f7167a4bf59c18,41,#D9D3BC
646db2f7167a4bf59c18,6, #726759
646db2f7167a4bf59c18,2, #998D77
646db2f7167a4bf59c18,9, #F0EBD7
646db2f7167a4bf59c18,15, #4A4037
646db2f7167a4bf59c18,7, #BBB195
6479193d65dad2c1f90f,8, #736F69
6479193d65dad2c1f90f,49, #D6D1C5
6479193d65dad2c1f90f,4,#F7F5E9
6479193d65dad2c1f90f,20, #B3AEA5
6479193d65dad2c1f90f,13, #96918A
6479193d65dad2c1f90f,3, #454340
64802f251578586eb53d,13, #594626
64802f251578586eb53d,0, #DEC584
64802f251578586eb53d,4, #C2A769
64802f251578586eb53d,9, #9E824A
64802f251578586eb53d,7,#7A6236
64802f251578586eb53d,65, #2F2715
648ae7c9143188220445,28, #9C9888
648ae7c9143188220445,6,#F7F6EC
648ae7c9143188220445,1, #D9D5C5
648ae7c9143188220445,14, #46453B
648ae7c9143188220445,30, #BEB9A6
648ae7c9143188220445,18, #797569
648b552c77956e656571,13, #625D59
648b552c77956e656571,14, #A29A8F
648b552c77956e656571,43, #C7BDAD
648b552c77956e656571,11, #F3E9D4
648b552c77956e656571,2,#3D3838
648b552c77956e656571,15, #888179
648bc6601fb2bcd9afec,21, #AFABA1
648bc6601fb2bcd9afec,0, #FEFDFB
648bc6601fb2bcd9afec,23, #696359
648bc6601fb2bcd9afec,27, #878277
648bc6601fb2bcd9afec,26, #45423B
648bc6601fb2bcd9afec,0,#DBD6CF
648c28c5e08c5aad9eae,18, #7E7871
648c28c5e08c5aad9eae,21, #D9D1C0
648c28c5e08c5aad9eae,30, #AEA69B
648c28c5e08c5aad9eae,12, #514B49
648c28c5e08c5aad9eae,16,#F9F3E3
648c28c5e08c5aad9eae,0, #282426
648e6c1f604ca90dc149,16, #4B3C24
648e6c1f604ca90dc149,15, #998B6D
648e6c1f604ca90dc149,19, #392618
648e6c1f604ca90dc149,21,#706C5B
648e6c1f604ca90dc149,18, #1B1811
648e6c1f604ca90dc149,8, #57574D
6494c8aa169c301ce8d2,4, #DBD9C8
6494c8aa169c301ce8d2,27, #C3BEA2
6494c8aa169c301ce8d2,3, #72674A
6494c8aa169c301ce8d2,0, #EFEDE0
6494c8aa169c301ce8d2,1, #54472B
6494c8aa169c301ce8d2,27, #908971
6494c8aa169c301ce8d2,34,#ADA684
649ec962841ab1a8d110,50,#F6F4ED
649ec962841ab1a8d110,6, #BDB5A4
649ec962841ab1a8d110,16, #DAD0B9
649ec962841ab1a8d110,10, #989283
649ec962841ab1a8d110,4, #3A372D
649ec962841ab1a8d110,5, #736E61
649ec962841ab1a8d110,6, #5B574A
64ac0ed9a13a1c4a3af8,20, #CCC6AC
64ac0ed9a13a1c4a3af8,37,#EBE9D5
64ac0ed9a13a1c4a3af8,6, #372C21
64ac0ed9a13a1c4a3af8,5, #B2AB93
64ac0ed9a13a1c4a3af8,7, #574937
64ac0ed9a13a1c4a3af8,10, #6E624E
64ac0ed9a13a1c4a3af8,11, #8E8571
64b7c837f0a3de0ebcb1,16, #524D4F
64b7c837f0a3de0ebcb1,21, #D5D3C8
64b7c837f0a3de0ebcb1,13, #7F797A
64b7c837f0a3de0ebcb1,6, #B9B6B1
64b7c837f0a3de0ebcb1,24,#6B6467
64b7c837f0a3de0ebcb1,2, #F7F5ED
64b7c837f0a3de0ebcb1,15, #979191
64b8172c4cdb29bc0314,1, #B4AB6E
64b8172c4cdb29bc0314,5, #EBEEC5
64b8172c4cdb29bc0314,48, #363614
64b8172c4cdb29bc0314,38, #716F37
64b8172c4cdb29bc0314,5, #919060
64b8172c4cdb29bc0314,0,#D2CA8A
64bbbcda15642340bfd3,17, #717065
64bbbcda15642340bfd3,23, #989589
64bbbcda15642340bfd3,4, #B7B3A7
64bbbcda15642340bfd3,15, #D2CEC1
64bbbcda15642340bfd3,8, #43433C
64bbbcda15642340bfd3,29,#F4F1DF
64c5653debe8ac813879,10, #DFDDC2
64c5653debe8ac813879,22, #4B4225
64c5653debe8ac813879,33,#77704F
64c5653debe8ac813879,3, #9E956C
64c5653debe8ac813879,7, #2D2717
64c5653debe8ac813879,3, #A8A793
64c5653debe8ac813879,19, #B2BBBE
64c751be25fb42115677,15, #B1ADA7
64c751be25fb42115677,7,#F8F7ED
64c751be25fb42115677,8, #918D87
64c751be25fb42115677,1, #3D3C39
64c751be25fb42115677,5, #6F6B67
64c751be25fb42115677,59, #DAD5CC
64c8a2b8493962b95a09,1, #8E6F30
64c8a2b8493962b95a09,35,#3E2A16
64c8a2b8493962b95a09,12, #120F09
64c8a2b8493962b95a09,12, #937D4E
64c8a2b8493962b95a09,18, #684A1D
64c8a2b8493962b95a09,3, #A68E60
64c8a2b8493962b95a09,16, #76643B
64cb17efbe15c5b0869f,17, #57462F
64cb17efbe15c5b0869f,8,#110D08
64cb17efbe15c5b0869f,0, #B4AA93
64cb17efbe15c5b0869f,68, #35271A
64cb17efbe15c5b0869f,1, #9D8D72
64cb17efbe15c5b0869f,5, #7A684A
64d114c8f8dded04bbab,0, #AE9A6A
64d114c8f8dded04bbab,28, #677275
64d114c8f8dded04bbab,2, #8E7D57
64d114c8f8dded04bbab,20, #17160D
64d114c8f8dded04bbab,30,#3B2F22
64d114c8f8dded04bbab,13, #6A4C30
64d114c8f8dded04bbab,4, #8D9697
64d5ab7e2f85e458d4bd,5, #978457
64d5ab7e2f85e458d4bd,13, #E0CF90
64d5ab7e2f85e458d4bd,13, #615533
64d5ab7e2f85e458d4bd,13, #1A1705
64d5ab7e2f85e458d4bd,33,#3A361A
64d5ab7e2f85e458d4bd,11, #F3E9B2
64d5ab7e2f85e458d4bd,8, #C5AC70
64d7c357df7ff9bf0de4,7, #3D281A
64d7c357df7ff9bf0de4,21, #A39885
64d7c357df7ff9bf0de4,10,#F3EFE5
64d7c357df7ff9bf0de4,10, #CEC3AE
64d7c357df7ff9bf0de4,27, #867359
64d7c357df7ff9bf0de4,21, #614A32
64da971e5bd89461a9cb,12, #9C8F77
64da971e5bd89461a9cb,16, #7D6C58
64da971e5bd89461a9cb,7,#F2ECDB
64da971e5bd89461a9cb,29, #543F31
64da971e5bd89461a9cb,13, #CAC0A7
64da971e5bd89461a9cb,20, #2C160D
64daf2ff508b8498a878,26,#C7C2AE
64daf2ff508b8498a878,5, #3F3E33
64daf2ff508b8498a878,12, #5E5C4F
64daf2ff508b8498a878,12, #7C7869
64daf2ff508b8498a878,24, #9D9988
64daf2ff508b8498a878,18, #F6F5EC
64e187248bdd69b49eac,53,#E6E0B3
64e187248bdd69b49eac,14, #988F67
64e187248bdd69b49eac,18, #B6B29A
64e187248bdd69b49eac,7, #3C3A29
64e187248bdd69b49eac,5, #6D5D3F
64e187248bdd69b49eac,0, #AA6949
64e53cbbdf24e659021e,13, #D3CBB6
64e53cbbdf24e659021e,9, #767163
64e53cbbdf24e659021e,52,#F3F1E7
64e53cbbdf24e659021e,10, #565349
64e53cbbdf24e659021e,5, #3B3934
64e53cbbdf24e659021e,9, #A19B8B
64e673c86bb79b9c5b63,2, #6F6C62
64e673c86bb79b9c5b63,32,#FAF9EE
64e673c86bb79b9c5b63,4, #A9A69A
64e673c86bb79b9c5b63,3, #4B4A40
64e673c86bb79b9c5b63,4, #89867C
64e673c86bb79b9c5b63,52, #D9D5C2
64ee2345f35d9c8e1d33,29, #825C40
64ee2345f35d9c8e1d33,1, #F0DC5C
64ee2345f35d9c8e1d33,44,#603926
64ee2345f35d9c8e1d33,7, #CEB842
64ee2345f35d9c8e1d33,2, #EFE8A7
64ee2345f35d9c8e1d33,2, #D6AB7E
64ee2345f35d9c8e1d33,12, #9D8963
64f1cc0e0959039e37d9,4, #6F6759
64f1cc0e0959039e37d9,82, #DFD0BA
64f1cc0e0959039e37d9,0, #FCF6EB
64f1cc0e0959039e37d9,3, #4A433A
64f1cc0e0959039e37d9,3,#898071
64f1cc0e0959039e37d9,5, #A89E8B
64f8472e088afbe1f737,0, #B8AD7C
64f8472e088afbe1f737,34, #0C0E0D
64f8472e088afbe1f737,1, #9D9870
64f8472e088afbe1f737,49,#2C281E
64f8472e088afbe1f737,7, #7A6C46
64f8472e088afbe1f737,1, #948155
64f8472e088afbe1f737,7, #4B4231
64fa4d4fb974a6c66f9c,12, #2E281A
64fa4d4fb974a6c66f9c,0, #E5DEBE
64fa4d4fb974a6c66f9c,7, #664127
64fa4d4fb974a6c66f9c,29,#ADA57F
64fa4d4fb974a6c66f9c,8, #CDC7A3
64fa4d4fb974a6c66f9c,19, #6C654A
64fa4d4fb974a6c66f9c,21, #918257
64fa7fd22b83e0cafa92,9, #ACA397
64fa7fd22b83e0cafa92,42, #D1C9B5
64fa7fd22b83e0cafa92,12, #5F534D
64fa7fd22b83e0cafa92,11,#ECEAD8
64fa7fd22b83e0cafa92,15, #2F241F
64fa7fd22b83e0cafa92,7, #8A817B
64fe857be22fd73744c1,1, #A3873D
64fe857be22fd73744c1,18, #59441A
64fe857be22fd73744c1,75,#271F0F
64fe857be22fd73744c1,1, #BDA457
64fe857be22fd73744c1,0, #6B2414
64fe857be22fd73744c1,2, #816427
6515bbff8cf39b576da8,12, #747267
6515bbff8cf39b576da8,18, #CAC6B9
6515bbff8cf39b576da8,17, #989489
6515bbff8cf39b576da8,15, #43423A
6515bbff8cf39b576da8,9, #B0ADA0
6515bbff8cf39b576da8,26,#EEEADB
6515db7e331f6a5936cb,3,#FCF8EF
6515db7e331f6a5936cb,32, #6E685D
6515db7e331f6a5936cb,9, #BCB3A2
6515db7e331f6a5936cb,12, #43403A
6515db7e331f6a5936cb,27, #EADECB
6515db7e331f6a5936cb,14, #958E80
6518cf3642db2ac39c42,27, #7E7B6E
6518cf3642db2ac39c42,9, #EDE7D1
6518cf3642db2ac39c42,0,#FFFFFD
6518cf3642db2ac39c42,23, #D1C8AC
6518cf3642db2ac39c42,0, #535249
6518cf3642db2ac39c42,38, #A7A390
652940f68b55de4b74c4,23, #574A28
652940f68b55de4b74c4,0, #A29666
652940f68b55de4b74c4,44,#382710
652940f68b55de4b74c4,2, #9F834E
652940f68b55de4b74c4,1, #71715E
652940f68b55de4b74c4,21, #17140F
652940f68b55de4b74c4,5, #7E6A40
652a8079ec93170976ef,17, #D6CFB9
652a8079ec93170976ef,16, #797A71
652a8079ec93170976ef,19,#F7F3E1
652a8079ec93170976ef,21, #3C3D3A
652a8079ec93170976ef,5, #101010
652a8079ec93170976ef,19, #ADAA99
653484df65eea6013124,3, #616256
653484df65eea6013124,8, #9C9C91
653484df65eea6013124,4, #78796D
653484df65eea6013124,67,#ECE9DD
653484df65eea6013124,2, #46463D
653484df65eea6013124,12, #BFBEB1
653c3c0c339b1300ddb7,15, #B5AFA4
653c3c0c339b1300ddb7,17, #DBD5C9
653c3c0c339b1300ddb7,30,#5A574E
653c3c0c339b1300ddb7,11, #99948A
653c3c0c339b1300ddb7,3, #33312B
653c3c0c339b1300ddb7,1, #F9F3E6
653c3c0c339b1300ddb7,19, #7E7A70
65451044bc117e3d6716,17, #EDEBE3
65451044bc117e3d6716,19, #4B4946
65451044bc117e3d6716,20, #9B9A96
65451044bc117e3d6716,6,#757470
65451044bc117e3d6716,26, #241F1B
65451044bc117e3d6716,9, #C0C0B9
654d28d4b8011d87d40c,20, #56553A
654d28d4b8011d87d40c,3, #8E8667
654d28d4b8011d87d40c,35,#C0B48C
654d28d4b8011d87d40c,2, #363227
654d28d4b8011d87d40c,5, #DCCEA0
654d28d4b8011d87d40c,8, #7A764F
654d28d4b8011d87d40c,24, #A49977
65515c7f2adac8059ba5,22,#E3D2A2
65515c7f2adac8059ba5,25, #806E4F
65515c7f2adac8059ba5,0, #C2953E
65515c7f2adac8059ba5,11, #4A4032
65515c7f2adac8059ba5,29, #B9A57E
65515c7f2adac8059ba5,10, #1A1917
655439fdcae863f7df74,4, #978A72
655439fdcae863f7df74,5, #B4A790
655439fdcae863f7df74,1, #6A6456
655439fdcae863f7df74,65,#F6F2E7
655439fdcae863f7df74,0, #464136
655439fdcae863f7df74,24, #D4CCBA
655725c4b8f0714f0ba3,6, #686559
655725c4b8f0714f0ba3,23, #9F9C8E
655725c4b8f0714f0ba3,3, #444137
655725c4b8f0714f0ba3,0, #FEFEEF
655725c4b8f0714f0ba3,29,#E8E5D6
655725c4b8f0714f0ba3,29, #C8C3B5
655725c4b8f0714f0ba3,6, #7E7B6E
6579fd7b05d5c1b30256,37,#F1EFE2
6579fd7b05d5c1b30256,6, #D3CDB7
6579fd7b05d5c1b30256,5, #9D957E
6579fd7b05d5c1b30256,6, #766D64
6579fd7b05d5c1b30256,31, #1B1613
6579fd7b05d5c1b30256,11, #4B433D
6579fd7b05d5c1b30256,2, #B8B19A
657c7589337336bc6628,13, #65452A
657c7589337336bc6628,39, #D6CEAA
657c7589337336bc6628,10,#A0B8B2
657c7589337336bc6628,13, #866F46
657c7589337336bc6628,5, #261F16
657c7589337336bc6628,18, #B19B68
657fcb8b4dbc666c3352,17, #836E43
657fcb8b4dbc666c3352,0, #AC9C70
657fcb8b4dbc666c3352,17, #5F4125
657fcb8b4dbc666c3352,2, #928A69
657fcb8b4dbc666c3352,13, #1C1C13
657fcb8b4dbc666c3352,27,#675936
657fcb8b4dbc666c3352,20, #362F1D
65837c093ecd9a5569bf,0,#8A8069
65837c093ecd9a5569bf,0, #AFA68F
65837c093ecd9a5569bf,28, #32200B
65837c093ecd9a5569bf,1, #CFC6B0
65837c093ecd9a5569bf,2, #EBE8E1
65837c093ecd9a5569bf,66, #615436
65962be71ca3b26d7cf5,0, #B69F6E
65962be71ca3b26d7cf5,7, #583A1B
65962be71ca3b26d7cf5,0, #846C42
65962be71ca3b26d7cf5,1, #978257
65962be71ca3b26d7cf5,88,#1D180E
65962be71ca3b26d7cf5,1, #6D5630
659a5135069946cd350f,0, #4B4C46
659a5135069946cd350f,0, #A07D50
659a5135069946cd350f,0,#939073
659a5135069946cd350f,26, #40372C
659a5135069946cd350f,3, #806743
659a5135069946cd350f,69, #1F1B15
659a7d65e55f7ea4a421,8, #B5AF9D
659a7d65e55f7ea4a421,4, #504D41
659a7d65e55f7ea4a421,8, #6E6A5D
659a7d65e55f7ea4a421,60,#DAD1BC
659a7d65e55f7ea4a421,10, #948E80
659a7d65e55f7ea4a421,7, #F8F6EF
659a7d65e55f7ea4a421,0, #36342A
659e05b6c6fce1fa59fb,0,#F7EFDD
659e05b6c6fce1fa59fb,20, #9C9685
659e05b6c6fce1fa59fb,38, #DAD3C1
659e05b6c6fce1fa59fb,7, #C0BAA8
659e05b6c6fce1fa59fb,13, #464338
659e05b6c6fce1fa59fb,18, #6D6859
65a223ca27644c899de7,15, #C9C0AC
65a223ca27644c899de7,28, #DCD9C9
65a223ca27644c899de7,1, #633936
65a223ca27644c899de7,1,#F7F6EE
65a223ca27644c899de7,39, #A59989
65a223ca27644c899de7,13, #7E6A61
65a63229f1fc546a05c0,40, #A59784
65a63229f1fc546a05c0,10, #C9BEA6
65a63229f1fc546a05c0,7,#EDE9D9
65a63229f1fc546a05c0,10, #86745D
65a63229f1fc546a05c0,5, #6E5946
65a63229f1fc546a05c0,26, #4C3D33
65aa8cc1a2cfe385abfe,1, #BCB79D
65aa8cc1a2cfe385abfe,40, #7B775A
65aa8cc1a2cfe385abfe,18,#635935
65aa8cc1a2cfe385abfe,12, #978E66
65aa8cc1a2cfe385abfe,7, #322613
65aa8cc1a2cfe385abfe,19, #483F27
65af13102e48c994f8ef,58, #171515
65af13102e48c994f8ef,4, #A09786
65af13102e48c994f8ef,10, #3A3331
65af13102e48c994f8ef,3,#F3EEDE
65af13102e48c994f8ef,17, #6E655B
65af13102e48c994f8ef,4, #CBC0A5
65b0aa979248689d43e7,69,#ECE3CD
65b0aa979248689d43e7,8, #D0C6B0
65b0aa979248689d43e7,6, #97917F
65b0aa979248689d43e7,10, #B8AE98
65b0aa979248689d43e7,0, #5E5849
65b0aa979248689d43e7,4, #7E7663
65b0aa979248689d43e7,0, #FEFEF6
65ba64bb70c84f754784,2, #3A2A1A
65ba64bb70c84f754784,23, #DAD1BF
65ba64bb70c84f754784,5, #675944
65ba64bb70c84f754784,32, #91866F
65ba64bb70c84f754784,30, #BCB099
65ba64bb70c84f754784,5,#F8F7F2
65be73e3d8330dde1521,3, #595758
65be73e3d8330dde1521,24,#CFC6C0
65be73e3d8330dde1521,33, #EBE3DF
65be73e3d8330dde1521,7, #AD9687
65be73e3d8330dde1521,10, #987262
65be73e3d8330dde1521,20, #B5ACA5
65beae84f5f385141b04,3, #7E7A70
65beae84f5f385141b04,11, #B8B2A8
65beae84f5f385141b04,12, #D9D3C6
65beae84f5f385141b04,8, #55524B
65beae84f5f385141b04,4,#9B968C
65beae84f5f385141b04,60, #F6F2E9
65c5d0eff8ffbc4ec1d8,11, #262014
65c5d0eff8ffbc4ec1d8,57,#57512F
65c5d0eff8ffbc4ec1d8,10, #8E7038
65c5d0eff8ffbc4ec1d8,5, #7C815B
65c5d0eff8ffbc4ec1d8,1, #C5B885
65c5d0eff8ffbc4ec1d8,9, #ADA16D
65c5d0eff8ffbc4ec1d8,5, #844F23
65c631ce0890fef2dee7,9, #9F8873
65c631ce0890fef2dee7,17, #694E42
65c631ce0890fef2dee7,16,#E2D4BB
65c631ce0890fef2dee7,26, #452B25
65c631ce0890fef2dee7,14, #856D5D
65c631ce0890fef2dee7,15, #BBA992
65c6c9568970304e2ec5,12, #A19985
65c6c9568970304e2ec5,3,#F8F5E5
65c6c9568970304e2ec5,28, #464237
65c6c9568970304e2ec5,14, #DFD4BC
65c6c9568970304e2ec5,19, #C0B79F
65c6c9568970304e2ec5,21, #7D7665
65dd71664d9ed0fcb9e4,59, #222014
65dd71664d9ed0fcb9e4,12, #757364
65dd71664d9ed0fcb9e4,12, #5B543C
65dd71664d9ed0fcb9e4,0, #E4DBB6
65dd71664d9ed0fcb9e4,3,#99927A
65dd71664d9ed0fcb9e4,11, #BBB094
65de810553a4ded69096,0, #B8B19E
65de810553a4ded69096,28, #5A5B44
65de810553a4ded69096,4, #0D0C06
65de810553a4ded69096,0, #F7F7F6
65de810553a4ded69096,6, #3C3722
65de810553a4ded69096,10, #A29C84
65de810553a4ded69096,48,#77745C
65df0db297734d1965f2,37, #39382F
65df0db297734d1965f2,33,#1F1E1C
65df0db297734d1965f2,27, #5E523A
65df0db297734d1965f2,0, #786F5D
65df0db297734d1965f2,0, #BEB08D
65df0db297734d1965f2,0, #A6966D
65e7d4d74ab6d3737b0c,1, #EEE5D4
65e7d4d74ab6d3737b0c,3, #322F29
65e7d4d74ab6d3737b0c,24, #4B4740
65e7d4d74ab6d3737b0c,17, #B2AB9F
65e7d4d74ab6d3737b0c,25,#898379
65e7d4d74ab6d3737b0c,7, #D3CCBC
65e7d4d74ab6d3737b0c,19, #646057
65ee68e9835058ff4ad1,2, #D5D0BC
65ee68e9835058ff4ad1,1, #BDB8A5
65ee68e9835058ff4ad1,6, #7F7A69
65ee68e9835058ff4ad1,78,#F4F0DB
65ee68e9835058ff4ad1,2, #9F9989
65ee68e9835058ff4ad1,8, #514D42
65f22798edcfcebe1e69,8,#F8F6EE
65f22798edcfcebe1e69,11, #8A8473
65f22798edcfcebe1e69,2, #4C483E
65f22798edcfcebe1e69,62, #D2CBB5
65f22798edcfcebe1e69,6, #6A6353
65f22798edcfcebe1e69,8, #B0A994
65f50250486e1097c1d0,11, #7E7A6F
65f50250486e1097c1d0,14, #C4BDAD
65f50250486e1097c1d0,27, #EEE6D1
65f50250486e1097c1d0,23, #43413C
65f50250486e1097c1d0,13, #5E5B53
65f50250486e1097c1d0,8,#9D988C
65f7cdabf33b2e900423,52, #D4CFBF
65f7cdabf33b2e900423,3, #9B8D7E
65f7cdabf33b2e900423,21, #BAB8AA
65f7cdabf33b2e900423,0, #8F7F72
65f7cdabf33b2e900423,0,#766E66
65f7cdabf33b2e900423,20, #B1A390
65f95d85d2f5dde37fcc,11, #726E5E
65f95d85d2f5dde37fcc,11, #AEA992
65f95d85d2f5dde37fcc,14, #45433A
65f95d85d2f5dde37fcc,20, #C7C2A9
65f95d85d2f5dde37fcc,30,#EFE9CF
65f95d85d2f5dde37fcc,13, #938E79
65fe87be63475d75a36c,56,#2D2615
65fe87be63475d75a36c,4, #B6B091
65fe87be63475d75a36c,2, #E9E6CB
65fe87be63475d75a36c,11, #56472C
65fe87be63475d75a36c,9, #71684D
65fe87be63475d75a36c,8, #D0CEB4
65fe87be63475d75a36c,7, #9A937A
6610d9879e15314dc2c9,5, #5A5C57
6610d9879e15314dc2c9,11, #C8C9C6
6610d9879e15314dc2c9,41,#F1F1ED
6610d9879e15314dc2c9,10, #A2A39F
6610d9879e15314dc2c9,7, #7B7C79
6610d9879e15314dc2c9,24, #2D2D28
661526e1dc2679468143,6, #7B6847
661526e1dc2679468143,2, #9D8157
661526e1dc2679468143,39,#4F493F
661526e1dc2679468143,13, #1E150B
661526e1dc2679468143,16, #C2B69D
661526e1dc2679468143,19, #6B88A1
661526e1dc2679468143,3, #AA9C80
66189827844a5918d26f,6, #ABA693
66189827844a5918d26f,9, #D5CFB8
66189827844a5918d26f,0, #464337
66189827844a5918d26f,5, #807B6A
66189827844a5918d26f,1, #5D594B
66189827844a5918d26f,76,#F8F6E7
6633eae713a91c871c48,36,#98978C
6633eae713a91c871c48,4, #473D2A
6633eae713a91c871c48,17, #292214
6633eae713a91c871c48,27, #887E69
6633eae713a91c871c48,7, #6A624D
6633eae713a91c871c48,6, #BEB8A0
6643ee31a9c93197d4b8,2, #C5C5C4
6643ee31a9c93197d4b8,5, #515150
6643ee31a9c93197d4b8,3,#F0EFE9
6643ee31a9c93197d4b8,2, #727271
6643ee31a9c93197d4b8,81, #272624
6643ee31a9c93197d4b8,3, #9B9B9A
66487a5668ccf41a0995,13, #C1BCA9
66487a5668ccf41a0995,15, #383F3C
66487a5668ccf41a0995,11, #6C7069
66487a5668ccf41a0995,5,#FCFDF3
66487a5668ccf41a0995,29, #E4DCC3
66487a5668ccf41a0995,24, #909185
6649d87f507787d38619,11, #9F8650
6649d87f507787d38619,12, #5B492B
6649d87f507787d38619,8, #392512
6649d87f507787d38619,58,#140E0A
6649d87f507787d38619,4, #AEA27F
6649d87f507787d38619,2, #636152
6649d87f507787d38619,1, #C8C7B8
664aeae9a08583d3c2d4,23, #36352E
664aeae9a08583d3c2d4,8, #C5C1B1
664aeae9a08583d3c2d4,2,#FAF8EC
664aeae9a08583d3c2d4,22, #9F9B8F
664aeae9a08583d3c2d4,7, #E4DFCB
664aeae9a08583d3c2d4,35, #6A685E
664e8dbfc27337c0569e,15,#F5F2EC
664e8dbfc27337c0569e,16, #515149
664e8dbfc27337c0569e,11, #30312B
664e8dbfc27337c0569e,25, #D2CCC2
664e8dbfc27337c0569e,11, #AAA59D
664e8dbfc27337c0569e,19, #79766E
664eb27bb47d26145ab2,38, #322621
664eb27bb47d26145ab2,11, #C3B6A2
664eb27bb47d26145ab2,13, #61564E
664eb27bb47d26145ab2,6, #A69A88
664eb27bb47d26145ab2,15, #867B6F
664eb27bb47d26145ab2,14,#E8E0CC
666a50c0e43a9a5405fa,21, #CDC7B5
666a50c0e43a9a5405fa,7, #928E82
666a50c0e43a9a5405fa,6, #7D796E
666a50c0e43a9a5405fa,11, #ADA899
666a50c0e43a9a5405fa,43,#F7F1DC
666a50c0e43a9a5405fa,1, #363228
666a50c0e43a9a5405fa,7, #5B584C
6677d842ce34c5a166d0,15, #7E693D
6677d842ce34c5a166d0,32,#B2B29F
6677d842ce34c5a166d0,9, #493923
6677d842ce34c5a166d0,8, #89836C
6677d842ce34c5a166d0,2, #665535
6677d842ce34c5a166d0,17, #9B9986
6677d842ce34c5a166d0,13, #1D1A14
667a9f8177108cc3e855,29, #453C33
667a9f8177108cc3e855,0, #F9F6ED
667a9f8177108cc3e855,7, #181210
667a9f8177108cc3e855,8, #ADACA2
667a9f8177108cc3e855,8, #888681
667a9f8177108cc3e855,35,#645C55
667a9f8177108cc3e855,11, #D9D7CA
667f5bf2fce29c2731a9,14, #DED8C1
667f5bf2fce29c2731a9,15, #737261
667f5bf2fce29c2731a9,19, #9B9783
667f5bf2fce29c2731a9,20,#4F4F43
667f5bf2fce29c2731a9,13, #C1BCA3
667f5bf2fce29c2731a9,6, #32322B
667f5bf2fce29c2731a9,9, #F7F6E9
66838d945eeb9979b632,14, #8A8053
66838d945eeb9979b632,60,#161614
66838d945eeb9979b632,0, #B8682F
66838d945eeb9979b632,3, #D1B963
66838d945eeb9979b632,0, #5A675B
66838d945eeb9979b632,1, #F4E58A
66838d945eeb9979b632,18, #474536
66883b6caa95aa02b1bb,9, #50564C
66883b6caa95aa02b1bb,18, #C6BEA8
66883b6caa95aa02b1bb,1, #1E2924
66883b6caa95aa02b1bb,17, #9C9988
66883b6caa95aa02b1bb,41, #F4EEDC
66883b6caa95aa02b1bb,11,#76786A
66891ee1b98a9958ab1f,7, #7E7867
66891ee1b98a9958ab1f,6, #998F77
66891ee1b98a9958ab1f,8, #615F54
66891ee1b98a9958ab1f,48,#CFC9B9
66891ee1b98a9958ab1f,0, #43341F
66891ee1b98a9958ab1f,15, #ECE6D7
66891ee1b98a9958ab1f,14, #B4A68D
6689b14f631297fe9634,6, #918663
6689b14f631297fe9634,49, #1C1C14
6689b14f631297fe9634,1, #B9AE85
6689b14f631297fe9634,38,#45412E
6689b14f631297fe9634,0, #D8D5AA
6689b14f631297fe9634,3, #665E43
6699b9a65fc96f152bc7,17, #A79474
6699b9a65fc96f152bc7,36, #826C4F
6699b9a65fc96f152bc7,28, #574B34
6699b9a65fc96f152bc7,4, #DBC697
6699b9a65fc96f152bc7,2, #F8EFD3
6699b9a65fc96f152bc7,10,#382A1C
66a352b866958de05658,16, #575442
66a352b866958de05658,10, #A2997B
66a352b866958de05658,49,#E9E7D5
66a352b866958de05658,14, #7D7559
66a352b866958de05658,0, #161609
66a352b866958de05658,7, #333222
66a352b866958de05658,1, #D7CDA9
66ad2b4a875933efb3e4,1, #B08844
66ad2b4a875933efb3e4,39, #422F1A
66ad2b4a875933efb3e4,5, #8C7242
66ad2b4a875933efb3e4,10, #645331
66ad2b4a875933efb3e4,0, #BCA36E
66ad2b4a875933efb3e4,42,#120F0B
66ad2b4a875933efb3e4,0, #A28D5F
66b127886689dc6f759f,2, #D1C6AC
66b127886689dc6f759f,19, #464335
66b127886689dc6f759f,19,#5F5C4D
66b127886689dc6f759f,31, #807D6E
66b127886689dc6f759f,15, #B2A993
66b127886689dc6f759f,11, #E4DECA
66b3e2e738606d383c58,6, #30251C
66b3e2e738606d383c58,6, #453727
66b3e2e738606d383c58,21,#76664B
66b3e2e738606d383c58,26, #5B4C36
66b3e2e738606d383c58,27, #A7966F
66b3e2e738606d383c58,11, #8A7754
66ba45f7344d1d8509aa,5, #C7C3B6
66ba45f7344d1d8509aa,13, #686759
66ba45f7344d1d8509aa,7, #A19E90
66ba45f7344d1d8509aa,10, #858375
66ba45f7344d1d8509aa,3, #414139
66ba45f7344d1d8509aa,59,#EEEADC
66bb4eff6ccd6d1ec556,1,#FBFAF5
66bb4eff6ccd6d1ec556,25, #D6D0C0
66bb4eff6ccd6d1ec556,2, #706F68
66bb4eff6ccd6d1ec556,1, #EEE9D8
66bb4eff6ccd6d1ec556,42, #C1BBAB
66bb4eff6ccd6d1ec556,26, #95938B
66c40f9b6824f67b2bc2,51,#E6DFC9
66c40f9b6824f67b2bc2,16, #C8C0A9
66c40f9b6824f67b2bc2,8, #767061
66c40f9b6824f67b2bc2,0, #26221A
66c40f9b6824f67b2bc2,2, #F9F8F0
66c40f9b6824f67b2bc2,5, #4E493C
66c40f9b6824f67b2bc2,15, #A29C89
66c532c918cac96c453e,4, #C2B58F
66c532c918cac96c453e,0, #F0EAC3
66c532c918cac96c453e,13, #988D6F
66c532c918cac96c453e,7, #3A3A31
66c532c918cac96c453e,10, #76715E
66c532c918cac96c453e,1, #DED5AD
66c532c918cac96c453e,61,#5C5445
66c5b27fd547523cbd8f,9,#A8A498
66c5b27fd547523cbd8f,13, #8E8A7E
66c5b27fd547523cbd8f,48, #F0EEE2
66c5b27fd547523cbd8f,1, #48453A
66c5b27fd547523cbd8f,9, #6A675B
66c5b27fd547523cbd8f,17, #C9C6B8
66c8813d267892760284,6, #C4C1AA
66c8813d267892760284,16, #DFDCC5
66c8813d267892760284,17, #B3A992
66c8813d267892760284,37,#9D9079
66c8813d267892760284,8, #665543
66c8813d267892760284,0, #3F3127
66c8813d267892760284,14, #7E7463
66d47f34584a378b5f60,9, #929186
66d47f34584a378b5f60,4, #4A483F
66d47f34584a378b5f60,3, #B8B6A8
66d47f34584a378b5f60,35,#F8F7F1
66d47f34584a378b5f60,41, #DBD9C8
66d47f34584a378b5f60,5, #6A685C
66dbf2f4528fc5fb7e30,46,#F7EFD9
66dbf2f4528fc5fb7e30,1, #8F8876
66dbf2f4528fc5fb7e30,3, #B4AC97
66dbf2f4528fc5fb7e30,45, #DCD2BC
66dbf2f4528fc5fb7e30,1, #6C6655
66dbf2f4528fc5fb7e30,0, #423E33
66e9bcf4db5f8915cc85,30, #8B8474
66e9bcf4db5f8915cc85,18, #575246
66e9bcf4db5f8915cc85,0, #302B21
66e9bcf4db5f8915cc85,20, #B2A999
66e9bcf4db5f8915cc85,22, #CEC5B2
66e9bcf4db5f8915cc85,7,#EFE6D0
66f1f067bd3a3c858a78,4, #766C5B
66f1f067bd3a3c858a78,6, #999080
66f1f067bd3a3c858a78,48, #DBCFBA
66f1f067bd3a3c858a78,31,#FAF5EC
66f1f067bd3a3c858a78,1, #50483D
66f1f067bd3a3c858a78,7, #BCB09B
66fa066002897a4a6aa1,17, #AAA79E
66fa066002897a4a6aa1,37, #D9D6C5
66fa066002897a4a6aa1,21, #5D5553
66fa066002897a4a6aa1,14, #372C2A
66fa066002897a4a6aa1,1,#F9F7E6
66fa066002897a4a6aa1,8, #807C79
66fe870e2b242420da37,0, #ADA47A
66fe870e2b242420da37,7, #634F31
66fe870e2b242420da37,1, #857652
66fe870e2b242420da37,12, #4A402D
66fe870e2b242420da37,72,#2E271C
66fe870e2b242420da37,2, #766644
66fe870e2b242420da37,2, #9A8E67
6701c1cea4ce072f88dc,18, #827C6B
6701c1cea4ce072f88dc,3, #434036
6701c1cea4ce072f88dc,10, #CDC6B3
6701c1cea4ce072f88dc,11,#ADA693
6701c1cea4ce072f88dc,11, #5E594C
6701c1cea4ce072f88dc,44, #F2EEDC
6704874e322d6e0cecb1,11, #3E3E38
6704874e322d6e0cecb1,58, #E0DCD2
6704874e322d6e0cecb1,8, #6B6A61
6704874e322d6e0cecb1,0,#FEFDF6
6704874e322d6e0cecb1,9, #8E8C81
6704874e322d6e0cecb1,12, #B3B1A6
670c898cd6325c691fd5,2, #FAF7F2
670c898cd6325c691fd5,6, #D8D2C2
670c898cd6325c691fd5,15, #524038
670c898cd6325c691fd5,18, #291B17
670c898cd6325c691fd5,19, #958B81
670c898cd6325c691fd5,11, #AFA699
670c898cd6325c691fd5,27,#77685F
67191d3f92c241ecbbbc,17, #B29A79
67191d3f92c241ecbbbc,0, #918E8A
67191d3f92c241ecbbbc,52,#C5B59F
67191d3f92c241ecbbbc,5, #9E8461
67191d3f92c241ecbbbc,5, #F9F6EF
67191d3f92c241ecbbbc,17, #DED4BF
67191d3f92c241ecbbbc,1, #ECE4D5
671b392f56659e682675,24,#504933
671b392f56659e682675,0, #E1DABD
671b392f56659e682675,15, #1A170C
671b392f56659e682675,9, #938A6D
671b392f56659e682675,9, #756D54
671b392f56659e682675,22, #AEA47E
671b392f56659e682675,18, #CDC292
671d475109d9ebbd57c3,6,#FAF9F6
671d475109d9ebbd57c3,64, #D4C5A7
671d475109d9ebbd57c3,1, #594731
671d475109d9ebbd57c3,8, #7E6E54
671d475109d9ebbd57c3,1, #E8E3D5
671d475109d9ebbd57c3,17, #A99D86
672c62562db0d4e71091,1, #665733
672c62562db0d4e71091,0, #A0763E
672c62562db0d4e71091,10, #4B331A
672c62562db0d4e71091,0, #A74424
672c62562db0d4e71091,0, #BBA868
672c62562db0d4e71091,86,#18130B
672c62562db0d4e71091,0, #D8C47D
672cda69024a6ab15dc8,13, #99907B
672cda69024a6ab15dc8,25,#000000
672cda69024a6ab15dc8,9, #71644B
672cda69024a6ab15dc8,44, #534630
672cda69024a6ab15dc8,4, #231F19
672cda69024a6ab15dc8,2, #C1BCAA
6731da19a57767132964,20, #97979A
6731da19a57767132964,20, #787778
6731da19a57767132964,20,#0C0C0A
6731da19a57767132964,6, #C1C1C5
6731da19a57767132964,16, #4E4D4E
6731da19a57767132964,11, #262524
6731da19a57767132964,3, #F0F0F3
6733dd697bf7908010a4,19, #E4E2D4
6733dd697bf7908010a4,32, #C1BC91
6733dd697bf7908010a4,0, #655D47
6733dd697bf7908010a4,0, #8F8B77
6733dd697bf7908010a4,40,#D6D1B2
6733dd697bf7908010a4,6, #AEA677
6733dd697bf7908010a4,0, #FBFAEE
673686b1cd6293978906,9, #9E9075
673686b1cd6293978906,18, #77624A
673686b1cd6293978906,8, #D8CBA7
673686b1cd6293978906,19, #F7F2D3
673686b1cd6293978906,23,#5F4937
673686b1cd6293978906,6, #BBAB8B
673686b1cd6293978906,13, #8C775A
673cb6799a584849499c,0,#FEFEFD
673cb6799a584849499c,9, #685849
673cb6799a584849499c,12, #918674
673cb6799a584849499c,71, #DCD7C7
673cb6799a584849499c,4, #BCB095
673cb6799a584849499c,1, #48362D
674aeae7b7837caf2a22,5, #D1CBB8
674aeae7b7837caf2a22,12, #A5A090
674aeae7b7837caf2a22,25, #373529
674aeae7b7837caf2a22,21,#F6F4ED
674aeae7b7837caf2a22,11, #84806F
674aeae7b7837caf2a22,23, #63604F
67510bdc07f39ca3aea3,2,#E3DDB8
67510bdc07f39ca3aea3,8, #1B1913
67510bdc07f39ca3aea3,6, #594E34
67510bdc07f39ca3aea3,30, #C6BC92
67510bdc07f39ca3aea3,32, #8C7D57
67510bdc07f39ca3aea3,18, #A99C71
6759a3582506406b2759,29, #C6BDAB
6759a3582506406b2759,12, #9B9282
6759a3582506406b2759,2, #443F39
6759a3582506406b2759,9, #82796A
6759a3582506406b2759,30,#EAE2D1
6759a3582506406b2759,5, #FDFAF4
6759a3582506406b2759,10, #655D52
675fcdfc226acca246ab,3, #73624B
675fcdfc226acca246ab,2, #A39678
675fcdfc226acca246ab,36, #E1DAC5
675fcdfc226acca246ab,49,#CBC2A4
675fcdfc226acca246ab,1, #594531
675fcdfc226acca246ab,1, #BAAE8F
675fcdfc226acca246ab,3, #897C66
675fe710fdb2603df85e,0, #D7C3A0
675fe710fdb2603df85e,10, #23201A
675fe710fdb2603df85e,32, #604A31
675fe710fdb2603df85e,29, #B9A378
675fe710fdb2603df85e,0, #945E31
675fe710fdb2603df85e,26,#7C6C4E
676a89ede12df2d71317,5, #9EA395
676a89ede12df2d71317,9, #6D756D
676a89ede12df2d71317,14, #241E10
676a89ede12df2d71317,18, #92835E
676a89ede12df2d71317,5, #6B6043
676a89ede12df2d71317,18, #76888E
676a89ede12df2d71317,27,#473B24
676ffabc613c6237c459,20, #A09C92
676ffabc613c6237c459,15, #4F4C45
676ffabc613c6237c459,3, #2A2721
676ffabc613c6237c459,8, #C5C0B2
676ffabc613c6237c459,14, #76736B
676ffabc613c6237c459,14, #F9F6E4
676ffabc613c6237c459,23,#DFDAC9
677134b4fce962b231c7,46, #34251F
677134b4fce962b231c7,6, #7F7164
677134b4fce962b231c7,6, #9B8F7E
677134b4fce962b231c7,13, #5E4E43
677134b4fce962b231c7,19,#EFE9D5
677134b4fce962b231c7,8, #BEB29F
6778f546f885030d5536,15, #DEDBCA
6778f546f885030d5536,42, #857359
6778f546f885030d5536,4,#FBFAF6
6778f546f885030d5536,13, #BCB4A0
6778f546f885030d5536,2, #665138
6778f546f885030d5536,21, #A29885
6779065133ff2463f1e1,26, #A39986
6779065133ff2463f1e1,8, #E9E3D5
6779065133ff2463f1e1,9, #827C6E
6779065133ff2463f1e1,1, #393632
6779065133ff2463f1e1,2, #534E45
6779065133ff2463f1e1,45,#CEC4AE
6779065133ff2463f1e1,6, #6B6559
677c4a2a178e142bc75f,18, #D9D4B4
677c4a2a178e142bc75f,14, #BBAF88
677c4a2a178e142bc75f,3,#8B8161
677c4a2a178e142bc75f,32, #231F12
677c4a2a178e142bc75f,9, #896144
677c4a2a178e142bc75f,22, #584426
6783b3a7fcbd05f601ed,19, #BBB291
6783b3a7fcbd05f601ed,36,#D0CAAE
6783b3a7fcbd05f601ed,8, #797361
6783b3a7fcbd05f601ed,10, #9F987E
6783b3a7fcbd05f601ed,18, #58564D
6783b3a7fcbd05f601ed,0, #E5E2CF
6783b3a7fcbd05f601ed,5, #F7F7F0
67860974de09200b24fa,2,#3B3126
67860974de09200b24fa,24, #8E6C4E
67860974de09200b24fa,7, #B7A581
67860974de09200b24fa,16, #5F4D38
67860974de09200b24fa,5, #101010
67860974de09200b24fa,43, #9B8B6D
678f95d002342974f3de,1, #0F1213
678f95d002342974f3de,17, #444B52
678f95d002342974f3de,43,#92897E
678f95d002342974f3de,6, #ADAFAE
678f95d002342974f3de,14, #616366
678f95d002342974f3de,0, #CCC7BF
678f95d002342974f3de,15, #352C26
6791ad9fe6644e44d03b,1, #696357
6791ad9fe6644e44d03b,50,#3F3520
6791ad9fe6644e44d03b,42, #141310
6791ad9fe6644e44d03b,2, #AD997A
6791ad9fe6644e44d03b,1, #C8BCA4
6791ad9fe6644e44d03b,1, #8D806A
6796a5c67cf3f5d47439,3,#FBF9F5
6796a5c67cf3f5d47439,37, #6B665A
6796a5c67cf3f5d47439,29, #424038
6796a5c67cf3f5d47439,9, #B7AE99
6796a5c67cf3f5d47439,9, #E1DAC8
6796a5c67cf3f5d47439,10, #938D7D
67a40a1fc434aa17e812,13, #554729
67a40a1fc434aa17e812,20, #312713
67a40a1fc434aa17e812,4, #BAAA8D
67a40a1fc434aa17e812,3, #E2D7C1
67a40a1fc434aa17e812,54,#0C0A05
67a40a1fc434aa17e812,4, #917E4F
67a7fc8207df39dc9a7e,0, #FFFFFE
67a7fc8207df39dc9a7e,5, #A9A799
67a7fc8207df39dc9a7e,29, #E3E1D6
67a7fc8207df39dc9a7e,30,#4F4C3F
67a7fc8207df39dc9a7e,14, #918E81
67a7fc8207df39dc9a7e,14, #737062
67a7fc8207df39dc9a7e,4, #C0BEB2
67aa97a044cd7930f4d1,16, #C1BEB9
67aa97a044cd7930f4d1,12, #999791
67aa97a044cd7930f4d1,28,#F6F2E8
67aa97a044cd7930f4d1,35, #DDDAD3
67aa97a044cd7930f4d1,0, #585752
67aa97a044cd7930f4d1,6, #787670
67b030ecac43102b681b,17, #D3CEC1
67b030ecac43102b681b,6, #8E8A7E
67b030ecac43102b681b,36,#F2F0E6
67b030ecac43102b681b,33, #B1AC9F
67b030ecac43102b681b,1, #464239
67b030ecac43102b681b,4, #6D685D
67c1d89b379eef0b1d30,2,#282617
67c1d89b379eef0b1d30,8, #846C4B
67c1d89b379eef0b1d30,5, #B9AD79
67c1d89b379eef0b1d30,70, #5D4B34
67c1d89b379eef0b1d30,6, #DDD5A1
67c1d89b379eef0b1d30,5, #9B8F60
67c6738fb79c1f024919,8, #666358
67c6738fb79c1f024919,0, #F5F0DE
67c6738fb79c1f024919,18, #868273
67c6738fb79c1f024919,30,#D9D4C3
67c6738fb79c1f024919,2, #4F4E45
67c6738fb79c1f024919,23, #A49E8D
67c6738fb79c1f024919,16, #BDB8A7
67c92a7eb3618fcb00bd,6, #BCB39B
67c92a7eb3618fcb00bd,18, #958E80
67c92a7eb3618fcb00bd,1, #F4F2DE
67c92a7eb3618fcb00bd,14, #423B35
67c92a7eb3618fcb00bd,5, #1B1611
67c92a7eb3618fcb00bd,32,#D9D6BF
67c92a7eb3618fcb00bd,20, #696057
67cd61fcd9e316e7f004,12, #726C58
67cd61fcd9e316e7f004,5, #282318
67cd61fcd9e316e7f004,45,#C5C3AE
67cd61fcd9e316e7f004,25, #473E28
67cd61fcd9e316e7f004,1, #DBD9C3
67cd61fcd9e316e7f004,3, #AA9E7B
67cd61fcd9e316e7f004,5, #90845D
67d1ed8f248abe601398,46,#0A0A08
67d1ed8f248abe601398,23, #38352D
67d1ed8f248abe601398,4, #B5AE94
67d1ed8f248abe601398,3, #89714F
67d1ed8f248abe601398,4, #A08E6D
67d1ed8f248abe601398,19, #655943
67db499ef5a772b16f14,5, #C6B991
67db499ef5a772b16f14,12, #988565
67db499ef5a772b16f14,38,#333023
67db499ef5a772b16f14,15, #57523C
67db499ef5a772b16f14,2, #D9CFA6
67db499ef5a772b16f14,3, #B6A580
67db499ef5a772b16f14,21, #70694C
67e581c59fa451da4e91,7, #F6F4E9
67e581c59fa451da4e91,20, #B4AF9D
67e581c59fa451da4e91,14, #6D695B
67e581c59fa451da4e91,18,#DBD6C3
67e581c59fa451da4e91,18, #424036
67e581c59fa451da4e91,20, #8C887A
67ee3d5ec23ee919e4f9,1, #5B7677
67ee3d5ec23ee919e4f9,1, #AAA79A
67ee3d5ec23ee919e4f9,1, #6B5F49
67ee3d5ec23ee919e4f9,88,#57351A
67ee3d5ec23ee919e4f9,2, #88877A
67ee3d5ec23ee919e4f9,1, #3F3F38
67ee3d5ec23ee919e4f9,3, #0E0B07
67f01330108542afef8a,12, #9C988C
67f01330108542afef8a,11, #C4C0B2
67f01330108542afef8a,51,#EAE5D5
67f01330108542afef8a,5, #625F55
67f01330108542afef8a,1, #49463D
67f01330108542afef8a,9, #7D786D
67f01330108542afef8a,6, #FAFAF7
67f083871ca738fb22ee,70,#353121
67f083871ca738fb22ee,3, #7F6A2C
67f083871ca738fb22ee,0, #C1A93C
67f083871ca738fb22ee,11, #595746
67f083871ca738fb22ee,13, #161B14
67f083871ca738fb22ee,1, #A38D33
67f083871ca738fb22ee,0, #7C7E73
67f38e4e4f2cdbd152d3,24, #553A1B
67f38e4e4f2cdbd152d3,16, #C4BFAB
67f38e4e4f2cdbd152d3,6, #9A6826
67f38e4e4f2cdbd152d3,25,#897F5F
67f38e4e4f2cdbd152d3,20, #12120A
67f38e4e4f2cdbd152d3,7, #7C8E9A
67f81850ae395dff72fe,10, #D2CFBD
67f81850ae395dff72fe,8, #868578
67f81850ae395dff72fe,17, #68685C
67f81850ae395dff72fe,25,#49493F
67f81850ae395dff72fe,0, #2E2D25
67f81850ae395dff72fe,23, #F3F0DC
67f81850ae395dff72fe,13, #ABA999
68106a623d54684fa190,38, #B6A682
68106a623d54684fa190,19, #A39263
68106a623d54684fa190,0, #A0A095
68106a623d54684fa190,19, #BCB49E
68106a623d54684fa190,0,#73746E
68106a623d54684fa190,21, #CECBBC
681342ec060b2c79115c,6,#F7F6EF
681342ec060b2c79115c,25, #64513F
681342ec060b2c79115c,16, #A79A80
681342ec060b2c79115c,10, #493327
681342ec060b2c79115c,9, #80705B
681342ec060b2c79115c,32, #DDD3B0
6815b42370d9a2cfcbd5,18, #E1D9C1
6815b42370d9a2cfcbd5,11, #F9F7F1
6815b42370d9a2cfcbd5,10, #B6AF99
6815b42370d9a2cfcbd5,2, #3B3935
6815b42370d9a2cfcbd5,7, #989284
6815b42370d9a2cfcbd5,23, #7E796B
6815b42370d9a2cfcbd5,25,#59564C
681e07cefc89ec467974,4, #8F8763
681e07cefc89ec467974,6, #22201A
681e07cefc89ec467974,6, #ADA37C
681e07cefc89ec467974,30, #535035
681e07cefc89ec467974,38,#393828
681e07cefc89ec467974,5, #CBBE91
681e07cefc89ec467974,8, #6F6A4B
681e5f6685f3624a4d24,6, #E3D1AB
681e5f6685f3624a4d24,30, #554233
681e5f6685f3624a4d24,30, #39271F
681e5f6685f3624a4d24,7,#8B7D68
681e5f6685f3624a4d24,15, #6C5C4B
681e5f6685f3624a4d24,9, #B2A68E
6821d6d4c8d5bf93faf4,19, #B4AB9E
6821d6d4c8d5bf93faf4,2, #81765E
6821d6d4c8d5bf93faf4,2, #978D83
6821d6d4c8d5bf93faf4,19, #DFDCDA
6821d6d4c8d5bf93faf4,1, #675B53
6821d6d4c8d5bf93faf4,52,#C7C0B6
6821d6d4c8d5bf93faf4,1, #4F4039
6824f866da6b6d063451,23, #D9D3BF
6824f866da6b6d063451,21, #5F5D52
6824f866da6b6d063451,10,#F5EFD9
6824f866da6b6d063451,24, #888576
6824f866da6b6d063451,12, #B9B4A0
6824f866da6b6d063451,6, #43423B
6829eeb9d4ba978745d9,20, #A29B90
6829eeb9d4ba978745d9,9, #827A72
6829eeb9d4ba978745d9,1, #3C3735
6829eeb9d4ba978745d9,30, #C9BFB1
6829eeb9d4ba978745d9,5, #5D5652
6829eeb9d4ba978745d9,32,#F0EADE
682f1148e0ea8e5db608,10, #C4BDA8
682f1148e0ea8e5db608,1,#FEFEEF
682f1148e0ea8e5db608,15, #948F7E
682f1148e0ea8e5db608,15, #656256
682f1148e0ea8e5db608,10, #414038
682f1148e0ea8e5db608,47, #E4DEC9
68359045a29ad8cd0f8a,32, #908E7B
68359045a29ad8cd0f8a,3, #CDC298
68359045a29ad8cd0f8a,1, #231D15
68359045a29ad8cd0f8a,1,#3E372D
68359045a29ad8cd0f8a,60, #605C4A
68359045a29ad8cd0f8a,0, #E4DCB8
683707c4ebaa1bc2b379,1, #514943
683707c4ebaa1bc2b379,57,#F9F7F2
683707c4ebaa1bc2b379,4, #6B625A
683707c4ebaa1bc2b379,11, #857C6F
683707c4ebaa1bc2b379,12, #D7D2C5
683707c4ebaa1bc2b379,11, #ABA59A
6837946ea5c023e1ae56,4, #B4AB93
6837946ea5c023e1ae56,12, #574A34
6837946ea5c023e1ae56,54, #0E0D0B
6837946ea5c023e1ae56,3,#A08C6E
6837946ea5c023e1ae56,23, #2F2618
6837946ea5c023e1ae56,1, #77674F
683da26585cfb35eb73c,6,#FBFAF6
683da26585cfb35eb73c,18, #A19173
683da26585cfb35eb73c,2, #E3DBC9
683da26585cfb35eb73c,32, #7F6441
683da26585cfb35eb73c,3, #CBBA98
683da26585cfb35eb73c,36, #4B3525
684e682249a70ecdfd09,15, #929084
684e682249a70ecdfd09,50, #DED9CB
684e682249a70ecdfd09,10, #66645B
684e682249a70ecdfd09,7, #36362F
684e682249a70ecdfd09,7,#F9F5E7
684e682249a70ecdfd09,8, #BEBAAE
684fb374898d3f5120f9,2,#FAF9F1
684fb374898d3f5120f9,27, #76716B
684fb374898d3f5120f9,13, #434040
684fb374898d3f5120f9,7, #202120
684fb374898d3f5120f9,17, #B9B494
684fb374898d3f5120f9,30, #DFDABE
685dd8b9247d88a720fd,19, #DFD4C2
685dd8b9247d88a720fd,11, #524D4A
685dd8b9247d88a720fd,31, #BBB09C
685dd8b9247d88a720fd,12, #766E66
685dd8b9247d88a720fd,25, #968E82
685dd8b9247d88a720fd,0,#FDFBF8
68657b06ff373342bfad,43,#302A1C
68657b06ff373342bfad,4, #A89C82
68657b06ff373342bfad,3, #CDC4A8
68657b06ff373342bfad,26, #14120F
68657b06ff373342bfad,12, #4A422D
68657b06ff373342bfad,6, #6E6242
68657b06ff373342bfad,2, #8B7F64
686b557d2983228434d1,16, #815835
686b557d2983228434d1,1, #574F41
686b557d2983228434d1,58, #4F3424
686b557d2983228434d1,10, #A88754
686b557d2983228434d1,7,#221C15
686b557d2983228434d1,5, #CDB384
687d768ca5178c1514a6,1,#B2B09F
687d768ca5178c1514a6,1, #787668
687d768ca5178c1514a6,2, #969486
687d768ca5178c1514a6,73, #F5F4EB
687d768ca5178c1514a6,20, #D9D5BB
687d768ca5178c1514a6,0, #545144
6890722009fefead12ed,1, #E2DCCB
6890722009fefead12ed,26,#F6F3E9
6890722009fefead12ed,39, #C5BFAB
6890722009fefead12ed,6, #7B776D
6890722009fefead12ed,17, #949084
6890722009fefead12ed,9, #AAA593
6891e2150b15f1a4bc75,24, #5F5C59
6891e2150b15f1a4bc75,1, #373635
6891e2150b15f1a4bc75,1, #181818
6891e2150b15f1a4bc75,20, #8B877F
6891e2150b15f1a4bc75,7,#F3F1E4
6891e2150b15f1a4bc75,44, #BAB5A5
689d0acad706fc5be559,51, #3F3737
689d0acad706fc5be559,7,#FBFAF6
689d0acad706fc5be559,7, #7A7266
689d0acad706fc5be559,9, #9C9587
689d0acad706fc5be559,1, #E3DFCF
689d0acad706fc5be559,23, #C2BBAA
68a1c85c5cda1f75c622,24, #453F3A
68a1c85c5cda1f75c622,24, #7B7061
68a1c85c5cda1f75c622,31, #A79B87
68a1c85c5cda1f75c622,4,#FCF9F1
68a1c85c5cda1f75c622,13, #D5C7AD
68a1c85c5cda1f75c622,1, #EBE0CC
68a9b1a6b9e892dbca4d,17, #8D877A
68a9b1a6b9e892dbca4d,24,#F1ECDF
68a9b1a6b9e892dbca4d,3, #423E37
68a9b1a6b9e892dbca4d,20, #686358
68a9b1a6b9e892dbca4d,19, #CAC2B1
68a9b1a6b9e892dbca4d,14, #ABA393
68ab3dc18663ac299e02,34, #DFD7C2
68ab3dc18663ac299e02,3, #6F6858
68ab3dc18663ac299e02,0, #171109
68ab3dc18663ac299e02,3, #403526
68ab3dc18663ac299e02,39,#F9F7EB
68ab3dc18663ac299e02,9, #A19682
68ab3dc18663ac299e02,8, #C5BCA7
68ae7185349e960658af,70,#F0ECD8
68ae7185349e960658af,7, #9F9D8F
68ae7185349e960658af,1, #414036
68ae7185349e960658af,4, #636255
68ae7185349e960658af,13, #C8C4B4
68ae7185349e960658af,3, #7F7E71
68b31d93819f9fca4f5e,15, #726F61
68b31d93819f9fca4f5e,21, #F7F3E1
68b31d93819f9fca4f5e,24,#DDD7C5
68b31d93819f9fca4f5e,7, #C5C0B0
68b31d93819f9fca4f5e,11, #AAA696
68b31d93819f9fca4f5e,10, #434138
68b31d93819f9fca4f5e,8, #8C887A
68b49574636438df5a39,16, #827E70
68b49574636438df5a39,13, #5E5B4F
68b49574636438df5a39,10, #333026
68b49574636438df5a39,12,#9C998B
68b49574636438df5a39,39, #C1C1B2
68b49574636438df5a39,7, #E2E3D5
68b61de5663568fcbbc4,29, #706D63
68b61de5663568fcbbc4,2,#EDE5CC
68b61de5663568fcbbc4,12, #8C877B
68b61de5663568fcbbc4,22, #45443E
68b61de5663568fcbbc4,7, #A7A193
68b61de5663568fcbbc4,25, #C9C2B0
68bd9096751fc834d51a,5, #F6F2EA
68bd9096751fc834d51a,18, #A89F88
68bd9096751fc834d51a,10, #7F6952
68bd9096751fc834d51a,5, #594E3F
68bd9096751fc834d51a,16, #CEBE9F
68bd9096751fc834d51a,32,#E2D7BC
68bd9096751fc834d51a,10, #8E8168
68c3c449b7d74700cc2b,2, #BCA783
68c3c449b7d74700cc2b,3, #0F100F
68c3c449b7d74700cc2b,50,#353128
68c3c449b7d74700cc2b,31, #5F5139
68c3c449b7d74700cc2b,2, #A08A65
68c3c449b7d74700cc2b,8, #876E48
68c3c449b7d74700cc2b,0, #D9CCAC
68c5a1d5b23778f3b4b6,2, #37362D
68c5a1d5b23778f3b4b6,24, #B4AE9B
68c5a1d5b23778f3b4b6,32, #8A8473
68c5a1d5b23778f3b4b6,18, #5A574A
68c5a1d5b23778f3b4b6,1,#F6F3E0
68c5a1d5b23778f3b4b6,20, #DAD5C0
68c6f5c8dcbaed1813d2,43,#C2BCA3
68c6f5c8dcbaed1813d2,7, #D0D0BF
68c6f5c8dcbaed1813d2,2, #1D1409
68c6f5c8dcbaed1813d2,5, #83714B
68c6f5c8dcbaed1813d2,20, #A69979
68c6f5c8dcbaed1813d2,8, #655131
68c6f5c8dcbaed1813d2,11, #3F2F1B
68c7c4e80ffaf8e613bb,3, #60694A
68c7c4e80ffaf8e613bb,1, #858E6B
68c7c4e80ffaf8e613bb,37,#37371B
68c7c4e80ffaf8e613bb,10, #9A7934
68c7c4e80ffaf8e613bb,29, #0B1207
68c7c4e80ffaf8e613bb,9, #6D4F1A
68c7c4e80ffaf8e613bb,8, #B6A863
68cae7df973d927ba62e,39, #D8CFBD
68cae7df973d927ba62e,1,#F7F4E9
68cae7df973d927ba62e,18, #A69E8E
68cae7df973d927ba62e,22, #BFB6A5
68cae7df973d927ba62e,2, #595448
68cae7df973d927ba62e,15, #837D6E
68cc1e9d3f241d7c0957,14, #B1AE9F
68cc1e9d3f241d7c0957,3, #424137
68cc1e9d3f241d7c0957,20, #8E8B7D
68cc1e9d3f241d7c0957,23,#F0EBD7
68cc1e9d3f241d7c0957,22, #D0CCBB
68cc1e9d3f241d7c0957,16, #686557
68d36dbffe3d8292e29b,1, #A2977F
68d36dbffe3d8292e29b,0, #988766
68d36dbffe3d8292e29b,78, #D7CFBB
68d36dbffe3d8292e29b,0, #6E573C
68d36dbffe3d8292e29b,1, #7E7362
68d36dbffe3d8292e29b,16,#BCB5A7
68d86404d68cd97201bd,30,#160F0F
68d86404d68cd97201bd,11, #9B6D3C
68d86404d68cd97201bd,3, #DEC36D
68d86404d68cd97201bd,19, #38261A
68d86404d68cd97201bd,5, #BB9149
68d86404d68cd97201bd,29, #664B2E
68e48e5de89153e5fa1f,8, #D1C4AF
68e48e5de89153e5fa1f,2, #8C816D
68e48e5de89153e5fa1f,1, #524938
68e48e5de89153e5fa1f,82,#F3ECDA
68e48e5de89153e5fa1f,1, #6E624E
68e48e5de89153e5fa1f,3, #AFA18A
68e49b8485642998e881,4, #E5D5B2
68e49b8485642998e881,74,#C9B78D
68e49b8485642998e881,7, #4F4132
68e49b8485642998e881,3, #89785A
68e49b8485642998e881,3, #A5926E
68e49b8485642998e881,5, #715F46
68e764a79ea475dae3ca,2, #AFAA98
68e764a79ea475dae3ca,46,#F6F4E6
68e764a79ea475dae3ca,24, #CCC6B2
68e764a79ea475dae3ca,8, #3A372E
68e764a79ea475dae3ca,11, #635F52
68e764a79ea475dae3ca,6, #8F8A7B
68f06f3f80f7667da81e,8, #A29680
68f06f3f80f7667da81e,5, #211510
68f06f3f80f7667da81e,39,#F7F5ED
68f06f3f80f7667da81e,3, #BCB1A1
68f06f3f80f7667da81e,8, #3B352F
68f06f3f80f7667da81e,25, #D7D0BF
68f06f3f80f7667da81e,10, #635D52
68ffa75152b4617b0565,27, #796E4E
68ffa75152b4617b0565,12, #2E2A1F
68ffa75152b4617b0565,26, #111311
68ffa75152b4617b0565,12,#5E441F
68ffa75152b4617b0565,20, #A69467
68ffa75152b4617b0565,0, #D1A94C
69080784a14b85b041da,38, #867D68
69080784a14b85b041da,33, #2A271D
69080784a14b85b041da,0, #D2CEB8
69080784a14b85b041da,19, #575140
69080784a14b85b041da,0, #B09A65
69080784a14b85b041da,7,#AAAA9C
690a263245de9ac7c2f2,17, #B9AC9C
690a263245de9ac7c2f2,11, #988F82
690a263245de9ac7c2f2,1, #5E554D
690a263245de9ac7c2f2,61, #DFD0BF
690a263245de9ac7c2f2,4,#FAF4EA
690a263245de9ac7c2f2,4, #7D7367
690d432c44a161a09b6a,23, #817F71
690d432c44a161a09b6a,0, #793115
690d432c44a161a09b6a,9, #A1A49A
690d432c44a161a09b6a,22, #18110A
690d432c44a161a09b6a,25,#3F2A19
690d432c44a161a09b6a,4, #C2BDAD
690d432c44a161a09b6a,14, #5B5245
690da32b23ba1e70fd4d,2, #41392F
690da32b23ba1e70fd4d,22,#D3CBAB
690da32b23ba1e70fd4d,9, #776A53
690da32b23ba1e70fd4d,12, #B6AD92
690da32b23ba1e70fd4d,7, #9A9077
690da32b23ba1e70fd4d,46, #EEEBD5
6912277af46ef0ff0d3a,17, #9F998D
6912277af46ef0ff0d3a,1,#F7F1E1
6912277af46ef0ff0d3a,8, #646057
6912277af46ef0ff0d3a,52, #857F73
6912277af46ef0ff0d3a,15, #C2B9A6
6912277af46ef0ff0d3a,4, #E5D9C2
6913aed42084fd95d843,1, #39372E
6913aed42084fd95d843,3, #7D786B
6913aed42084fd95d843,8, #948E80
6913aed42084fd95d843,45,#E2DAC3
6913aed42084fd95d843,25, #B9B29F
6913aed42084fd95d843,10, #FBFAF4
6913aed42084fd95d843,5, #5A574B
6914e2fc4d4502160549,25, #D4CFBB
6914e2fc4d4502160549,8, #4F4B3D
6914e2fc4d4502160549,11, #979180
6914e2fc4d4502160549,35,#F8F7EF
6914e2fc4d4502160549,10, #B0AA96
6914e2fc4d4502160549,8, #77715F
6919d553d09ba76b1203,36, #8D7E6C
6919d553d09ba76b1203,5, #3A2E21
6919d553d09ba76b1203,2, #D4CFB2
6919d553d09ba76b1203,15, #B8AD95
6919d553d09ba76b1203,21,#F4F3E2
6919d553d09ba76b1203,19, #61503D
691d9bee56f1e2c3c88d,3, #1A1814
691d9bee56f1e2c3c88d,36,#F2ECDB
691d9bee56f1e2c3c88d,7, #857C6D
691d9bee56f1e2c3c88d,4, #545049
691d9bee56f1e2c3c88d,7, #ABA08E
691d9bee56f1e2c3c88d,4, #34302A
691d9bee56f1e2c3c88d,35, #CEC1AA
69204d5504d851b6f080,1, #C5B991
69204d5504d851b6f080,0, #DDD7B3
69204d5504d851b6f080,12, #A39266
69204d5504d851b6f080,55,#292417
69204d5504d851b6f080,7, #916037
69204d5504d851b6f080,22, #655030
69207876b78d60a6cc08,14, #60544C
69207876b78d60a6cc08,10, #ADA599
69207876b78d60a6cc08,5, #867C72
69207876b78d60a6cc08,8,#DFD6C0
69207876b78d60a6cc08,51, #F8F3E6
69207876b78d60a6cc08,8, #312923
69216846e3c79d2ca30e,3, #747560
69216846e3c79d2ca30e,3, #DCDABE
69216846e3c79d2ca30e,21, #C7C5A2
69216846e3c79d2ca30e,15, #3B3E3A
69216846e3c79d2ca30e,1, #666247
69216846e3c79d2ca30e,37,#1E1E1D
69216846e3c79d2ca30e,17, #999676
692dff0c876d13e33588,41, #DAD1BE
692dff0c876d13e33588,17, #AD9E8B
692dff0c876d13e33588,13,#F8F7F4
692dff0c876d13e33588,10, #886E5A
692dff0c876d13e33588,7, #513228
692dff0c876d13e33588,9, #6E503F
69308a97e44fd5034f65,4, #302717
69308a97e44fd5034f65,4, #16150B
69308a97e44fd5034f65,23, #848068
69308a97e44fd5034f65,8, #695D46
69308a97e44fd5034f65,38,#A2A08B
69308a97e44fd5034f65,14, #BAB6A2
69308a97e44fd5034f65,5, #4A3927
694868533e1bd464b6b5,0, #FAF9F3
694868533e1bd464b6b5,15, #807665
694868533e1bd464b6b5,36, #504739
694868533e1bd464b6b5,4, #211E19
694868533e1bd464b6b5,8, #ACA08C
694868533e1bd464b6b5,35,#DFD6BA
694bc06afdeb1bc3063b,16,#EDEDDE
694bc06afdeb1bc3063b,16, #735941
694bc06afdeb1bc3063b,29, #C5BFA6
694bc06afdeb1bc3063b,13, #83725C
694bc06afdeb1bc3063b,5, #493A2F
694bc06afdeb1bc3063b,18, #9C9180
695914caf0abd0fd7afc,1,#F7F5EB
695914caf0abd0fd7afc,13, #484740
695914caf0abd0fd7afc,19, #DEDACF
695914caf0abd0fd7afc,9, #797468
695914caf0abd0fd7afc,47, #BDB8AB
695914caf0abd0fd7afc,8, #979386
69623e86794425634d4c,10, #E6D698
69623e86794425634d4c,17, #978B6D
69623e86794425634d4c,11, #C0AA7A
69623e86794425634d4c,22, #7F553E
69623e86794425634d4c,36, #4D3C26
69623e86794425634d4c,1,#262318
696505d23ff383543ed8,34,#F0EDE2
696505d23ff383543ed8,10, #656257
696505d23ff383543ed8,14, #B6B2A8
696505d23ff383543ed8,5, #49473E
696505d23ff383543ed8,9, #9C988E
696505d23ff383543ed8,12, #827F74
696505d23ff383543ed8,13, #D1CCC2
6969f33c2e33b6d29141,3, #857F66
6969f33c2e33b6d29141,17, #2F2E18
6969f33c2e33b6d29141,11,#A0A0A2
6969f33c2e33b6d29141,9, #0E0F0D
6969f33c2e33b6d29141,49, #C6BFAA
6969f33c2e33b6d29141,7, #5C573E
697a72891ddb7b343fbb,22, #C2BAA1
697a72891ddb7b343fbb,5,#FBFBF9
697a72891ddb7b343fbb,2, #61523F
697a72891ddb7b343fbb,35, #E5DEC7
697a72891ddb7b343fbb,15, #887E66
697a72891ddb7b343fbb,18, #A29B88
69807a5a82b5e40674c8,11, #78693C
69807a5a82b5e40674c8,8, #93875C
69807a5a82b5e40674c8,43,#19150C
69807a5a82b5e40674c8,19, #443617
69807a5a82b5e40674c8,2, #C2B891
69807a5a82b5e40674c8,8, #5F542E
69807a5a82b5e40674c8,5, #AB9F74
698096a3e566d98a4a3b,12, #B9AE9C
698096a3e566d98a4a3b,5,#FDFDF1
698096a3e566d98a4a3b,5, #212928
698096a3e566d98a4a3b,54, #E1DBC7
698096a3e566d98a4a3b,7, #4D534F
698096a3e566d98a4a3b,14, #767971
698e20d77346d7784b9f,1, #4C4740
698e20d77346d7784b9f,4, #736E63
698e20d77346d7784b9f,0, #282623
698e20d77346d7784b9f,63,#E5E1D1
698e20d77346d7784b9f,2, #B1AC9E
698e20d77346d7784b9f,21, #C5C0B2
698e20d77346d7784b9f,5, #959082
699198f275a505d9dea2,25, #7F7C6C
699198f275a505d9dea2,22, #45453B
699198f275a505d9dea2,0,#FBF8E8
699198f275a505d9dea2,24, #C3BCAA
699198f275a505d9dea2,17, #E2DDCD
699198f275a505d9dea2,8, #A5A18F
69964fbde947abcf45ca,35, #554A40
69964fbde947abcf45ca,11, #CECBC1
69964fbde947abcf45ca,7,#F1EFE5
69964fbde947abcf45ca,6, #9C9692
69964fbde947abcf45ca,10, #1F1914
69964fbde947abcf45ca,28, #7C6F4F
699d4e60dfd9fa264365,0, #E1DFD8
699d4e60dfd9fa264365,31, #514A3D
699d4e60dfd9fa264365,8, #8F897C
699d4e60dfd9fa264365,53,#706759
699d4e60dfd9fa264365,2, #B0AC9C
699d4e60dfd9fa264365,2, #C8C5B9
699d4e60dfd9fa264365,1, #F7F6EF
69a2c1ad0a7fe8060cc4,6, #8E887D
69a2c1ad0a7fe8060cc4,0, #F8EEE3
69a2c1ad0a7fe8060cc4,60,#DDD4CA
69a2c1ad0a7fe8060cc4,18, #C0B8AD
69a2c1ad0a7fe8060cc4,3, #424037
69a2c1ad0a7fe8060cc4,6, #A7A095
69a2c1ad0a7fe8060cc4,6, #6B675C
69a6717b7de19a9b4d61,5, #484438
69a6717b7de19a9b4d61,65, #E3DCC0
69a6717b7de19a9b4d61,8, #958F79
69a6717b7de19a9b4d61,4, #C5BCA0
69a6717b7de19a9b4d61,9, #686250
69a6717b7de19a9b4d61,6,#FAF9F3
69b3cb589ff835918d25,9,#C0BAAC
69b3cb589ff835918d25,80, #EDE7DD
69b3cb589ff835918d25,6, #A19B90
69b3cb589ff835918d25,1, #5E564D
69b3cb589ff835918d25,3, #81796F
69b3cb589ff835918d25,0, #322D28
69bc9498099e9ebf3ecf,1, #837E5F
69bc9498099e9ebf3ecf,0, #D9D3B4
69bc9498099e9ebf3ecf,9, #A39C77
69bc9498099e9ebf3ecf,3, #C5BF9E
69bc9498099e9ebf3ecf,69,#383822
69bc9498099e9ebf3ecf,12, #18180D
69bc9498099e9ebf3ecf,3, #605D42
69c3900ea362b78fc470,85,#22201C
69c3900ea362b78fc470,3, #856E30
69c3900ea362b78fc470,0, #B8B3A1
69c3900ea362b78fc470,4, #80868E
69c3900ea362b78fc470,0, #D4D9CD
69c3900ea362b78fc470,5, #414646
69c3900ea362b78fc470,0, #B4A14A
69cbb57418d5c86a0f25,7, #857D7C
69cbb57418d5c86a0f25,37, #5F5555
69cbb57418d5c86a0f25,0, #B6ACA6
69cbb57418d5c86a0f25,11,#0D0A08
69cbb57418d5c86a0f25,0, #E5E1D6
69cbb57418d5c86a0f25,41, #2E2728
69d83567ae0a132fac51,6, #746E5C
69d83567ae0a132fac51,7, #F8F7F2
69d83567ae0a132fac51,3, #575141
69d83567ae0a132fac51,52,#E2DAC4
69d83567ae0a132fac51,6, #CAC0A9
69d83567ae0a132fac51,8, #B1A993
69d83567ae0a132fac51,14, #918A78
69e69c704ba84f120251,3, #D1C5AB
69e69c704ba84f120251,24, #81715B
69e69c704ba84f120251,11, #B9A990
69e69c704ba84f120251,36, #9B8E7B
69e69c704ba84f120251,11, #54483C
69e69c704ba84f120251,12,#F1EFE4
69efc8e62041c693d2bb,13, #6C6A61
69efc8e62041c693d2bb,8, #C9C4B8
69efc8e62041c693d2bb,10, #969288
69efc8e62041c693d2bb,6, #AEAA9F
69efc8e62041c693d2bb,56,#EEE9DB
69efc8e62041c693d2bb,3, #3B3B34
69f0705142df823135c8,29,#CCC5B1
69f0705142df823135c8,11, #A29D8B
69f0705142df823135c8,2, #49463C
69f0705142df823135c8,8, #7A7568
69f0705142df823135c8,45, #E8E4D3
69f0705142df823135c8,2, #625E52
69f8d04ce008c9273653,0, #D3B74B
69f8d04ce008c9273653,0, #9D863B
69f8d04ce008c9273653,22, #56411A
69f8d04ce008c9273653,75,#1B130A
69f8d04ce008c9273653,0, #F1E280
69f8d04ce008c9273653,1, #745E28
69f8fe6d68cd9f5864e3,0, #CBC0AA
69f8fe6d68cd9f5864e3,35, #605149
69f8fe6d68cd9f5864e3,15, #8F8070
69f8fe6d68cd9f5864e3,37, #E3DDC7
69f8fe6d68cd9f5864e3,1, #B3A691
69f8fe6d68cd9f5864e3,10,#FAF9F1
6a034557543d739c9a86,21, #2D2C27
6a034557543d739c9a86,14,#F3F2E8
6a034557543d739c9a86,15, #A6A69C
6a034557543d739c9a86,13, #818177
6a034557543d739c9a86,24, #57574F
6a034557543d739c9a86,10, #C9C8BD
6a0630da0b1f56a1c4a7,21, #74716B
6a0630da0b1f56a1c4a7,7, #F4F1E8
6a0630da0b1f56a1c4a7,4, #2B2824
6a0630da0b1f56a1c4a7,23, #D9D4CB
6a0630da0b1f56a1c4a7,11, #9A9690
6a0630da0b1f56a1c4a7,24,#494641
6a0630da0b1f56a1c4a7,6, #B9B4AD
6a0ec5ba1032e1adb380,18, #97976F
6a0ec5ba1032e1adb380,17, #67776F
6a0ec5ba1032e1adb380,7, #56614F
6a0ec5ba1032e1adb380,3, #7D7645
6a0ec5ba1032e1adb380,11,#1A1809
6a0ec5ba1032e1adb380,41, #504927
6a18d0e74a213f9e3c4a,43, #CDBFA2
6a18d0e74a213f9e3c4a,11, #5D5748
6a18d0e74a213f9e3c4a,4, #3A362D
6a18d0e74a213f9e3c4a,11, #F5F0E1
6a18d0e74a213f9e3c4a,18,#A09785
6a18d0e74a213f9e3c4a,10, #817964
6a18e970fcbf2010f872,0, #646052
6a18e970fcbf2010f872,69,#F6F5ED
6a18e970fcbf2010f872,3, #887F6A
6a18e970fcbf2010f872,19, #C8C5B7
6a18e970fcbf2010f872,1, #30271B
6a18e970fcbf2010f872,3, #A49E8E
6a18e970fcbf2010f872,2, #4F4536
6a1cf8a0a2ebb678ee18,18,#120D06
6a1cf8a0a2ebb678ee18,8, #998C45
6a1cf8a0a2ebb678ee18,39, #3F2F17
6a1cf8a0a2ebb678ee18,2, #F6EFC3
6a1cf8a0a2ebb678ee18,27, #6D5E3E
6a1cf8a0a2ebb678ee18,4, #C2B482
6a2013953d867a0c7cc5,2, #A09489
6a2013953d867a0c7cc5,1, #C4B098
6a2013953d867a0c7cc5,6, #553B2F
6a2013953d867a0c7cc5,4, #846B5A
6a2013953d867a0c7cc5,55,#DACBB4
6a2013953d867a0c7cc5,4, #2A1611
6a2013953d867a0c7cc5,25, #F3EFE6
6a2141ab4586617e7b94,64,#C1B8A1
6a2141ab4586617e7b94,2, #F9F7F1
6a2141ab4586617e7b94,15, #A08D7D
6a2141ab4586617e7b94,0, #702B2C
6a2141ab4586617e7b94,0, #2D1C17
6a2141ab4586617e7b94,4, #70514B
6a2141ab4586617e7b94,12, #DCD7C9
6a2a14929be0f6f8f035,12, #CCC3B2
6a2a14929be0f6f8f035,30, #665F5A
6a2a14929be0f6f8f035,18, #A8A194
6a2a14929be0f6f8f035,26, #877F76
6a2a14929be0f6f8f035,3, #494341
6a2a14929be0f6f8f035,8,#F0E6D0
6a2aa5a80a49acf4417d,7, #BAB19A
6a2aa5a80a49acf4417d,1, #8D816C
6a2aa5a80a49acf4417d,72, #F1EDD8
6a2aa5a80a49acf4417d,17, #E3D5AF
6a2aa5a80a49acf4417d,0,#2A2A25
6a2aa5a80a49acf4417d,0, #514D49
6a2cc70c8d944dec0259,0, #C5C7C6
6a2cc70c8d944dec0259,2, #ECEDEC
6a2cc70c8d944dec0259,48, #55472C
6a2cc70c8d944dec0259,1, #696C6C
6a2cc70c8d944dec0259,3, #9F9575
6a2cc70c8d944dec0259,43,#0C0A09
6a2f10f832d41bc9f14d,2, #877B63
6a2f10f832d41bc9f14d,0, #DEC99C
6a2f10f832d41bc9f14d,72,#101010
6a2f10f832d41bc9f14d,1, #B4B5A7
6a2f10f832d41bc9f14d,16, #373228
6a2f10f832d41bc9f14d,3, #9D947C
6a2f10f832d41bc9f14d,3, #5E5542
6a3046de1acdbbd49861,16, #676A5B
6a3046de1acdbbd49861,45,#403D31
6a3046de1acdbbd49861,0, #B4B4AE
6a3046de1acdbbd49861,30, #19150F
6a3046de1acdbbd49861,6, #858776
6a3046de1acdbbd49861,0, #D3D3CE
6a3046de1acdbbd49861,0, #9E9E93
6a368a7faeaeb86c0c93,0, #E9D17C
6a368a7faeaeb86c0c93,18, #6F6D63
6a368a7faeaeb86c0c93,40,#3C342B
6a368a7faeaeb86c0c93,5, #ADA480
6a368a7faeaeb86c0c93,19, #D0D0CB
6a368a7faeaeb86c0c93,12, #181410
6a368a7faeaeb86c0c93,2, #F8F8F8
6a3f7c01230da5b46bc8,7, #AAA799
6a3f7c01230da5b46bc8,30, #716956
6a3f7c01230da5b46bc8,27,#F6F5EE
6a3f7c01230da5b46bc8,10, #CFCCBE
6a3f7c01230da5b46bc8,19, #918E82
6a3f7c01230da5b46bc8,4, #48463C
6a4589439f454e23d675,6, #7D7667
6a4589439f454e23d675,6, #BEB6A0
6a4589439f454e23d675,5, #DDD4B9
6a4589439f454e23d675,1, #3C3830
6a4589439f454e23d675,2, #5B5549
6a4589439f454e23d675,5, #9F9885
6a4589439f454e23d675,72,#F8F2D4
6a48c7ff34d306eadc41,9, #1D1B1C
6a48c7ff34d306eadc41,12, #8D8C8D
6a48c7ff34d306eadc41,13, #BEBDC0
6a48c7ff34d306eadc41,0, #C95140
6a48c7ff34d306eadc41,26, #514F50
6a48c7ff34d306eadc41,36,#E8E6E7
6a5986c120432c406609,21, #D2CFC1
6a5986c120432c406609,1, #444036
6a5986c120432c406609,12, #AEAB9C
6a5986c120432c406609,5, #878475
6a5986c120432c406609,8, #686557
6a5986c120432c406609,49,#F2F0E3
6a5dfabe6b0945ad5652,38, #8F7F67
6a5dfabe6b0945ad5652,7, #DBD5C3
6a5dfabe6b0945ad5652,16, #4A2E19
6a5dfabe6b0945ad5652,6,#F8F6EF
6a5dfabe6b0945ad5652,26, #694F32
6a5dfabe6b0945ad5652,5, #B8AF9D
6a5edd91553980b62346,19, #54441C
6a5edd91553980b62346,1, #96895B
6a5edd91553980b62346,0, #B6AD6C
6a5edd91553980b62346,68, #2C1F10
6a5edd91553980b62346,6,#0A0A09
6a5edd91553980b62346,2, #776432
6a6240ea5bd4f74ac622,19, #CBC5B1
6a6240ea5bd4f74ac622,8, #675A4B
6a6240ea5bd4f74ac622,1, #39352E
6a6240ea5bd4f74ac622,0,#FEFEF2
6a6240ea5bd4f74ac622,13, #959181
6a6240ea5bd4f74ac622,55, #EBE5D1
6a6c423a86ffd8e671f4,10, #A19C8E
6a6c423a86ffd8e671f4,42,#100E0E
6a6c423a86ffd8e671f4,10, #30292B
6a6c423a86ffd8e671f4,8, #C4C6C7
6a6c423a86ffd8e671f4,5, #EFF0F0
6a6c423a86ffd8e671f4,13, #5E594B
6a6c423a86ffd8e671f4,9, #DACE90
6a72f72c11de2a8203af,56,#282927
6a72f72c11de2a8203af,1, #474641
6a72f72c11de2a8203af,2, #AF9F81
6a72f72c11de2a8203af,34, #0F0E0E
6a72f72c11de2a8203af,1, #97886B
6a72f72c11de2a8203af,2, #736A57
6a72f72c11de2a8203af,2, #CFC6AD
6a74306fda2f49a6850f,0, #A09D92
6a74306fda2f49a6850f,29,#12100C
6a74306fda2f49a6850f,0, #90847A
6a74306fda2f49a6850f,2, #74655B
6a74306fda2f49a6850f,65, #392D26
6a74306fda2f49a6850f,1, #5F4B3E
6a7717ead3a2ba6a50c1,71,#EADEC9
6a7717ead3a2ba6a50c1,2, #FDFBF5
6a7717ead3a2ba6a50c1,6, #99795C
6a7717ead3a2ba6a50c1,2, #D7C19E
6a7717ead3a2ba6a50c1,7, #755E4A
6a7717ead3a2ba6a50c1,4, #49463E
6a7717ead3a2ba6a50c1,4, #B9A286
6a7ce92898bd6128b262,2, #A0987B
6a7ce92898bd6128b262,35,#161614
6a7ce92898bd6128b262,0, #020201
6a7ce92898bd6128b262,33, #3A3529
6a7ce92898bd6128b262,3, #8B7E59
6a7ce92898bd6128b262,0, #C2C3AF
6a7ce92898bd6128b262,24, #685936
6a829f1990ac8b860c26,7, #A6966C
6a829f1990ac8b860c26,1, #5B767C
6a829f1990ac8b860c26,1, #3B5053
6a829f1990ac8b860c26,36, #5C4426
6a829f1990ac8b860c26,46,#222016
6a829f1990ac8b860c26,6, #817048
6a829f1990ac8b860c26,0, #CCBC8F
6a889e83a3804da10590,21, #BCBA74
6a889e83a3804da10590,20, #424530
6a889e83a3804da10590,2,#24251B
6a889e83a3804da10590,21, #6E773B
6a889e83a3804da10590,4, #D6D3B6
6a889e83a3804da10590,30, #8F944B
6a8b11f075e6c3fd04a4,12, #A7A492
6a8b11f075e6c3fd04a4,12, #7B7867
6a8b11f075e6c3fd04a4,50, #31302C
6a8b11f075e6c3fd04a4,4,#CCC9B5
6a8b11f075e6c3fd04a4,20, #54534A
6a8b11f075e6c3fd04a4,0, #FAFAF4
6a9a04762b36ae74a233,7, #3B3C34
6a9a04762b36ae74a233,7, #87877E
6a9a04762b36ae74a233,36,#F4F3EB
6a9a04762b36ae74a233,24, #C9C8BD
6a9a04762b36ae74a233,12, #67685E
6a9a04762b36ae74a233,11, #A5A59B
6aa485c345af0f66ba26,25, #837E71
6aa485c345af0f66ba26,14, #A4A091
6aa485c345af0f66ba26,8, #BDB8A7
6aa485c345af0f66ba26,29,#5A574C
6aa485c345af0f66ba26,6, #F1EFE3
6aa485c345af0f66ba26,11, #3B3A33
6aa485c345af0f66ba26,5, #D5D1BF
6aae967c9071c8bf7e30,12, #6E675D
6aae967c9071c8bf7e30,34,#E3D8C1
6aae967c9071c8bf7e30,7, #514B44
6aae967c9071c8bf7e30,1, #38332E
6aae967c9071c8bf7e30,14, #C3BBA9
6aae967c9071c8bf7e30,12, #F8F2E5
6aae967c9071c8bf7e30,16, #9C9586
6ab23a7be240e807d7d7,24, #A09A91
6ab23a7be240e807d7d7,12, #817C72
6ab23a7be240e807d7d7,5, #34312A
6ab23a7be240e807d7d7,25, #5F5B51
6ab23a7be240e807d7d7,21,#ECE6D6
6ab23a7be240e807d7d7,11, #C5BEB1
6ab85ae86b5aa066a12c,21, #B2AE9A
6ab85ae86b5aa066a12c,10, #686456
6ab85ae86b5aa066a12c,2, #504E43
6ab85ae86b5aa066a12c,10, #7E7A69
6ab85ae86b5aa066a12c,5, #F8F8F1
6ab85ae86b5aa066a12c,36,#DAD7C3
6ab85ae86b5aa066a12c,12, #928F80
6abcc4b5cf277b997e06,27, #615C56
6abcc4b5cf277b997e06,21, #B4AC9F
6abcc4b5cf277b997e06,6,#F3EEE3
6abcc4b5cf277b997e06,3, #3D3935
6abcc4b5cf277b997e06,17, #D8CFBF
6abcc4b5cf277b997e06,22, #878177
6abfd216b5685dee214d,1, #A39E8F
6abfd216b5685dee214d,1, #BCB6A7
6abfd216b5685dee214d,6, #837F72
6abfd216b5685dee214d,21, #F3EFE0
6abfd216b5685dee214d,34,#D7D1C1
6abfd216b5685dee214d,17, #666358
6abfd216b5685dee214d,17, #4C4941
6ac07c020fb336f19d17,21, #81724B
6ac07c020fb336f19d17,0, #EAEAE3
6ac07c020fb336f19d17,33,#8E8771
6ac07c020fb336f19d17,2, #D5D5CE
6ac07c020fb336f19d17,10, #C6C2AF
6ac07c020fb336f19d17,0, #675B3F
6ac07c020fb336f19d17,30, #B1A782
6ac29abedc600b2c7bd1,0, #CCC5AB
6ac29abedc600b2c7bd1,43, #453829
6ac29abedc600b2c7bd1,0, #B6A88D
6ac29abedc600b2c7bd1,9, #988B73
6ac29abedc600b2c7bd1,20,#161512
6ac29abedc600b2c7bd1,25, #736049
6ac3b5252fdad2c8dd23,16,#F3EDDD
6ac3b5252fdad2c8dd23,13, #653D26
6ac3b5252fdad2c8dd23,23, #D5CEC0
6ac3b5252fdad2c8dd23,14, #B6ABA1
6ac3b5252fdad2c8dd23,12, #978E87
6ac3b5252fdad2c8dd23,19, #846E5C
6ad023caba106a187fc8,8, #4B483C
6ad023caba106a187fc8,3,#F3EEE4
6ad023caba106a187fc8,25, #6D695B
6ad023caba106a187fc8,17, #B2AC9A
6ad023caba106a187fc8,34, #D1CAB8
6ad023caba106a187fc8,11, #928E7E
6ad9eaf3278771363578,9, #7B756A
6ad9eaf3278771363578,5, #9F9583
6ad9eaf3278771363578,19, #CEBFA5
6ad9eaf3278771363578,0, #434039
6ad9eaf3278771363578,3, #C0AD8F
6ad9eaf3278771363578,60,#E6DCCB
6ad9eaf3278771363578,1, #5E5950
6ae38c62c0165e665c67,80,#E9DDCC
6ae38c62c0165e665c67,3, #CEC4B4
6ae38c62c0165e665c67,8, #A49D8E
6ae38c62c0165e665c67,4, #7F7767
6ae38c62c0165e665c67,0, #FDF7E7
6ae38c62c0165e665c67,0, #3E392F
6ae38c62c0165e665c67,2, #5D5749
6ae484bf794cfb425941,2, #98854A
6ae484bf794cfb425941,0, #AA9E65
6ae484bf794cfb425941,36, #3C2C14
6ae484bf794cfb425941,4, #7D6228
6ae484bf794cfb425941,48,#151008
6ae484bf794cfb425941,6, #584720
6ae484bf794cfb425941,0, #BDB075
6ae60b86cb7f2d7c7545,46, #14130B
6ae60b86cb7f2d7c7545,2, #D0C5A0
6ae60b86cb7f2d7c7545,5, #594D31
6ae60b86cb7f2d7c7545,1, #806E49
6ae60b86cb7f2d7c7545,2, #AB9468
6ae60b86cb7f2d7c7545,40,#352F1E
6aed67f73383b8db07c3,9, #7D6044
6aed67f73383b8db07c3,9, #B0AC95
6aed67f73383b8db07c3,22, #A08E6F
6aed67f73383b8db07c3,33,#5F4B35
6aed67f73383b8db07c3,1, #595E50
6aed67f73383b8db07c3,3, #2A221A
6aed67f73383b8db07c3,18, #797760
6aeecc72ddb226f62efb,21, #E8DFC8
6aeecc72ddb226f62efb,17, #76645E
6aeecc72ddb226f62efb,3, #C5B9AA
6aeecc72ddb226f62efb,8, #9D9086
6aeecc72ddb226f62efb,21, #4D3834
6aeecc72ddb226f62efb,27,#FBF8ED
6af184d87fd90be3e9e6,0, #A49F92
6af184d87fd90be3e9e6,15, #4E4742
6af184d87fd90be3e9e6,27, #E8E6D2
6af184d87fd90be3e9e6,2, #8E877C
6af184d87fd90be3e9e6,16, #756C61
6af184d87fd90be3e9e6,35,#C7C0AB
6af184d87fd90be3e9e6,1, #27221E
6af40263462fbee02c96,0, #594A32
6af40263462fbee02c96,2, #9C7D4F
6af40263462fbee02c96,6, #7A6C4B
6af40263462fbee02c96,20, #D6CB9F
6af40263462fbee02c96,13, #C1B287
6af40263462fbee02c96,12, #9B926D
6af40263462fbee02c96,44,#E5DDB7
6af5c6706a57bda73b06,14, #AFA899
6af5c6706a57bda73b06,20, #D6D0C0
6af5c6706a57bda73b06,4,#F8F6EC
6af5c6706a57bda73b06,35, #48453D
6af5c6706a57bda73b06,15, #8E887A
6af5c6706a57bda73b06,9, #736E62
6af75efb0f5c6b392db3,13, #8A7D6B
6af75efb0f5c6b392db3,6, #EEE8DB
6af75efb0f5c6b392db3,4, #A89D9D
6af75efb0f5c6b392db3,44,#342F23
6af75efb0f5c6b392db3,3, #CBBEB5
6af75efb0f5c6b392db3,19, #5C544C
6af75efb0f5c6b392db3,8, #0C0A06
6b02bd98f8d7726d47b1,4, #C0B694
6b02bd98f8d7726d47b1,11, #6A6447
6b02bd98f8d7726d47b1,1, #43402D
6b02bd98f8d7726d47b1,1, #D6D0B8
6b02bd98f8d7726d47b1,0, #2A2819
6b02bd98f8d7726d47b1,56,#F0EEE0
6b02bd98f8d7726d47b1,24, #8C8671
6b0458743e8f81e74a27,1, #7C3636
6b0458743e8f81e74a27,29, #C0B69A
6b0458743e8f81e74a27,11, #555048
6b0458743e8f81e74a27,4, #E1E0D5
6b0458743e8f81e74a27,20, #422222
6b0458743e8f81e74a27,0, #060204
6b0458743e8f81e74a27,32,#8B8066
6b0d507c1dfbe323010a,11, #C1BAA5
6b0d507c1dfbe323010a,6,#EAE5CF
6b0d507c1dfbe323010a,16, #7A6956
6b0d507c1dfbe323010a,11, #978A73
6b0d507c1dfbe323010a,25, #321F16
6b0d507c1dfbe323010a,27, #5A4433
6b0eace972af130f5e0b,3, #5C5238
6b0eace972af130f5e0b,7, #736A4B
6b0eace972af130f5e0b,71, #221D0F
6b0eace972af130f5e0b,6, #8A8462
6b0eace972af130f5e0b,7,#473E21
6b0eace972af130f5e0b,3, #A7A682
6b1491a28d320a8f4f96,4, #E8E1CA
6b1491a28d320a8f4f96,2, #B4AE9E
6b1491a28d320a8f4f96,35, #948B7C
6b1491a28d320a8f4f96,29, #756B5F
6b1491a28d320a8f4f96,8,#3E332A
6b1491a28d320a8f4f96,19, #5F5449
6b14d1b8e2544887e75d,9, #604F2B
6b14d1b8e2544887e75d,32,#AAA997
6b14d1b8e2544887e75d,27, #1B150A
6b14d1b8e2544887e75d,6, #7F6F49
6b14d1b8e2544887e75d,2, #A49365
6b14d1b8e2544887e75d,0, #5E6160
6b14d1b8e2544887e75d,21, #413118
6b15c373cd4e3098a33c,11, #B9B2A1
6b15c373cd4e3098a33c,21,#F6F0E0
6b15c373cd4e3098a33c,15, #58534B
6b15c373cd4e3098a33c,13, #989284
6b15c373cd4e3098a33c,8, #767165
6b15c373cd4e3098a33c,18, #D7D0BB
6b15c373cd4e3098a33c,10, #383430
6b28883d2b2d5b4ebec9,20, #B3A68F
6b28883d2b2d5b4ebec9,23,#918979
6b28883d2b2d5b4ebec9,11, #D1BFA1
6b28883d2b2d5b4ebec9,1, #FCFAF1
6b28883d2b2d5b4ebec9,21, #645F55
6b28883d2b2d5b4ebec9,2, #393632
6b28883d2b2d5b4ebec9,18, #EADDC9
6b2cb8c819d77fe6a5a8,19, #8F8978
6b2cb8c819d77fe6a5a8,5, #DED5BE
6b2cb8c819d77fe6a5a8,1, #545147
6b2cb8c819d77fe6a5a8,35,#C6BAA3
6b2cb8c819d77fe6a5a8,19, #AEA590
6b2cb8c819d77fe6a5a8,8, #706B5C
6b2cb8c819d77fe6a5a8,9, #F8F6E6
6b3cca3878c41f6c20ef,17, #C3BDAA
6b3cca3878c41f6c20ef,20, #686A60
6b3cca3878c41f6c20ef,2, #171E15
6b3cca3878c41f6c20ef,36,#F7F3E1
6b3cca3878c41f6c20ef,9, #383E36
6b3cca3878c41f6c20ef,13, #999889
6b3f73e26dae56a46d0b,7, #746A61
6b3f73e26dae56a46d0b,38,#C4C6C7
6b3f73e26dae56a46d0b,0, #311E15
6b3f73e26dae56a46d0b,1, #4A3528
6b3f73e26dae56a46d0b,0, #604E40
6b3f73e26dae56a46d0b,51, #949290
6b3fd87a1213144ec9b8,1, #DACB74
6b3fd87a1213144ec9b8,0, #CC7958
6b3fd87a1213144ec9b8,8, #965C42
6b3fd87a1213144ec9b8,72,#121412
6b3fd87a1213144ec9b8,1, #AA9B5C
6b3fd87a1213144ec9b8,16, #3A3426
6b43741070e2751743ad,2, #846E46
6b43741070e2751743ad,0, #B0A77C
6b43741070e2751743ad,57,#211E12
6b43741070e2751743ad,11, #090903
6b43741070e2751743ad,19, #50391C
6b43741070e2751743ad,1, #9A8559
6b43741070e2751743ad,6, #63502F
6b4d87738a0478c810a4,17, #A9A38A
6b4d87738a0478c810a4,7,#C8C6B3
6b4d87738a0478c810a4,28, #6F5D39
6b4d87738a0478c810a4,8, #8A7C58
6b4d87738a0478c810a4,23, #513C1E
6b4d87738a0478c810a4,14, #F0EEE5
6b5008749ee4055caad3,24, #55452D
6b5008749ee4055caad3,0, #A18758
6b5008749ee4055caad3,0, #795A35
6b5008749ee4055caad3,0, #8E6E3F
6b5008749ee4055caad3,2, #615B4D
6b5008749ee4055caad3,71,#31281C
6b5008749ee4055caad3,0, #C4AC79
6b516e47361f0b630fae,25, #E0D7C4
6b516e47361f0b630fae,16, #A69A85
6b516e47361f0b630fae,15, #847157
6b516e47361f0b630fae,7, #CFC0A1
6b516e47361f0b630fae,26, #624C39
6b516e47361f0b630fae,8,#EDEDEC
6b56e61165c5cde7a8e3,37, #C4BEA8
6b56e61165c5cde7a8e3,16, #4B493F
6b56e61165c5cde7a8e3,14, #716C5D
6b56e61165c5cde7a8e3,19, #918C7A
6b56e61165c5cde7a8e3,0,#FEFEEE
6b56e61165c5cde7a8e3,9, #EBE6CE
6b59179684cc8ee309f0,4,#D5D1C0
6b59179684cc8ee309f0,11, #949087
6b59179684cc8ee309f0,20, #5A5548
6b59179684cc8ee309f0,27, #453F32
6b59179684cc8ee309f0,21, #B0ADA5
6b59179684cc8ee309f0,15, #7B766A
6b5947b592ebd44144c3,0, #A79D6E
6b5947b592ebd44144c3,89, #19160B
6b5947b592ebd44144c3,0, #776A3E
6b5947b592ebd44144c3,7, #432F18
6b5947b592ebd44144c3,0, #8F8557
6b5947b592ebd44144c3,1,#595039
6b620de32c44fb158f1c,2, #B49270
6b620de32c44fb158f1c,3,#393936
6b620de32c44fb158f1c,7, #C5B59F
6b620de32c44fb158f1c,3, #585650
6b620de32c44fb158f1c,77, #F0E6D7
6b620de32c44fb158f1c,5, #79756A
6b6e3001f9c9f2bf73c2,25,#5E5850
6b6e3001f9c9f2bf73c2,21, #F5F0E2
6b6e3001f9c9f2bf73c2,18, #D3CCB9
6b6e3001f9c9f2bf73c2,14, #9D9788
6b6e3001f9c9f2bf73c2,9, #847E70
6b6e3001f9c9f2bf73c2,4, #3D3935
6b6e3001f9c9f2bf73c2,6, #B8B1A0
6b732e287833a84285db,12, #928F7C
6b732e287833a84285db,3, #443C2B
6b732e287833a84285db,32, #B2AE95
6b732e287833a84285db,40,#D0CEB8
6b732e287833a84285db,6, #6B654F
6b732e287833a84285db,2, #E9E9E5
6b732e287833a84285db,1, #1F1509
6b84e9ac86406ac5d081,4,#090808
6b84e9ac86406ac5d081,1, #282227
6b84e9ac86406ac5d081,19, #474355
6b84e9ac86406ac5d081,8, #97939D
6b84e9ac86406ac5d081,19, #6F6F82
6b84e9ac86406ac5d081,45, #C2B6B8
6b87a17fade993023566,13,#D3C9B5
6b87a17fade993023566,12, #514D42
6b87a17fade993023566,17, #969081
6b87a17fade993023566,9, #B8B19F
6b87a17fade993023566,13, #797466
6b87a17fade993023566,32, #F2E6D0
6b8c87557dd79670c8f5,18, #AF9C9D
6b8c87557dd79670c8f5,11, #151414
6b8c87557dd79670c8f5,18, #5F5E61
6b8c87557dd79670c8f5,17, #383739
6b8c87557dd79670c8f5,0, #CB4C3C
6b8c87557dd79670c8f5,32,#E6E5E8
6b945fd140be07b6f240,25,#F0EDED
6b945fd140be07b6f240,0, #CB4E3F
6b945fd140be07b6f240,13, #626163
6b945fd140be07b6f240,31, #B9A9AA
6b945fd140be07b6f240,15, #383637
6b945fd140be07b6f240,14, #111010
6b9c9f9e6b31810f81c3,2, #F9F8F1
6b9c9f9e6b31810f81c3,13, #A3A195
6b9c9f9e6b31810f81c3,21,#636257
6b9c9f9e6b31810f81c3,14, #E0DCD0
6b9c9f9e6b31810f81c3,18, #868479
6b9c9f9e6b31810f81c3,18, #403F37
6b9c9f9e6b31810f81c3,10, #BFBBAD
6b9d029868bd49d64a2a,16, #A89D8D
6b9d029868bd49d64a2a,3,#70665E
6b9d029868bd49d64a2a,3, #8D8274
6b9d029868bd49d64a2a,3, #534740
6b9d029868bd49d64a2a,4, #281F1B
6b9d029868bd49d64a2a,68, #D8CEB4
6ba10d378fa59161b24f,1, #221B19
6ba10d378fa59161b24f,15, #C7BCA0
6ba10d378fa59161b24f,3, #E7E5D9
6ba10d378fa59161b24f,0, #FEFEFE
6ba10d378fa59161b24f,14, #493F39
6ba10d378fa59161b24f,23, #72665A
6ba10d378fa59161b24f,40,#998D7B
6ba27edcf12e1012418f,2, #AA7345
6ba27edcf12e1012418f,3, #B0A79B
6ba27edcf12e1012418f,9, #101111
6ba27edcf12e1012418f,1, #C8C7C6
6ba27edcf12e1012418f,29, #342E27
6ba27edcf12e1012418f,45,#745C45
6ba27edcf12e1012418f,6, #908A7A
6ba3aa2388aab9427e78,20, #F8F5E7
6ba3aa2388aab9427e78,7, #5E594A
6ba3aa2388aab9427e78,13, #9D9684
6ba3aa2388aab9427e78,12, #C2BBA7
6ba3aa2388aab9427e78,33,#DFD8C2
6ba3aa2388aab9427e78,6, #3C392E
6ba3aa2388aab9427e78,5, #787160
6bb4a128c157aa83eb15,26, #978465
6bb4a128c157aa83eb15,7, #504132
6bb4a128c157aa83eb15,17, #D7D1BA
6bb4a128c157aa83eb15,38, #BBAE8E
6bb4a128c157aa83eb15,0, #1C160A
6bb4a128c157aa83eb15,9,#786754
6bb6064cdd9a7a332e2f,9, #9B8C78
6bb6064cdd9a7a332e2f,1, #C2AE92
6bb6064cdd9a7a332e2f,29, #77614B
6bb6064cdd9a7a332e2f,0, #E1D7C9
6bb6064cdd9a7a332e2f,12,#FDF8F3
6bb6064cdd9a7a332e2f,46, #4A4038
6bccc0c960b2c77aa428,6, #736D5E
6bccc0c960b2c77aa428,0, #FEFEFD
6bccc0c960b2c77aa428,7, #4F4B3F
6bccc0c960b2c77aa428,1, #333027
6bccc0c960b2c77aa428,6, #AB927E
6bccc0c960b2c77aa428,68,#ECE5D1
6bccc0c960b2c77aa428,9, #CABEA7
6bccf8b7791ea9a2e63a,8, #BDB5A2
6bccf8b7791ea9a2e63a,46,#DCD2BD
6bccf8b7791ea9a2e63a,11, #938D7D
6bccf8b7791ea9a2e63a,15, #F7F4EC
6bccf8b7791ea9a2e63a,7, #6C6757
6bccf8b7791ea9a2e63a,2, #312F26
6bccf8b7791ea9a2e63a,8, #514D40
6bd824a3dadeb9ac382e,8, #7A6C5B
6bd824a3dadeb9ac382e,5, #5D4E44
6bd824a3dadeb9ac382e,59, #D0C7AF
6bd824a3dadeb9ac382e,1, #3E3029
6bd824a3dadeb9ac382e,12, #A29883
6bd824a3dadeb9ac382e,12,#F5F3EE
6bdd0316ff7b78bd9bda,0,#1E1E1B
6bdd0316ff7b78bd9bda,20, #C5BDA7
6bdd0316ff7b78bd9bda,5, #463C33
6bdd0316ff7b78bd9bda,57, #F2EFE1
6bdd0316ff7b78bd9bda,6, #676256
6bdd0316ff7b78bd9bda,10, #8F897A
6be157c7299a0f65c90d,10, #9B9585
6be157c7299a0f65c90d,0,#F5E9D3
6be157c7299a0f65c90d,41, #D6CCB9
6be157c7299a0f65c90d,15, #B7AF9E
6be157c7299a0f65c90d,12, #4B4A41
6be157c7299a0f65c90d,19, #767467
6be714508321f5fbf3c7,20, #A1A099
6be714508321f5fbf3c7,15,#F4F4EE
6be714508321f5fbf3c7,17, #53534C
6be714508321f5fbf3c7,4, #35352F
6be714508321f5fbf3c7,22, #787772
6be714508321f5fbf3c7,19, #C9C8BE
6be9ef2df74b8655cc42,12, #9A8963
6be9ef2df74b8655cc42,0, #CEBD94
6be9ef2df74b8655cc42,1, #BDA87C
6be9ef2df74b8655cc42,43,#7B623A
6be9ef2df74b8655cc42,3, #2A2012
6be9ef2df74b8655cc42,13, #9D9D8F
6be9ef2df74b8655cc42,25, #5B4221
6beba3804e01a0cf88c1,23, #225669
6beba3804e01a0cf88c1,18, #767D6F
6beba3804e01a0cf88c1,16, #CFCFB9
6beba3804e01a0cf88c1,23,#2C2C2F
6beba3804e01a0cf88c1,9, #B8AF90
6beba3804e01a0cf88c1,2, #ABA33A
6beba3804e01a0cf88c1,6, #82432D
6c03dfcfbb3a99ea363e,12, #A99E88
6c03dfcfbb3a99ea363e,0, #271C11
6c03dfcfbb3a99ea363e,1, #675E4F
6c03dfcfbb3a99ea363e,46,#F7F5EA
6c03dfcfbb3a99ea363e,3, #867B67
6c03dfcfbb3a99ea363e,3, #4B3D2C
6c03dfcfbb3a99ea363e,31, #D0C7B2
6c169a6efb8703a11f37,1, #6C5E54
6c169a6efb8703a11f37,5, #8E8174
6c169a6efb8703a11f37,7, #BAAB93
6c169a6efb8703a11f37,7, #F0ECE1
6c169a6efb8703a11f37,77, #D7CAB1
6c169a6efb8703a11f37,0,#FFFEFC
6c17fc60e5a01610a830,15, #D1D0A0
6c17fc60e5a01610a830,28,#B7B078
6c17fc60e5a01610a830,22, #4A4225
6c17fc60e5a01610a830,2, #262011
6c17fc60e5a01610a830,16, #998B54
6c17fc60e5a01610a830,13, #77673A
6c17fc60e5a01610a830,0, #EADA7A
6c20ff21261e976611cc,15, #4F4740
6c20ff21261e976611cc,12, #70655A
6c20ff21261e976611cc,16, #B8AB95
6c20ff21261e976611cc,44,#DED7C7
6c20ff21261e976611cc,5, #9F8E75
6c20ff21261e976611cc,4, #221E17
6c20ff21261e976611cc,1, #F9F6EB
6c265343aafc840dc815,0, #5C5548
6c265343aafc840dc815,1, #FEFCF2
6c265343aafc840dc815,72,#F0E7D3
6c265343aafc840dc815,8, #C4BCA9
6c265343aafc840dc815,1, #776F60
6c265343aafc840dc815,7, #A19988
6c265343aafc840dc815,8, #DBD1BD
6c408ffe12239af7f48d,3, #3A291C
6c408ffe12239af7f48d,5, #F4EEDA
6c408ffe12239af7f48d,31, #A8A696
6c408ffe12239af7f48d,7, #746755
6c408ffe12239af7f48d,4, #584737
6c408ffe12239af7f48d,35,#DFD8BE
6c408ffe12239af7f48d,13, #8B7F6D
6c41159aa6024be16810,10, #6F6C5F
6c41159aa6024be16810,21, #888579
6c41159aa6024be16810,24, #A39F94
6c41159aa6024be16810,7,#F0EDE4
6c41159aa6024be16810,24, #CAC5B8
6c41159aa6024be16810,12, #4B4A40
6c43b4659f2a58699550,27, #575645
6c43b4659f2a58699550,8,#787661
6c43b4659f2a58699550,36, #39362A
6c43b4659f2a58699550,3, #A4A296
6c43b4659f2a58699550,0, #C8C7C5
6c43b4659f2a58699550,23, #120F0A
6c44762064381f8b5d47,12, #483C33
6c44762064381f8b5d47,24, #9B907F
6c44762064381f8b5d47,1, #1F1713
6c44762064381f8b5d47,9, #E0DBC5
6c44762064381f8b5d47,12, #796A5A
6c44762064381f8b5d47,37,#C3B99E
6c44762064381f8b5d47,2, #F6F6F0
6c46feb4f4981de58752,16, #EEECE4
6c46feb4f4981de58752,1, #492E28
6c46feb4f4981de58752,59, #D1CEB7
6c46feb4f4981de58752,10, #8B8080
6c46feb4f4981de58752,8, #B3AA97
6c46feb4f4981de58752,2,#5E4D3F
6c47d289e90d892b5718,6, #42413C
6c47d289e90d892b5718,44, #D2CCBB
6c47d289e90d892b5718,7, #5D5D52
6c47d289e90d892b5718,7, #7F7D6F
6c47d289e90d892b5718,30, #A5A291
6c47d289e90d892b5718,3,#F6F0DC
6c54f59445ec3e9e1275,63,#D4D1BF
6c54f59445ec3e9e1275,1, #605841
6c54f59445ec3e9e1275,4, #7A6F56
6c54f59445ec3e9e1275,24, #B2A892
6c54f59445ec3e9e1275,0, #48402D
6c54f59445ec3e9e1275,4, #908878
6c54f59445ec3e9e1275,0, #F4F3E8
6c5b2197237a39af4eef,8, #CBC0B1
6c5b2197237a39af4eef,27, #8A7466
6c5b2197237a39af4eef,15, #5E4639
6c5b2197237a39af4eef,16, #332925
6c5b2197237a39af4eef,4,#AE9F92
6c5b2197237a39af4eef,27, #EFEBDF
6c5bd2310e7a75b7f545,0, #494030
6c5bd2310e7a75b7f545,2, #97907E
6c5bd2310e7a75b7f545,24, #DED5C0
6c5bd2310e7a75b7f545,1, #7F7866
6c5bd2310e7a75b7f545,8, #BEB39C
6c5bd2310e7a75b7f545,0, #645E4D
6c5bd2310e7a75b7f545,61,#F5F1E6
6c7979920d113f312fc5,4, #B7AE9A
6c7979920d113f312fc5,9, #8F8978
6c7979920d113f312fc5,22, #F4F1E5
6c7979920d113f312fc5,35,#636054
6c7979920d113f312fc5,1, #2A231F
6c7979920d113f312fc5,7, #49433B
6c7979920d113f312fc5,19, #D8CFBB
6c7e0488a0d14eeb0bd2,0, #F4F5F3
6c7e0488a0d14eeb0bd2,23, #877F7C
6c7e0488a0d14eeb0bd2,4, #504842
6c7e0488a0d14eeb0bd2,4, #D9D9D2
6c7e0488a0d14eeb0bd2,56,#B2AEA5
6c7e0488a0d14eeb0bd2,6, #685F5C
6c7e0488a0d14eeb0bd2,3, #362E27
6c8b568b2fe5c662f4f0,2,#F2EDE0
6c8b568b2fe5c662f4f0,38, #B7AD8F
6c8b568b2fe5c662f4f0,1, #403218
6c8b568b2fe5c662f4f0,3, #706140
6c8b568b2fe5c662f4f0,36, #CDC8B1
6c8b568b2fe5c662f4f0,17, #93896D
6c8fff4506d2cca3f3a0,4, #D6C08A
6c8fff4506d2cca3f3a0,2, #867D5E
6c8fff4506d2cca3f3a0,14, #1B1917
6c8fff4506d2cca3f3a0,2, #F0E1A5
6c8fff4506d2cca3f3a0,5, #AA9F7C
6c8fff4506d2cca3f3a0,6, #77513D
6c8fff4506d2cca3f3a0,62,#4B342A
6c966105113bd07108e7,14, #E0DBCF
6c966105113bd07108e7,11, #40403B
6c966105113bd07108e7,43, #B9B4A9
6c966105113bd07108e7,2,#FAF9F6
6c966105113bd07108e7,9, #5F5E56
6c966105113bd07108e7,18, #868379
6c97d25db7886040722d,23, #A8A799
6c97d25db7886040722d,35, #F5EFDD
6c97d25db7886040722d,23,#D2CCB9
6c97d25db7886040722d,0, #182521
6c97d25db7886040722d,14, #70766D
6c97d25db7886040722d,2, #3B4740
6c991e9f7f58382dcaa7,16, #4E4B42
6c991e9f7f58382dcaa7,13, #938F81
6c991e9f7f58382dcaa7,44, #BAB4A5
6c991e9f7f58382dcaa7,4,#E9E2D3
6c991e9f7f58382dcaa7,6, #313029
6c991e9f7f58382dcaa7,14, #706D61
6ca25408b37fa3f67377,4, #D1CCBE
6ca25408b37fa3f67377,11, #776C61
6ca25408b37fa3f67377,10, #564C47
6ca25408b37fa3f67377,3, #BBB4A8
6ca25408b37fa3f67377,53,#ECE8DB
6ca25408b37fa3f67377,7, #9B9388
6ca25408b37fa3f67377,8, #312B27
6ca9a88528ca32df580b,23, #E2DAC1
6ca9a88528ca32df580b,6, #FAF8F3
6ca9a88528ca32df580b,5, #3D3A32
6ca9a88528ca32df580b,13, #827B6A
6ca9a88528ca32df580b,8, #999383
6ca9a88528ca32df580b,27,#5D584C
6ca9a88528ca32df580b,14, #B8B099
6cac3cc5306d878c727c,15, #7F7870
6cac3cc5306d878c727c,28, #E1D7C8
6cac3cc5306d878c727c,9, #F9F4E9
6cac3cc5306d878c727c,21,#A49D92
6cac3cc5306d878c727c,18, #C1B8AB
6cac3cc5306d878c727c,4, #514B48
6cadc08ec4c1bdde57fa,33, #E1D7C2
6cadc08ec4c1bdde57fa,55, #B5A78C
6cadc08ec4c1bdde57fa,0, #887453
6cadc08ec4c1bdde57fa,0, #554431
6cadc08ec4c1bdde57fa,0, #2A1609
6cadc08ec4c1bdde57fa,10,#F8F7EE
6cb1165f842b7a966d02,4, #7E7E75
6cb1165f842b7a966d02,45, #6A5742
6cb1165f842b7a966d02,2, #BA9249
6cb1165f842b7a966d02,24, #E9E3D8
6cb1165f842b7a966d02,16,#262222
6cb1165f842b7a966d02,6, #ADB2AF
6cb29b29defa78407605,11, #A3916E
6cb29b29defa78407605,17, #CBBE9A
6cb29b29defa78407605,6, #7A6547
6cb29b29defa78407605,3, #2D271C
6cb29b29defa78407605,34,#E9E2C8
6cb29b29defa78407605,2, #FAF8ED
6cb29b29defa78407605,23, #524532
6cb2d9a3a077697dc01d,4, #9B9B8D
6cb2d9a3a077697dc01d,3, #7C7D70
6cb2d9a3a077697dc01d,1, #515249
6cb2d9a3a077697dc01d,2, #FAFAF5
6cb2d9a3a077697dc01d,3, #B3B2A2
6cb2d9a3a077697dc01d,11, #CBCAB6
6cb2d9a3a077697dc01d,73,#E8E6D0
6cb7368e6b18f145bbba,26, #8C876D
6cb7368e6b18f145bbba,17, #51472F
6cb7368e6b18f145bbba,13, #7B6B44
6cb7368e6b18f145bbba,2, #2A2820
6cb7368e6b18f145bbba,1, #B7A77D
6cb7368e6b18f145bbba,38,#B9B8A2
6cb7c9a3b74c1b3dd316,9, #E1DAC7
6cb7c9a3b74c1b3dd316,10,#F4F2E9
6cb7c9a3b74c1b3dd316,8, #4F4C40
6cb7c9a3b74c1b3dd316,23, #7B7766
6cb7c9a3b74c1b3dd316,34, #C2BBA9
6cb7c9a3b74c1b3dd316,13, #9F9886
6cb94db86817a4fa60d2,13, #4E493F
6cb94db86817a4fa60d2,27, #E5D9BC
6cb94db86817a4fa60d2,17,#F9F6EF
6cb94db86817a4fa60d2,17, #787060
6cb94db86817a4fa60d2,10, #A09785
6cb94db86817a4fa60d2,13, #C7B99C
6cba02356ce6b22fdcab,55,#1A1D13
6cba02356ce6b22fdcab,2, #706D38
6cba02356ce6b22fdcab,37, #5A3E0F
6cba02356ce6b22fdcab,0, #D2CD86
6cba02356ce6b22fdcab,2, #2B4538
6cba02356ce6b22fdcab,0, #A1914C
6cba02356ce6b22fdcab,0, #C2A95F
6cc1eb2d252bbca0d62e,17, #423E27
6cc1eb2d252bbca0d62e,1, #89855E
6cc1eb2d252bbca0d62e,44,#939581
6cc1eb2d252bbca0d62e,1, #B1AD84
6cc1eb2d252bbca0d62e,20, #727157
6cc1eb2d252bbca0d62e,7, #1F1E11
6cc1eb2d252bbca0d62e,7, #5C573B
6cd1e557ed0a3a8d28ce,50,#DED9C0
6cd1e557ed0a3a8d28ce,0, #322117
6cd1e557ed0a3a8d28ce,11, #736658
6cd1e557ed0a3a8d28ce,18, #97948C
6cd1e557ed0a3a8d28ce,10, #C1B9A2
6cd1e557ed0a3a8d28ce,1, #F9F2DC
6cd1e557ed0a3a8d28ce,8, #4A3A2F
6cd57e19c85c88e06b26,5, #AB8357
6cd57e19c85c88e06b26,3, #D6C78D
6cd57e19c85c88e06b26,47,#655746
6cd57e19c85c88e06b26,10, #28261A
6cd57e19c85c88e06b26,1, #BFAF70
6cd57e19c85c88e06b26,2, #F3E6B3
6cd57e19c85c88e06b26,27, #3E3930
6cd96feea1b7d30d1188,0, #F8F2E4
6cd96feea1b7d30d1188,0, #3D3222
6cd96feea1b7d30d1188,17, #726852
6cd96feea1b7d30d1188,52,#D5CEBA
6cd96feea1b7d30d1188,5, #918977
6cd96feea1b7d30d1188,0, #1A1105
6cd96feea1b7d30d1188,23, #B4A890
6cddb5465e01cbc4bfae,19,#151005
6cddb5465e01cbc4bfae,0, #D5B994
6cddb5465e01cbc4bfae,28, #473827
6cddb5465e01cbc4bfae,0, #C6A07C
6cddb5465e01cbc4bfae,20, #A2866B
6cddb5465e01cbc4bfae,29, #796754
6cde6e0e99edf6b47eb7,73,#F7F4EA
6cde6e0e99edf6b47eb7,4, #999287
6cde6e0e99edf6b47eb7,8, #D0C9BA
6cde6e0e99edf6b47eb7,4, #777267
6cde6e0e99edf6b47eb7,3, #B4ADA1
6cde6e0e99edf6b47eb7,5, #4C4841
6cebc762d71784630be8,5, #5C594B
6cebc762d71784630be8,10, #8F8A7C
6cebc762d71784630be8,6, #747162
6cebc762d71784630be8,52,#F2ECD7
6cebc762d71784630be8,1, #403D30
6cebc762d71784630be8,7, #D3CCB9
6cebc762d71784630be8,15, #B1AC9B
6cec87905af955ade4ee,49, #95957F
6cec87905af955ade4ee,6, #B1AE9D
6cec87905af955ade4ee,26, #667257
6cec87905af955ade4ee,10, #53584A
6cec87905af955ade4ee,0,#3C4132
6cec87905af955ade4ee,7, #B7A76A
6cee141c95a45b70e817,1, #CBAF8C
6cee141c95a45b70e817,0, #E1C9A7
6cee141c95a45b70e817,14, #25231B
6cee141c95a45b70e817,10, #6C5B46
6cee141c95a45b70e817,12, #83735D
6cee141c95a45b70e817,2, #A79270
6cee141c95a45b70e817,57,#4C4031
6cfa8cf77f60bc53c438,12, #615341
6cfa8cf77f60bc53c438,6, #291B12
6cfa8cf77f60bc53c438,6, #433527
6cfa8cf77f60bc53c438,50,#D9C9A5
6cfa8cf77f60bc53c438,7, #AA9F85
6cfa8cf77f60bc53c438,15, #877C68
6cffc36469e99bd044cb,5,#F3F2DF
6cffc36469e99bd044cb,18, #C7C6B7
6cffc36469e99bd044cb,11, #9E9E93
6cffc36469e99bd044cb,30, #5E5D56
6cffc36469e99bd044cb,14, #807F76
6cffc36469e99bd044cb,19, #383831
6d04d2450648c5193bfa,14, #858373
6d04d2450648c5193bfa,2, #626257
6d04d2450648c5193bfa,20,#F2F2EB
6d04d2450648c5193bfa,11, #BDBAA6
6d04d2450648c5193bfa,31, #D2D1C2
6d04d2450648c5193bfa,19, #AAA690
6d051ca880ada8a4091a,51,#171108
6d051ca880ada8a4091a,7, #87764D
6d051ca880ada8a4091a,0, #C4B589
6d051ca880ada8a4091a,21, #4A3017
6d051ca880ada8a4091a,2, #B39D6C
6d051ca880ada8a4091a,16, #69572E
6d0c9af31ad069edf1d9,5,#F4EEDC
6d0c9af31ad069edf1d9,21, #B1A897
6d0c9af31ad069edf1d9,14, #D4CDBB
6d0c9af31ad069edf1d9,26, #847D6D
6d0c9af31ad069edf1d9,27, #534E43
6d0c9af31ad069edf1d9,5, #333029
6d104d1367afefbe65d8,10, #9D9679
6d104d1367afefbe65d8,49, #D8D7BB
6d104d1367afefbe65d8,6, #4F4434
6d104d1367afefbe65d8,20, #BFB993
6d104d1367afefbe65d8,5, #7F7259
6d104d1367afefbe65d8,8,#EFF0E0
6d122693a8ab4f536cf9,12, #877F6F
6d122693a8ab4f536cf9,4,#FAF8EE
6d122693a8ab4f536cf9,62, #DFD7C2
6d122693a8ab4f536cf9,17, #B8B09D
6d122693a8ab4f536cf9,0, #4D4738
6d122693a8ab4f536cf9,2, #655F4F
6d18cfe9870182a4bd71,8, #F8F6F1
6d18cfe9870182a4bd71,10, #67614F
6d18cfe9870182a4bd71,15, #807865
6d18cfe9870182a4bd71,3, #4C4838
6d18cfe9870182a4bd71,7, #948E7D
6d18cfe9870182a4bd71,12, #B1A68E
6d18cfe9870182a4bd71,41,#DCD1B8
6d192b905cb48de02002,35, #C4BEA8
6d192b905cb48de02002,4, #3A3932
6d192b905cb48de02002,18, #9F9988
6d192b905cb48de02002,3, #EBE4CB
6d192b905cb48de02002,14,#807A6A
6d192b905cb48de02002,24, #5E5B4E
6d21de15b50a3e8cb5ef,19, #8B8878
6d21de15b50a3e8cb5ef,1, #F8F4E0
6d21de15b50a3e8cb5ef,17, #514F46
6d21de15b50a3e8cb5ef,13, #B2AE9D
6d21de15b50a3e8cb5ef,29,#D6D0BD
6d21de15b50a3e8cb5ef,16, #6B695D
6d21de15b50a3e8cb5ef,2, #393831
6d246f19153beda8398c,28, #EEE1D1
6d246f19153beda8398c,4, #825E52
6d246f19153beda8398c,34,#D9C9B4
6d246f19153beda8398c,13, #847B70
6d246f19153beda8398c,10, #B38B78
6d246f19153beda8398c,4, #FBF7F3
6d246f19153beda8398c,5, #C1AD99
6d272fdc3780737943f0,1, #7F3918
6d272fdc3780737943f0,6, #B3AF94
6d272fdc3780737943f0,8, #917852
6d272fdc3780737943f0,51, #3E1D15
6d272fdc3780737943f0,2, #CFD1C6
6d272fdc3780737943f0,30,#585138
6d28b678df5e95df5b3a,22, #D4CDB9
6d28b678df5e95df5b3a,3, #433F36
6d28b678df5e95df5b3a,24, #A9A494
6d28b678df5e95df5b3a,14, #837D6F
6d28b678df5e95df5b3a,19,#F6EED6
6d28b678df5e95df5b3a,15, #5F5A4D
6d2b2c7f60f5f7a2896b,19, #B9B695
6d2b2c7f60f5f7a2896b,25, #948463
6d2b2c7f60f5f7a2896b,12, #7B5B38
6d2b2c7f60f5f7a2896b,0, #626F61
6d2b2c7f60f5f7a2896b,31,#D2CFB3
6d2b2c7f60f5f7a2896b,0, #4E574C
6d2b2c7f60f5f7a2896b,10, #4E3F27
6d39fb9cb079aeca1d57,16, #6A482C
6d39fb9cb079aeca1d57,18, #856E40
6d39fb9cb079aeca1d57,2, #CFC69B
6d39fb9cb079aeca1d57,37,#373932
6d39fb9cb079aeca1d57,13, #1F1B10
6d39fb9cb079aeca1d57,4, #BCA86B
6d39fb9cb079aeca1d57,8, #A28B53
6d46a18f002670fbeebe,2, #4A4D4A
6d46a18f002670fbeebe,23, #D4CDB9
6d46a18f002670fbeebe,26,#F8F2DE
6d46a18f002670fbeebe,38, #A1A08F
6d46a18f002670fbeebe,8, #6E6F67
6d46a18f002670fbeebe,0, #1D2223
6d4f451c49813b4d5102,12, #676660
6d4f451c49813b4d5102,20, #EDEDE7
6d4f451c49813b4d5102,8, #CACAC4
6d4f451c49813b4d5102,19, #A1A19C
6d4f451c49813b4d5102,30, #46453E
6d4f451c49813b4d5102,8,#80817B
6d5b2b64c1514eec2c06,23, #B1A89C
6d5b2b64c1514eec2c06,1, #3F3A38
6d5b2b64c1514eec2c06,34, #D1C6B7
6d5b2b64c1514eec2c06,28, #898179
6d5b2b64c1514eec2c06,2,#F4E6D6
6d5b2b64c1514eec2c06,9, #665F5A
6d680b8af727de9fd080,0, #A2976F
6d680b8af727de9fd080,1, #846B42
6d680b8af727de9fd080,1, #6B542C
6d680b8af727de9fd080,0, #9E7C52
6d680b8af727de9fd080,2, #4B371C
6d680b8af727de9fd080,93,#1D1007
6d6bfe5f28af55615f5f,16, #CFC29F
6d6bfe5f28af55615f5f,10, #655A4F
6d6bfe5f28af55615f5f,33, #9C937D
6d6bfe5f28af55615f5f,11,#F6F5EF
6d6bfe5f28af55615f5f,16, #E9DFB6
6d6bfe5f28af55615f5f,11, #382C24
6d75d4f9af519b13c4df,0, #AEB6BD
6d75d4f9af519b13c4df,22, #616453
6d75d4f9af519b13c4df,31, #393D38
6d75d4f9af519b13c4df,41, #161618
6d75d4f9af519b13c4df,2,#E1E7EB
6d75d4f9af519b13c4df,1, #898A80
6d7664d600d2a28e63e2,0, #423C32
6d7664d600d2a28e63e2,14, #FAF8F3
6d7664d600d2a28e63e2,2, #867F72
6d7664d600d2a28e63e2,1, #A8A092
6d7664d600d2a28e63e2,2, #C1B8A9
6d7664d600d2a28e63e2,77,#DFD7C6
6d7664d600d2a28e63e2,0, #665F52
6d7b61df2fd9fdb40b91,2, #6E5930
6d7b61df2fd9fdb40b91,82,#16130B
6d7b61df2fd9fdb40b91,0, #917C4B
6d7b61df2fd9fdb40b91,0, #BBAC78
6d7b61df2fd9fdb40b91,0, #A39568
6d7b61df2fd9fdb40b91,2, #242B28
6d7b61df2fd9fdb40b91,11, #532E19
6d823ffc05711e362a6a,16, #706E69
6d823ffc05711e362a6a,49,#362D27
6d823ffc05711e362a6a,1, #C7BFA6
6d823ffc05711e362a6a,18, #664F3C
6d823ffc05711e362a6a,3, #ACA697
6d823ffc05711e362a6a,10, #8C8C86
6d823ffc05711e362a6a,0, #404D59
6d8ef2eeaef2589c2385,2, #484638
6d8ef2eeaef2589c2385,50,#10100F
6d8ef2eeaef2589c2385,1, #AFAC98
6d8ef2eeaef2589c2385,2, #6D6854
6d8ef2eeaef2589c2385,39, #2A2923
6d8ef2eeaef2589c2385,3, #9E8C66
6d8ef2eeaef2589c2385,0, #91774A
6d91f01c27705fc653ee,38, #15130D
6d91f01c27705fc653ee,0, #423E38
6d91f01c27705fc653ee,3, #755D34
6d91f01c27705fc653ee,46,#35271B
6d91f01c27705fc653ee,4, #917947
6d91f01c27705fc653ee,3, #644724
6d91f01c27705fc653ee,2, #AC945D
6da268b76cb958823236,17, #A49D84
6da268b76cb958823236,2, #1A1A12
6da268b76cb958823236,5, #3F3E30
6da268b76cb958823236,25,#F6F0D4
6da268b76cb958823236,15, #686552
6da268b76cb958823236,34, #D1C4A4
6da38f7e7d8bb41c9958,20, #9B948A
6da38f7e7d8bb41c9958,57, #D7CCBA
6da38f7e7d8bb41c9958,0, #15140E
6da38f7e7d8bb41c9958,12,#F6F0E3
6da38f7e7d8bb41c9958,8, #656158
6da38f7e7d8bb41c9958,1, #38352E
6da5b502c8d047d0f7f7,24, #918477
6da5b502c8d047d0f7f7,1, #462A23
6da5b502c8d047d0f7f7,8, #6C5D54
6da5b502c8d047d0f7f7,34, #D2C9BB
6da5b502c8d047d0f7f7,16,#F5F1E6
6da5b502c8d047d0f7f7,13, #B8AB99
6dbf7fa5fcfa0ed52952,4,#F3F2EB
6dbf7fa5fcfa0ed52952,7, #CBCBC2
6dbf7fa5fcfa0ed52952,5, #635B58
6dbf7fa5fcfa0ed52952,2, #4C4140
6dbf7fa5fcfa0ed52952,74, #A5A39F
6dbf7fa5fcfa0ed52952,6, #7F7A78
6dc3a44a048e664236c2,0, #A6A08B
6dc3a44a048e664236c2,1, #837D6C
6dc3a44a048e664236c2,40,#F7F0D9
6dc3a44a048e664236c2,3, #696456
6dc3a44a048e664236c2,1, #D0C5AA
6dc3a44a048e664236c2,39, #E6DCBE
6dc3a44a048e664236c2,13, #44423A
6dc5dea1b227e3c4d7b8,33,#1A1910
6dc5dea1b227e3c4d7b8,3, #E4D69A
6dc5dea1b227e3c4d7b8,19, #483A1E
6dc5dea1b227e3c4d7b8,23, #7E5C32
6dc5dea1b227e3c4d7b8,9, #8B7547
6dc5dea1b227e3c4d7b8,3, #B2885E
6dc5dea1b227e3c4d7b8,7, #C79E71
6dc97f05da990262bad1,2, #816637
6dc97f05da990262bad1,27,#463B22
6dc97f05da990262bad1,8, #6A6046
6dc97f05da990262bad1,21, #64512C
6dc97f05da990262bad1,23, #2A2517
6dc97f05da990262bad1,4, #A19470
6dc97f05da990262bad1,11, #907F59
6dc9edc23ce4a9c13f96,18, #C4C2B4
6dc9edc23ce4a9c13f96,11, #1D1B18
6dc9edc23ce4a9c13f96,3,#F6F5E8
6dc9edc23ce4a9c13f96,11, #6D695E
6dc9edc23ce4a9c13f96,49, #9C988A
6dc9edc23ce4a9c13f96,5, #423E3A
6dcf38062f35b42ea3e8,16, #664E34
6dcf38062f35b42ea3e8,8,#0F110C
6dcf38062f35b42ea3e8,2, #8F7F62
6dcf38062f35b42ea3e8,1, #969C97
6dcf38062f35b42ea3e8,5, #656C6B
6dcf38062f35b42ea3e8,66, #37322A
6dd55f6d3209483b9a00,13, #645E54
6dd55f6d3209483b9a00,27,#443E37
6dd55f6d3209483b9a00,4, #211D17
6dd55f6d3209483b9a00,15, #9A9280
6dd55f6d3209483b9a00,13, #E4E3CF
6dd55f6d3209483b9a00,14, #827763
6dd55f6d3209483b9a00,10, #BBB5A2
6ddff8f14c9a5a444e6d,29, #221D0F
6ddff8f14c9a5a444e6d,5, #6A5D35
6ddff8f14c9a5a444e6d,24, #3D3319
6ddff8f14c9a5a444e6d,23, #AFA584
6ddff8f14c9a5a444e6d,8, #564924
6ddff8f14c9a5a444e6d,8,#897D57
6de663cc7d5ac2ca77e3,12, #84816F
6de663cc7d5ac2ca77e3,5, #4F4E42
6de663cc7d5ac2ca77e3,1, #38382E
6de663cc7d5ac2ca77e3,11, #F6EEDD
6de663cc7d5ac2ca77e3,13, #686556
6de663cc7d5ac2ca77e3,18, #D8CEB8
6de663cc7d5ac2ca77e3,36,#AEA895
6df55ff8f625be08d2fe,18, #766D54
6df55ff8f625be08d2fe,1, #272419
6df55ff8f625be08d2fe,30,#C7C4AC
6df55ff8f625be08d2fe,7, #49412D
6df55ff8f625be08d2fe,11, #AAA68A
6df55ff8f625be08d2fe,29, #958967
6df6c6701c4206f8e31c,22,#EDEEDD
6df6c6701c4206f8e31c,48, #CFCEB3
6df6c6701c4206f8e31c,13, #B1AD93
6df6c6701c4206f8e31c,7, #999075
6df6c6701c4206f8e31c,4, #7F6E4C
6df6c6701c4206f8e31c,3, #645137
6df9b75decdf14e26de3,16, #5E5D51
6df9b75decdf14e26de3,16, #414039
6df9b75decdf14e26de3,10, #949180
6df9b75decdf14e26de3,21, #797668
6df9b75decdf14e26de3,13,#EBE4CB
6df9b75decdf14e26de3,22, #BEBAA6
6e0a01d280741f13b9d7,11, #8E7839
6e0a01d280741f13b9d7,26, #533617
6e0a01d280741f13b9d7,13, #704F26
6e0a01d280741f13b9d7,19, #36260E
6e0a01d280741f13b9d7,4, #B49E4F
6e0a01d280741f13b9d7,24,#191107
6e0f7a0d999387bf5616,14, #5B4729
6e0f7a0d999387bf5616,7, #CEBB7C
6e0f7a0d999387bf5616,12, #826639
6e0f7a0d999387bf5616,16, #B09B69
6e0f7a0d999387bf5616,9, #8F7F5A
6e0f7a0d999387bf5616,22,#1F1A10
6e0f7a0d999387bf5616,17, #3D311D
6e135fd6352901815c2a,3,#D2BFAD
6e135fd6352901815c2a,22, #E3D8CB
6e135fd6352901815c2a,4, #C0A592
6e135fd6352901815c2a,5, #A08270
6e135fd6352901815c2a,61, #F6F0E6
6e135fd6352901815c2a,2, #7C695B
6e16b4ef8435cf0b4345,0, #7D6036
6e16b4ef8435cf0b4345,77,#110F07
6e16b4ef8435cf0b4345,5, #544237
6e16b4ef8435cf0b4345,0, #6C2510
6e16b4ef8435cf0b4345,15, #302114
6e16b4ef8435cf0b4345,0, #92784A
6e178985852772059351,5, #968F7E
6e178985852772059351,59,#F4EFE1
6e178985852772059351,23, #D6D0BE
6e178985852772059351,3, #ADA693
6e178985852772059351,6, #C0B9A7
6e178985852772059351,1, #766F5D
6e1e94cfa98e2ccb044d,13, #A09C8E
6e1e94cfa98e2ccb044d,58, #DEDACE
6e1e94cfa98e2ccb044d,9, #858173
6e1e94cfa98e2ccb044d,5, #595749
6e1e94cfa98e2ccb044d,10, #BFBCAE
6e1e94cfa98e2ccb044d,2,#FAF8F0
6e271b756ca472e06db1,16, #796E64
6e271b756ca472e06db1,24, #9B8E82
6e271b756ca472e06db1,10,#E6D5C3
6e271b756ca472e06db1,26, #BFAFA0
6e271b756ca472e06db1,20, #554C45
6e271b756ca472e06db1,2, #2F2925
6e2c23b5cd6dd77ae0dd,4, #E9EBE7
6e2c23b5cd6dd77ae0dd,2, #5D5044
6e2c23b5cd6dd77ae0dd,5, #746A5F
6e2c23b5cd6dd77ae0dd,64,#C8C5B3
6e2c23b5cd6dd77ae0dd,15, #979186
6e2c23b5cd6dd77ae0dd,4, #28160E
6e2c23b5cd6dd77ae0dd,3, #45362A
6e2df5cf4ea005479ebc,3, #AFA48B
6e2df5cf4ea005479ebc,57, #726244
6e2df5cf4ea005479ebc,27, #96896D
6e2df5cf4ea005479ebc,0, #CEC8BC
6e2df5cf4ea005479ebc,8,#F1EFEB
6e2df5cf4ea005479ebc,2, #4A381E
6e399036ea268f45723f,16, #A09F71
6e399036ea268f45723f,18, #403C1F
6e399036ea268f45723f,19, #6E715A
6e399036ea268f45723f,4, #CED1B3
6e399036ea268f45723f,22,#211D0D
6e399036ea268f45723f,19, #785320
6e3bef4cad6db718f725,19,#D4CFC1
6e3bef4cad6db718f725,2, #58463B
6e3bef4cad6db718f725,16, #76695F
6e3bef4cad6db718f725,17, #AFA89A
6e3bef4cad6db718f725,3, #382319
6e3bef4cad6db718f725,39, #958C82
6e462e91677044fe2cef,34,#D5CCC0
6e462e91677044fe2cef,15, #968F81
6e462e91677044fe2cef,18, #B8B0A0
6e462e91677044fe2cef,17, #6F695C
6e462e91677044fe2cef,4, #39372F
6e462e91677044fe2cef,8, #4F4A40
6e462e91677044fe2cef,0, #F9EFD8
6e481c836288907be85d,5, #857D69
6e481c836288907be85d,1, #4E493E
6e481c836288907be85d,6, #665F50
6e481c836288907be85d,48,#E6DFCF
6e481c836288907be85d,8, #A19988
6e481c836288907be85d,8, #FAF9F6
6e481c836288907be85d,20, #C1B8A2
6e4d8b8d8c2e74ba553b,9, #C8B6A3
6e4d8b8d8c2e74ba553b,0, #281F19
6e4d8b8d8c2e74ba553b,9,#A99E86
6e4d8b8d8c2e74ba553b,76, #E7E0D4
6e4d8b8d8c2e74ba553b,1, #5A4F40
6e4d8b8d8c2e74ba553b,3, #887E6A
6e5441fe6d56d6291c9f,10, #C1BAAC
6e5441fe6d56d6291c9f,9, #EAE2CF
6e5441fe6d56d6291c9f,35,#534F47
6e5441fe6d56d6291c9f,17, #6E695F
6e5441fe6d56d6291c9f,7, #A59F94
6e5441fe6d56d6291c9f,15, #898479
6e5441fe6d56d6291c9f,3, #33302A
6e5c4024e7667f4c6087,21, #3A3128
6e5c4024e7667f4c6087,5, #1A1713
6e5c4024e7667f4c6087,12, #A19884
6e5c4024e7667f4c6087,4, #EFE5C7
6e5c4024e7667f4c6087,16, #887D66
6e5c4024e7667f4c6087,16, #C5BBA3
6e5c4024e7667f4c6087,22,#5E5342
6e619f2419b6363cb7e9,0, #59472A
6e619f2419b6363cb7e9,5, #BDB19B
6e619f2419b6363cb7e9,10, #D4CFC0
6e619f2419b6363cb7e9,20, #A99269
6e619f2419b6363cb7e9,61,#89724D
6e619f2419b6363cb7e9,0, #89877F
6e619f2419b6363cb7e9,1, #F2EEE1
6e720ed489b187c1dd41,5, #8A8470
6e720ed489b187c1dd41,10, #4A473B
6e720ed489b187c1dd41,3, #DAD6C1
6e720ed489b187c1dd41,4, #A39E8C
6e720ed489b187c1dd41,9, #6F6958
6e720ed489b187c1dd41,65,#F8F7EF
6e720ed489b187c1dd41,1, #BEB9A4
6e7869b71aaaa4884dd2,4, #9EA190
6e7869b71aaaa4884dd2,5, #A19164
6e7869b71aaaa4884dd2,9, #73633B
6e7869b71aaaa4884dd2,4, #827A5E
6e7869b71aaaa4884dd2,53,#2B2415
6e7869b71aaaa4884dd2,10, #54401F
6e7869b71aaaa4884dd2,11, #C1B07E
6e7d6476ceead04fccfe,25, #7B776A
6e7d6476ceead04fccfe,2, #403E35
6e7d6476ceead04fccfe,22, #5D5A4E
6e7d6476ceead04fccfe,15,#F5F2DF
6e7d6476ceead04fccfe,18, #9D9888
6e7d6476ceead04fccfe,15, #CCC7B4
6e8171ba4e7197fa737b,9, #584F22
6e8171ba4e7197fa737b,15, #998752
6e8171ba4e7197fa737b,2, #D7C38C
6e8171ba4e7197fa737b,16, #201808
6e8171ba4e7197fa737b,35,#3E2F12
6e8171ba4e7197fa737b,13, #B6A36C
6e8171ba4e7197fa737b,7, #7B672A
6e8469011c10497d664d,19, #C9C0AA
6e8469011c10497d664d,3, #837964
6e8469011c10497d664d,2, #46392A
6e8469011c10497d664d,0, #261D12
6e8469011c10497d664d,1, #605646
6e8469011c10497d664d,7, #A79C87
6e8469011c10497d664d,63,#EFEBDC
6e84950e44d44a94ba0b,9, #888D7C
6e84950e44d44a94ba0b,25, #667574
6e84950e44d44a94ba0b,0, #C6C1A6
6e84950e44d44a94ba0b,0, #B2AC90
6e84950e44d44a94ba0b,19, #0A0E0A
6e84950e44d44a94ba0b,17, #213034
6e84950e44d44a94ba0b,28,#434E48
6e8a2773c9703636f746,23, #AA9582
6e8a2773c9703636f746,10, #786E64
6e8a2773c9703636f746,2, #2B2920
6e8a2773c9703636f746,0, #A47255
6e8a2773c9703636f746,7, #070805
6e8a2773c9703636f746,41,#CEC8C1
6e8a2773c9703636f746,13, #665445
6e8d0e8477730f6f323d,3, #61594B
6e8d0e8477730f6f323d,37,#F2ECD3
6e8d0e8477730f6f323d,9, #7E7765
6e8d0e8477730f6f323d,0, #463F34
6e8d0e8477730f6f323d,23, #CBC1AA
6e8d0e8477730f6f323d,25, #A79E8A
6e8d31a89fa9990b6a1d,24,#30291A
6e8d31a89fa9990b6a1d,5, #A1977F
6e8d31a89fa9990b6a1d,16, #E8E5DF
6e8d31a89fa9990b6a1d,24, #5A5037
6e8d31a89fa9990b6a1d,2, #847A5F
6e8d31a89fa9990b6a1d,1, #C2BCAA
6e8d31a89fa9990b6a1d,24, #110A03
6e8e08082c8b1f0a2ec7,37, #AAA596
6e8e08082c8b1f0a2ec7,19, #D1CBB8
6e8e08082c8b1f0a2ec7,22, #7E7A6F
6e8e08082c8b1f0a2ec7,3,#F4F0E1
6e8e08082c8b1f0a2ec7,8, #5D5A50
6e8e08082c8b1f0a2ec7,7, #393730
6ea5790868291ea68e55,14, #484741
6ea5790868291ea68e55,4,#EDE6D4
6ea5790868291ea68e55,10, #ADA89A
6ea5790868291ea68e55,29, #CDC7B7
6ea5790868291ea68e55,22, #878479
6ea5790868291ea68e55,17, #636159
6ea7e4308dfba1e9854a,12, #5C5E56
6ea7e4308dfba1e9854a,10, #7E7E76
6ea7e4308dfba1e9854a,10, #C6C5BC
6ea7e4308dfba1e9854a,5, #41423D
6ea7e4308dfba1e9854a,35,#F0F0E4
6ea7e4308dfba1e9854a,25, #A2A199
6eadad41e3e424a43c7a,7, #5C615C
6eadad41e3e424a43c7a,10, #977F70
6eadad41e3e424a43c7a,5, #3C4243
6eadad41e3e424a43c7a,1, #BCB19D
6eadad41e3e424a43c7a,0, #9E5947
6eadad41e3e424a43c7a,4, #DBCEB8
6eadad41e3e424a43c7a,70,#F2E9D9
6eb81608bfc3ef18f30d,13, #AF736F
6eb81608bfc3ef18f30d,68, #702F44
6eb81608bfc3ef18f30d,17,#0B0A09
6eb81608bfc3ef18f30d,0, #9598BA
6eb81608bfc3ef18f30d,0, #EDECEC
6eb81608bfc3ef18f30d,0, #DDB42B
6ebf0bda3bcaf6f29cee,21, #836C5B
6ebf0bda3bcaf6f29cee,5, #B5A494
6ebf0bda3bcaf6f29cee,8, #938272
6ebf0bda3bcaf6f29cee,0,#F9F2E4
6ebf0bda3bcaf6f29cee,59, #6D5244
6ebf0bda3bcaf6f29cee,3, #DBCDBA
6ed050a2806a51380d1c,0, #DECF95
6ed050a2806a51380d1c,34, #978E67
6ed050a2806a51380d1c,45,#746642
6ed050a2806a51380d1c,9, #4C3F26
6ed050a2806a51380d1c,5, #302817
6ed050a2806a51380d1c,3, #B9B58E
6ed050a2806a51380d1c,2, #BCA86D
6ed07c0a0a93137e1c8e,10, #FAF9F2
6ed07c0a0a93137e1c8e,0,#6D6B64
6ed07c0a0a93137e1c8e,33, #DDD9C8
6ed07c0a0a93137e1c8e,11, #9E9B8E
6ed07c0a0a93137e1c8e,43, #B8B3A1
6ed07c0a0a93137e1c8e,0, #878479
6ed1c8f6e24bd2ffebfb,10,#EFEBDE
6ed1c8f6e24bd2ffebfb,13, #7B7466
6ed1c8f6e24bd2ffebfb,37, #CBC4B4
6ed1c8f6e24bd2ffebfb,8, #5D584C
6ed1c8f6e24bd2ffebfb,16, #9E9788
6ed1c8f6e24bd2ffebfb,13, #3C3930
6ed2577d14357067b17d,1, #6B5A35
6ed2577d14357067b17d,88,#0C0C07
6ed2577d14357067b17d,1, #9D966D
6ed2577d14357067b17d,1, #584829
6ed2577d14357067b17d,1, #826E43
6ed2577d14357067b17d,5, #2F2615
6ed28d99f83769124bc6,2,#D4D5D7
6ed28d99f83769124bc6,3, #B2AA96
6ed28d99f83769124bc6,55, #393229
6ed28d99f83769124bc6,2, #8C7551
6ed28d99f83769124bc6,2, #5C5344
6ed28d99f83769124bc6,32, #0A0B09
6ed69b2db84fe832b75d,3, #9B8A6F
6ed69b2db84fe832b75d,31, #34271A
6ed69b2db84fe832b75d,7, #F6F4EF
6ed69b2db84fe832b75d,6, #D8D3C6
6ed69b2db84fe832b75d,10, #6A593E
6ed69b2db84fe832b75d,38,#0F0906
6ed69b2db84fe832b75d,1, #B6B0A4
6ed9bcafd01ace213245,4, #D7D2BB
6ed9bcafd01ace213245,19, #8E857B
6ed9bcafd01ace213245,45,#6A5F58
6ed9bcafd01ace213245,3, #F5F4EF
6ed9bcafd01ace213245,11, #423835
6ed9bcafd01ace213245,1, #28211F
6ed9bcafd01ace213245,13, #AEA391
6ed9e014ff3bf3162cea,18, #483B32
6ed9e014ff3bf3162cea,4, #E0D0B3
6ed9e014ff3bf3162cea,44,#151117
6ed9e014ff3bf3162cea,12, #A5875F
6ed9e014ff3bf3162cea,13, #7E6952
6ed9e014ff3bf3162cea,6, #BDA27A
6ef6b81988f156d82a8f,60,#D8D4CD
6ef6b81988f156d82a8f,0, #F3EFEB
6ef6b81988f156d82a8f,16, #4F4F4D
6ef6b81988f156d82a8f,2, #B4B0AD
6ef6b81988f156d82a8f,1, #979494
6ef6b81988f156d82a8f,14, #686667
6ef6b81988f156d82a8f,4, #838181
6ef7614d768a38a2520f,4,#FCF9F3
6ef7614d768a38a2520f,56, #E5DCC0
6ef7614d768a38a2520f,7, #686155
6ef7614d768a38a2520f,12, #C9BC9B
6ef7614d768a38a2520f,7, #403C37
6ef7614d768a38a2520f,10, #9A8F76
6ef8bee47ae31efc7796,0,#BDBDBD
6ef8bee47ae31efc7796,3, #858584
6ef8bee47ae31efc7796,4, #797159
6ef8bee47ae31efc7796,43, #242117
6ef8bee47ae31efc7796,21, #554A32
6ef8bee47ae31efc7796,25, #A0A0A0
6efa16ed057b6e402e4d,18, #3F361F
6efa16ed057b6e402e4d,8, #736743
6efa16ed057b6e402e4d,37,#0D0805
6efa16ed057b6e402e4d,11, #C4BD98
6efa16ed057b6e402e4d,17, #A29568
6efa16ed057b6e402e4d,5, #F2EECD
6efb2001b7e47db2e494,13, #7C7255
6efb2001b7e47db2e494,14, #1B1910
6efb2001b7e47db2e494,44, #E6D2A7
6efb2001b7e47db2e494,5,#FBF7DE
6efb2001b7e47db2e494,8, #554F3A
6efb2001b7e47db2e494,13, #B0A381
6efc7ca16140b98e2f0e,4, #735C34
6efc7ca16140b98e2f0e,10, #947E52
6efc7ca16140b98e2f0e,31,#17160E
6efc7ca16140b98e2f0e,28, #32281C
6efc7ca16140b98e2f0e,17, #53462C
6efc7ca16140b98e2f0e,7, #B99F6D
6efcb9ee484d959b52ba,10,#CCC5AE
6efcb9ee484d959b52ba,1, #695745
6efcb9ee484d959b52ba,53, #B0A78D
6efcb9ee484d959b52ba,7, #8E8168
6efcb9ee484d959b52ba,24, #F3F2E8
6efcb9ee484d959b52ba,1, #362518
6f02b928c8c71247805e,0, #A6A5A3
6f02b928c8c71247805e,14, #352E27
6f02b928c8c71247805e,5, #DDDAC6
6f02b928c8c71247805e,3, #E1CE83
6f02b928c8c71247805e,29, #5F4D38
6f02b928c8c71247805e,46,#9D875D
6f02b928c8c71247805e,0, #150F0B
6f0b6b1eb77cbfa6a679,1, #B6A883
6f0b6b1eb77cbfa6a679,18, #5D442F
6f0b6b1eb77cbfa6a679,8, #876343
6f0b6b1eb77cbfa6a679,52,#41241A
6f0b6b1eb77cbfa6a679,2, #A39472
6f0b6b1eb77cbfa6a679,6, #5D604B
6f0b6b1eb77cbfa6a679,9, #82795F
6f106165f16172a52abe,11, #D6D0BF
6f106165f16172a52abe,9, #948F82
6f106165f16172a52abe,6, #BBB6A6
6f106165f16172a52abe,36,#F4F0E1
6f106165f16172a52abe,14, #57544A
6f106165f16172a52abe,18, #726D62
6f106165f16172a52abe,2, #38352E
6f10731b69f28d8fd865,0, #D2BE74
6f10731b69f28d8fd865,39,#362F22
6f10731b69f28d8fd865,16, #836D4A
6f10731b69f28d8fd865,14, #625038
6f10731b69f28d8fd865,5, #B7AB8E
6f10731b69f28d8fd865,14, #D5CFAF
6f10731b69f28d8fd865,9, #B0955B
6f15b6cb8059b69cd98e,9, #41413A
6f15b6cb8059b69cd98e,0, #FEFDED
6f15b6cb8059b69cd98e,13, #888573
6f15b6cb8059b69cd98e,16, #D2CDB9
6f15b6cb8059b69cd98e,18, #ADA995
6f15b6cb8059b69cd98e,26,#676658
6f15b6cb8059b69cd98e,14, #ECE6D2
6f19d7723b972207edb5,32,#EBE0BA
6f19d7723b972207edb5,2, #2A2017
6f19d7723b972207edb5,19, #9C875D
6f19d7723b972207edb5,22, #B9B5A4
6f19d7723b972207edb5,3, #D8BD7A
6f19d7723b972207edb5,13, #6B614F
6f19d7723b972207edb5,5, #463828
6f24bb7421b1d703aa90,62,#070B12
6f24bb7421b1d703aa90,25, #4D3927
6f24bb7421b1d703aa90,3, #B5995C
6f24bb7421b1d703aa90,4, #DCC178
6f24bb7421b1d703aa90,2, #856D41
6f24bb7421b1d703aa90,1, #FAEC9B
6f26ebe1fc38024876e2,1, #CDC5A1
6f26ebe1fc38024876e2,13, #958E6E
6f26ebe1fc38024876e2,18, #7A7050
6f26ebe1fc38024876e2,24,#251E12
6f26ebe1fc38024876e2,16, #634F2D
6f26ebe1fc38024876e2,20, #463620
6f26ebe1fc38024876e2,4, #AFA886
6f2946313ef89775933b,19, #B8B3A5
6f2946313ef89775933b,12, #706C61
6f2946313ef89775933b,13, #918C81
6f2946313ef89775933b,21,#F6F2E5
6f2946313ef89775933b,15, #D9D3C5
6f2946313ef89775933b,18, #514F47
6f31d16fb255ae3efbb6,11, #5E5547
6f31d16fb255ae3efbb6,6, #827A6A
6f31d16fb255ae3efbb6,38,#F8F6F2
6f31d16fb255ae3efbb6,29, #D5D0C5
6f31d16fb255ae3efbb6,5, #9A958E
6f31d16fb255ae3efbb6,7, #2B221C
6f31d16fb255ae3efbb6,1, #BDB5A5
6f456fb2b0636d5833f6,0, #77644C
6f456fb2b0636d5833f6,86,#F9F7EC
6f456fb2b0636d5833f6,6, #C5BCA7
6f456fb2b0636d5833f6,0, #807C6B
6f456fb2b0636d5833f6,3, #E2DFCE
6f456fb2b0636d5833f6,2, #A89678
6f4dd8fdf7390551f9e2,28, #59544A
6f4dd8fdf7390551f9e2,2, #DED7CB
6f4dd8fdf7390551f9e2,31,#3A352E
6f4dd8fdf7390551f9e2,16, #A89E8E
6f4dd8fdf7390551f9e2,4, #CCC1B1
6f4dd8fdf7390551f9e2,17, #7B756A
6f5062fe53d25e52b8a8,6, #A48B71
6f5062fe53d25e52b8a8,0,#1D110D
6f5062fe53d25e52b8a8,6, #EBE9DD
6f5062fe53d25e52b8a8,46, #453930
6f5062fe53d25e52b8a8,4, #C4B68F
6f5062fe53d25e52b8a8,35, #745742
6f626ea5300459578987,0, #B69E67
6f626ea5300459578987,38,#21180E
6f626ea5300459578987,1, #A2784A
6f626ea5300459578987,0, #D1BE86
6f626ea5300459578987,23, #865532
6f626ea5300459578987,34, #4A301A
6f6cd19ba45830b039a9,7, #A58E54
6f6cd19ba45830b039a9,27, #564020
6f6cd19ba45830b039a9,28, #785C29
6f6cd19ba45830b039a9,26,#2B1E12
6f6cd19ba45830b039a9,9, #8A713D
6f6cd19ba45830b039a9,0, #BFAD76
6f74a79dce46b52f10fb,10, #88784D
6f74a79dce46b52f10fb,5,#C7C4B8
6f74a79dce46b52f10fb,36, #242119
6f74a79dce46b52f10fb,8, #A69A73
6f74a79dce46b52f10fb,37, #685533
6f74a79dce46b52f10fb,0, #A84F22
6f77e9eafc8c6c031348,4, #5E4639
6f77e9eafc8c6c031348,39, #CEC4B6
6f77e9eafc8c6c031348,2,#EFEADE
6f77e9eafc8c6c031348,10, #B0A092
6f77e9eafc8c6c031348,20, #775D4F
6f77e9eafc8c6c031348,22, #8B786A
6f79bd80fb3c77f32c20,3, #675849
6f79bd80fb3c77f32c20,11, #C6BEA7
6f79bd80fb3c77f32c20,4, #A59B87
6f79bd80fb3c77f32c20,70,#E0DBC2
6f79bd80fb3c77f32c20,2, #4F3F33
6f79bd80fb3c77f32c20,1, #F7F2DC
6f79bd80fb3c77f32c20,6, #7F7363
6f861626b5abb2dfc6e5,10, #5D4E41
6f861626b5abb2dfc6e5,18, #837666
6f861626b5abb2dfc6e5,8, #352922
6f861626b5abb2dfc6e5,0,#FEFDE0
6f861626b5abb2dfc6e5,37, #E2DDC5
6f861626b5abb2dfc6e5,23, #B6AC96
6f8d376c071f88aca10b,22, #BFB8A7
6f8d376c071f88aca10b,10, #726B5F
6f8d376c071f88aca10b,17, #9C9585
6f8d376c071f88aca10b,6, #46413A
6f8d376c071f88aca10b,32,#F3EBD9
6f8d376c071f88aca10b,10, #D5CDBC
6f9008fb48e73538bcd1,4, #D1B875
6f9008fb48e73538bcd1,9, #51412B
6f9008fb48e73538bcd1,0, #A29973
6f9008fb48e73538bcd1,3, #998353
6f9008fb48e73538bcd1,4, #7E653D
6f9008fb48e73538bcd1,76,#251F16
6f9008fb48e73538bcd1,1, #76480D
6f90d070bd9336d2d38c,38, #3F3F3A
6f90d070bd9336d2d38c,20,#EBEAE6
6f90d070bd9336d2d38c,7, #C0BEB6
6f90d070bd9336d2d38c,6, #171611
6f90d070bd9336d2d38c,16, #6A6961
6f90d070bd9336d2d38c,10, #9B998F
6f96e39f418da6ef1fb8,16, #D9CEC0
6f96e39f418da6ef1fb8,27, #5E5854
6f96e39f418da6ef1fb8,0,#FBF8EE
6f96e39f418da6ef1fb8,18, #34312F
6f96e39f418da6ef1fb8,16, #878079
6f96e39f418da6ef1fb8,20, #A9A298
6f979e2a78a813717e53,10, #6E5E34
6f979e2a78a813717e53,43,#221B13
6f979e2a78a813717e53,3, #BFB994
6f979e2a78a813717e53,20, #4C4129
6f979e2a78a813717e53,7, #A79E76
6f979e2a78a813717e53,0, #D2CDAA
6f979e2a78a813717e53,14, #9C8847
6f9af97f5779d2bae41d,4, #605E52
6f9af97f5779d2bae41d,14, #D5CFC1
6f9af97f5779d2bae41d,0, #39392F
6f9af97f5779d2bae41d,59,#F2EDDE
6f9af97f5779d2bae41d,9, #8F8C7F
6f9af97f5779d2bae41d,11, #B8B3A7
6fa29bbd7684b8dca02d,14, #D0CAB7
6fa29bbd7684b8dca02d,7, #655F50
6fa29bbd7684b8dca02d,36,#F0ECE0
6fa29bbd7684b8dca02d,5, #454137
6fa29bbd7684b8dca02d,17, #888373
6fa29bbd7684b8dca02d,17, #B0A997
6fa76acc415c93c048bc,3, #3A3937
6fa76acc415c93c048bc,12, #83807B
6fa76acc415c93c048bc,5, #625F5C
6fa76acc415c93c048bc,19, #ABA499
6fa76acc415c93c048bc,20,#F3F1EB
6fa76acc415c93c048bc,39, #CEC9BD
6faa326429b0f70a6509,27, #676358
6faa326429b0f70a6509,30,#F3F2E2
6faa326429b0f70a6509,12, #CEC9B9
6faa326429b0f70a6509,4, #413F35
6faa326429b0f70a6509,8, #B1AC9D
6faa326429b0f70a6509,16, #938E81
6facd1e5b9996dd8d216,31, #502808
6facd1e5b9996dd8d216,11, #826332
6facd1e5b9996dd8d216,0, #A5976A
6facd1e5b9996dd8d216,10, #5A4B1E
6facd1e5b9996dd8d216,0, #83311C
6facd1e5b9996dd8d216,4, #B9B18D
6facd1e5b9996dd8d216,41,#0F0801
6fb23959af59a4e559d2,0, #656055
6fb23959af59a4e559d2,0, #4D483F
6fb23959af59a4e559d2,5, #C8C1B4
6fb23959af59a4e559d2,86,#EFEADE
6fb23959af59a4e559d2,3, #9E988D
6fb23959af59a4e559d2,0, #FEFEFE
6fb23959af59a4e559d2,1, #7E776C
6fb3edb0406f3dc1c8a9,36, #3F3B3A
6fb3edb0406f3dc1c8a9,20, #68615E
6fb3edb0406f3dc1c8a9,11, #A6A296
6fb3edb0406f3dc1c8a9,16,#E9DFCB
6fb3edb0406f3dc1c8a9,12, #88827A
6fb3edb0406f3dc1c8a9,2, #C4BDAE
6fb9a8a917d034fd6da4,3, #AFA994
6fb9a8a917d034fd6da4,25, #7D725E
6fb9a8a917d034fd6da4,13,#EBDFC7
6fb9a8a917d034fd6da4,43, #575041
6fb9a8a917d034fd6da4,8, #998F78
6fb9a8a917d034fd6da4,5, #C9C0A9
6fc1b28228c8f78a5854,10, #656461
6fc1b28228c8f78a5854,10,#F8F6F0
6fc1b28228c8f78a5854,7, #82807C
6fc1b28228c8f78a5854,25, #A7A59F
6fc1b28228c8f78a5854,42, #D6D2C9
6fc1b28228c8f78a5854,3, #3A3937
6fd267aa16310c94a5aa,14, #807C59
6fd267aa16310c94a5aa,1, #A59457
6fd267aa16310c94a5aa,8, #252218
6fd267aa16310c94a5aa,30,#9D9E7B
6fd267aa16310c94a5aa,0, #C9BB7C
6fd267aa16310c94a5aa,21, #656145
6fd267aa16310c94a5aa,22, #433F2C
6fd57bd25118e6331f09,7, #625549
6fd57bd25118e6331f09,2, #A29886
6fd57bd25118e6331f09,72,#F4F0DB
6fd57bd25118e6331f09,5, #877B6A
6fd57bd25118e6331f09,9, #D6CBB6
6fd57bd25118e6331f09,1, #C7AB95
6fd57bd25118e6331f09,1, #3E342B
6fd73a1cab77c4036ee8,1, #4D4F42
6fd73a1cab77c4036ee8,38,#F7F4EA
6fd73a1cab77c4036ee8,34, #D9D6C7
6fd73a1cab77c4036ee8,5, #76776A
6fd73a1cab77c4036ee8,5, #939286
6fd73a1cab77c4036ee8,14, #B1AFA2
6fd8c35d20636c1d9bfe,26,#19140C
6fd8c35d20636c1d9bfe,6, #AA996F
6fd8c35d20636c1d9bfe,3, #54452C
6fd8c35d20636c1d9bfe,51, #372A1A
6fd8c35d20636c1d9bfe,5, #766845
6fd8c35d20636c1d9bfe,5, #C1B99C
6fda38c19afef6a061c1,8, #A9A392
6fda38c19afef6a061c1,3, #434139
6fda38c19afef6a061c1,18, #CBC4B0
6fda38c19afef6a061c1,41,#ECE2CB
6fda38c19afef6a061c1,14, #686359
6fda38c19afef6a061c1,12, #8B8578
6fda38c19afef6a061c1,1, #FCFBF2
6fe879ae29fc0eadd257,11,#F3EBE2
6fe879ae29fc0eadd257,14, #C6BFB7
6fe879ae29fc0eadd257,18, #706A67
6fe879ae29fc0eadd257,11, #393635
6fe879ae29fc0eadd257,12, #55504E
6fe879ae29fc0eadd257,31, #9B958F
6feb7f975eb79c15b4c0,25, #787366
6feb7f975eb79c15b4c0,13, #A39C8B
6feb7f975eb79c15b4c0,17, #565147
6feb7f975eb79c15b4c0,21,#FAF3DB
6feb7f975eb79c15b4c0,4, #36322C
6feb7f975eb79c15b4c0,16, #D3C9B3
6ff22fca3d86fc1dc590,19, #858176
6ff22fca3d86fc1dc590,9, #3A3933
6ff22fca3d86fc1dc590,24, #A19D91
6ff22fca3d86fc1dc590,12, #BFBBAD
6ff22fca3d86fc1dc590,21,#ECE7D9
6ff22fca3d86fc1dc590,12, #666359
6ff502b1afaee0913b85,1, #5E6357
6ff502b1afaee0913b85,50,#523A29
6ff502b1afaee0913b85,6, #B2A275
6ff502b1afaee0913b85,5, #D7C085
6ff502b1afaee0913b85,24, #7F5F38
6ff502b1afaee0913b85,0, #888A74
6ff502b1afaee0913b85,10, #9E8350
6ff51e6868953ac60108,0, #9898B1
6ff51e6868953ac60108,28, #69543C
6ff51e6868953ac60108,28,#160D06
6ff51e6868953ac60108,7, #95826A
6ff51e6868953ac60108,5, #B4A589
6ff51e6868953ac60108,27, #3C2C18
6ff51e6868953ac60108,2, #CFCDC4
6ff523f38eb94776a45a,3, #B1AFA1
6ff523f38eb94776a45a,71,#F5F3E0
6ff523f38eb94776a45a,7, #918F81
6ff523f38eb94776a45a,2, #4C4B42
6ff523f38eb94776a45a,3, #727164
6ff523f38eb94776a45a,10, #CECCBB
6ffa8c583a2384a99746,1, #CFD5B0
6ffa8c583a2384a99746,16, #696929
6ffa8c583a2384a99746,34, #9EADA6
6ffa8c583a2384a99746,24, #131611
6ffa8c583a2384a99746,14, #383F21
6ffa8c583a2384a99746,9,#727D5A
6ffb7b3ff3970911e422,31,#2A2716
6ffb7b3ff3970911e422,11, #6E6743
6ffb7b3ff3970911e422,13, #B1AD8D
6ffb7b3ff3970911e422,10, #524E30
6ffb7b3ff3970911e422,20, #9E9368
6ffb7b3ff3970911e422,5, #897D52
6ffb7b3ff3970911e422,6, #443E22
6ffcc8daeb39c43b9acb,21, #F9F5E8
6ffcc8daeb39c43b9acb,10, #554F4C
6ffcc8daeb39c43b9acb,11, #969087
6ffcc8daeb39c43b9acb,27,#78716B
6ffcc8daeb39c43b9acb,0, #3D3736
6ffcc8daeb39c43b9acb,15, #B1AA9E
6ffcc8daeb39c43b9acb,13, #D4CCBE
6ffd32fdfd6b87e50191,20, #C4B898
6ffd32fdfd6b87e50191,4, #2C1F18
6ffd32fdfd6b87e50191,17, #6C5B49
6ffd32fdfd6b87e50191,18,#E3DABB
6ffd32fdfd6b87e50191,26, #46382B
6ffd32fdfd6b87e50191,12, #9A8C72
7004a336d0f1b0f6a135,10,#FBFAF3
7004a336d0f1b0f6a135,1, #4B4A41
7004a336d0f1b0f6a135,10, #BEBCAF
7004a336d0f1b0f6a135,62, #E4E1D2
7004a336d0f1b0f6a135,8, #939184
7004a336d0f1b0f6a135,5, #68675B
700557be66fe202eec4e,5, #92907E
700557be66fe202eec4e,21, #BCB7A2
700557be66fe202eec4e,1, #303024
700557be66fe202eec4e,65,#F0ECDF
700557be66fe202eec4e,2, #4E4E3B
700557be66fe202eec4e,2, #706F58
7006983f9b9f1936ca52,11, #EAE3D2
7006983f9b9f1936ca52,26, #9A9589
7006983f9b9f1936ca52,10,#7A766B
7006983f9b9f1936ca52,12, #5B584E
7006983f9b9f1936ca52,1, #3A3830
7006983f9b9f1936ca52,37, #C0BAAC
7015a5e93edd6d9bf1ef,15, #9B8F7D
7015a5e93edd6d9bf1ef,35, #C8BA9D
7015a5e93edd6d9bf1ef,1,#EEDAB2
7015a5e93edd6d9bf1ef,12, #57473A
7015a5e93edd6d9bf1ef,15, #766859
7015a5e93edd6d9bf1ef,19, #312219
701cf715d04dd78dd333,42, #C8C3B8
701cf715d04dd78dd333,7, #E4DFD2
701cf715d04dd78dd333,2,#FAF9F5
701cf715d04dd78dd333,13, #3E3F38
701cf715d04dd78dd333,16, #737266
701cf715d04dd78dd333,16, #A19D92
7026c3945168057ca701,2, #9C7F4E
7026c3945168057ca701,29,#543C23
7026c3945168057ca701,23, #1E1812
7026c3945168057ca701,0, #BA9F65
7026c3945168057ca701,34, #3A2C1D
7026c3945168057ca701,10, #765A38
702c8697d9eeff7386cb,56, #242117
702c8697d9eeff7386cb,1, #A58F6E
702c8697d9eeff7386cb,2, #E6D0A4
702c8697d9eeff7386cb,0, #C0B28F
702c8697d9eeff7386cb,38, #77674D
702c8697d9eeff7386cb,0,#FBF5DA
7039e77b738e980b5827,11,#796F4D
7039e77b738e980b5827,7, #9F8F5C
7039e77b738e980b5827,0, #E8E3BE
7039e77b738e980b5827,26, #272015
7039e77b738e980b5827,18, #C0B07B
7039e77b738e980b5827,35, #5B4B27
703c48423e5a60d3c591,18, #E7E1CB
703c48423e5a60d3c591,10, #5B5548
703c48423e5a60d3c591,10, #9B9585
703c48423e5a60d3c591,17, #807968
703c48423e5a60d3c591,16, #BFB8A3
703c48423e5a60d3c591,1, #403C33
703c48423e5a60d3c591,24,#FBF9F2
704991780d3ee371288a,17, #5E5D50
704991780d3ee371288a,4, #3D3D35
704991780d3ee371288a,14, #A5A193
704991780d3ee371288a,5, #CBC7BA
704991780d3ee371288a,11, #7F7C6C
704991780d3ee371288a,47,#ECEADF
705c43db47f2b88c1ac6,54, #97978F
705c43db47f2b88c1ac6,5, #BABAAE
705c43db47f2b88c1ac6,27, #707068
705c43db47f2b88c1ac6,2,#52514C
705c43db47f2b88c1ac6,6, #D3D2C4
705c43db47f2b88c1ac6,3, #EBEADA
705e7c5706159f49b0bb,0, #D1D0CF
705e7c5706159f49b0bb,27, #F3F3F3
705e7c5706159f49b0bb,12, #6A5C47
705e7c5706159f49b0bb,3, #AA9771
705e7c5706159f49b0bb,14, #0B0908
705e7c5706159f49b0bb,1, #AEADAC
705e7c5706159f49b0bb,41,#382C22
70622b8415925bb2a090,1,#FAF9F4
70622b8415925bb2a090,23, #56524A
70622b8415925bb2a090,12, #C8BFAC
70622b8415925bb2a090,27, #716D64
70622b8415925bb2a090,18, #918C83
70622b8415925bb2a090,16, #ECE4D0
70702e3a688e486f9e9c,30,#CAC5AB
70702e3a688e486f9e9c,0, #271D09
70702e3a688e486f9e9c,7, #37342A
70702e3a688e486f9e9c,4, #544A2E
70702e3a688e486f9e9c,5, #6D6442
70702e3a688e486f9e9c,27, #B2A67A
70702e3a688e486f9e9c,23, #918665
70740600fd5a5ee4e3d2,25, #483D31
70740600fd5a5ee4e3d2,21, #6B5E4B
70740600fd5a5ee4e3d2,17,#EFEBDB
70740600fd5a5ee4e3d2,6, #CEBE9C
70740600fd5a5ee4e3d2,11, #8D7E63
70740600fd5a5ee4e3d2,16, #A89C82
708240fd52026ddb5c02,7, #908A55
708240fd52026ddb5c02,28, #221E14
708240fd52026ddb5c02,21, #E3E0C4
708240fd52026ddb5c02,41, #514D2F
708240fd52026ddb5c02,0, #C5A92C
708240fd52026ddb5c02,1,#BBB695
708e944f3af59bae97a3,21, #64635B
708e944f3af59bae97a3,5,#F1EEE5
708e944f3af59bae97a3,30, #CAC6B8
708e944f3af59bae97a3,12, #928F85
708e944f3af59bae97a3,18, #3B3B36
708e944f3af59bae97a3,11, #ACA89D
7092f94c1b87b95318ad,1, #A18E69
7092f94c1b87b95318ad,42, #4B3120
7092f94c1b87b95318ad,3, #714A24
7092f94c1b87b95318ad,48, #11100D
7092f94c1b87b95318ad,2,#836F50
7092f94c1b87b95318ad,1, #B4A784
7099a69d0bd8b0d134a9,3, #B4A585
7099a69d0bd8b0d134a9,2, #6B5E4B
7099a69d0bd8b0d134a9,5, #93846B
7099a69d0bd8b0d134a9,3, #13120E
7099a69d0bd8b0d134a9,36, #443F36
7099a69d0bd8b0d134a9,49,#2A2822
7099a69d0bd8b0d134a9,0, #CCC6A4
70a126e8233f3ebcc271,20, #BAB4A9
70a126e8233f3ebcc271,9, #A49E93
70a126e8233f3ebcc271,28,#F6F2EA
70a126e8233f3ebcc271,2, #4D4940
70a126e8233f3ebcc271,8, #736E63
70a126e8233f3ebcc271,20, #D5CFC4
70a126e8233f3ebcc271,10, #8E897E
70a81dd07a7ab3cc28e7,2, #EEE6D4
70a81dd07a7ab3cc28e7,15, #9B9489
70a81dd07a7ab3cc28e7,5, #32302A
70a81dd07a7ab3cc28e7,23, #726D63
70a81dd07a7ab3cc28e7,10, #D5CDBC
70a81dd07a7ab3cc28e7,10, #BBB4A6
70a81dd07a7ab3cc28e7,32,#4D4942
70a8b7086730f4806eff,12, #5F6163
70a8b7086730f4806eff,3, #7E8082
70a8b7086730f4806eff,32,#F5F4F0
70a8b7086730f4806eff,6, #969798
70a8b7086730f4806eff,5, #B4B6B6
70a8b7086730f4806eff,9, #D5D5D3
70a8b7086730f4806eff,30, #3B3C3B
70a95e7453e9aef70495,17, #835639
70a95e7453e9aef70495,5, #C6B175
70a95e7453e9aef70495,2, #EFE5A7
70a95e7453e9aef70495,42,#3C301D
70a95e7453e9aef70495,26, #0E0E0B
70a95e7453e9aef70495,2, #8C8560
70a95e7453e9aef70495,2, #C5914B
70af1341f044ddf68eb4,5, #ADA48D
70af1341f044ddf68eb4,86, #DDD5C1
70af1341f044ddf68eb4,2,#5F5D4E
70af1341f044ddf68eb4,0, #FDF7E1
70af1341f044ddf68eb4,0, #494739
70af1341f044ddf68eb4,4, #837D69
70ca91a1c0a097aff702,18, #5F5952
70ca91a1c0a097aff702,28, #8D867C
70ca91a1c0a097aff702,23, #BAB3A2
70ca91a1c0a097aff702,0,#FAF6EA
70ca91a1c0a097aff702,3, #3B3633
70ca91a1c0a097aff702,23, #D9D1BF
70cd453f8d71e3450c5f,8, #9B948B
70cd453f8d71e3450c5f,8, #594F45
70cd453f8d71e3450c5f,9, #7B7068
70cd453f8d71e3450c5f,27, #BAB5A4
70cd453f8d71e3450c5f,3, #F1F2F1
70cd453f8d71e3450c5f,6, #2C241A
70cd453f8d71e3450c5f,35,#D2D0C1
70d861adfd74ca8bf193,24, #47361D
70d861adfd74ca8bf193,17, #5E4C2C
70d861adfd74ca8bf193,13, #756544
70d861adfd74ca8bf193,16, #271D11
70d861adfd74ca8bf193,4, #91825E
70d861adfd74ca8bf193,22,#A6A083
70dc44635997c2181e15,3, #6B5F36
70dc44635997c2181e15,46,#4C4022
70dc44635997c2181e15,42, #1D1B11
70dc44635997c2181e15,2, #9D905E
70dc44635997c2181e15,3, #8F7940
70dc44635997c2181e15,1, #BCA96C
70dc44635997c2181e15,1, #D8C58E
70e21333cf9e8d584595,22, #79725F
70e21333cf9e8d584595,25, #BBB198
70e21333cf9e8d584595,12,#F7F4E2
70e21333cf9e8d584595,3, #4D483C
70e21333cf9e8d584595,10, #9A927E
70e21333cf9e8d584595,25, #DCD1B4
70e5e372c26649576082,34, #3D3C35
70e5e372c26649576082,20, #666358
70e5e372c26649576082,15, #AAA595
70e5e372c26649576082,8,#EBE4D2
70e5e372c26649576082,12, #CAC4B3
70e5e372c26649576082,9, #888477
70e6961a1e2df16ed859,8, #5C5C50
70e6961a1e2df16ed859,17, #7D7B6F
70e6961a1e2df16ed859,23, #C5C1B5
70e6961a1e2df16ed859,29,#F2EEE1
70e6961a1e2df16ed859,8, #A19E93
70e6961a1e2df16ed859,12, #34332B
70ed998039f0c3e780d5,6, #48473C
70ed998039f0c3e780d5,3, #302F29
70ed998039f0c3e780d5,24, #8C8875
70ed998039f0c3e780d5,18, #B4AF9B
70ed998039f0c3e780d5,11, #676456
70ed998039f0c3e780d5,35,#E2DCC5
70eecccf37f1801b27f1,6, #BAB5A5
70eecccf37f1801b27f1,4, #9F9A8C
70eecccf37f1801b27f1,0, #4C4B41
70eecccf37f1801b27f1,44,#F1ECDA
70eecccf37f1801b27f1,41, #D7CFBB
70eecccf37f1801b27f1,2, #7A7669
70f116c294cf8247506a,6, #CFC1A5
70f116c294cf8247506a,0, #3D2D22
70f116c294cf8247506a,9, #FAF9F6
70f116c294cf8247506a,1, #665545
70f116c294cf8247506a,11, #A49885
70f116c294cf8247506a,69,#EAE3D3
70f116c294cf8247506a,1, #867561
70f949fbc8f317eaf753,15, #BBB5AA
70f949fbc8f317eaf753,10, #9E9A91
70f949fbc8f317eaf753,8, #67645E
70f949fbc8f317eaf753,23, #F3EBDC
70f949fbc8f317eaf753,2, #484642
70f949fbc8f317eaf753,16, #85817A
70f949fbc8f317eaf753,23,#DCD3C5
70f98946f005dc049f2b,5,#C9C4B3
70f98946f005dc049f2b,6, #8A8679
70f98946f005dc049f2b,6, #6D695B
70f98946f005dc049f2b,5, #ABA696
70f98946f005dc049f2b,5, #4A483E
70f98946f005dc049f2b,70, #F1EFE5
70fff7134ede3df33302,10,#CBC6B1
70fff7134ede3df33302,9, #AAA594
70fff7134ede3df33302,13, #807B6B
70fff7134ede3df33302,39, #F0EDE0
70fff7134ede3df33302,4, #3A3730
70fff7134ede3df33302,22, #575448
7104aa57183e81148a00,6, #978E70
7104aa57183e81148a00,4, #89774B
7104aa57183e81148a00,4, #C0BA9A
7104aa57183e81148a00,53,#16120B
7104aa57183e81148a00,22, #4E341E
7104aa57183e81148a00,0, #B7A25D
7104aa57183e81148a00,8, #6B5631
711147507aa98f28ffd1,5, #A3A29A
711147507aa98f28ffd1,11, #F0EEE2
711147507aa98f28ffd1,3, #C8C6B9
711147507aa98f28ffd1,19, #7D7255
711147507aa98f28ffd1,2, #090805
711147507aa98f28ffd1,8, #322821
711147507aa98f28ffd1,48,#574D44
7118d90c95f5fe33435b,16, #3A342A
7118d90c95f5fe33435b,4, #7D6F50
7118d90c95f5fe33435b,43,#22211C
7118d90c95f5fe33435b,10, #564C36
7118d90c95f5fe33435b,16, #494030
7118d90c95f5fe33435b,0, #9A855E
7118d90c95f5fe33435b,8, #65593E
7119f9683a63bd893b71,40, #9B9587
7119f9683a63bd893b71,4,#F5F1E7
7119f9683a63bd893b71,3, #C7BFAD
7119f9683a63bd893b71,5, #50493C
7119f9683a63bd893b71,44, #6D685A
7119f9683a63bd893b71,1, #352F24
711c62165762c1b9f00c,0, #DAD2BB
711c62165762c1b9f00c,64,#51504F
711c62165762c1b9f00c,4, #F9F7DE
711c62165762c1b9f00c,14, #1B1427
711c62165762c1b9f00c,12, #737679
711c62165762c1b9f00c,1, #010000
711c62165762c1b9f00c,2, #B1A995
71215ea636ed8e55a818,60, #BAB098
71215ea636ed8e55a818,11, #D9D5C6
71215ea636ed8e55a818,17, #F2F2EA
71215ea636ed8e55a818,1, #817051
71215ea636ed8e55a818,0,#5F5B52
71215ea636ed8e55a818,8, #998D72
7125d38b72c1cb513787,9, #A59A86
7125d38b72c1cb513787,5, #E5DFC9
7125d38b72c1cb513787,59, #564A3E
7125d38b72c1cb513787,15, #8C7C65
7125d38b72c1cb513787,4, #C9BFA5
7125d38b72c1cb513787,5,#FCFAF5
71267bb63852f9abb7fb,15, #423720
71267bb63852f9abb7fb,5, #624D2E
71267bb63852f9abb7fb,71,#1D1A10
71267bb63852f9abb7fb,4, #69654D
71267bb63852f9abb7fb,1, #8C6234
71267bb63852f9abb7fb,1, #7F7C64
71267bb63852f9abb7fb,0, #94927B
712da3461100d0c75276,14, #AEA99B
712da3461100d0c75276,3, #FCFAF4
712da3461100d0c75276,0, #2E2B20
712da3461100d0c75276,14, #696557
712da3461100d0c75276,47,#D9D3C5
712da3461100d0c75276,8, #474438
712da3461100d0c75276,10, #8D887B
712dd3795f01403f13b9,53,#4A2114
712dd3795f01403f13b9,12, #6F4626
712dd3795f01403f13b9,12, #253429
712dd3795f01403f13b9,0, #3A5042
712dd3795f01403f13b9,7, #AE9A72
712dd3795f01403f13b9,1, #C8B78B
712dd3795f01403f13b9,12, #726642
712fb353eaf93405ddc6,10,#F3F1E4
712fb353eaf93405ddc6,8, #CAC1A5
712fb353eaf93405ddc6,28, #8D8471
712fb353eaf93405ddc6,9, #AFA388
712fb353eaf93405ddc6,3, #DBD4BD
712fb353eaf93405ddc6,39, #726656
713886ea95f553408c1c,20, #C9C3AC
713886ea95f553408c1c,10, #837F72
713886ea95f553408c1c,9, #A6A08E
713886ea95f553408c1c,24, #E9E2CB
713886ea95f553408c1c,7, #3E3D38
713886ea95f553408c1c,0, #FEFCE5
713886ea95f553408c1c,26,#5C5A52
713d160f21fe88eecceb,19, #42342D
713d160f21fe88eecceb,0, #C7BEAF
713d160f21fe88eecceb,3, #6C5E56
713d160f21fe88eecceb,19, #E5DBC5
713d160f21fe88eecceb,15, #A79988
713d160f21fe88eecceb,40,#FAF6E5
713d160f21fe88eecceb,1, #83786F
7140e9de84c8601c7ea2,13, #B5AD9D
7140e9de84c8601c7ea2,5, #433E3B
7140e9de84c8601c7ea2,14, #5B554F
7140e9de84c8601c7ea2,11, #766F65
7140e9de84c8601c7ea2,15, #D9D1BE
7140e9de84c8601c7ea2,30,#F9F6EC
7140e9de84c8601c7ea2,8, #8F887C
714684e1abd2483d74d9,19, #4B3B15
714684e1abd2483d74d9,2, #9A8B54
714684e1abd2483d74d9,0, #AEAA7E
714684e1abd2483d74d9,0, #C3BE95
714684e1abd2483d74d9,0, #DAD5AC
714684e1abd2483d74d9,64,#151309
714684e1abd2483d74d9,12, #6E6A3D
7151c1f9aeedf47c5883,35, #B1B6AA
7151c1f9aeedf47c5883,14, #49493D
7151c1f9aeedf47c5883,4, #BBAA6D
7151c1f9aeedf47c5883,15, #807C59
7151c1f9aeedf47c5883,13, #1D2222
7151c1f9aeedf47c5883,16,#EFEBD1
715e8a96a05e4c79b92d,3, #5A564A
715e8a96a05e4c79b92d,1, #434039
715e8a96a05e4c79b92d,49,#D8D3C1
715e8a96a05e4c79b92d,11, #8E887B
715e8a96a05e4c79b92d,16, #B1AA99
715e8a96a05e4c79b92d,7, #F9F8F1
715e8a96a05e4c79b92d,9, #716B5D
715f3d53c20210e6b723,5, #4E4D41
715f3d53c20210e6b723,15, #6E6D60
715f3d53c20210e6b723,19, #8B897D
715f3d53c20210e6b723,15, #DEDAC6
715f3d53c20210e6b723,26,#B6B3A3
715f3d53c20210e6b723,16, #F9F6E3
715f3d53c20210e6b723,1, #343428
716143bc9c49bbb09e23,20, #504F2F
716143bc9c49bbb09e23,2, #DCC078
716143bc9c49bbb09e23,8, #7F7032
716143bc9c49bbb09e23,53,#1B1C15
716143bc9c49bbb09e23,4, #C8CBD3
716143bc9c49bbb09e23,3, #988D59
716143bc9c49bbb09e23,6, #B4B29E
71698e9fd0803bf002ce,18, #8B7E5C
71698e9fd0803bf002ce,20, #DFDCCD
71698e9fd0803bf002ce,0, #939393
71698e9fd0803bf002ce,14, #D8CFB2
71698e9fd0803bf002ce,9, #AC9F78
71698e9fd0803bf002ce,25,#C5B891
71698e9fd0803bf002ce,11, #F8F8F6
717310090f97b8672881,0, #ADA58A
717310090f97b8672881,56, #2B1E11
717310090f97b8672881,5,#0B0E06
717310090f97b8672881,35, #583F28
717310090f97b8672881,0, #93896D
717310090f97b8672881,1, #7C6E4C
7174738fba8877e5342c,10, #C6B897
7174738fba8877e5342c,39, #E0D9C3
7174738fba8877e5342c,15, #4D483F
7174738fba8877e5342c,10, #79705C
7174738fba8877e5342c,18, #A69A80
7174738fba8877e5342c,6,#FAF9F5
7178294ff80595ed6bd0,5, #666054
7178294ff80595ed6bd0,7, #807C71
7178294ff80595ed6bd0,7, #4C463A
7178294ff80595ed6bd0,9, #9B9888
7178294ff80595ed6bd0,52,#BBB8A4
7178294ff80595ed6bd0,11, #DCDCD8
7178294ff80595ed6bd0,5, #231B12
71786a6c472eaf1c9bb1,24, #272012
71786a6c472eaf1c9bb1,6, #9E8D5B
71786a6c472eaf1c9bb1,1, #D5C785
71786a6c472eaf1c9bb1,10, #B6A56A
71786a6c472eaf1c9bb1,33,#836843
71786a6c472eaf1c9bb1,24, #534028
71786a6c472eaf1c9bb1,0, #B96B4E
7178a0cbd7d5431f23b3,12, #7D8E7E
7178a0cbd7d5431f23b3,5, #A99253
7178a0cbd7d5431f23b3,27, #5A6752
7178a0cbd7d5431f23b3,41,#26261B
7178a0cbd7d5431f23b3,7, #CFC3A5
7178a0cbd7d5431f23b3,1, #D7C664
7178a0cbd7d5431f23b3,4, #F0EBD5
7183a8847884ff2f6409,2, #A4A194
7183a8847884ff2f6409,3, #57574C
7183a8847884ff2f6409,1,#FEFCF2
7183a8847884ff2f6409,85, #E0DCD0
7183a8847884ff2f6409,4, #838275
7183a8847884ff2f6409,2, #C0BDB1
718889f22573f28fe339,5, #8C6C50
718889f22573f28fe339,32, #362720
718889f22573f28fe339,32,#1B140F
718889f22573f28fe339,26, #6C4A34
718889f22573f28fe339,0, #C8B295
718889f22573f28fe339,2, #A3896F
718889f22573f28fe339,0, #B99D82
718a0014e5c619395924,4, #301B13
718a0014e5c619395924,7, #8F8379
718a0014e5c619395924,7, #EFEFEB
718a0014e5c619395924,9, #4D372B
718a0014e5c619395924,51,#C7C6BC
718a0014e5c619395924,15, #AFA89E
718a0014e5c619395924,5, #6F5E52
718a64142d5c9b627aa4,4, #5E4937
718a64142d5c9b627aa4,9,#F5EBD4
718a64142d5c9b627aa4,18, #C0A989
718a64142d5c9b627aa4,18, #806348
718a64142d5c9b627aa4,21, #D9C9AF
718a64142d5c9b627aa4,26, #9B8669
71943b75adf3be73332d,12, #C7B28C
71943b75adf3be73332d,5, #AB9A7A
71943b75adf3be73332d,31, #DCC8A0
71943b75adf3be73332d,20, #8A7B63
71943b75adf3be73332d,7,#F2E5C1
71943b75adf3be73332d,22, #665D52
7197faf92a385c8059ec,13, #362D24
7197faf92a385c8059ec,8, #62574B
7197faf92a385c8059ec,4,#D1C6AD
7197faf92a385c8059ec,7, #A29C90
7197faf92a385c8059ec,6, #83796D
7197faf92a385c8059ec,59, #F5F1E2
719a43eeae07ac8089c5,7,#FAF5E5
719a43eeae07ac8089c5,8, #DAD3C5
719a43eeae07ac8089c5,31, #3A3634
719a43eeae07ac8089c5,21, #625B58
719a43eeae07ac8089c5,18, #7E7772
719a43eeae07ac8089c5,11, #AAA59A
719d05dc37a895aafae5,23, #AD9F89
719d05dc37a895aafae5,0, #FCF9E9
719d05dc37a895aafae5,4, #EAE3D2
719d05dc37a895aafae5,26,#C0B49C
719d05dc37a895aafae5,18, #958976
719d05dc37a895aafae5,19, #D8D0B9
719d05dc37a895aafae5,7, #7E6F5E
719d27f6bd966e20cab2,20, #7C7769
719d27f6bd966e20cab2,27, #5C594E
719d27f6bd966e20cab2,5, #36362D
719d27f6bd966e20cab2,9,#F4EFD9
719d27f6bd966e20cab2,18, #A29B8B
719d27f6bd966e20cab2,17, #CEC7B3
719d4461d15454aa593f,5, #958C7C
719d4461d15454aa593f,4, #534235
719d4461d15454aa593f,12,#F5F4EE
719d4461d15454aa593f,4, #7C6D5B
719d4461d15454aa593f,62, #DAD5C4
719d4461d15454aa593f,10, #BCB29B
719eb753d6f64d70949b,13, #433B1A
719eb753d6f64d70949b,12, #625527
719eb753d6f64d70949b,37, #25210C
719eb753d6f64d70949b,6,#9C9672
719eb753d6f64d70949b,3, #85763F
719eb753d6f64d70949b,25, #B1AD8C
71c5463ab59062a5d1d5,61,#F7F6F0
71c5463ab59062a5d1d5,2, #51504A
71c5463ab59062a5d1d5,5, #706F68
71c5463ab59062a5d1d5,7, #A2A097
71c5463ab59062a5d1d5,19, #C6C4BB
71c5463ab59062a5d1d5,4, #8A8880
71c5962ab43a135617d8,6, #5B4538
71c5962ab43a135617d8,18,#76685B
71c5962ab43a135617d8,5, #432D22
71c5962ab43a135617d8,2, #29170F
71c5962ab43a135617d8,13, #9D8E7B
71c5962ab43a135617d8,54, #BFB8A7
71d7804ce7168e5280cf,59, #CCC3A9
71d7804ce7168e5280cf,13, #B2AA95
71d7804ce7168e5280cf,1, #E4E0CD
71d7804ce7168e5280cf,4, #898679
71d7804ce7168e5280cf,10,#FBF9F4
71d7804ce7168e5280cf,11, #9B9689
71db88f13e9497dfd5d7,37,#B7AE81
71db88f13e9497dfd5d7,9, #AD9B56
71db88f13e9497dfd5d7,16, #90843F
71db88f13e9497dfd5d7,3, #98926A
71db88f13e9497dfd5d7,2, #2F2A0E
71db88f13e9497dfd5d7,20, #4E4816
71db88f13e9497dfd5d7,9, #676238
71de8fed008222acee37,19, #5F5A4D
71de8fed008222acee37,17, #4A4332
71de8fed008222acee37,0, #A29D8E
71de8fed008222acee37,2, #7F755F
71de8fed008222acee37,26, #170E0B
71de8fed008222acee37,33,#34281B
71de8fed008222acee37,0, #938666
71e9527c5f427a17d31c,0, #675D4D
71e9527c5f427a17d31c,1, #352E22
71e9527c5f427a17d31c,18, #ABA08B
71e9527c5f427a17d31c,12, #837B71
71e9527c5f427a17d31c,66, #D0CCC2
71e9527c5f427a17d31c,0,#F7F7F7
71e974504f4e975bccfd,0, #E7E0C0
71e974504f4e975bccfd,22, #796E54
71e974504f4e975bccfd,19, #494942
71e974504f4e975bccfd,0, #D0C084
71e974504f4e975bccfd,7, #0A1111
71e974504f4e975bccfd,48,#272A28
71e974504f4e975bccfd,2, #A49A71
71ea3203fe8142ecc9d4,62,#6C604A
71ea3203fe8142ecc9d4,8, #C8C7B8
71ea3203fe8142ecc9d4,10, #EFEFEA
71ea3203fe8142ecc9d4,3, #938E7D
71ea3203fe8142ecc9d4,10, #4D3F2B
71ea3203fe8142ecc9d4,1, #B4B09E
71ea3203fe8142ecc9d4,3, #211E17
71f25e7b6a645e984a04,1,#F9F0DC
71f25e7b6a645e984a04,16, #787365
71f25e7b6a645e984a04,4, #BAB29F
71f25e7b6a645e984a04,25, #49463E
71f25e7b6a645e984a04,43, #DACFB9
71f25e7b6a645e984a04,8, #9C9685
7203f8aaf1e70941c3f3,38, #87786A
7203f8aaf1e70941c3f3,23, #D6D1C5
7203f8aaf1e70941c3f3,0, #543C2F
7203f8aaf1e70941c3f3,6, #6D574A
7203f8aaf1e70941c3f3,17,#BEB4A6
7203f8aaf1e70941c3f3,13, #A49786
720446ac2fedd2b09ae5,13, #E4DFCD
720446ac2fedd2b09ae5,2, #F8F3DF
720446ac2fedd2b09ae5,18, #6C695D
720446ac2fedd2b09ae5,9, #B0AA9C
720446ac2fedd2b09ae5,32,#4B4A43
720446ac2fedd2b09ae5,6, #D1CBBA
720446ac2fedd2b09ae5,16, #8B8779
7206213b842de51b9df4,9, #A19D8F
7206213b842de51b9df4,7, #686457
7206213b842de51b9df4,10, #F9F8F3
7206213b842de51b9df4,9, #47453A
7206213b842de51b9df4,8, #817C6E
7206213b842de51b9df4,41,#E8E2D1
7206213b842de51b9df4,12, #C8BFAB
7207ca6df83432393201,23, #6B5033
7207ca6df83432393201,9, #221F19
7207ca6df83432393201,11, #8E6F46
7207ca6df83432393201,4, #B7A470
7207ca6df83432393201,44,#433526
7207ca6df83432393201,5, #A68E5D
7207ca6df83432393201,0, #CDBB83
72089865ec4b1cdcefbc,34, #EDE6DB
72089865ec4b1cdcefbc,1, #856C57
72089865ec4b1cdcefbc,6, #B38869
72089865ec4b1cdcefbc,44,#D3BDA5
72089865ec4b1cdcefbc,11, #BCA38A
72089865ec4b1cdcefbc,1, #574A41
72089865ec4b1cdcefbc,0, #FEFEFE
72173aa861ffee8c7ffd,23, #A79D86
72173aa861ffee8c7ffd,3, #413A2B
72173aa861ffee8c7ffd,0, #2B241C
72173aa861ffee8c7ffd,10, #877D67
72173aa861ffee8c7ffd,19, #59523F
72173aa861ffee8c7ffd,34,#C1B9A6
72173aa861ffee8c7ffd,8, #706650
722ba73f5a5c94d7b2fd,50,#252419
722ba73f5a5c94d7b2fd,0, #B09562
722ba73f5a5c94d7b2fd,38, #48422E
722ba73f5a5c94d7b2fd,4, #786A46
722ba73f5a5c94d7b2fd,4, #635234
722ba73f5a5c94d7b2fd,1, #948057
722ba73f5a5c94d7b2fd,0, #BEA46D
7230f41c5b1f8257ee28,8, #ADA898
7230f41c5b1f8257ee28,52,#F2F0DE
7230f41c5b1f8257ee28,13, #CBC8B6
7230f41c5b1f8257ee28,18, #868173
7230f41c5b1f8257ee28,6, #625D50
7230f41c5b1f8257ee28,0, #403B30
72335d1d5425c1661af5,14, #B8B2A5
72335d1d5425c1661af5,5, #444139
72335d1d5425c1661af5,19, #827D71
72335d1d5425c1661af5,10, #646055
72335d1d5425c1661af5,35,#D9D4C4
72335d1d5425c1661af5,1, #FBF6E5
72335d1d5425c1661af5,12, #9F998D
7234011e2485946ab02c,12, #6E6856
7234011e2485946ab02c,21, #D4CBB4
7234011e2485946ab02c,9, #514C40
7234011e2485946ab02c,15, #B8AF98
7234011e2485946ab02c,24, #928B77
7234011e2485946ab02c,16,#F2EEE1
723d0094cc1305d269b9,5, #FBFBF7
723d0094cc1305d269b9,10, #4C493F
723d0094cc1305d269b9,20, #CAC5B1
723d0094cc1305d269b9,19, #AEA997
723d0094cc1305d269b9,8, #716D5E
723d0094cc1305d269b9,13, #E6E2CF
723d0094cc1305d269b9,21,#8E8979
723f3699be87cb0fcdeb,13, #9D9589
723f3699be87cb0fcdeb,14, #766C65
723f3699be87cb0fcdeb,17, #BEB7A5
723f3699be87cb0fcdeb,20,#2E2725
723f3699be87cb0fcdeb,11, #DAD6C3
723f3699be87cb0fcdeb,11, #574D4A
723f3699be87cb0fcdeb,10, #F5F5F0
724d0d95e47c0984f989,4, #585448
724d0d95e47c0984f989,8, #7F7968
724d0d95e47c0984f989,24, #EBE4D1
724d0d95e47c0984f989,15, #A39D8C
724d0d95e47c0984f989,26,#F9F8F3
724d0d95e47c0984f989,20, #CFC8B2
724d94f47b64071a9440,1, #CCC6AC
724d94f47b64071a9440,43, #453725
724d94f47b64071a9440,6, #B0A986
724d94f47b64071a9440,20, #7C5B33
724d94f47b64071a9440,22,#0A0604
724d94f47b64071a9440,5, #8F815C
72512fdaea6cfa556b69,26, #264C55
72512fdaea6cfa556b69,0, #7A632B
72512fdaea6cfa556b69,19, #0D1717
72512fdaea6cfa556b69,12, #9DABAC
72512fdaea6cfa556b69,32, #557983
72512fdaea6cfa556b69,7,#DEE3E0
7252c6c28a4157720f5a,8, #606359
7252c6c28a4157720f5a,17, #0A0807
7252c6c28a4157720f5a,17, #382D22
7252c6c28a4157720f5a,28,#66502F
7252c6c28a4157720f5a,9, #3E4344
7252c6c28a4157720f5a,4, #B59D6B
7252c6c28a4157720f5a,14, #947849
72575919ab1c733b05ef,67,#171A1A
72575919ab1c733b05ef,0, #6B766C
72575919ab1c733b05ef,2, #DDD6C6
72575919ab1c733b05ef,2, #846C44
72575919ab1c733b05ef,22, #48433A
72575919ab1c733b05ef,4, #9B9886
725c6a46fcf589622908,6, #B79A8E
725c6a46fcf589622908,2, #786F68
725c6a46fcf589622908,0, #6A584B
725c6a46fcf589622908,78,#F1E7D9
725c6a46fcf589622908,8, #C9BFB2
725c6a46fcf589622908,3, #A68375
7261f32e48ec9f6d7e38,18, #C1A187
7261f32e48ec9f6d7e38,19, #B28B70
7261f32e48ec9f6d7e38,19, #896C56
7261f32e48ec9f6d7e38,5, #85553B
7261f32e48ec9f6d7e38,9,#E1CFB8
7261f32e48ec9f6d7e38,28, #CFBAA2
7264d6aafa9c304766e3,3, #ACA391
7264d6aafa9c304766e3,73, #EADFCD
7264d6aafa9c304766e3,4, #948D7F
7264d6aafa9c304766e3,10,#CAC0AD
7264d6aafa9c304766e3,5, #615B4D
7264d6aafa9c304766e3,2, #7F7869
7269e4d031c3af0c752f,2, #665F51
7269e4d031c3af0c752f,26, #ACA494
7269e4d031c3af0c752f,34, #CCC2B1
7269e4d031c3af0c752f,15, #E2DBCF
7269e4d031c3af0c752f,20, #898171
7269e4d031c3af0c752f,0,#4C463C
726ce888c6f087d9b64b,22,#726D5F
726ce888c6f087d9b64b,21, #898473
726ce888c6f087d9b64b,8, #A49E88
726ce888c6f087d9b64b,8, #5D594F
726ce888c6f087d9b64b,16, #D7D2C5
726ce888c6f087d9b64b,23, #BFB9A7
726f71e7c0a00700f0cc,67, #21211F
726f71e7c0a00700f0cc,5,#ECEDEC
726f71e7c0a00700f0cc,8, #797A78
726f71e7c0a00700f0cc,3, #A6A7A6
726f71e7c0a00700f0cc,12, #515150
726f71e7c0a00700f0cc,2, #C6C7C7
727046ce3928a9d32da6,43,#CAC8AD
727046ce3928a9d32da6,32, #948E69
727046ce3928a9d32da6,3, #75582E
727046ce3928a9d32da6,7, #927444
727046ce3928a9d32da6,3, #4A3E28
727046ce3928a9d32da6,8, #52594F
727046ce3928a9d32da6,1, #E7E5CD
72751223134d1dcb630e,35,#ECEBDF
72751223134d1dcb630e,18, #808277
72751223134d1dcb630e,16, #9C9C92
72751223134d1dcb630e,19, #BBBAB0
72751223134d1dcb630e,1, #40423B
72751223134d1dcb630e,7, #5D5F56
727c9abae0f3bb49d411,34, #AAAAA4
727c9abae0f3bb49d411,7, #5A5344
727c9abae0f3bb49d411,34, #D4D1CA
727c9abae0f3bb49d411,11, #857B6E
727c9abae0f3bb49d411,5,#36251C
727c9abae0f3bb49d411,7, #4F3C2B
727db3d3de7d1b7d51ec,4, #3B3A32
727db3d3de7d1b7d51ec,11, #DCD8C6
727db3d3de7d1b7d51ec,26, #5D5B51
727db3d3de7d1b7d51ec,27,#F9F7EC
727db3d3de7d1b7d51ec,22, #8F8C7E
727db3d3de7d1b7d51ec,8, #B9B5A4
728e8c524ae7182cb322,12, #7D6E61
728e8c524ae7182cb322,44, #E9E8EA
728e8c524ae7182cb322,8, #54463C
728e8c524ae7182cb322,20, #C7BEA9
728e8c524ae7182cb322,12, #AD9974
728e8c524ae7182cb322,1,#202121
7290597b2545bae76e03,1, #A3977C
7290597b2545bae76e03,0, #CFB88C
7290597b2545bae76e03,10, #443E34
7290597b2545bae76e03,1, #666152
7290597b2545bae76e03,0, #ABAAA0
7290597b2545bae76e03,84,#121111
7290597b2545bae76e03,1, #8A7D66
72931094635c758f6ea5,5, #B59C63
72931094635c758f6ea5,3, #D3C586
72931094635c758f6ea5,36, #52523A
72931094635c758f6ea5,1, #E1DAA6
72931094635c758f6ea5,3, #7F754D
72931094635c758f6ea5,50,#2A281B
7299a79e98776dcc2c01,10, #BAB19F
7299a79e98776dcc2c01,22, #D8D1C2
7299a79e98776dcc2c01,11, #9A9384
7299a79e98776dcc2c01,7, #847967
7299a79e98776dcc2c01,10, #5E5348
7299a79e98776dcc2c01,37,#F4F2EB
729c6a1fded2e3b5c815,21,#F8F7F3
729c6a1fded2e3b5c815,55, #D4CDBB
729c6a1fded2e3b5c815,5, #807875
729c6a1fded2e3b5c815,4, #3C312E
729c6a1fded2e3b5c815,3, #5C514E
729c6a1fded2e3b5c815,9, #A39D94
729ea82927f0563445b2,27,#4D4527
729ea82927f0563445b2,27, #A89E6F
729ea82927f0563445b2,2, #DEDBAE
729ea82927f0563445b2,4, #2E2917
729ea82927f0563445b2,22, #6E653B
729ea82927f0563445b2,10, #C5BF8B
729ea82927f0563445b2,5, #978049
729f7be186a240f9a919,58, #F0E5D2
729f7be186a240f9a919,17, #B99B79
729f7be186a240f9a919,1,#565044
729f7be186a240f9a919,8, #866B56
729f7be186a240f9a919,6, #9A8267
729f7be186a240f9a919,7, #DDCDB3
72a1eb13a0ea6e71d1b8,11, #45403C
72a1eb13a0ea6e71d1b8,40, #ABA7A0
72a1eb13a0ea6e71d1b8,4,#FBF9F4
72a1eb13a0ea6e71d1b8,21, #D9D3C7
72a1eb13a0ea6e71d1b8,10, #716B64
72a1eb13a0ea6e71d1b8,11, #8C877F
72a2d6a22515cea71cc3,28, #A69A76
72a2d6a22515cea71cc3,6, #A67B43
72a2d6a22515cea71cc3,9, #654E36
72a2d6a22515cea71cc3,34,#DACA9C
72a2d6a22515cea71cc3,3, #0B0C0E
72a2d6a22515cea71cc3,11, #7A8069
72a2d6a22515cea71cc3,5, #302821
72c09919eb597e8c8999,27,#CBC5B4
72c09919eb597e8c8999,10, #71634C
72c09919eb597e8c8999,13, #B3AB92
72c09919eb597e8c8999,7, #F3F0E3
72c09919eb597e8c8999,1, #564835
72c09919eb597e8c8999,24, #9A9077
72c09919eb597e8c8999,14, #887B5B
72c60cdc8179fd1cfece,15, #7D7062
72c60cdc8179fd1cfece,1, #FBFAF4
72c60cdc8179fd1cfece,20, #BAB29C
72c60cdc8179fd1cfece,19, #53473E
72c60cdc8179fd1cfece,30,#9E9382
72c60cdc8179fd1cfece,3, #221815
72c60cdc8179fd1cfece,8, #DCD9C6
72cc6925e2bb798d83b7,40, #3A2D25
72cc6925e2bb798d83b7,2,#110A09
72cc6925e2bb798d83b7,12, #908572
72cc6925e2bb798d83b7,13, #F0EBD1
72cc6925e2bb798d83b7,2, #CEC4A3
72cc6925e2bb798d83b7,28, #6D5147
72cd5f4155b5a555f568,7, #7A736A
72cd5f4155b5a555f568,3, #59514B
72cd5f4155b5a555f568,34, #F6F2E7
72cd5f4155b5a555f568,40, #CEC7B5
72cd5f4155b5a555f568,12,#A49D91
72cd5f4155b5a555f568,1, #37312D
72d14a7a69def93c8a82,11, #B6AF9B
72d14a7a69def93c8a82,7, #969282
72d14a7a69def93c8a82,9, #676456
72d14a7a69def93c8a82,9, #F2EFE4
72d14a7a69def93c8a82,5, #7F7A6A
72d14a7a69def93c8a82,10, #424138
72d14a7a69def93c8a82,45,#D6CFB8
72d3c11fe85850811581,3, #69695C
72d3c11fe85850811581,5, #878779
72d3c11fe85850811581,8, #D6D5C6
72d3c11fe85850811581,4, #49483D
72d3c11fe85850811581,5, #ADAC9D
72d3c11fe85850811581,72,#F8F8F1
72d813952ee0010a8bbd,18, #BBB69E
72d813952ee0010a8bbd,20,#DAD3BC
72d813952ee0010a8bbd,1, #424031
72d813952ee0010a8bbd,16, #9F9B86
72d813952ee0010a8bbd,19, #817E69
72d813952ee0010a8bbd,16, #5F5D4A
72d813952ee0010a8bbd,7, #F7F3E3
72dca676fe08682b93a8,14, #918876
72dca676fe08682b93a8,37,#E5E0C9
72dca676fe08682b93a8,7, #B3AB92
72dca676fe08682b93a8,3, #FAF7EE
72dca676fe08682b93a8,16, #6E5F4B
72dca676fe08682b93a8,7, #4B3829
72dca676fe08682b93a8,14, #CEC8AD
72dd079820cd75be1d2b,3, #7B6B58
72dd079820cd75be1d2b,5, #A39982
72dd079820cd75be1d2b,0, #271B0B
72dd079820cd75be1d2b,22,#D2C9AF
72dd079820cd75be1d2b,0, #51432B
72dd079820cd75be1d2b,67, #F5F3E6
72e0e95480121c59463c,2, #B6AD93
72e0e95480121c59463c,3, #7A6740
72e0e95480121c59463c,61,#1A1610
72e0e95480121c59463c,0, #DDD3AF
72e0e95480121c59463c,4, #9E8C60
72e0e95480121c59463c,27, #55422A
72e134c76d69303bf30e,1,#FEFEFD
72e134c76d69303bf30e,10, #7B7766
72e134c76d69303bf30e,8, #EDECE0
72e134c76d69303bf30e,2, #D2CEBA
72e134c76d69303bf30e,37, #9C9889
72e134c76d69303bf30e,38, #BAB5A2
72f12e0da4454b938890,14, #756B4C
72f12e0da4454b938890,31, #AAA078
72f12e0da4454b938890,7, #504829
72f12e0da4454b938890,0, #D5D3BB
72f12e0da4454b938890,7, #322C1C
72f12e0da4454b938890,34,#B6B79E
72f12e0da4454b938890,4, #948456
72f3deccdc0f9b80d1e2,7, #636053
72f3deccdc0f9b80d1e2,16, #807B6C
72f3deccdc0f9b80d1e2,18, #B6B09D
72f3deccdc0f9b80d1e2,32, #E3DDC8
72f3deccdc0f9b80d1e2,9, #434137
72f3deccdc0f9b80d1e2,15,#F9F8E9
72f6652c2dc9434dd8e7,1, #4B473C
72f6652c2dc9434dd8e7,4, #86816F
72f6652c2dc9434dd8e7,10, #A8A393
72f6652c2dc9434dd8e7,2, #6B6657
72f6652c2dc9434dd8e7,68, #D7D1C2
72f6652c2dc9434dd8e7,12,#FBF8F2
72ff89bd35bf48c4238e,3, #88744F
72ff89bd35bf48c4238e,80,#120E08
72ff89bd35bf48c4238e,6, #2E2016
72ff89bd35bf48c4238e,3, #6B5433
72ff89bd35bf48c4238e,1, #A2956F
72ff89bd35bf48c4238e,0, #C2B68F
72ff89bd35bf48c4238e,4, #433524
7307a6c64fae170348fa,19, #72633E
7307a6c64fae170348fa,12, #B9B291
7307a6c64fae170348fa,19, #3F3524
7307a6c64fae170348fa,0, #D6D2BE
7307a6c64fae170348fa,30,#0A0807
7307a6c64fae170348fa,17, #9A8E67
7308310769756ff867c1,52, #A29D8D
7308310769756ff867c1,19, #BAB7A9
7308310769756ff867c1,4, #655849
7308310769756ff867c1,23, #867B6A
7308310769756ff867c1,0, #CDCCBF
7308310769756ff867c1,0,#3E3526
7309fcf84be0d26850b1,11, #ACA89E
7309fcf84be0d26850b1,27,#EDE9DE
7309fcf84be0d26850b1,15, #6C6961
7309fcf84be0d26850b1,2, #3F3E36
7309fcf84be0d26850b1,6, #56544B
7309fcf84be0d26850b1,20, #8D8A81
7309fcf84be0d26850b1,16, #C6C2B8
730e4f5ec439b98d8635,48,#1F1D22
730e4f5ec439b98d8635,1, #E7CE7C
730e4f5ec439b98d8635,22, #44332D
730e4f5ec439b98d8635,23, #7B5E3A
730e4f5ec439b98d8635,0, #FBEF98
730e4f5ec439b98d8635,1, #CDB162
730e4f5ec439b98d8635,3, #B5944C
7318623926d2c5fedee7,8, #8F8054
7318623926d2c5fedee7,13, #716443
7318623926d2c5fedee7,23, #A29B79
7318623926d2c5fedee7,37,#B9B187
7318623926d2c5fedee7,1, #2A210E
7318623926d2c5fedee7,5, #4B3C1F
7318623926d2c5fedee7,10, #CBC49C
731fd018449da3ca309c,29, #5F472B
731fd018449da3ca309c,4, #987C58
731fd018449da3ca309c,5, #7A5F3E
731fd018449da3ca309c,44,#31261A
731fd018449da3ca309c,3, #D5C6A2
731fd018449da3ca309c,12, #AE9674
731ff35978d01b14e546,38, #E1DACA
731ff35978d01b14e546,25, #C3B9A4
731ff35978d01b14e546,8,#F9F5E8
731ff35978d01b14e546,15, #989487
731ff35978d01b14e546,10, #6C685E
731ff35978d01b14e546,1, #403E36
7334adb13293d8b1184d,36, #44321E
7334adb13293d8b1184d,5, #5C4D30
7334adb13293d8b1184d,0, #AF8D59
7334adb13293d8b1184d,1, #987848
7334adb13293d8b1184d,54,#1B160B
7334adb13293d8b1184d,3, #80643A
733888fa3718851ef204,14, #564535
733888fa3718851ef204,3, #776751
733888fa3718851ef204,6,#DAD7CA
733888fa3718851ef204,7, #BDB7A3
733888fa3718851ef204,46, #99907A
733888fa3718851ef204,21, #362820
733ae174d9a520f3fcb5,67, #E9DFD0
733ae174d9a520f3fcb5,6,#716454
733ae174d9a520f3fcb5,3, #4C3E33
733ae174d9a520f3fcb5,1, #2E1F19
733ae174d9a520f3fcb5,11, #AA9580
733ae174d9a520f3fcb5,9, #D9B8A3
734142cef525f1cef3de,11, #C49949
734142cef525f1cef3de,9,#37372E
734142cef525f1cef3de,30, #907D55
734142cef525f1cef3de,0, #EDEAD1
734142cef525f1cef3de,36, #5E5844
734142cef525f1cef3de,11, #C2B78A
7356c98258ece29e2a22,0, #1C150D
7356c98258ece29e2a22,10, #9D9482
7356c98258ece29e2a22,38,#F7F4E9
7356c98258ece29e2a22,29, #DBD4C1
7356c98258ece29e2a22,13, #BFB59D
7356c98258ece29e2a22,3, #4A3C2D
7356c98258ece29e2a22,4, #786A54
735c58466cee75de0f99,10, #8D887E
735c58466cee75de0f99,7,#FAF9F5
735c58466cee75de0f99,1, #3F3D35
735c58466cee75de0f99,42, #E0DAC8
735c58466cee75de0f99,19, #68645B
735c58466cee75de0f99,17, #B5AFA0
73608e7da015953daaea,11, #8D7756
73608e7da015953daaea,17, #6D5E45
73608e7da015953daaea,1, #D9C794
73608e7da015953daaea,10, #B4A57D
73608e7da015953daaea,4,#302E1F
73608e7da015953daaea,53, #564A32
73876ba297bf9298fe5e,12, #707274
73876ba297bf9298fe5e,17, #242425
73876ba297bf9298fe5e,11,#C9CCCC
73876ba297bf9298fe5e,15, #E3E4E1
73876ba297bf9298fe5e,26, #9FA3A5
73876ba297bf9298fe5e,15, #494B4E
738efd6839caf6396b29,50, #DAD4C4
738efd6839caf6396b29,18, #B9A886
738efd6839caf6396b29,11, #766E5C
738efd6839caf6396b29,1, #46453A
738efd6839caf6396b29,4,#F7F3E3
738efd6839caf6396b29,14, #938F81
73a14a9370b753202589,2, #A29B85
73a14a9370b753202589,75,#DFD6BC
73a14a9370b753202589,7, #827D6A
73a14a9370b753202589,5, #646050
73a14a9370b753202589,2, #C7BEA5
73a14a9370b753202589,2, #F3E9CD
73a14a9370b753202589,3, #47453B
73a1f9cf6155496aed16,15,#BAB29B
73a1f9cf6155496aed16,1, #DCDBC8
73a1f9cf6155496aed16,8, #999481
73a1f9cf6155496aed16,13, #848277
73a1f9cf6155496aed16,48, #C9C6B8
73a1f9cf6155496aed16,12, #6D6D67
73a48418552c7286683d,9, #584E46
73a48418552c7286683d,1, #937F65
73a48418552c7286683d,28, #1B1A1B
73a48418552c7286683d,1, #AB9E82
73a48418552c7286683d,58, #36322E
73a48418552c7286683d,0,#7D6B57
73a6ca4615e4def185da,11, #666155
73a6ca4615e4def185da,14, #F8F3EC
73a6ca4615e4def185da,35,#D6CEC4
73a6ca4615e4def185da,9, #868073
73a6ca4615e4def185da,3, #3E3A31
73a6ca4615e4def185da,11, #A0998C
73a6ca4615e4def185da,14, #BBB4A7
73a9feb89d4761fb4dd6,20, #3F3C34
73a9feb89d4761fb4dd6,12, #DFD8C1
73a9feb89d4761fb4dd6,12, #9C9684
73a9feb89d4761fb4dd6,20, #736F60
73a9feb89d4761fb4dd6,25,#F8F6E7
73a9feb89d4761fb4dd6,7, #C5BDA6
73ae86b398e4fdf3ca5b,0, #42331F
73ae86b398e4fdf3ca5b,8, #F5F0E3
73ae86b398e4fdf3ca5b,6, #5E5849
73ae86b398e4fdf3ca5b,15, #9B937F
73ae86b398e4fdf3ca5b,9, #7B7361
73ae86b398e4fdf3ca5b,49,#D0CAB5
73ae86b398e4fdf3ca5b,11, #BAAE94
73b2528bcb2b244deb27,1, #C9B38A
73b2528bcb2b244deb27,1, #DAD1B9
73b2528bcb2b244deb27,32, #3F3822
73b2528bcb2b244deb27,18, #675F3C
73b2528bcb2b244deb27,1, #9A814C
73b2528bcb2b244deb27,42,#0E0E0E
73b2528bcb2b244deb27,1, #AA966E
73b25c0b11590981941b,14, #6A6B34
73b25c0b11590981941b,25, #585520
73b25c0b11590981941b,7, #A79D5C
73b25c0b11590981941b,3, #281E04
73b25c0b11590981941b,29,#898445
73b25c0b11590981941b,6, #BEB06D
73b25c0b11590981941b,11, #4C320C
73b9ff86195d82b0437a,23,#7C6953
73b9ff86195d82b0437a,11, #AF9F80
73b9ff86195d82b0437a,26, #98866A
73b9ff86195d82b0437a,15, #2E2524
73b9ff86195d82b0437a,4, #CCC1A6
73b9ff86195d82b0437a,18, #614F40
73bcbb4dfebc12361487,1, #3E3F38
73bcbb4dfebc12361487,29, #9C9C90
73bcbb4dfebc12361487,31, #CECBBE
73bcbb4dfebc12361487,21,#F4F2E7
73bcbb4dfebc12361487,5, #5D5E55
73bcbb4dfebc12361487,9, #76766D
73c85a3a8dd8f4cd217c,0, #A77656
73c85a3a8dd8f4cd217c,21, #5F5B55
73c85a3a8dd8f4cd217c,22, #F7F3E8
73c85a3a8dd8f4cd217c,0, #1F170B
73c85a3a8dd8f4cd217c,0, #41341C
73c85a3a8dd8f4cd217c,23, #A2957F
73c85a3a8dd8f4cd217c,32,#CBC1A6
73c9cc4768a677dc574d,5, #746358
73c9cc4768a677dc574d,6, #A59487
73c9cc4768a677dc574d,4, #927F71
73c9cc4768a677dc574d,5, #C4B2A1
73c9cc4768a677dc574d,67,#F1EADE
73c9cc4768a677dc574d,0, #574F4A
73c9cc4768a677dc574d,9, #DBD0C3
73cef4bde2978337c44c,44,#504529
73cef4bde2978337c44c,28, #2A2615
73cef4bde2978337c44c,0, #F7EFB0
73cef4bde2978337c44c,5, #B4914A
73cef4bde2978337c44c,1, #E8DB8D
73cef4bde2978337c44c,1, #D5BF6D
73cef4bde2978337c44c,18, #7F6746
73d58d3cef2a8a93d162,19, #978D7B
73d58d3cef2a8a93d162,7,#F1EEE1
73d58d3cef2a8a93d162,25, #796B58
73d58d3cef2a8a93d162,24, #4B3D2E
73d58d3cef2a8a93d162,16, #BFB49A
73d58d3cef2a8a93d162,6, #DAD2B7
73d8903b4543cdf6b182,7, #444138
73d8903b4543cdf6b182,50, #D9D5C3
73d8903b4543cdf6b182,11, #B1AA98
73d8903b4543cdf6b182,9, #6A6659
73d8903b4543cdf6b182,8, #857E6D
73d8903b4543cdf6b182,13,#FBF9F0
73d98b6fbfb6f29951df,0, #67664E
73d98b6fbfb6f29951df,0, #AEA981
73d98b6fbfb6f29951df,0, #88784C
73d98b6fbfb6f29951df,3, #6A5127
73d98b6fbfb6f29951df,0, #989168
73d98b6fbfb6f29951df,9, #3D3623
73d98b6fbfb6f29951df,85,#19120B
73e4868109ddb7ed3a56,33,#2E1C15
73e4868109ddb7ed3a56,17, #6F5D4D
73e4868109ddb7ed3a56,12, #584233
73e4868109ddb7ed3a56,5, #DEDFD5
73e4868109ddb7ed3a56,5, #C9BFA8
73e4868109ddb7ed3a56,13, #998770
73e4868109ddb7ed3a56,10, #B1A492
73e5e1efa97f2d506f61,1, #B6AD71
73e5e1efa97f2d506f61,27,#181104
73e5e1efa97f2d506f61,1, #95905E
73e5e1efa97f2d506f61,8, #544F2E
73e5e1efa97f2d506f61,56, #3F2E11
73e5e1efa97f2d506f61,4, #706B40
73e9f1d68b40b694629d,13, #5F4A31
73e9f1d68b40b694629d,17, #D4CDBC
73e9f1d68b40b694629d,42, #AAA18D
73e9f1d68b40b694629d,17, #81725B
73e9f1d68b40b694629d,4, #36220F
73e9f1d68b40b694629d,4,#F3EFE3
73edb978d01e339357e7,5, #67645A
73edb978d01e339357e7,1, #49473E
73edb978d01e339357e7,14, #AEA898
73edb978d01e339357e7,52, #F6F2E6
73edb978d01e339357e7,16, #CBC7BA
73edb978d01e339357e7,9,#89867B
73edea059d4fb930baba,12, #838079
73edea059d4fb930baba,5, #32312D
73edea059d4fb930baba,10, #C1BEB2
73edea059d4fb930baba,24, #5C5A55
73edea059d4fb930baba,12, #A6A39A
73edea059d4fb930baba,34,#E7E5D7
73f38c25c4e68727e44d,41, #372818
73f38c25c4e68727e44d,0, #9DA59B
73f38c25c4e68727e44d,41,#0C0A05
73f38c25c4e68727e44d,3, #738286
73f38c25c4e68727e44d,1, #816943
73f38c25c4e68727e44d,11, #4C5551
73f451f3eff285835d07,9, #9D9B90
73f451f3eff285835d07,6, #818075
73f451f3eff285835d07,8, #40423A
73f451f3eff285835d07,9, #65655B
73f451f3eff285835d07,3, #C2C0B5
73f451f3eff285835d07,62,#E3E1D4
73f606afc5aa5652eeed,20, #B9B29F
73f606afc5aa5652eeed,38, #E1DBC8
73f606afc5aa5652eeed,3,#F9F8F2
73f606afc5aa5652eeed,8, #686556
73f606afc5aa5652eeed,10, #868372
73f606afc5aa5652eeed,19, #3C3B32
73fb118d3b1d2e356747,0, #858078
73fb118d3b1d2e356747,0, #A49E95
73fb118d3b1d2e356747,45, #302618
73fb118d3b1d2e356747,2, #C3BFBA
73fb118d3b1d2e356747,51, #605741
73fb118d3b1d2e356747,0,#DEDCDB
73ffba79dbcd4fee0dc3,3, #776B4F
73ffba79dbcd4fee0dc3,77,#100E0C
73ffba79dbcd4fee0dc3,0, #683A19
73ffba79dbcd4fee0dc3,5, #524D38
73ffba79dbcd4fee0dc3,1, #968665
73ffba79dbcd4fee0dc3,1, #B1A37E
73ffba79dbcd4fee0dc3,11, #3E2912
7401f08014859fe296d4,1, #352A1E
7401f08014859fe296d4,38, #C6BFAD
7401f08014859fe296d4,41,#F6F4E9
7401f08014859fe296d4,3, #797161
7401f08014859fe296d4,3, #584D3E
7401f08014859fe296d4,0, #100C06
7401f08014859fe296d4,11, #A09580
740b3bc67eee3d055dbd,6, #E9E2C5
740b3bc67eee3d055dbd,71, #CDC6A3
740b3bc67eee3d055dbd,0, #7E7968
740b3bc67eee3d055dbd,0,#5E5C48
740b3bc67eee3d055dbd,0, #3A3A2E
740b3bc67eee3d055dbd,20, #A9A17A
740c1e45b153006c8efa,3, #917D64
740c1e45b153006c8efa,44,#272219
740c1e45b153006c8efa,3, #4E4235
740c1e45b153006c8efa,45, #0B0D0B
740c1e45b153006c8efa,2, #6D6659
740c1e45b153006c8efa,0, #BDB8A3
740ec927073579d06501,26, #6F6C5F
740ec927073579d06501,10, #D9D3C5
740ec927073579d06501,35, #9B968A
740ec927073579d06501,8,#F3EEE3
740ec927073579d06501,2, #49473E
740ec927073579d06501,16, #BBB6A8
7410a93e81e93cea8eb5,40, #D7D0C3
7410a93e81e93cea8eb5,11,#F6EFDF
7410a93e81e93cea8eb5,20, #6A685B
7410a93e81e93cea8eb5,14, #989486
7410a93e81e93cea8eb5,6, #414136
7410a93e81e93cea8eb5,6, #BBB6A9
7414110169683f9758a3,9, #31332C
7414110169683f9758a3,2, #897F68
7414110169683f9758a3,1, #836F3A
7414110169683f9758a3,1,#AD9975
7414110169683f9758a3,6, #55503A
7414110169683f9758a3,78, #121315
74150b165c22d71521ab,86,#D9D1BF
74150b165c22d71521ab,2, #767165
74150b165c22d71521ab,2, #B6B0A1
74150b165c22d71521ab,5, #F6EED9
74150b165c22d71521ab,1, #524E43
74150b165c22d71521ab,1, #959082
74150b165c22d71521ab,0, #312E28
74176ce87de06a467064,3, #856D47
74176ce87de06a467064,26,#110708
74176ce87de06a467064,57, #3A1F14
74176ce87de06a467064,3, #A09275
74176ce87de06a467064,6, #5B462A
74176ce87de06a467064,2, #C9C1A6
741919ad1b7cae436319,2,#F9F9E8
741919ad1b7cae436319,28, #DBD8BD
741919ad1b7cae436319,17, #353029
741919ad1b7cae436319,14, #B3AC90
741919ad1b7cae436319,7, #847B64
741919ad1b7cae436319,29, #5A5041
7421b032da34c9150155,4, #746A3E
7421b032da34c9150155,7, #C4AC66
7421b032da34c9150155,5, #9B8441
7421b032da34c9150155,0, #C1BEA0
7421b032da34c9150155,20, #4D4429
7421b032da34c9150155,58,#131A18
7421b032da34c9150155,4, #F0DD9B
742484e3b8e53b177e21,43,#6F716E
742484e3b8e53b177e21,0, #9F5841
742484e3b8e53b177e21,3, #475575
742484e3b8e53b177e21,0, #D5CCB7
742484e3b8e53b177e21,37, #A08B6D
742484e3b8e53b177e21,11, #47453E
742484e3b8e53b177e21,2, #B5AE9B
7425e042ae6b659a1ce5,2, #414031
7425e042ae6b659a1ce5,5, #6D6A54
7425e042ae6b659a1ce5,70, #EAE2C3
7425e042ae6b659a1ce5,10, #C0B99D
7425e042ae6b659a1ce5,7, #94917E
7425e042ae6b659a1ce5,3,#FDF9E8
742cd117f75560e8b40a,1, #483716
742cd117f75560e8b40a,51,#929583
742cd117f75560e8b40a,0, #5D645B
742cd117f75560e8b40a,3, #61522D
742cd117f75560e8b40a,9, #756843
742cd117f75560e8b40a,19, #B4B8A2
742cd117f75560e8b40a,15, #8F8560
7430285c4c2d3c91fb9f,4, #6D685F
7430285c4c2d3c91fb9f,6, #BFB6A2
7430285c4c2d3c91fb9f,4, #938D81
7430285c4c2d3c91fb9f,71,#F5F1E5
7430285c4c2d3c91fb9f,1, #434038
7430285c4c2d3c91fb9f,11, #DBD3C3
7432ae4904cccd5b2f6b,2, #46463F
7432ae4904cccd5b2f6b,32,#F3F1E6
7432ae4904cccd5b2f6b,4, #676559
7432ae4904cccd5b2f6b,12, #908C7C
7432ae4904cccd5b2f6b,11, #B5B19D
7432ae4904cccd5b2f6b,36, #DAD4BD
744116cc0dfa47417339,4, #938F7B
744116cc0dfa47417339,1, #78735F
744116cc0dfa47417339,79,#E7E3CC
744116cc0dfa47417339,1, #5B5847
744116cc0dfa47417339,6, #BDB9A1
744116cc0dfa47417339,0, #383529
744116cc0dfa47417339,7, #FCFBF1
745234d979e0bcdbfbd8,20, #9E9684
745234d979e0bcdbfbd8,7,#F3F1E9
745234d979e0bcdbfbd8,1, #DCD4C0
745234d979e0bcdbfbd8,20, #6A533A
745234d979e0bcdbfbd8,29, #877559
745234d979e0bcdbfbd8,21, #C6B797
745511d0280cc93d6c8b,9, #6A6659
745511d0280cc93d6c8b,4, #8D877A
745511d0280cc93d6c8b,3, #B4ADA1
745511d0280cc93d6c8b,1, #48463C
745511d0280cc93d6c8b,70,#F5EEE2
745511d0280cc93d6c8b,9, #D9D2C4
7455a0995cd0d56c3323,8, #5A5743
7455a0995cd0d56c3323,8, #837E65
7455a0995cd0d56c3323,11, #272619
7455a0995cd0d56c3323,9, #AFA78A
7455a0995cd0d56c3323,15,#F9F3D8
7455a0995cd0d56c3323,46, #DACCAD
7457ca8f410708dda533,3, #6D655C
7457ca8f410708dda533,62,#CFCAB3
7457ca8f410708dda533,0, #1D1715
7457ca8f410708dda533,23, #413A35
7457ca8f410708dda533,1, #EFECD8
7457ca8f410708dda533,6, #A5A092
7457ca8f410708dda533,2, #8A847A
745a1e07517bddb0f5fd,52, #2D2213
745a1e07517bddb0f5fd,15, #CFC6A1
745a1e07517bddb0f5fd,13,#AAA27A
745a1e07517bddb0f5fd,3, #6E6440
745a1e07517bddb0f5fd,1, #9A8B55
745a1e07517bddb0f5fd,13, #6A401D
745aa103468540d29cc6,3, #4E4A42
745aa103468540d29cc6,1,#FEFAED
745aa103468540d29cc6,17, #C7C1B4
745aa103468540d29cc6,4, #A7A296
745aa103468540d29cc6,4, #7E7A70
745aa103468540d29cc6,68, #E2DDD1
74618f4e7ef6321f41e5,33, #B2A697
74618f4e7ef6321f41e5,1, #37302B
74618f4e7ef6321f41e5,6, #574E46
74618f4e7ef6321f41e5,5, #F7EFE3
74618f4e7ef6321f41e5,14,#7D7267
74618f4e7ef6321f41e5,38, #E0CDBC
7463846b174cb4a81a4e,38, #ADA99A
7463846b174cb4a81a4e,11, #59564D
7463846b174cb4a81a4e,15, #DCD8C6
7463846b174cb4a81a4e,18, #7B786B
7463846b174cb4a81a4e,1, #3A3832
7463846b174cb4a81a4e,14,#F7F4E1
746b06f80189a874ef59,6, #A28265
746b06f80189a874ef59,0, #49453D
746b06f80189a874ef59,4, #D1BB7E
746b06f80189a874ef59,43, #D6CFB1
746b06f80189a874ef59,0, #665F52
746b06f80189a874ef59,46,#F6EFD2
746cf0beea20e30fef9e,2, #9E7E52
746cf0beea20e30fef9e,8,#777E76
746cf0beea20e30fef9e,31, #655137
746cf0beea20e30fef9e,18, #16170F
746cf0beea20e30fef9e,30, #3B3228
746cf0beea20e30fef9e,7, #A69D81
74763a9e85c5e97eb34a,14, #C0B5A6
74763a9e85c5e97eb34a,8, #6B655E
74763a9e85c5e97eb34a,8, #8B837A
74763a9e85c5e97eb34a,42,#EADFD4
74763a9e85c5e97eb34a,10, #D5C7B5
74763a9e85c5e97eb34a,4, #46413E
74763a9e85c5e97eb34a,10, #A89D8E
7476b2fae3409924ea98,3, #878377
7476b2fae3409924ea98,65,#F5F1E4
7476b2fae3409924ea98,3, #99968C
7476b2fae3409924ea98,12, #B5AE9D
7476b2fae3409924ea98,0, #6B675B
7476b2fae3409924ea98,0, #4F4B40
7476b2fae3409924ea98,14, #D8D0BD
7476c8e498d24acbb184,10, #7F7666
7476c8e498d24acbb184,12, #A49882
7476c8e498d24acbb184,21, #2C261F
7476c8e498d24acbb184,11,#534C40
7476c8e498d24acbb184,28, #F5F2E2
7476c8e498d24acbb184,15, #C9BEA7
747ccc80a3c618bdf203,62, #DDD5B7
747ccc80a3c618bdf203,1, #FDF3CE
747ccc80a3c618bdf203,23, #BEB28F
747ccc80a3c618bdf203,0,#624E2E
747ccc80a3c618bdf203,0, #806D42
747ccc80a3c618bdf203,12, #9C8F6B
7485a82df51d15b3b45c,13, #AA9577
7485a82df51d15b3b45c,6, #807361
7485a82df51d15b3b45c,7, #D5C7B8
7485a82df51d15b3b45c,7,#FAF7F5
7485a82df51d15b3b45c,63, #E9DFD6
7485a82df51d15b3b45c,0, #554E44
7485fa5a1555449d88ad,11, #635F54
7485fa5a1555449d88ad,9, #9D9689
7485fa5a1555449d88ad,22, #C0B8AB
7485fa5a1555449d88ad,45,#F1E9DB
7485fa5a1555449d88ad,7, #847F72
7485fa5a1555449d88ad,3, #3E3C34
748aef541cdbca83c93a,18, #585841
748aef541cdbca83c93a,10, #393625
748aef541cdbca83c93a,28,#A8AE99
748aef541cdbca83c93a,6, #EDECD6
748aef541cdbca83c93a,8, #CED5BF
748aef541cdbca83c93a,15, #11110A
748aef541cdbca83c93a,13, #9F826B
748e36951cbf9dcf5e1d,12, #A69F92
748e36951cbf9dcf5e1d,16, #7C7567
748e36951cbf9dcf5e1d,2,#DDDCDD
748e36951cbf9dcf5e1d,56, #998D73
748e36951cbf9dcf5e1d,9, #605138
748e36951cbf9dcf5e1d,3, #BEB6A9
74917397b8d41e360760,1, #404032
74917397b8d41e360760,66,#CFCEBD
74917397b8d41e360760,16, #F9F8ED
74917397b8d41e360760,4, #5B5A4A
74917397b8d41e360760,7, #7E7C6C
74917397b8d41e360760,3, #A5A291
7493cbf2c8e193a4e43c,0, #5B5045
7493cbf2c8e193a4e43c,10, #C0AF9C
7493cbf2c8e193a4e43c,3, #FDFAF9
7493cbf2c8e193a4e43c,11, #D9C6B0
7493cbf2c8e193a4e43c,45,#F0E1CF
7493cbf2c8e193a4e43c,13, #7D7265
7493cbf2c8e193a4e43c,15, #A29586
74957e10b75d713ec88c,7, #7F7764
74957e10b75d713ec88c,2, #765F3E
74957e10b75d713ec88c,9, #A2936E
74957e10b75d713ec88c,30,#BAB5A4
74957e10b75d713ec88c,39, #D9CFBC
74957e10b75d713ec88c,10, #B5A584
749daaf8a53b997fdd1a,47,#C8C1A0
749daaf8a53b997fdd1a,0, #473724
749daaf8a53b997fdd1a,2, #66563A
749daaf8a53b997fdd1a,4, #837452
749daaf8a53b997fdd1a,19, #A1987D
749daaf8a53b997fdd1a,0, #F9F6E5
749daaf8a53b997fdd1a,24, #E3E0CC
749fcb254233df8f5ee4,1,#FDF7E5
749fcb254233df8f5ee4,56, #7B7668
749fcb254233df8f5ee4,7, #A09A8B
749fcb254233df8f5ee4,11, #524E44
749fcb254233df8f5ee4,3, #BEB6A5
749fcb254233df8f5ee4,20, #E0D8C8
74a599dfc7c4f93eb576,1, #B3B5A7
74a599dfc7c4f93eb576,1, #7C6C47
74a599dfc7c4f93eb576,4, #959D94
74a599dfc7c4f93eb576,28, #4B2A19
74a599dfc7c4f93eb576,8, #78847E
74a599dfc7c4f93eb576,46,#15100C
74a599dfc7c4f93eb576,8, #535140
74abab4e10dd2ab73f8b,2,#F2E4D0
74abab4e10dd2ab73f8b,12, #D3C6B5
74abab4e10dd2ab73f8b,4, #393432
74abab4e10dd2ab73f8b,26, #7B7168
74abab4e10dd2ab73f8b,35, #A49A8C
74abab4e10dd2ab73f8b,18, #584F4B
74acea48c64f599c4a7c,23, #8A8F76
74acea48c64f599c4a7c,17, #544634
74acea48c64f599c4a7c,0, #7A6A46
74acea48c64f599c4a7c,6, #677D77
74acea48c64f599c4a7c,1, #B0BFB3
74acea48c64f599c4a7c,37,#1A1A1B
74acea48c64f599c4a7c,12, #51605B
74ad22e37ac89b5dc211,16, #605D53
74ad22e37ac89b5dc211,29,#F2EBD9
74ad22e37ac89b5dc211,11, #A9A495
74ad22e37ac89b5dc211,7, #4A473F
74ad22e37ac89b5dc211,21, #817C70
74ad22e37ac89b5dc211,4, #33322B
74ad22e37ac89b5dc211,8, #CCC5B4
74ae21af74acdbb64714,4, #AA9F88
74ae21af74acdbb64714,0, #625547
74ae21af74acdbb64714,81,#EBE1BE
74ae21af74acdbb64714,7, #D2C6A2
74ae21af74acdbb64714,2, #887A64
74ae21af74acdbb64714,0, #483B30
74ae21af74acdbb64714,2, #F9F6EA
74b322626d83b8388a21,10, #AFA693
74b322626d83b8388a21,5, #7B603D
74b322626d83b8388a21,0,#757570
74b322626d83b8388a21,2, #603F21
74b322626d83b8388a21,72, #D0C9B7
74b322626d83b8388a21,8, #948265
74c11c42c5ea970902f2,12, #43393A
74c11c42c5ea970902f2,2, #47677E
74c11c42c5ea970902f2,8,#F4EEDE
74c11c42c5ea970902f2,30, #776350
74c11c42c5ea970902f2,14, #9B8576
74c11c42c5ea970902f2,30, #C6BEA7
74c1ab948510a2e531f3,12, #7B6E48
74c1ab948510a2e531f3,0, #A89A73
74c1ab948510a2e531f3,27, #262317
74c1ab948510a2e531f3,6,#948862
74c1ab948510a2e531f3,30, #4C3E23
74c1ab948510a2e531f3,22, #6E4E28
74c49607d4546f7b2b4f,9, #786F65
74c49607d4546f7b2b4f,11, #BAB0A3
74c49607d4546f7b2b4f,1, #EEE0D1
74c49607d4546f7b2b4f,24, #D8CBBD
74c49607d4546f7b2b4f,28,#999085
74c49607d4546f7b2b4f,19, #564F49
74c49607d4546f7b2b4f,4, #35302D
74c9304672274d90822e,15, #868276
74c9304672274d90822e,13, #ABA698
74c9304672274d90822e,45,#E8E2D1
74c9304672274d90822e,0, #FEFCF6
74c9304672274d90822e,11, #CAC5B5
74c9304672274d90822e,1, #3A3931
74c9304672274d90822e,11, #57544A
74cab67eb545daa35b6a,31, #989183
74cab67eb545daa35b6a,16, #777165
74cab67eb545daa35b6a,19,#F0E8D4
74cab67eb545daa35b6a,11, #545049
74cab67eb545daa35b6a,4, #C4BCAB
74cab67eb545daa35b6a,16, #33322E
74cab6c0869986e8d449,4, #37352C
74cab6c0869986e8d449,13, #BAB8A8
74cab6c0869986e8d449,13, #F9F6E2
74cab6c0869986e8d449,19, #4F4E43
74cab6c0869986e8d449,14, #DFDAC7
74cab6c0869986e8d449,20,#8D8B7E
74cab6c0869986e8d449,14, #67665A
74cd5ceee153317138f2,17, #51492E
74cd5ceee153317138f2,50, #1A150A
74cd5ceee153317138f2,19, #81754F
74cd5ceee153317138f2,7,#BBA971
74cd5ceee153317138f2,3, #E2D7B2
74cd5ceee153317138f2,1, #F9F7ED
74d2eae0c2753bebef8b,2, #BAAE7F
74d2eae0c2753bebef8b,1, #D6CB9D
74d2eae0c2753bebef8b,38,#1D1C1A
74d2eae0c2753bebef8b,30, #4B3223
74d2eae0c2753bebef8b,2, #695F47
74d2eae0c2753bebef8b,18, #7F4620
74d2eae0c2753bebef8b,6, #8F8259
74d85bb784e411a4398e,0, #FDF7E2
74d85bb784e411a4398e,9, #A7A195
74d85bb784e411a4398e,7, #716C61
74d85bb784e411a4398e,1, #514E44
74d85bb784e411a4398e,7, #8B8579
74d85bb784e411a4398e,8, #C2BBAD
74d85bb784e411a4398e,63,#E1D8C7
74e18706531571bdefb0,20, #ACA792
74e18706531571bdefb0,26, #D3CDB7
74e18706531571bdefb0,18, #F7F2DB
74e18706531571bdefb0,14, #444239
74e18706531571bdefb0,10, #726F5E
74e18706531571bdefb0,8,#8D8875
74e37cf70b1eaa0d7d5b,42, #DDD5BF
74e37cf70b1eaa0d7d5b,9, #564D44
74e37cf70b1eaa0d7d5b,25, #2A2520
74e37cf70b1eaa0d7d5b,9, #897E6F
74e37cf70b1eaa0d7d5b,1,#F9F8EF
74e37cf70b1eaa0d7d5b,10, #BBAD97
74e780bbdc9a87aa395f,7, #332F27
74e780bbdc9a87aa395f,9, #EFEDE5
74e780bbdc9a87aa395f,19, #BAB6A6
74e780bbdc9a87aa395f,16, #534E45
74e780bbdc9a87aa395f,14, #988F7C
74e780bbdc9a87aa395f,32,#716C61
74e7ce3ae9f0c34eef6a,1, #A0813D
74e7ce3ae9f0c34eef6a,7, #392910
74e7ce3ae9f0c34eef6a,3, #63461A
74e7ce3ae9f0c34eef6a,84,#120E06
74e7ce3ae9f0c34eef6a,0, #BDA964
74e7ce3ae9f0c34eef6a,3, #84652C
74e87226d8a99f61a478,14, #6B512E
74e87226d8a99f61a478,21, #312923
74e87226d8a99f61a478,9, #80673E
74e87226d8a99f61a478,8, #917D54
74e87226d8a99f61a478,11, #AE9B6E
74e87226d8a99f61a478,27,#4B3A29
74e87226d8a99f61a478,6, #D7C48B
74ea485e19283cece4cd,29, #191810
74ea485e19283cece4cd,0, #BEB079
74ea485e19283cece4cd,2, #A19060
74ea485e19283cece4cd,41,#592D1E
74ea485e19283cece4cd,5, #8C784C
74ea485e19283cece4cd,20, #645739
74ef646f7f0e78ff1ea1,21, #8A7F6E
74ef646f7f0e78ff1ea1,6, #221F19
74ef646f7f0e78ff1ea1,38, #DBD3BC
74ef646f7f0e78ff1ea1,1,#F9F8EF
74ef646f7f0e78ff1ea1,8, #B7AB94
74ef646f7f0e78ff1ea1,23, #4E473D
74f0059581f90ad474a8,41, #D3D0BF
74f0059581f90ad474a8,18, #7C7A6E
74f0059581f90ad474a8,10, #A8A597
74f0059581f90ad474a8,21, #414139
74f0059581f90ad474a8,6, #606055
74f0059581f90ad474a8,1,#F9F6E3
74f2918be47676c8d255,11, #9F8F72
74f2918be47676c8d255,15,#E6E0CB
74f2918be47676c8d255,6, #7B6542
74f2918be47676c8d255,11, #523F27
74f2918be47676c8d255,44, #CDC19F
74f2918be47676c8d255,10, #2C2014
74f6943e9d8b2e4a028e,16, #C9C1B3
74f6943e9d8b2e4a028e,2, #4A443A
74f6943e9d8b2e4a028e,2, #8E877A
74f6943e9d8b2e4a028e,66,#F3EEE3
74f6943e9d8b2e4a028e,6, #A59F92
74f6943e9d8b2e4a028e,4, #766F62
74f8e8cd929ce87578fb,5, #BCB39D
74f8e8cd929ce87578fb,3, #646154
74f8e8cd929ce87578fb,4, #9D957F
74f8e8cd929ce87578fb,0, #433F34
74f8e8cd929ce87578fb,2, #867F6B
74f8e8cd929ce87578fb,16, #D8D2BE
74f8e8cd929ce87578fb,66,#F5F3E8
74ff30c74b093f406333,5, #261F11
74ff30c74b093f406333,0, #EEDFA5
74ff30c74b093f406333,11, #AB996B
74ff30c74b093f406333,20, #716541
74ff30c74b093f406333,29,#8C7D5D
74ff30c74b093f406333,16, #C9B782
74ff30c74b093f406333,16, #574A2C
7503e532fd40280f17da,6, #AAA798
7503e532fd40280f17da,4, #605E53
7503e532fd40280f17da,45,#E6E5D3
7503e532fd40280f17da,3, #D2CFBA
7503e532fd40280f17da,30, #F8F9F3
7503e532fd40280f17da,7, #817F74
7503e532fd40280f17da,2, #404037
751621fea651e1f215fa,8, #E1D9CB
751621fea651e1f215fa,0, #8E8A7F
751621fea651e1f215fa,0, #69675C
751621fea651e1f215fa,1, #D2C5AD
751621fea651e1f215fa,88,#F7F3EC
751621fea651e1f215fa,0, #AEAA9E
751a93918b4255094110,6,#0A0502
751a93918b4255094110,4, #442F2F
751a93918b4255094110,58, #836E70
751a93918b4255094110,0, #D8C0BA
751a93918b4255094110,12, #56474B
751a93918b4255094110,17, #2E1C13
75273fddfd071cd80ead,4,#F6F3E5
75273fddfd071cd80ead,31, #3F505F
75273fddfd071cd80ead,12, #846856
75273fddfd071cd80ead,7, #A29A79
75273fddfd071cd80ead,0, #6C807F
75273fddfd071cd80ead,42, #D0C79F
75287ee8582d3a3fedd4,33,#F5EFE0
75287ee8582d3a3fedd4,35, #D8D0BE
75287ee8582d3a3fedd4,13, #908C80
75287ee8582d3a3fedd4,5, #B6B0A2
75287ee8582d3a3fedd4,6, #706C60
75287ee8582d3a3fedd4,5, #504E44
7529b2a6c94056b42944,3, #B29D85
7529b2a6c94056b42944,3, #9A816B
7529b2a6c94056b42944,3, #D3C5AF
7529b2a6c94056b42944,77,#F5EFE5
7529b2a6c94056b42944,3, #403E3A
7529b2a6c94056b42944,6, #766758
752afc155bf1ef28aed0,7, #DBD3C0
752afc155bf1ef28aed0,13, #B0AB99
752afc155bf1ef28aed0,13,#F7F3E7
752afc155bf1ef28aed0,18, #3A382F
752afc155bf1ef28aed0,12, #827D6E
752afc155bf1ef28aed0,35, #5F5B4E
75358bae1972970cd636,15, #DBD0BB
75358bae1972970cd636,35, #565A54
75358bae1972970cd636,17, #282F2D
75358bae1972970cd636,2,#FDF8E3
75358bae1972970cd636,13, #88887C
75358bae1972970cd636,15, #ABA898
75376dc8317ad759fc30,17, #DAD3CA
75376dc8317ad759fc30,1, #B8B2AA
75376dc8317ad759fc30,0, #70685E
75376dc8317ad759fc30,78,#F7F3F0
75376dc8317ad759fc30,1, #9D978E
75376dc8317ad759fc30,0, #877F76
754443c1be7c77d16bfe,1, #B5BBA2
754443c1be7c77d16bfe,1, #846561
754443c1be7c77d16bfe,41,#E4E3DE
754443c1be7c77d16bfe,13, #7F9396
754443c1be7c77d16bfe,8, #383134
754443c1be7c77d16bfe,11, #345D79
754443c1be7c77d16bfe,21, #0E0E0B
7547d9ac2e27dddc7905,4, #98845B
7547d9ac2e27dddc7905,18, #805627
7547d9ac2e27dddc7905,53,#352E20
7547d9ac2e27dddc7905,21, #0C0705
7547d9ac2e27dddc7905,0, #E0D6B9
7547d9ac2e27dddc7905,1, #C6B688
754dc0bd76a5b6e30bc4,15, #8A7E74
754dc0bd76a5b6e30bc4,15, #ADA292
754dc0bd76a5b6e30bc4,27, #52433B
754dc0bd76a5b6e30bc4,3, #31211B
754dc0bd76a5b6e30bc4,8, #D6D0BD
754dc0bd76a5b6e30bc4,29,#74675B
754dc0bd76a5b6e30bc4,0, #FAF3E1
755a71b25fc87bff9537,20, #7E745D
755a71b25fc87bff9537,19, #5C4E38
755a71b25fc87bff9537,1, #433526
755a71b25fc87bff9537,0,#DEDFDD
755a71b25fc87bff9537,52, #A19B87
755a71b25fc87bff9537,4, #C8C7BF
7564b9b65257055e0279,5, #D7CFAB
7564b9b65257055e0279,2, #EAEBE1
7564b9b65257055e0279,34, #877864
7564b9b65257055e0279,12, #322419
7564b9b65257055e0279,3, #BCAE86
7564b9b65257055e0279,38,#4F453B
7564b9b65257055e0279,4, #B2955E
7565bab2d84d31eb7250,0, #716666
7565bab2d84d31eb7250,7, #F8EDA7
7565bab2d84d31eb7250,7, #BAAF94
7565bab2d84d31eb7250,63,#E7DFC9
7565bab2d84d31eb7250,5, #D1C5A5
7565bab2d84d31eb7250,0, #534753
7565bab2d84d31eb7250,16, #968D7A
757552f2648abe580d61,0, #FEFDED
757552f2648abe580d61,5, #B9B4A1
757552f2648abe580d61,32,#DED9C7
757552f2648abe580d61,17, #535249
757552f2648abe580d61,4, #393933
757552f2648abe580d61,16, #979384
757552f2648abe580d61,22, #706E62
75759da18f7abd1f9e4c,12, #484A44
75759da18f7abd1f9e4c,14, #676861
75759da18f7abd1f9e4c,49, #F7F3E8
75759da18f7abd1f9e4c,8,#DCD8CD
75759da18f7abd1f9e4c,11, #8E8D84
75759da18f7abd1f9e4c,4, #BAB7AE
757606726f2e15ba0b0b,61,#AEAA98
757606726f2e15ba0b0b,3, #43332B
757606726f2e15ba0b0b,0, #375478
757606726f2e15ba0b0b,4, #687C8A
757606726f2e15ba0b0b,27, #D4D1C2
757606726f2e15ba0b0b,0, #FBFAF5
757606726f2e15ba0b0b,1, #6B5E4F
75789ebad3d21db33f4a,22, #8F856F
75789ebad3d21db33f4a,2, #41311E
75789ebad3d21db33f4a,29,#B9AC8A
75789ebad3d21db33f4a,11, #7B6F55
75789ebad3d21db33f4a,19, #5D4F3A
75789ebad3d21db33f4a,10, #D8D1AF
75789ebad3d21db33f4a,3, #F3F1E1
757df972940fec3aae0e,13, #393932
757df972940fec3aae0e,4,#F8F7E5
757df972940fec3aae0e,26, #6B685C
757df972940fec3aae0e,26, #DBD8C4
757df972940fec3aae0e,13, #9C9889
757df972940fec3aae0e,15, #B9B5A4
7581a34a69b9f6afa9cf,0, #CABD97
7581a34a69b9f6afa9cf,24, #726247
7581a34a69b9f6afa9cf,3, #8A8164
7581a34a69b9f6afa9cf,44, #593F2B
7581a34a69b9f6afa9cf,24,#261F14
7581a34a69b9f6afa9cf,1, #B7A37A
7597882a3d34cecf9e8c,13, #848276
7597882a3d34cecf9e8c,21, #E2DED2
7597882a3d34cecf9e8c,4,#FBF9F7
7597882a3d34cecf9e8c,11, #373732
7597882a3d34cecf9e8c,31, #B5B1A5
7597882a3d34cecf9e8c,16, #5B5A50
759f1891471eab99b611,9, #EBD4A1
759f1891471eab99b611,2,#25201D
759f1891471eab99b611,17, #564939
759f1891471eab99b611,29, #AFA07C
759f1891471eab99b611,25, #786853
759f1891471eab99b611,15, #B9815D
75a164e936850e234398,27, #333124
75a164e936850e234398,1, #ADA070
75a164e936850e234398,49,#16160F
75a164e936850e234398,3, #65532E
75a164e936850e234398,5, #766840
75a164e936850e234398,5, #554221
75a164e936850e234398,6, #978150
75a44e8c6b3a84f7f14d,17, #9F9A8A
75a44e8c6b3a84f7f14d,9, #545146
75a44e8c6b3a84f7f14d,26, #E9E4D0
75a44e8c6b3a84f7f14d,6,#FAFAF5
75a44e8c6b3a84f7f14d,27, #C6BFAB
75a44e8c6b3a84f7f14d,13, #7F7968
75a75c4a412d0f0ca56d,39,#F8F6EA
75a75c4a412d0f0ca56d,4, #A5A193
75a75c4a412d0f0ca56d,2, #3B3A33
75a75c4a412d0f0ca56d,3, #605D53
75a75c4a412d0f0ca56d,47, #D1CCBC
75a75c4a412d0f0ca56d,2, #817E71
75ac30fedde02c0feff7,4, #928E7C
75ac30fedde02c0feff7,8, #BEB9A5
75ac30fedde02c0feff7,3, #6D6958
75ac30fedde02c0feff7,0, #424036
75ac30fedde02c0feff7,9, #DCD6C2
75ac30fedde02c0feff7,73,#F7F3DD
75b91c78bfc1dc42d51f,20,#F3ECDB
75b91c78bfc1dc42d51f,28, #6A6A5E
75b91c78bfc1dc42d51f,2, #ACA89B
75b91c78bfc1dc42d51f,16, #CEC7B9
75b91c78bfc1dc42d51f,21, #484841
75b91c78bfc1dc42d51f,10, #8D8A7E
75bdb96757f92e792865,43,#F4EFDE
75bdb96757f92e792865,4, #727161
75bdb96757f92e792865,33, #CDC8B8
75bdb96757f92e792865,15, #979584
75bdb96757f92e792865,0, #38382E
75bdb96757f92e792865,2, #565648
75c3e575b8c7b52f9e2e,7, #312719
75c3e575b8c7b52f9e2e,3, #5F5536
75c3e575b8c7b52f9e2e,21, #493B24
75c3e575b8c7b52f9e2e,8, #927D47
75c3e575b8c7b52f9e2e,34,#A19469
75c3e575b8c7b52f9e2e,11, #796736
75c3e575b8c7b52f9e2e,12, #B4A171
75c6e31653738b749d9d,32, #838073
75c6e31653738b749d9d,19, #605F54
75c6e31653738b749d9d,29, #B4AF9E
75c6e31653738b749d9d,10, #42423B
75c6e31653738b749d9d,3,#F9F8F3
75c6e31653738b749d9d,3, #E1DDCB
75d27268da31e3625fe6,9, #D6D1C0
75d27268da31e3625fe6,10, #373127
75d27268da31e3625fe6,7, #5D5647
75d27268da31e3625fe6,7, #88897F
75d27268da31e3625fe6,63, #B1B6AC
75d27268da31e3625fe6,2,#F6F2E3
75d70c865923edf47a84,51, #E1D9C8
75d70c865923edf47a84,15, #BFB9AA
75d70c865923edf47a84,11, #999285
75d70c865923edf47a84,14,#F8F6F2
75d70c865923edf47a84,5, #6C665A
75d70c865923edf47a84,1, #4C473C
75dcfd4c7ab13c8c9aec,6, #C4BEA9
75dcfd4c7ab13c8c9aec,7, #978C77
75dcfd4c7ab13c8c9aec,24, #EAE4CD
75dcfd4c7ab13c8c9aec,24,#786A59
75dcfd4c7ab13c8c9aec,2, #3A2A21
75dcfd4c7ab13c8c9aec,16, #5D4E41
75dcfd4c7ab13c8c9aec,18, #AEA288
75e5ca30c68218c4e39b,17, #666055
75e5ca30c68218c4e39b,3,#F0EAD9
75e5ca30c68218c4e39b,28, #958D7E
75e5ca30c68218c4e39b,3, #21201B
75e5ca30c68218c4e39b,11, #CABEA9
75e5ca30c68218c4e39b,35, #423F37
75ea4c44b893d21bcb55,11, #BAB29A
75ea4c44b893d21bcb55,15, #686B5B
75ea4c44b893d21bcb55,0,#2D3D3F
75ea4c44b893d21bcb55,13, #594A29
75ea4c44b893d21bcb55,27, #8D8977
75ea4c44b893d21bcb55,31, #261F11
75eb3a8dfff22890706d,21, #6C5534
75eb3a8dfff22890706d,25,#201B12
75eb3a8dfff22890706d,25, #3B2F1C
75eb3a8dfff22890706d,3, #8C7349
75eb3a8dfff22890706d,0, #9D8559
75eb3a8dfff22890706d,12, #53503D
75eb3a8dfff22890706d,11, #4D422C
75ee25892afbd8001721,7, #413F3A
75ee25892afbd8001721,18, #888271
75ee25892afbd8001721,10, #D2C7B1
75ee25892afbd8001721,34, #615D52
75ee25892afbd8001721,27, #B0A894
75ee25892afbd8001721,2,#F4F0E2
75f295f42eb9ba7ffe97,7, #A49065
75f295f42eb9ba7ffe97,5, #82714C
75f295f42eb9ba7ffe97,0, #D4CFAA
75f295f42eb9ba7ffe97,6, #B7A87E
75f295f42eb9ba7ffe97,3, #5F5239
75f295f42eb9ba7ffe97,56,#17160D
75f295f42eb9ba7ffe97,20, #413824
75fd3c3914fd108552da,7, #776A5B
75fd3c3914fd108552da,64,#D8CFBA
75fd3c3914fd108552da,6, #2D2A21
75fd3c3914fd108552da,1, #F8F4EA
75fd3c3914fd108552da,7, #534B44
75fd3c3914fd108552da,7, #B1A490
75fd3c3914fd108552da,4, #948675
7606f12afb497e651b0b,0, #5C4F41
7606f12afb497e651b0b,58,#CEC2A3
7606f12afb497e651b0b,14, #BAAB8F
7606f12afb497e651b0b,11, #F1E5C6
7606f12afb497e651b0b,1, #756652
7606f12afb497e651b0b,4, #8E7F68
7606f12afb497e651b0b,8, #A5967C
7608fe7566acb0bf1704,1, #B29F6D
7608fe7566acb0bf1704,31, #413019
7608fe7566acb0bf1704,13, #18130B
7608fe7566acb0bf1704,13, #67562F
7608fe7566acb0bf1704,29,#8C866C
7608fe7566acb0bf1704,9, #8B723C
760ba3d21e660a92e570,21, #42311E
760ba3d21e660a92e570,2, #7D6A50
760ba3d21e660a92e570,5, #57472D
760ba3d21e660a92e570,61,#1C1710
760ba3d21e660a92e570,0, #94815E
760ba3d21e660a92e570,7, #675C47
760ba3d21e660a92e570,0, #AFA77B
76174204cf91f161e488,2, #989281
76174204cf91f161e488,2, #747060
76174204cf91f161e488,79,#E1DAC5
76174204cf91f161e488,0, #BDB7A3
76174204cf91f161e488,8, #3B3B33
76174204cf91f161e488,1, #FBF5DD
76174204cf91f161e488,4, #59554A
76185a9818e498ca6272,13, #4A3817
76185a9818e498ca6272,20, #9C8C5F
76185a9818e498ca6272,28, #1D170F
76185a9818e498ca6272,2, #BAAD85
76185a9818e498ca6272,21, #786F4D
76185a9818e498ca6272,11,#52503F
761a1d8deb597ee6350c,8, #B4A88F
761a1d8deb597ee6350c,5, #CAC2A8
761a1d8deb597ee6350c,38,#4A402F
761a1d8deb597ee6350c,1, #705C40
761a1d8deb597ee6350c,39, #181815
761a1d8deb597ee6350c,6, #908268
7623508aa930dc46ea88,11, #5F442E
7623508aa930dc46ea88,17, #ACAEA8
7623508aa930dc46ea88,27, #C8CCC9
7623508aa930dc46ea88,21, #776859
7623508aa930dc46ea88,10,#8E8C87
7623508aa930dc46ea88,11, #432819
7624fc01c39238094d5a,28,#D0C6AC
7624fc01c39238094d5a,3, #3E3B30
7624fc01c39238094d5a,9, #807B6A
7624fc01c39238094d5a,2, #5E5A4C
7624fc01c39238094d5a,46, #F7F2DF
7624fc01c39238094d5a,9, #A29D8C
7627066b603074d0892c,0, #C3BCA7
7627066b603074d0892c,0, #B3815D
7627066b603074d0892c,7, #8E4521
7627066b603074d0892c,2, #2A4651
7627066b603074d0892c,0, #756E63
7627066b603074d0892c,87,#30241D
7627066b603074d0892c,1, #999489
762acd1f09033896fc99,0, #4D5245
762acd1f09033896fc99,5, #7F744E
762acd1f09033896fc99,3, #A0956D
762acd1f09033896fc99,0, #0C0B07
762acd1f09033896fc99,79,#30291A
762acd1f09033896fc99,9, #664D25
762acd1f09033896fc99,0, #B8AF8A
7637a005e4f38f421267,0, #E0DBCB
7637a005e4f38f421267,18, #817B6D
7637a005e4f38f421267,3, #BEBCAD
7637a005e4f38f421267,14, #A49F90
7637a005e4f38f421267,50,#635B4E
7637a005e4f38f421267,0, #FDFBED
7637a005e4f38f421267,13, #44362A
763fbd148e43fa7c9806,28, #9D9177
763fbd148e43fa7c9806,16,#EBE5D8
763fbd148e43fa7c9806,0, #5C4E3D
763fbd148e43fa7c9806,2, #7D6F5A
763fbd148e43fa7c9806,16, #BAAC8F
763fbd148e43fa7c9806,35, #CCC2AF
764df33ae65cfba05d22,34,#A99E87
764df33ae65cfba05d22,24, #C5BCA4
764df33ae65cfba05d22,12, #847964
764df33ae65cfba05d22,1, #585147
764df33ae65cfba05d22,16, #DAD3BD
764df33ae65cfba05d22,0, #3D3224
764df33ae65cfba05d22,10, #F4F3EB
765052f6db37a832ae56,13, #676558
765052f6db37a832ae56,44,#DFD9CB
765052f6db37a832ae56,1, #3C3B31
765052f6db37a832ae56,9, #F9F4EA
765052f6db37a832ae56,8, #888478
765052f6db37a832ae56,13, #A7A296
765052f6db37a832ae56,8, #C5C0B4
765237b7042f2928af81,2, #626052
765237b7042f2928af81,9, #BDB8A5
765237b7042f2928af81,1, #48463A
765237b7042f2928af81,7, #9F9C8C
765237b7042f2928af81,7, #7F7C6C
765237b7042f2928af81,27, #F9F8F0
765237b7042f2928af81,43,#E3DDC8
76573176b60e5b7ae831,5, #D1CFBC
76573176b60e5b7ae831,6, #777770
76573176b60e5b7ae831,26, #B5B2A1
76573176b60e5b7ae831,42, #585852
76573176b60e5b7ae831,7,#F2EEDA
76573176b60e5b7ae831,11, #8E8F87
7659c91ae7f1ef01c653,12, #EAEAED
7659c91ae7f1ef01c653,18, #7F7F80
7659c91ae7f1ef01c653,16, #9A9A9D
7659c91ae7f1ef01c653,2, #414040
7659c91ae7f1ef01c653,6, #5D5C5D
7659c91ae7f1ef01c653,41,#C3C3C7
7659c91ae7f1ef01c653,2, #272625
765bf8e849c3066df025,17, #827E67
765bf8e849c3066df025,7, #C0BCA5
765bf8e849c3066df025,2, #2A261E
765bf8e849c3066df025,10, #A2A08C
765bf8e849c3066df025,6, #413C2F
765bf8e849c3066df025,44,#6D6148
765bf8e849c3066df025,11, #948E74
7662f08eb379e95914fe,42, #E9E4D4
7662f08eb379e95914fe,15, #48453D
7662f08eb379e95914fe,5, #A19C8C
7662f08eb379e95914fe,0,#FEFEF0
7662f08eb379e95914fe,21, #787568
7662f08eb379e95914fe,15, #C8C3B2
766d2172cbe98e432fe3,3, #CFC4AD
766d2172cbe98e432fe3,12, #8D8573
766d2172cbe98e432fe3,57, #E7DEC8
766d2172cbe98e432fe3,11, #5B574A
766d2172cbe98e432fe3,7, #B4A992
766d2172cbe98e432fe3,7,#FCFAF3
766f27a47bcf0b554114,5, #B6A78E
766f27a47bcf0b554114,12, #837361
766f27a47bcf0b554114,24,#6D5C4C
766f27a47bcf0b554114,19, #FAF8E5
766f27a47bcf0b554114,19, #978B78
766f27a47bcf0b554114,1, #DDD3B8
766f27a47bcf0b554114,18, #4A392E
76772ee538f425921d35,4, #9B907D
76772ee538f425921d35,46, #D2CBB7
76772ee538f425921d35,3, #796D5F
76772ee538f425921d35,39, #EFECE3
76772ee538f425921d35,2,#BAAC8F
76772ee538f425921d35,3, #564439
76799178a8e5d0fc08a8,12,#E0D4BA
76799178a8e5d0fc08a8,20, #7F7868
76799178a8e5d0fc08a8,9, #C0B59D
76799178a8e5d0fc08a8,36, #9F9683
76799178a8e5d0fc08a8,15, #F9F6E3
76799178a8e5d0fc08a8,6, #585349
76871238d516b14cbf47,25, #967A55
76871238d516b14cbf47,20,#7A5F3F
76871238d516b14cbf47,16, #63513A
76871238d516b14cbf47,1, #281F19
76871238d516b14cbf47,16, #AA946E
76871238d516b14cbf47,20, #443527
768afd3d7f22be191c64,3,#FBFAF5
768afd3d7f22be191c64,17, #EAE6D5
768afd3d7f22be191c64,8, #837764
768afd3d7f22be191c64,4, #64543E
768afd3d7f22be191c64,6, #A9A28D
768afd3d7f22be191c64,60, #CDC7AF
768ebd3a2c0767d3707d,25, #DCD9C4
768ebd3a2c0767d3707d,14, #C6C3B1
768ebd3a2c0767d3707d,31, #F4F2E1
768ebd3a2c0767d3707d,14, #5B5A53
768ebd3a2c0767d3707d,9, #A1A092
768ebd3a2c0767d3707d,3,#7F7D73
7693b98df184ef6bdac8,4, #43423A
7693b98df184ef6bdac8,0,#FEFEF4
7693b98df184ef6bdac8,4, #777469
7693b98df184ef6bdac8,7, #C4BFAF
7693b98df184ef6bdac8,4, #9D998C
7693b98df184ef6bdac8,78, #E8E2D2
76971cc9eb0a000be757,7, #4D4C45
76971cc9eb0a000be757,13, #A7A39B
76971cc9eb0a000be757,19, #69675E
76971cc9eb0a000be757,1, #393832
76971cc9eb0a000be757,15, #CBC7BE
76971cc9eb0a000be757,31,#F3F0E5
76971cc9eb0a000be757,10, #87847B
769f189d722c199392ea,7, #D2CDB7
769f189d722c199392ea,16, #7E7250
769f189d722c199392ea,9, #B4AD9A
769f189d722c199392ea,20, #362F2E
769f189d722c199392ea,0, #FBFBF4
769f189d722c199392ea,33,#E6E5D8
769f189d722c199392ea,11, #5A5244
76a3ff9cc13a29bf4577,11, #B2A276
76a3ff9cc13a29bf4577,8, #868553
76a3ff9cc13a29bf4577,3, #140F0E
76a3ff9cc13a29bf4577,17, #503E2D
76a3ff9cc13a29bf4577,26,#E9DAAA
76a3ff9cc13a29bf4577,20, #746040
76a3ff9cc13a29bf4577,13, #D5BD82
76a42ec262c8253e85b3,6, #A6967D
76a42ec262c8253e85b3,9, #807568
76a42ec262c8253e85b3,22, #C3B79E
76a42ec262c8253e85b3,3,#252019
76a42ec262c8253e85b3,35, #EBE6DA
76a42ec262c8253e85b3,22, #564D44
76a9121a9690dfa55fc1,11, #655437
76a9121a9690dfa55fc1,16, #8C7B55
76a9121a9690dfa55fc1,37,#312614
76a9121a9690dfa55fc1,5, #AD9B6E
76a9121a9690dfa55fc1,12, #130F06
76a9121a9690dfa55fc1,16, #4E3A23
76a9121a9690dfa55fc1,0, #CEC6A2
76ac0f4dce6d18ddab04,22, #838071
76ac0f4dce6d18ddab04,0, #FAF6E3
76ac0f4dce6d18ddab04,19, #A9A596
76ac0f4dce6d18ddab04,43, #D7D3C3
76ac0f4dce6d18ddab04,5, #49473F
76ac0f4dce6d18ddab04,7,#686557
76b1b9f2660b1696f12f,11, #898274
76b1b9f2660b1696f12f,21, #E8E0CF
76b1b9f2660b1696f12f,2, #FBF9F6
76b1b9f2660b1696f12f,4, #423F39
76b1b9f2660b1696f12f,11, #676156
76b1b9f2660b1696f12f,26,#ABA393
76b1b9f2660b1696f12f,20, #CFC6B5
76c12b437c2eea411f7e,22, #2B2A28
76c12b437c2eea411f7e,20, #D0CBBA
76c12b437c2eea411f7e,10, #827E79
76c12b437c2eea411f7e,14,#F4F1E2
76c12b437c2eea411f7e,16, #A7A397
76c12b437c2eea411f7e,15, #585557
76c1d1dc797cf02e1fd8,80,#E6DCCB
76c1d1dc797cf02e1fd8,1, #9B664E
76c1d1dc797cf02e1fd8,5, #AB8C72
76c1d1dc797cf02e1fd8,7, #C2AD96
76c1d1dc797cf02e1fd8,0, #383734
76c1d1dc797cf02e1fd8,1, #4F4E4B
76c1d1dc797cf02e1fd8,3, #716E63
76cbed00ebd197ab1b0d,2, #A59772
76cbed00ebd197ab1b0d,23, #2C291B
76cbed00ebd197ab1b0d,25,#51482A
76cbed00ebd197ab1b0d,44, #0E0E0A
76cbed00ebd197ab1b0d,2, #C2BBA0
76cbed00ebd197ab1b0d,1, #80704E
76d7126484f2693c5cf9,1, #786E61
76d7126484f2693c5cf9,0, #574D43
76d7126484f2693c5cf9,39, #DBD4C1
76d7126484f2693c5cf9,53,#C1B6A2
76d7126484f2693c5cf9,0, #312926
76d7126484f2693c5cf9,1, #A38F77
76d7126484f2693c5cf9,2, #F5F2E5
76de09a1f47566820c19,27, #F9F8F4
76de09a1f47566820c19,12, #7D7263
76de09a1f47566820c19,12, #D0C7AD
76de09a1f47566820c19,1, #4B403B
76de09a1f47566820c19,2, #615852
76de09a1f47566820c19,3, #E1DBC7
76de09a1f47566820c19,40,#A79E8E
76e305a5efaa85126174,12, #947A4D
76e305a5efaa85126174,1,#312818
76e305a5efaa85126174,13, #726D5F
76e305a5efaa85126174,16, #9A8F72
76e305a5efaa85126174,25, #C7BFA9
76e305a5efaa85126174,30, #6A5738
76e5aa46704e6ee48e8f,24, #4A4A42
76e5aa46704e6ee48e8f,11, #A7A396
76e5aa46704e6ee48e8f,3, #F7F6F1
76e5aa46704e6ee48e8f,25,#716F64
76e5aa46704e6ee48e8f,11, #DDD8CB
76e5aa46704e6ee48e8f,9, #C1BCAF
76e5aa46704e6ee48e8f,12, #8D8A7F
76e61ee6c29632ac8289,91,#1A232F
76e61ee6c29632ac8289,2, #4C4330
76e61ee6c29632ac8289,0, #3C5571
76e61ee6c29632ac8289,2, #B3A788
76e61ee6c29632ac8289,0, #586F84
76e61ee6c29632ac8289,1, #7E6B4A
76e61ee6c29632ac8289,1, #95876A
76e67572344dcfa13b14,3,#FDFDF6
76e67572344dcfa13b14,26, #AEADA3
76e67572344dcfa13b14,16, #DFDED4
76e67572344dcfa13b14,15, #6B6A62
76e67572344dcfa13b14,28, #393B34
76e67572344dcfa13b14,10, #88877F
76e8a7baa0cdb1241a26,32, #3F2A1B
76e8a7baa0cdb1241a26,2, #74715F
76e8a7baa0cdb1241a26,7, #524A36
76e8a7baa0cdb1241a26,2, #A08C69
76e8a7baa0cdb1241a26,4, #8B653D
76e8a7baa0cdb1241a26,6, #6A3A1E
76e8a7baa0cdb1241a26,43,#110F0A
76f009c6f05ef4ae749a,9, #726E63
76f009c6f05ef4ae749a,1, #4B4940
76f009c6f05ef4ae749a,16, #B0AA9E
76f009c6f05ef4ae749a,12, #918D81
76f009c6f05ef4ae749a,26,#DCD5C5
76f009c6f05ef4ae749a,18, #F6F0E0
76f009c6f05ef4ae749a,14, #CBC4B4
76f0dbd5110ea9c5db85,1, #BC8F45
76f0dbd5110ea9c5db85,7, #825B22
76f0dbd5110ea9c5db85,59,#1B180E
76f0dbd5110ea9c5db85,14, #9F7430
76f0dbd5110ea9c5db85,0, #F0D776
76f0dbd5110ea9c5db85,0, #DFB257
76f0dbd5110ea9c5db85,16, #524D15
76f2b87d5f610cce8043,4, #746B58
76f2b87d5f610cce8043,7, #9E8E72
76f2b87d5f610cce8043,13, #B4AD9A
76f2b87d5f610cce8043,62,#DBD3BD
76f2b87d5f610cce8043,6, #F7F5EC
76f2b87d5f610cce8043,2, #544736
76f2b87d5f610cce8043,2, #31261A
76fb6b3b9d662d3cae1c,6, #E2DDCD
76fb6b3b9d662d3cae1c,0, #8B8A86
76fb6b3b9d662d3cae1c,8, #897658
76fb6b3b9d662d3cae1c,3, #675740
76fb6b3b9d662d3cae1c,36,#CCC4AD
76fb6b3b9d662d3cae1c,36, #B29D79
76fb6b3b9d662d3cae1c,8, #F7F6F3
76fd684eedc604ccbdfe,1, #A69570
76fd684eedc604ccbdfe,1, #525B5B
76fd684eedc604ccbdfe,54,#38342B
76fd684eedc604ccbdfe,0, #B9AC8E
76fd684eedc604ccbdfe,3, #827966
76fd684eedc604ccbdfe,33, #171510
76fd684eedc604ccbdfe,5, #685435
76fdde8b0d8c29607f3b,27, #D3CEBA
76fdde8b0d8c29607f3b,19, #AEA999
76fdde8b0d8c29607f3b,14, #6B685E
76fdde8b0d8c29607f3b,4,#F4F2E5
76fdde8b0d8c29607f3b,16, #3C3C37
76fdde8b0d8c29607f3b,16, #8A8579
76feb9121e7cff3ecb80,7, #BCB9AC
76feb9121e7cff3ecb80,2, #3E3D36
76feb9121e7cff3ecb80,11, #5E5C53
76feb9121e7cff3ecb80,39,#EBE8D9
76feb9121e7cff3ecb80,23, #79776D
76feb9121e7cff3ecb80,14, #979588
77044883732b05c99b18,4, #6E655E
77044883732b05c99b18,12, #90897E
77044883732b05c99b18,5,#F7F4EA
77044883732b05c99b18,1, #4E4641
77044883732b05c99b18,61, #DDD1BB
77044883732b05c99b18,14, #BAAE97
7706d2f0f70070b69561,28, #C3BAAC
7706d2f0f70070b69561,14, #574F49
7706d2f0f70070b69561,22, #9A9286
7706d2f0f70070b69561,4, #36302D
7706d2f0f70070b69561,1,#F5EDDD
7706d2f0f70070b69561,29, #786F67
770f995efe26f74f2fe6,13, #FAF3D9
770f995efe26f74f2fe6,21,#D5C5AA
770f995efe26f74f2fe6,7, #6E7268
770f995efe26f74f2fe6,18, #3F4943
770f995efe26f74f2fe6,10, #111B18
770f995efe26f74f2fe6,29, #A09B8A
7711b34e2acecfe66bb8,59, #352E21
7711b34e2acecfe66bb8,0, #BAB59C
7711b34e2acecfe66bb8,18,#11110A
7711b34e2acecfe66bb8,6, #9D8E73
7711b34e2acecfe66bb8,3, #6E654F
7711b34e2acecfe66bb8,11, #5D492E
77143455bf6ef0374d02,8,#0B1005
77143455bf6ef0374d02,53, #2B2B14
77143455bf6ef0374d02,15, #746D50
77143455bf6ef0374d02,7, #564D31
77143455bf6ef0374d02,15, #948E6F
77143455bf6ef0374d02,0, #A9AC97
771444b2368f9eeed840,37, #C1BBB2
771444b2368f9eeed840,16,#9A958F
771444b2368f9eeed840,7, #504D49
771444b2368f9eeed840,24, #F1EEE2
771444b2368f9eeed840,13, #77726D
771444b2368f9eeed840,0, #2E2C2A
7714b02cf536b217df02,10, #5B5A4E
7714b02cf536b217df02,15, #908E7F
7714b02cf536b217df02,25,#F3EFD7
7714b02cf536b217df02,16, #CAC6B3
7714b02cf536b217df02,2, #404036
7714b02cf536b217df02,16, #ACA998
7714b02cf536b217df02,13, #747264
771c19e87c5d1298cf85,50,#F7F5EF
771c19e87c5d1298cf85,17, #D4CDB8
771c19e87c5d1298cf85,10, #45433A
771c19e87c5d1298cf85,9, #908B7C
771c19e87c5d1298cf85,6, #757061
771c19e87c5d1298cf85,5, #B2AB98
771d202e0aebcfd82b4c,16, #928466
771d202e0aebcfd82b4c,20, #544331
771d202e0aebcfd82b4c,4, #E7D69F
771d202e0aebcfd82b4c,4,#20150D
771d202e0aebcfd82b4c,27, #785E3E
771d202e0aebcfd82b4c,25, #BCA77E
771e04edc203f782b5bc,15, #563F28
771e04edc203f782b5bc,2, #D3C48D
771e04edc203f782b5bc,2, #AFA073
771e04edc203f782b5bc,34, #977A4A
771e04edc203f782b5bc,40, #705633
771e04edc203f782b5bc,3,#2F271D
7725b5abd68487346ea3,12, #989084
7725b5abd68487346ea3,30, #C4BBAE
7725b5abd68487346ea3,12, #787167
7725b5abd68487346ea3,28, #EBE2D5
7725b5abd68487346ea3,9,#534E47
7725b5abd68487346ea3,6, #35312E
772b2f3fb75f7ffefbbd,10, #C7C0AE
772b2f3fb75f7ffefbbd,16, #A6A191
772b2f3fb75f7ffefbbd,8, #E6DECA
772b2f3fb75f7ffefbbd,17, #878474
772b2f3fb75f7ffefbbd,17, #716F61
772b2f3fb75f7ffefbbd,10, #414139
772b2f3fb75f7ffefbbd,18,#5A5A4F
772ea2a861d4aae72759,10, #9C967C
772ea2a861d4aae72759,12, #8D7E4F
772ea2a861d4aae72759,4,#F7F8EF
772ea2a861d4aae72759,14, #C9BE93
772ea2a861d4aae72759,3, #705F30
772ea2a861d4aae72759,54, #E3DDBD
7730b5194d97863b343b,0, #DDDED4
7730b5194d97863b343b,0, #C0BFB3
7730b5194d97863b343b,3, #968A69
7730b5194d97863b343b,53,#191913
7730b5194d97863b343b,9, #686557
7730b5194d97863b343b,0, #AFA48D
7730b5194d97863b343b,31, #494535
7735d6bc8eda2ab25090,37, #F1EEDF
7735d6bc8eda2ab25090,14, #8C877B
7735d6bc8eda2ab25090,6, #CBC5B6
7735d6bc8eda2ab25090,12,#AAA497
7735d6bc8eda2ab25090,26, #6B675C
7735d6bc8eda2ab25090,3, #43413A
7737ce4bc659abfd653c,17, #524E44
7737ce4bc659abfd653c,9, #DBD5C3
7737ce4bc659abfd653c,27,#F9F7F0
7737ce4bc659abfd653c,18, #767063
7737ce4bc659abfd653c,8, #948F84
7737ce4bc659abfd653c,3, #393730
7737ce4bc659abfd653c,14, #B7B1A0
7740746af12c6e1fe7e9,21, #D2D1C8
7740746af12c6e1fe7e9,1, #2C2F2B
7740746af12c6e1fe7e9,29, #F1F2EA
7740746af12c6e1fe7e9,6, #56544D
7740746af12c6e1fe7e9,31, #A8A59D
7740746af12c6e1fe7e9,9,#817E77
7746994ae4088dbccf1a,2, #5F5F54
7746994ae4088dbccf1a,80,#F0EADC
7746994ae4088dbccf1a,4, #414139
7746994ae4088dbccf1a,3, #838175
7746994ae4088dbccf1a,8, #CCC8BC
7746994ae4088dbccf1a,0, #AAA69C
774a4ceae262c3b7f577,6, #A19560
774a4ceae262c3b7f577,1, #C4B481
774a4ceae262c3b7f577,5, #8E7E4B
774a4ceae262c3b7f577,7, #6E5E34
774a4ceae262c3b7f577,47,#272214
774a4ceae262c3b7f577,1, #D9C796
774a4ceae262c3b7f577,30, #5F3D1B
7756b38f778c7d2a7ea1,11, #C0B285
7756b38f778c7d2a7ea1,18, #18100E
7756b38f778c7d2a7ea1,8, #A18E61
7756b38f778c7d2a7ea1,3, #DCD5BB
7756b38f778c7d2a7ea1,11, #5D4E35
7756b38f778c7d2a7ea1,13, #83714C
7756b38f778c7d2a7ea1,33,#3A3329
77593ac8b92661e36d25,10, #918D7E
77593ac8b92661e36d25,14, #FCFBF3
77593ac8b92661e36d25,11, #B4AF9F
77593ac8b92661e36d25,9, #726E60
77593ac8b92661e36d25,3, #4E4B41
77593ac8b92661e36d25,9, #D4D0BD
77593ac8b92661e36d25,40,#EBE7D6
7760e78dbd698702e68b,19, #9E9889
7760e78dbd698702e68b,28, #C0B9A8
7760e78dbd698702e68b,23, #767164
7760e78dbd698702e68b,9,#E3DDC9
7760e78dbd698702e68b,16, #524F45
7760e78dbd698702e68b,3, #2E2B25
77611d007d28d5572fd0,5, #201A17
77611d007d28d5572fd0,24, #D1C2AA
77611d007d28d5572fd0,18, #514940
77611d007d28d5572fd0,15,#F4EBD9
77611d007d28d5572fd0,16, #85796A
77611d007d28d5572fd0,20, #AEA08A
7762acd8ec066a6164f6,20, #161615
7762acd8ec066a6164f6,14, #8F694F
7762acd8ec066a6164f6,27, #37352E
7762acd8ec066a6164f6,27,#F3F3F2
7762acd8ec066a6164f6,4, #978E7F
7762acd8ec066a6164f6,6, #C6BFAE
7768454fa46f1ce53596,5,#F7F4E1
7768454fa46f1ce53596,31, #AAA296
7768454fa46f1ce53596,4, #413E3A
7768454fa46f1ce53596,24, #D2CABA
7768454fa46f1ce53596,14, #8E877E
7768454fa46f1ce53596,18, #68635C
777069ad2bf9ebf4062a,0, #C5C1B6
777069ad2bf9ebf4062a,62,#F0ECE1
777069ad2bf9ebf4062a,4, #868479
777069ad2bf9ebf4062a,9, #44443C
777069ad2bf9ebf4062a,4, #A29F94
777069ad2bf9ebf4062a,17, #68675B
7771aad225286a4c4af4,5, #B4B09F
7771aad225286a4c4af4,73, #D5D1BE
7771aad225286a4c4af4,2, #3A362C
7771aad225286a4c4af4,3,#F8F6E0
7771aad225286a4c4af4,5, #696357
7771aad225286a4c4af4,8, #918D7E
77784c38e0aed17478b3,0, #DFDFE5
77784c38e0aed17478b3,14, #1C1B18
77784c38e0aed17478b3,7, #786B51
77784c38e0aed17478b3,11, #9F8E6C
77784c38e0aed17478b3,7, #BEBDC1
77784c38e0aed17478b3,56,#56503A
77784c38e0aed17478b3,1, #C5B281
7779b817a526e54dee01,5,#948156
7779b817a526e54dee01,1, #B49D6C
7779b817a526e54dee01,45, #3E3C2F
7779b817a526e54dee01,19, #57533F
7779b817a526e54dee01,9, #6F6D59
7779b817a526e54dee01,19, #22221B
77818d294494f6d25121,0, #706E5F
77818d294494f6d25121,9, #D4D1C2
77818d294494f6d25121,84,#F5F5EF
77818d294494f6d25121,4, #B5B2A3
77818d294494f6d25121,1, #939183
77818d294494f6d25121,0, #514E42
7784c023ab0a30a57ee6,49,#E7E0C8
7784c023ab0a30a57ee6,0, #735E44
7784c023ab0a30a57ee6,10, #A59A81
7784c023ab0a30a57ee6,19, #DACEAF
7784c023ab0a30a57ee6,13, #C4B694
7784c023ab0a30a57ee6,5, #F8F5ED
7784c023ab0a30a57ee6,1, #847055
77856c3d16540eec4a4d,4, #A48969
77856c3d16540eec4a4d,46,#362F1F
77856c3d16540eec4a4d,28, #10130E
77856c3d16540eec4a4d,0, #807F73
77856c3d16540eec4a4d,5, #72654E
77856c3d16540eec4a4d,6, #504B39
77856c3d16540eec4a4d,7, #B2AF9F
778e9f538d3640df4eed,0, #C06F51
778e9f538d3640df4eed,3, #816E5E
778e9f538d3640df4eed,4, #AC9880
778e9f538d3640df4eed,6, #D6C595
778e9f538d3640df4eed,2, #403E3B
778e9f538d3640df4eed,80,#F7F2E6
778e9f538d3640df4eed,2, #6A5346
7797b19fd536b54330a8,11,#F8F6E9
7797b19fd536b54330a8,1, #995A4A
7797b19fd536b54330a8,60, #DAD0BB
7797b19fd536b54330a8,0, #4D4D46
7797b19fd536b54330a8,15, #B5A794
7797b19fd536b54330a8,11, #7E796F
779d5a4d41ed24a2bd3b,0, #616158
779d5a4d41ed24a2bd3b,3, #9C9B91
779d5a4d41ed24a2bd3b,6, #D9D7CF
779d5a4d41ed24a2bd3b,3, #B8B7AE
779d5a4d41ed24a2bd3b,2, #828176
779d5a4d41ed24a2bd3b,84,#FBF9F5
77a54dc52d45edbc332f,6, #C1BEB1
77a54dc52d45edbc332f,0, #FBF8EF
77a54dc52d45edbc332f,2, #99978F
77a54dc52d45edbc332f,11, #E2DFD1
77a54dc52d45edbc332f,18, #7D7252
77a54dc52d45edbc332f,53,#4B4134
77a54dc52d45edbc332f,7, #18120F
77a9d560a5deab9541fd,13, #E2D8B7
77a9d560a5deab9541fd,17,#F9F8EF
77a9d560a5deab9541fd,1, #827C65
77a9d560a5deab9541fd,1, #5B5848
77a9d560a5deab9541fd,0, #3E3C34
77a9d560a5deab9541fd,65, #B9B193
77af647c1e2e7aec03a0,9, #8B887C
77af647c1e2e7aec03a0,61, #4F381F
77af647c1e2e7aec03a0,4, #766643
77af647c1e2e7aec03a0,0, #424D58
77af647c1e2e7aec03a0,0, #BEB59D
77af647c1e2e7aec03a0,23,#1F1B14
77b451ae57015a50713b,6, #736E64
77b451ae57015a50713b,14, #9B958A
77b451ae57015a50713b,2, #34312B
77b451ae57015a50713b,3, #57534C
77b451ae57015a50713b,52, #F8F4EA
77b451ae57015a50713b,20,#D5CEC2
77bcd96b832bf4b9822c,65, #E2D5B2
77bcd96b832bf4b9822c,6, #6E5D43
77bcd96b832bf4b9822c,9,#857861
77bcd96b832bf4b9822c,6, #A2977A
77bcd96b832bf4b9822c,11, #BFB28E
77bcd96b832bf4b9822c,0, #553E20
77be6b0270e536ff6a53,16, #C6BEB1
77be6b0270e536ff6a53,6, #E7DECC
77be6b0270e536ff6a53,13, #7A766C
77be6b0270e536ff6a53,10, #A8A296
77be6b0270e536ff6a53,16, #42403C
77be6b0270e536ff6a53,18, #918B80
77be6b0270e536ff6a53,19,#615D56
77c7a6e160bd06d9973c,14, #50504C
77c7a6e160bd06d9973c,13, #C0BFAF
77c7a6e160bd06d9973c,6, #98988E
77c7a6e160bd06d9973c,34, #686863
77c7a6e160bd06d9973c,8, #82827B
77c7a6e160bd06d9973c,23,#ECE9D6
77d0b248f131c2ee148e,36,#E0D6C2
77d0b248f131c2ee148e,3, #51453B
77d0b248f131c2ee148e,6, #887D72
77d0b248f131c2ee148e,24, #FBF8F0
77d0b248f131c2ee148e,24, #25201B
77d0b248f131c2ee148e,4, #B9AD9D
77d24d275a5d3fabe623,17, #090908
77d24d275a5d3fabe623,62,#3C2D18
77d24d275a5d3fabe623,1, #9A895B
77d24d275a5d3fabe623,11, #4E4A32
77d24d275a5d3fabe623,1, #B4A77B
77d24d275a5d3fabe623,5, #82683F
77d24d275a5d3fabe623,0, #D5B886
77d270840f02a968a865,5,#B7AA8C
77d270840f02a968a865,4, #DCD5BC
77d270840f02a968a865,42, #231D16
77d270840f02a968a865,24, #4B6968
77d270840f02a968a865,14, #723320
77d270840f02a968a865,8, #90704B
77da2400e12195d1627e,31, #3B2A1F
77da2400e12195d1627e,0, #B8A876
77da2400e12195d1627e,1, #8B6E44
77da2400e12195d1627e,3, #6D5C3B
77da2400e12195d1627e,35,#6F4131
77da2400e12195d1627e,1, #AA8B57
77da2400e12195d1627e,26, #221A13
77dc6714ae08984ad04d,17, #796D5B
77dc6714ae08984ad04d,23, #B3AB90
77dc6714ae08984ad04d,23, #D6D2C1
77dc6714ae08984ad04d,15, #564F46
77dc6714ae08984ad04d,18, #948B76
77dc6714ae08984ad04d,0,#F4F4EC
77e28d8d75fc95dfbdf3,12, #504D3D
77e28d8d75fc95dfbdf3,7, #44371F
77e28d8d75fc95dfbdf3,12, #697373
77e28d8d75fc95dfbdf3,12, #766D4F
77e28d8d75fc95dfbdf3,3, #B5AF92
77e28d8d75fc95dfbdf3,42,#898671
77e28d8d75fc95dfbdf3,9, #221C10
77f6fc16b6739dd26d3e,1, #000000
77f6fc16b6739dd26d3e,58,#484032
77f6fc16b6739dd26d3e,9, #938A73
77f6fc16b6739dd26d3e,6, #231B10
77f6fc16b6739dd26d3e,5, #AFA181
77f6fc16b6739dd26d3e,5, #C7BD9E
77f6fc16b6739dd26d3e,13, #796C54
780034ac1a63e1e01e8f,33,#EFEDE1
780034ac1a63e1e01e8f,11, #625842
780034ac1a63e1e01e8f,15, #7A7053
780034ac1a63e1e01e8f,18, #CEC8AE
780034ac1a63e1e01e8f,12, #8D856F
780034ac1a63e1e01e8f,8, #AFA78E
78015aefc8baefd80a31,52,#593E2B
78015aefc8baefd80a31,2, #6B5F49
78015aefc8baefd80a31,0, #A99D7F
78015aefc8baefd80a31,15, #1F1A12
78015aefc8baefd80a31,0, #BEB294
78015aefc8baefd80a31,1, #8A7E64
78015aefc8baefd80a31,27, #362B1D
78032a6686c81160bca8,0, #17150D
78032a6686c81160bca8,19, #A79D9A
78032a6686c81160bca8,9,#F1F0EC
78032a6686c81160bca8,3, #7C6B80
78032a6686c81160bca8,59, #CCCEC4
78032a6686c81160bca8,8, #554537
7807d77a734bbc690531,4, #4E4A3D
7807d77a734bbc690531,11, #CFC8B2
7807d77a734bbc690531,13, #ADA793
7807d77a734bbc690531,4, #7A7462
7807d77a734bbc690531,6, #918D7E
7807d77a734bbc690531,59,#F2EFE3
780a25a2824eeb6a346b,16, #50524B
780a25a2824eeb6a346b,16, #BCBAAB
780a25a2824eeb6a346b,0,#31352F
780a25a2824eeb6a346b,10, #DBD9C9
780a25a2824eeb6a346b,25, #706F67
780a25a2824eeb6a346b,31, #99978C
780c8d95810182dff5d1,13, #6C5949
780c8d95810182dff5d1,8, #DBDAD1
780c8d95810182dff5d1,13, #F8F8F6
780c8d95810182dff5d1,3, #A0998C
780c8d95810182dff5d1,46,#BCB7A7
780c8d95810182dff5d1,6, #8F8171
780c8d95810182dff5d1,7, #4D3226
780d2434e8fd3a4d5358,56,#54432F
780d2434e8fd3a4d5358,1, #E7DAAC
780d2434e8fd3a4d5358,31, #956948
780d2434e8fd3a4d5358,6, #B79B65
780d2434e8fd3a4d5358,0, #F6F1CE
780d2434e8fd3a4d5358,0, #26241B
780d2434e8fd3a4d5358,3, #D3C48E
7810e08a8db2a2f537ac,4, #5E3911
7810e08a8db2a2f537ac,0, #CFC88F
7810e08a8db2a2f537ac,15, #4F4D3A
7810e08a8db2a2f537ac,3, #AFA56B
7810e08a8db2a2f537ac,9, #8C7F45
7810e08a8db2a2f537ac,66,#241E0E
7817440ec7436c259afe,1, #403E36
7817440ec7436c259afe,55,#E5E1D2
7817440ec7436c259afe,13, #C1BDAE
7817440ec7436c259afe,2, #565347
7817440ec7436c259afe,6, #747163
7817440ec7436c259afe,12, #9C988A
7817440ec7436c259afe,7, #FAFAF5
78181fc67c04b58157dc,1, #393433
78181fc67c04b58157dc,11, #C6C0B4
78181fc67c04b58157dc,3,#5D5855
78181fc67c04b58157dc,50, #F2EDE0
78181fc67c04b58157dc,13, #837E78
78181fc67c04b58157dc,19, #A7A299
782be4b18d1e3ffb184c,79, #DDD2BE
782be4b18d1e3ffb184c,5, #BBA891
782be4b18d1e3ffb184c,5, #574F46
782be4b18d1e3ffb184c,1, #39312B
782be4b18d1e3ffb184c,1,#FDFBF6
782be4b18d1e3ffb184c,6, #827A6D
78346321830910d751c6,15, #DCD7C5
78346321830910d751c6,6, #BEB9A6
78346321830910d751c6,23,#F8F7EB
78346321830910d751c6,23, #3D3C34
78346321830910d751c6,16, #969181
78346321830910d751c6,15, #6A675A
783685cfd7cab6a8ca05,3,#F2EEE6
783685cfd7cab6a8ca05,21, #A5A29B
783685cfd7cab6a8ca05,11, #88857D
783685cfd7cab6a8ca05,8, #626056
783685cfd7cab6a8ca05,54, #C8C3BA
783685cfd7cab6a8ca05,1, #424139
7837c0f595fba591ebea,5, #71675F
7837c0f595fba591ebea,28,#CABEB0
7837c0f595fba591ebea,9, #423A34
7837c0f595fba591ebea,45, #F0E8E1
7837c0f595fba591ebea,6, #8E867C
7837c0f595fba591ebea,3, #ABA196
78393ff66cba4504a726,18, #827C6B
78393ff66cba4504a726,16, #C6BFA7
78393ff66cba4504a726,11, #FAF9EF
78393ff66cba4504a726,15, #A29C8A
78393ff66cba4504a726,8, #5D584B
78393ff66cba4504a726,29,#E6DFC6
783bec2970c4371965bd,27, #3F2E14
783bec2970c4371965bd,1, #685224
783bec2970c4371965bd,7, #54411C
783bec2970c4371965bd,0, #7C6635
783bec2970c4371965bd,1, #937C43
783bec2970c4371965bd,61,#20190E
783db01076e0e3c23f12,0, #BFAC8C
783db01076e0e3c23f12,14, #4B3C23
783db01076e0e3c23f12,1, #A7977A
783db01076e0e3c23f12,3, #6E614A
783db01076e0e3c23f12,3,#8E7E65
783db01076e0e3c23f12,76, #18190C
7854876e9602a1b0463d,70, #F6F2E6
7854876e9602a1b0463d,3, #494441
7854876e9602a1b0463d,2, #918B80
7854876e9602a1b0463d,16,#D4C7B0
7854876e9602a1b0463d,3, #756E65
7854876e9602a1b0463d,3, #B0A592
785a5022a6dfc3e9aa70,0, #908C6A
785a5022a6dfc3e9aa70,33, #6F6039
785a5022a6dfc3e9aa70,2, #BB9F6F
785a5022a6dfc3e9aa70,0, #EFDEAB
785a5022a6dfc3e9aa70,40,#483F26
785a5022a6dfc3e9aa70,22, #1D1B14
785a5022a6dfc3e9aa70,0, #97794B
785c572b60a3a889858b,0, #D1C4A7
785c572b60a3a889858b,14,#F8F7F2
785c572b60a3a889858b,37, #7A643F
785c572b60a3a889858b,37, #A79B7E
785c572b60a3a889858b,5, #523A22
785c572b60a3a889858b,3, #E2DCC9
785ea3f878d67e4b8f74,52,#CABE9E
785ea3f878d67e4b8f74,13, #AC9F81
785ea3f878d67e4b8f74,5, #3B362E
785ea3f878d67e4b8f74,8, #746954
785ea3f878d67e4b8f74,10, #92866B
785ea3f878d67e4b8f74,0, #211F1B
785ea3f878d67e4b8f74,9, #5A5141
78625bc9cd0a5977486b,13, #63604D
78625bc9cd0a5977486b,22, #EDE8D3
78625bc9cd0a5977486b,24,#878473
78625bc9cd0a5977486b,2, #282415
78625bc9cd0a5977486b,8, #A8A595
78625bc9cd0a5977486b,7, #C4C1AF
78625bc9cd0a5977486b,21, #44402C
78628738cb43c6e0939c,9, #726A4C
78628738cb43c6e0939c,43, #47412C
78628738cb43c6e0939c,7, #8E8365
78628738cb43c6e0939c,4, #BEB18D
78628738cb43c6e0939c,0, #E6DBB5
78628738cb43c6e0939c,35,#1A1812
7866ce258a7d4e4feb5d,8, #928A7C
7866ce258a7d4e4feb5d,59, #EAE2D4
7866ce258a7d4e4feb5d,1, #47423B
7866ce258a7d4e4feb5d,4, #6E665B
7866ce258a7d4e4feb5d,0,#FEFEFE
7866ce258a7d4e4feb5d,25, #C4BBA9
78707841027d69a06eca,1, #D2D2CD
78707841027d69a06eca,8, #73665F
78707841027d69a06eca,1, #BDB5AA
78707841027d69a06eca,18, #948C83
78707841027d69a06eca,8, #4B3F3A
78707841027d69a06eca,45,#221B18
78707841027d69a06eca,16, #F2F1EC
78722a97740c96088382,23, #7B746A
78722a97740c96088382,27,#9E9587
78722a97740c96088382,1, #3F3931
78722a97740c96088382,7, #E7DBC6
78722a97740c96088382,0, #FBF6E5
78722a97740c96088382,21, #C9BEAB
78722a97740c96088382,16, #615B51
7882b219bbac6784a94f,0, #433E38
7882b219bbac6784a94f,4, #ABA495
7882b219bbac6784a94f,1,#F8F4E6
7882b219bbac6784a94f,91, #D4C9B3
7882b219bbac6784a94f,1, #665F56
7882b219bbac6784a94f,1, #867F73
788eff0102205c62588b,15, #DFD8CF
788eff0102205c62588b,13,#F8F6F2
788eff0102205c62588b,1, #49453B
788eff0102205c62588b,22, #6F6A5D
788eff0102205c62588b,28, #9C978A
788eff0102205c62588b,18, #C1BAAE
789903c784d7625dedba,9, #4E4233
789903c784d7625dedba,26, #826D54
789903c784d7625dedba,0, #DBC893
789903c784d7625dedba,14, #C0A869
789903c784d7625dedba,3, #A1A5A6
789903c784d7625dedba,38,#1B120E
789903c784d7625dedba,7, #E6E3D2
789b5a3db22da153c993,0,#F9F7E9
789b5a3db22da153c993,23, #B7B4A9
789b5a3db22da153c993,18, #44433D
789b5a3db22da153c993,12, #716F65
789b5a3db22da153c993,11, #8D8A80
789b5a3db22da153c993,34, #DFDDCF
78a282df9a63f2382c38,17, #C9C2AA
78a282df9a63f2382c38,6, #888372
78a282df9a63f2382c38,38,#EDE8D6
78a282df9a63f2382c38,15, #A6A191
78a282df9a63f2382c38,15, #6B6655
78a282df9a63f2382c38,4, #4F4A3C
78a520de262a613158b7,22, #EAE4D3
78a520de262a613158b7,0,#FEFCED
78a520de262a613158b7,10, #7F7B6F
78a520de262a613158b7,17, #A29C90
78a520de262a613158b7,2, #545247
78a520de262a613158b7,46, #C9C2B4
78a871fcf9ab45feabf2,39,#26231D
78a871fcf9ab45feabf2,15, #6D553A
78a871fcf9ab45feabf2,14, #8C8677
78a871fcf9ab45feabf2,2, #C29C69
78a871fcf9ab45feabf2,0, #EFEDD4
78a871fcf9ab45feabf2,7, #DCCD9C
78a871fcf9ab45feabf2,19, #AFAD9B
78aa47a5efb8d108b6a5,5, #AA9878
78aa47a5efb8d108b6a5,26, #BFB298
78aa47a5efb8d108b6a5,2, #585649
78aa47a5efb8d108b6a5,5, #807760
78aa47a5efb8d108b6a5,0,#FDFCF9
78aa47a5efb8d108b6a5,58, #E7E0CD
78b31bdc32ec35337d21,24, #554231
78b31bdc32ec35337d21,8, #8E857A
78b31bdc32ec35337d21,32,#BCC0BF
78b31bdc32ec35337d21,7, #382217
78b31bdc32ec35337d21,4, #9E9D98
78b31bdc32ec35337d21,22, #6E635A
78b867e0931f2b6a39ca,41, #BCB2A0
78b867e0931f2b6a39ca,4,#D8D6D1
78b867e0931f2b6a39ca,4, #655F37
78b867e0931f2b6a39ca,37, #323018
78b867e0931f2b6a39ca,0, #BB6F4C
78b867e0931f2b6a39ca,11, #7B7C5B
78bcf3070f61156e905e,10, #9B978A
78bcf3070f61156e905e,16, #837E70
78bcf3070f61156e905e,17, #F7F5EE
78bcf3070f61156e905e,12, #B4AE9C
78bcf3070f61156e905e,13, #686458
78bcf3070f61156e905e,17,#D5CEBB
78bcf3070f61156e905e,11, #4E4C42
78c45f887ce13f023fa5,0, #908F75
78c45f887ce13f023fa5,10, #737561
78c45f887ce13f023fa5,15, #191107
78c45f887ce13f023fa5,10, #534028
78c45f887ce13f023fa5,1, #3B4E4E
78c45f887ce13f023fa5,27, #5C6155
78c45f887ce13f023fa5,34,#2F2D21
78c5db46101fe1fb981a,14, #5C4E5A
78c5db46101fe1fb981a,13, #B2ACA7
78c5db46101fe1fb981a,28, #ECE5BC
78c5db46101fe1fb981a,19, #393035
78c5db46101fe1fb981a,9,#171016
78c5db46101fe1fb981a,14, #7F767F
78cb28dbc995f38b3b72,11, #797263
78cb28dbc995f38b3b72,18, #9A917E
78cb28dbc995f38b3b72,2, #444139
78cb28dbc995f38b3b72,10, #F4EED8
78cb28dbc995f38b3b72,43,#D7CCB2
78cb28dbc995f38b3b72,6, #5C574C
78cb28dbc995f38b3b72,7, #BCB29A
78dac40f2edc6ee828e3,12, #998E69
78dac40f2edc6ee828e3,29,#130D06
78dac40f2edc6ee828e3,5, #D8CEA8
78dac40f2edc6ee828e3,20, #716F59
78dac40f2edc6ee828e3,7, #B4AA87
78dac40f2edc6ee828e3,1, #F8F5DE
78dac40f2edc6ee828e3,21, #494230
78e30972c04de802d6c7,19, #917D56
78e30972c04de802d6c7,19, #AE996D
78e30972c04de802d6c7,21, #52442C
78e30972c04de802d6c7,9, #7A6746
78e30972c04de802d6c7,22,#685739
78e30972c04de802d6c7,4, #2F2A1F
78e30972c04de802d6c7,3, #C4B286
78e397e3073795407bcf,87, #B8BEBC
78e397e3073795407bcf,3, #5D5347
78e397e3073795407bcf,2, #7A766E
78e397e3073795407bcf,1, #35271F
78e397e3073795407bcf,0,#DBE1E0
78e397e3073795407bcf,4, #96968E
78e46f63eaa9fa36f12e,27, #443A2B
78e46f63eaa9fa36f12e,11, #8C816C
78e46f63eaa9fa36f12e,3, #B8AA8E
78e46f63eaa9fa36f12e,15, #716147
78e46f63eaa9fa36f12e,2, #CAC5B0
78e46f63eaa9fa36f12e,40,#0B0B08
78f4dbabd0da6d4576d4,12, #8D8650
78f4dbabd0da6d4576d4,7, #B29F57
78f4dbabd0da6d4576d4,22, #1B1807
78f4dbabd0da6d4576d4,19, #7B6328
78f4dbabd0da6d4576d4,34, #453917
78f4dbabd0da6d4576d4,2,#CABF89
78fc48baf589276f2c60,7, #514E3A
78fc48baf589276f2c60,28, #817C64
78fc48baf589276f2c60,21, #E0D6B8
78fc48baf589276f2c60,17, #B7B095
78fc48baf589276f2c60,20,#FBF5DB
78fc48baf589276f2c60,4, #242416
79012b2731db62e1178b,10, #929287
79012b2731db62e1178b,1, #585950
79012b2731db62e1178b,8, #727268
79012b2731db62e1178b,46,#F6F5E7
79012b2731db62e1178b,7, #B6B5AA
79012b2731db62e1178b,24, #D8D4C6
7905b0f28c9bf72f5c43,3, #B6A37D
7905b0f28c9bf72f5c43,1,#030302
7905b0f28c9bf72f5c43,0, #F7F0D2
7905b0f28c9bf72f5c43,0, #E0D0A8
7905b0f28c9bf72f5c43,44, #7A5B43
7905b0f28c9bf72f5c43,49, #50261B
7908419835ca25a3cf0a,1, #ABA69D
7908419835ca25a3cf0a,87,#F5F2EE
7908419835ca25a3cf0a,2, #C6C1BA
7908419835ca25a3cf0a,0, #868278
7908419835ca25a3cf0a,0, #6C655D
7908419835ca25a3cf0a,6, #E0D9D1
790fdf014518375f80d6,0, #474239
790fdf014518375f80d6,4, #847D6F
790fdf014518375f80d6,8, #9F998B
790fdf014518375f80d6,48,#F4F2EA
790fdf014518375f80d6,35, #CAC2B1
790fdf014518375f80d6,2, #655F53
7916cfa50b3cf4379e95,25,#F8F2DC
7916cfa50b3cf4379e95,9, #433F3C
7916cfa50b3cf4379e95,3, #E0D6C2
7916cfa50b3cf4379e95,20, #69625D
7916cfa50b3cf4379e95,21, #969085
7916cfa50b3cf4379e95,18, #BEB8A9
7917ddba63d233317b81,33,#483F2A
7917ddba63d233317b81,33, #7E7552
7917ddba63d233317b81,1, #C8B986
7917ddba63d233317b81,15, #635836
7917ddba63d233317b81,3, #A89154
7917ddba63d233317b81,8, #2A261A
7917ddba63d233317b81,3, #BDA76C
7918066c72603456e341,6, #CCC8BA
7918066c72603456e341,5, #69615D
7918066c72603456e341,14, #433B38
7918066c72603456e341,4, #9A948C
7918066c72603456e341,4, #1A1410
7918066c72603456e341,63,#F5F2E2
791af0990aa4fe9d2b95,4, #3A362B
791af0990aa4fe9d2b95,26, #504837
791af0990aa4fe9d2b95,28,#6B5B40
791af0990aa4fe9d2b95,0, #292720
791af0990aa4fe9d2b95,20, #856E4D
791af0990aa4fe9d2b95,19, #9D8C63
791af0990aa4fe9d2b95,1, #B6A275
791c4ea5b8754ef7de29,50,#F4F0E0
791c4ea5b8754ef7de29,9, #95907D
791c4ea5b8754ef7de29,24, #D0C8AD
791c4ea5b8754ef7de29,4, #7D7762
791c4ea5b8754ef7de29,0, #655F4C
791c4ea5b8754ef7de29,10, #B1AA91
792039704e6e2f171dc0,1, #2D2E28
792039704e6e2f171dc0,9, #57574F
792039704e6e2f171dc0,10, #8D8C81
792039704e6e2f171dc0,56, #D3CFC2
792039704e6e2f171dc0,16,#F8F4E3
792039704e6e2f171dc0,5, #B0ACA1
7921b90fa3c989a8bd50,0, #1B150C
7921b90fa3c989a8bd50,9, #C5BEAB
7921b90fa3c989a8bd50,2, #5C5344
7921b90fa3c989a8bd50,37, #F9F7ED
7921b90fa3c989a8bd50,37,#E5DFCB
7921b90fa3c989a8bd50,2, #3B3024
7921b90fa3c989a8bd50,11, #938A75
7922f61eba69b3f6f02d,23, #9B9165
7922f61eba69b3f6f02d,26,#362C18
7922f61eba69b3f6f02d,12, #18120A
7922f61eba69b3f6f02d,0, #B9A865
7922f61eba69b3f6f02d,13, #7C6E3C
7922f61eba69b3f6f02d,0, #CABE8A
7922f61eba69b3f6f02d,24, #5C4B2F
79245f5459226322b0b5,53,#D8CDAE
79245f5459226322b0b5,2, #5E4E3D
79245f5459226322b0b5,2, #3B2E22
79245f5459226322b0b5,5, #BEB090
79245f5459226322b0b5,4, #837257
79245f5459226322b0b5,26, #F5F2E6
79245f5459226322b0b5,4, #A2967E
792505fd3f1d0d3a4eba,0, #484942
792505fd3f1d0d3a4eba,1, #707067
792505fd3f1d0d3a4eba,0,#FDFCF7
792505fd3f1d0d3a4eba,88, #E7E2DB
792505fd3f1d0d3a4eba,7, #C0BDB4
792505fd3f1d0d3a4eba,2, #95938B
7933ce349c8dbb80600f,1,#F6F5E8
7933ce349c8dbb80600f,24, #66635B
7933ce349c8dbb80600f,9, #C0B49D
7933ce349c8dbb80600f,4, #DED5BD
7933ce349c8dbb80600f,13, #918C80
7933ce349c8dbb80600f,47, #35332E
79345d33231592914b71,8, #90897B
79345d33231592914b71,12, #ABA290
79345d33231592914b71,11, #6F6A5F
79345d33231592914b71,24,#E9DDC5
79345d33231592914b71,3, #494640
79345d33231592914b71,39, #C8BFAA
793a50f33fb2797bf1b7,5,#959FA4
793a50f33fb2797bf1b7,3, #8E8360
793a50f33fb2797bf1b7,9, #B8AF8F
793a50f33fb2797bf1b7,8, #17130C
793a50f33fb2797bf1b7,14, #655B3E
793a50f33fb2797bf1b7,59, #382B1C
793bd3c150baad47674f,5, #6A6458
793bd3c150baad47674f,7, #1E1714
793bd3c150baad47674f,3, #A09888
793bd3c150baad47674f,5, #BBB6AE
793bd3c150baad47674f,10, #3F3A35
793bd3c150baad47674f,67,#DED5C0
793bd3c150baad47674f,1, #F9F7F2
793c0ef15715561ecb8f,22, #A19C8C
793c0ef15715561ecb8f,15, #79776A
793c0ef15715561ecb8f,17, #474840
793c0ef15715561ecb8f,33, #CBC3B0
793c0ef15715561ecb8f,4,#F2EFE5
793c0ef15715561ecb8f,6, #2A2C28
793c7a462ea8c687dcf5,1, #070605
793c7a462ea8c687dcf5,5, #807C76
793c7a462ea8c687dcf5,7, #A1A097
793c7a462ea8c687dcf5,11, #332D27
793c7a462ea8c687dcf5,57,#675B46
793c7a462ea8c687dcf5,5, #F0EDE3
793c7a462ea8c687dcf5,11, #C3C2B5
79441934bae776bea580,14, #979685
79441934bae776bea580,42, #E5E1CE
79441934bae776bea580,14, #C1BEAB
79441934bae776bea580,5, #535949
79441934bae776bea580,6, #767766
79441934bae776bea580,16,#FDFCEE
79464d539099946a1f98,22, #B9B39D
79464d539099946a1f98,6, #424237
79464d539099946a1f98,18, #6E6B5B
79464d539099946a1f98,13,#F7F2D9
79464d539099946a1f98,23, #DBD4BC
79464d539099946a1f98,14, #938E7A
79608a24ef1ba941c5e8,14,#888477
79608a24ef1ba941c5e8,16, #A39E91
79608a24ef1ba941c5e8,1, #4B483D
79608a24ef1ba941c5e8,17, #C7C0B1
79608a24ef1ba941c5e8,27, #666357
79608a24ef1ba941c5e8,22, #E8E1D0
79609dad6513f7693e63,5, #C0B3A3
79609dad6513f7693e63,79,#F5EBDE
79609dad6513f7693e63,1, #A59585
79609dad6513f7693e63,1, #FEFEF6
79609dad6513f7693e63,11, #DFD3C3
79609dad6513f7693e63,0, #746C67
79609dad6513f7693e63,0, #877F77
7960aa57d8b676529727,17, #3A3229
7960aa57d8b676529727,19, #878054
7960aa57d8b676529727,12, #E2D89D
7960aa57d8b676529727,26, #6D5E3F
7960aa57d8b676529727,5,#111414
7960aa57d8b676529727,18, #BCB37E
7972e15449677e053b51,6, #737860
7972e15449677e053b51,37, #555746
7972e15449677e053b51,7, #B7B198
7972e15449677e053b51,27, #35342B
7972e15449677e053b51,10,#0F0D09
7972e15449677e053b51,9, #979279
79730741e1a60af79735,6, #33322C
79730741e1a60af79735,31,#5E5C54
79730741e1a60af79735,9, #A4A099
79730741e1a60af79735,6, #BDB9B0
79730741e1a60af79735,8, #F4F0E8
79730741e1a60af79735,23, #D7D3C9
79730741e1a60af79735,13, #85817A
797362e029029405c765,18, #49453A
797362e029029405c765,23, #695D47
797362e029029405c765,20, #2C251C
797362e029029405c765,28, #86856F
797362e029029405c765,0,#B8B39C
797362e029029405c765,8, #8E978D
7977db1807aeb29789f1,8, #756F60
7977db1807aeb29789f1,8, #938E80
7977db1807aeb29789f1,22, #D1CAB9
7977db1807aeb29789f1,2, #4F493E
7977db1807aeb29789f1,8, #B2AA99
7977db1807aeb29789f1,49,#F6F2E9
7983035c829f697c92b9,5, #41403B
7983035c829f697c92b9,15, #ADA89A
7983035c829f697c92b9,24, #5D5A52
7983035c829f697c92b9,2,#FAF6EF
7983035c829f697c92b9,29, #D9D1C1
7983035c829f697c92b9,21, #827D72
79838962b65adf735544,12, #5A574E
79838962b65adf735544,26, #D4D0C1
79838962b65adf735544,12,#F7F5ED
79838962b65adf735544,27, #848075
79838962b65adf735544,20, #ACA79B
79838962b65adf735544,0, #3E3D34
79868cbfdcd9017210f1,43,#F9F7E5
79868cbfdcd9017210f1,6, #A6A291
79868cbfdcd9017210f1,11, #4A493D
79868cbfdcd9017210f1,11, #E1DBC8
79868cbfdcd9017210f1,21, #757263
79868cbfdcd9017210f1,5, #C6C0AB
7986bd0777840dd7f544,2,#EBDFB8
7986bd0777840dd7f544,21, #5D452B
7986bd0777840dd7f544,34, #9A5D40
7986bd0777840dd7f544,14, #2C261E
7986bd0777840dd7f544,3, #475366
7986bd0777840dd7f544,24, #B19B7D
798729360517fe10ec0e,8, #877A6A
798729360517fe10ec0e,53,#ECE7D2
798729360517fe10ec0e,5, #402F27
798729360517fe10ec0e,6, #CDC6B2
798729360517fe10ec0e,5, #FCFAF3
798729360517fe10ec0e,10, #68584A
798729360517fe10ec0e,10, #A59E90
798cf45fffa5edbe0c53,7, #A29484
798cf45fffa5edbe0c53,18, #75614C
798cf45fffa5edbe0c53,4, #ECE7DD
798cf45fffa5edbe0c53,5,#CAC0AD
798cf45fffa5edbe0c53,48, #2F1910
798cf45fffa5edbe0c53,14, #594534
798d0a56cead323e86e9,13, #83766B
798d0a56cead323e86e9,4, #3F322E
798d0a56cead323e86e9,11, #C6B9A6
798d0a56cead323e86e9,5, #63564E
798d0a56cead323e86e9,5, #A8998A
798d0a56cead323e86e9,0, #F4EED6
798d0a56cead323e86e9,58,#DCD4BD
79961e272a4e192127fd,0, #AEA48F
79961e272a4e192127fd,49,#2B2219
79961e272a4e192127fd,0, #17130D
79961e272a4e192127fd,0, #968C78
79961e272a4e192127fd,21, #665232
79961e272a4e192127fd,26, #493924
79961e272a4e192127fd,1, #967953
7999bac98cc33a63e102,11, #CCBF81
7999bac98cc33a63e102,0,#999F89
7999bac98cc33a63e102,19, #55513F
7999bac98cc33a63e102,35, #898153
7999bac98cc33a63e102,29, #302E29
7999bac98cc33a63e102,3, #E5DBA5
799a547bf84920ed0697,12, #A69980
799a547bf84920ed0697,0,#D7D0C0
799a547bf84920ed0697,0, #F8F6F0
799a547bf84920ed0697,37, #807766
799a547bf84920ed0697,32, #5E513F
799a547bf84920ed0697,17, #C2B69C
799fef53bed88c77b4f2,29, #D8CCC0
799fef53bed88c77b4f2,44,#F6EFE8
799fef53bed88c77b4f2,7, #BCB1A3
799fef53bed88c77b4f2,5, #776E61
799fef53bed88c77b4f2,10, #988F82
799fef53bed88c77b4f2,3, #4A433A
79a0b9d63c4484e611db,10, #C0B59E
79a0b9d63c4484e611db,32,#E3DBBF
79a0b9d63c4484e611db,1, #FAF7E7
79a0b9d63c4484e611db,16, #1F1C17
79a0b9d63c4484e611db,30, #4D463D
79a0b9d63c4484e611db,9, #897F70
79a0c1dbea2bfd8c5e1c,0, #9D976E
79a0c1dbea2bfd8c5e1c,1, #7E582B
79a0c1dbea2bfd8c5e1c,1, #37200D
79a0c1dbea2bfd8c5e1c,0, #746F4E
79a0c1dbea2bfd8c5e1c,3, #997E4C
79a0c1dbea2bfd8c5e1c,89,#0D0C08
79a0c1dbea2bfd8c5e1c,2, #57492C
79a4639999eeff47e1e2,18, #46423E
79a4639999eeff47e1e2,7, #AAA293
79a4639999eeff47e1e2,13, #E1D7C0
79a4639999eeff47e1e2,13, #8D867A
79a4639999eeff47e1e2,26,#F9F5EC
79a4639999eeff47e1e2,13, #6E685F
79a4639999eeff47e1e2,6, #C7BEAB
79ab0a0f44a59b9eb949,13, #FBF9F4
79ab0a0f44a59b9eb949,0, #464138
79ab0a0f44a59b9eb949,2, #80796C
79ab0a0f44a59b9eb949,2, #645D52
79ab0a0f44a59b9eb949,71,#E8E2D3
79ab0a0f44a59b9eb949,3, #C7C1B2
79ab0a0f44a59b9eb949,5, #A29B8E
79ab8d4859d45df24b3d,19, #5E594F
79ab8d4859d45df24b3d,18,#EAE2D4
79ab8d4859d45df24b3d,7, #433F37
79ab8d4859d45df24b3d,24, #7B7568
79ab8d4859d45df24b3d,9, #C5BDB0
79ab8d4859d45df24b3d,19, #A59E91
79b5e44e2adcce608b34,32, #7A5F3B
79b5e44e2adcce608b34,9, #3E4036
79b5e44e2adcce608b34,40,#E8E4DD
79b5e44e2adcce608b34,9, #C4B36E
79b5e44e2adcce608b34,0, #CAC5B8
79b5e44e2adcce608b34,7, #171715
79bb0c489e32f1930034,24, #DDD5BF
79bb0c489e32f1930034,13, #B1AA98
79bb0c489e32f1930034,47,#F6F3E7
79bb0c489e32f1930034,2, #3F3325
79bb0c489e32f1930034,0, #17110A
79bb0c489e32f1930034,9, #847B6A
79bb0c489e32f1930034,2, #5B4F40
79bc19c31cfdf6249113,2, #B4A497
79bc19c31cfdf6249113,0, #D2CCC0
79bc19c31cfdf6249113,1,#8B7667
79bc19c31cfdf6249113,2, #6A6058
79bc19c31cfdf6249113,6, #453A30
79bc19c31cfdf6249113,86, #15120D
79bc7c0dd3d294cc887c,0, #FEFEF1
79bc7c0dd3d294cc887c,26, #9D9175
79bc7c0dd3d294cc887c,8, #E2DFC6
79bc7c0dd3d294cc887c,10, #C7BC93
79bc7c0dd3d294cc887c,21, #544632
79bc7c0dd3d294cc887c,2, #3A2E20
79bc7c0dd3d294cc887c,29,#79694D
79bd01c7e4633a0344f3,5, #B7AF9F
79bd01c7e4633a0344f3,8, #DAD3C2
79bd01c7e4633a0344f3,12, #989283
79bd01c7e4633a0344f3,43, #4F4D44
79bd01c7e4633a0344f3,0,#FAF4E5
79bd01c7e4633a0344f3,29, #7B7869
79bd55c0583a2d73d93c,19, #E3DFBF
79bd55c0583a2d73d93c,34, #D1C693
79bd55c0583a2d73d93c,36, #BDB174
79bd55c0583a2d73d93c,0,#8E8E89
79bd55c0583a2d73d93c,0, #FEFEF9
79bd55c0583a2d73d93c,8, #EFF0E5
79c9f0e32c5c9bd4e0e5,20, #4F422E
79c9f0e32c5c9bd4e0e5,4, #282118
79c9f0e32c5c9bd4e0e5,11, #AE9F7D
79c9f0e32c5c9bd4e0e5,0, #CEBD96
79c9f0e32c5c9bd4e0e5,26,#94896F
79c9f0e32c5c9bd4e0e5,25, #745E39
79c9f0e32c5c9bd4e0e5,11, #857554
79ce6a93f414c02208f6,16, #937342
79ce6a93f414c02208f6,36,#CAA46B
79ce6a93f414c02208f6,21, #2A2111
79ce6a93f414c02208f6,0, #414C42
79ce6a93f414c02208f6,15, #5C3C1D
79ce6a93f414c02208f6,0, #8A4324
79ce6a93f414c02208f6,9, #6B542F
79d05725b17cb25399a7,13, #A29C89
79d05725b17cb25399a7,24, #756F60
79d05725b17cb25399a7,10, #C8C1AB
79d05725b17cb25399a7,9,#F8F5E2
79d05725b17cb25399a7,28, #444239
79d05725b17cb25399a7,13, #E1D9C0
79d4cd03847f4ce5c1cf,11, #575247
79d4cd03847f4ce5c1cf,16, #AAA392
79d4cd03847f4ce5c1cf,5,#FBF9F2
79d4cd03847f4ce5c1cf,40, #D3CCBB
79d4cd03847f4ce5c1cf,7, #2F2E27
79d4cd03847f4ce5c1cf,19, #807A6C
79d51c781de2be13918d,73, #F7F1E3
79d51c781de2be13918d,3, #CDAC8D
79d51c781de2be13918d,8, #98917F
79d51c781de2be13918d,7, #585952
79d51c781de2be13918d,1,#DDCFBC
79d51c781de2be13918d,4, #B37953
79d706218b27e3a3aac0,19,#A9A78B
79d706218b27e3a3aac0,11, #9A9274
79d706218b27e3a3aac0,12, #877C5F
79d706218b27e3a3aac0,27, #362D1E
79d706218b27e3a3aac0,21, #635639
79d706218b27e3a3aac0,7, #C5C09B
79d8a63c940c310044b0,5, #D9D9CA
79d8a63c940c310044b0,85,#3A3A36
79d8a63c940c310044b0,2, #B3B09A
79d8a63c940c310044b0,0, #F7F9EF
79d8a63c940c310044b0,1, #777563
79d8a63c940c310044b0,1, #58574C
79d8a63c940c310044b0,1, #969278
79d9be315ebcf749616e,3, #837762
79d9be315ebcf749616e,4,#DFDAC2
79d9be315ebcf749616e,24, #BBB091
79d9be315ebcf749616e,21, #D4CBAC
79d9be315ebcf749616e,25, #F4F1DB
79d9be315ebcf749616e,20, #9B9179
79dab94bda6ee74c243b,12, #747263
79dab94bda6ee74c243b,9, #46463C
79dab94bda6ee74c243b,51, #F0EBD7
79dab94bda6ee74c243b,13, #B0AB99
79dab94bda6ee74c243b,9, #938F7F
79dab94bda6ee74c243b,3,#D2CCB9
79ea11a3fd0bf474fad0,42, #C2B9A5
79ea11a3fd0bf474fad0,37, #988B7F
79ea11a3fd0bf474fad0,4, #68574D
79ea11a3fd0bf474fad0,7,#F7F6E4
79ea11a3fd0bf474fad0,1, #44322A
79ea11a3fd0bf474fad0,6, #DED9C5
79f3182d243e5ff02b68,4, #35332E
79f3182d243e5ff02b68,4, #9B968A
79f3182d243e5ff02b68,52,#F6F4EA
79f3182d243e5ff02b68,7, #59544D
79f3182d243e5ff02b68,3, #7D776E
79f3182d243e5ff02b68,27, #CAC3B5
79f480083689cd87f39d,9, #5A4D36
79f480083689cd87f39d,8, #85755E
79f480083689cd87f39d,13, #372416
79f480083689cd87f39d,43,#0C0903
79f480083689cd87f39d,20, #D1BF9F
79f480083689cd87f39d,5, #95A387
79f480083689cd87f39d,0, #577D72
79f92d4e5b51e219e27a,10, #B0AAA3
79f92d4e5b51e219e27a,17, #97928B
79f92d4e5b51e219e27a,38, #E7E0D9
79f92d4e5b51e219e27a,22, #6E6A64
79f92d4e5b51e219e27a,0,#FEFDF7
79f92d4e5b51e219e27a,10, #CAC3BB
79f9a108c72f90b8bdc1,18, #847560
79f9a108c72f90b8bdc1,7, #E5DEC6
79f9a108c72f90b8bdc1,10, #605344
79f9a108c72f90b8bdc1,7,#F5F3E9
79f9a108c72f90b8bdc1,18, #CABFA3
79f9a108c72f90b8bdc1,37, #A39883
79fac4416c6183854e86,8, #4F4D43
79fac4416c6183854e86,24, #E1DAC4
79fac4416c6183854e86,7,#F8F5E5
79fac4416c6183854e86,17, #9E9A8C
79fac4416c6183854e86,24, #7B786B
79fac4416c6183854e86,18, #C3BEAA
7a07c5eeadf0dd0bb793,2,#7D7653
7a07c5eeadf0dd0bb793,19, #6F5B2D
7a07c5eeadf0dd0bb793,1, #C1A759
7a07c5eeadf0dd0bb793,4, #A68C45
7a07c5eeadf0dd0bb793,11, #413117
7a07c5eeadf0dd0bb793,60, #1C170F
7a08022dffb3c7367709,1, #212820
7a08022dffb3c7367709,5,#F7F6E6
7a08022dffb3c7367709,12, #ACAB9C
7a08022dffb3c7367709,28, #D2CCB8
7a08022dffb3c7367709,13, #424842
7a08022dffb3c7367709,38, #74786E
7a0fcfbc3feee1ca30bd,69,#47402F
7a0fcfbc3feee1ca30bd,18, #70654B
7a0fcfbc3feee1ca30bd,0, #918A70
7a0fcfbc3feee1ca30bd,3, #AB884E
7a0fcfbc3feee1ca30bd,3, #BCA56D
7a0fcfbc3feee1ca30bd,4, #2D2A1F
7a0fcfbc3feee1ca30bd,0, #CFBC7E
7a14dd36e5eb9803d16c,21, #5A574E
7a14dd36e5eb9803d16c,9, #D1CAB4
7a14dd36e5eb9803d16c,14, #7E7B6E
7a14dd36e5eb9803d16c,6, #3F3E37
7a14dd36e5eb9803d16c,35,#F4F1DF
7a14dd36e5eb9803d16c,12, #A9A494
7a17939a46f9b352a6b5,0, #161613
7a17939a46f9b352a6b5,10, #666255
7a17939a46f9b352a6b5,6, #413F36
7a17939a46f9b352a6b5,20, #D3CDB9
7a17939a46f9b352a6b5,12, #878274
7a17939a46f9b352a6b5,17, #ADA897
7a17939a46f9b352a6b5,32,#F4F1E4
7a189c1d41a1a7b4ed97,2, #736858
7a189c1d41a1a7b4ed97,39, #16110E
7a189c1d41a1a7b4ed97,5, #A0965C
7a189c1d41a1a7b4ed97,2, #C6C4B9
7a189c1d41a1a7b4ed97,0, #327681
7a189c1d41a1a7b4ed97,44,#F1F0E8
7a189c1d41a1a7b4ed97,6, #52323B
7a1ddb58204e43979ce9,69, #F4F2EB
7a1ddb58204e43979ce9,0, #31302C
7a1ddb58204e43979ce9,22,#D7D2CB
7a1ddb58204e43979ce9,3, #AFAEAC
7a1ddb58204e43979ce9,0, #55534E
7a1ddb58204e43979ce9,2, #7F7D78
7a1fbf5885bf2679f2f8,7,#FBFAF4
7a1fbf5885bf2679f2f8,36, #E8DDC4
7a1fbf5885bf2679f2f8,5, #C6BDA4
7a1fbf5885bf2679f2f8,15, #777367
7a1fbf5885bf2679f2f8,9, #9F9A8A
7a1fbf5885bf2679f2f8,25, #4F4D45
7a20093459c95d1bf0cd,5, #9C814C
7a20093459c95d1bf0cd,18, #442517
7a20093459c95d1bf0cd,19, #1D150C
7a20093459c95d1bf0cd,8, #C9B777
7a20093459c95d1bf0cd,1, #6B291F
7a20093459c95d1bf0cd,39,#6C522E
7a20093459c95d1bf0cd,6, #AA9B61
7a26c90280044dfd0a32,1, #462E24
7a26c90280044dfd0a32,44,#CEC7B1
7a26c90280044dfd0a32,35, #B0A48B
7a26c90280044dfd0a32,7, #94876E
7a26c90280044dfd0a32,2, #5F4A3D
7a26c90280044dfd0a32,7, #7A6C56
7a2c0dcc71fa7ca6f343,2, #88685C
7a2c0dcc71fa7ca6f343,0, #2A1F0F
7a2c0dcc71fa7ca6f343,22, #DBD3BB
7a2c0dcc71fa7ca6f343,11,#ADA38C
7a2c0dcc71fa7ca6f343,0, #514028
7a2c0dcc71fa7ca6f343,62, #F4F2E5
7a2f181c1991f73292ad,9, #5F5D51
7a2f181c1991f73292ad,12, #7F7D70
7a2f181c1991f73292ad,1, #38372D
7a2f181c1991f73292ad,32,#F2EDDA
7a2f181c1991f73292ad,19, #9E9B8F
7a2f181c1991f73292ad,24, #C3C0B1
7a319ee0638157dd3799,7, #B7B2A0
7a319ee0638157dd3799,26, #646154
7a319ee0638157dd3799,22,#F7F4E5
7a319ee0638157dd3799,15, #3A382F
7a319ee0638157dd3799,11, #918C7D
7a319ee0638157dd3799,16, #D8D4C2
7a32140ba09a3d590553,3,#534F44
7a32140ba09a3d590553,11, #D2C9AD
7a32140ba09a3d590553,78, #F1EEE3
7a32140ba09a3d590553,2, #AEA792
7a32140ba09a3d590553,1, #1F201E
7a32140ba09a3d590553,2, #7C725B
7a35d2b1c79bc84f9963,8, #898274
7a35d2b1c79bc84f9963,7, #FCF9F2
7a35d2b1c79bc84f9963,13, #6C655B
7a35d2b1c79bc84f9963,11, #A49C8D
7a35d2b1c79bc84f9963,39,#E8DECA
7a35d2b1c79bc84f9963,11, #C6BDAB
7a35d2b1c79bc84f9963,8, #48433E
7a36d745bd33bab2cada,12, #373631
7a36d745bd33bab2cada,0,#FEFEEA
7a36d745bd33bab2cada,27, #57544D
7a36d745bd33bab2cada,23, #E0DBC9
7a36d745bd33bab2cada,15, #807C71
7a36d745bd33bab2cada,19, #AEA99D
7a3cb58cf34fe880c444,16, #938558
7a3cb58cf34fe880c444,13, #826F3E
7a3cb58cf34fe880c444,23, #5B4A2E
7a3cb58cf34fe880c444,7, #A29875
7a3cb58cf34fe880c444,1, #BAAB80
7a3cb58cf34fe880c444,33,#332313
7a3cb58cf34fe880c444,5, #16140C
7a41ee69b2524dedd030,5, #6D6759
7a41ee69b2524dedd030,56, #DBD4BF
7a41ee69b2524dedd030,2, #49453A
7a41ee69b2524dedd030,11, #8A8576
7a41ee69b2524dedd030,6,#FAF9F1
7a41ee69b2524dedd030,17, #AFA996
7a465fc7976e3a4f1887,7, #2D2B27
7a465fc7976e3a4f1887,0,#FEFEF5
7a465fc7976e3a4f1887,21, #BCB19A
7a465fc7976e3a4f1887,22, #4F4C43
7a465fc7976e3a4f1887,31, #867F6F
7a465fc7976e3a4f1887,16, #E5DEC9
7a4f635fd172bf43e5ab,25,#593F28
7a4f635fd172bf43e5ab,9, #A5956E
7a4f635fd172bf43e5ab,7, #DCDAD0
7a4f635fd172bf43e5ab,21, #1D130C
7a4f635fd172bf43e5ab,0, #AAA9B2
7a4f635fd172bf43e5ab,18, #7F614E
7a4f635fd172bf43e5ab,17, #CDC08D
7a51c04327045a8fa5ff,25, #D7CFBA
7a51c04327045a8fa5ff,5, #4C4235
7a51c04327045a8fa5ff,9, #BDB6A1
7a51c04327045a8fa5ff,11, #968B73
7a51c04327045a8fa5ff,44,#F5F3EA
7a51c04327045a8fa5ff,3, #6E6654
7a51c04327045a8fa5ff,0, #17120B
7a548f9066e3e3b7fac1,28,#A3996F
7a548f9066e3e3b7fac1,27, #BBB089
7a548f9066e3e3b7fac1,4, #959F9D
7a548f9066e3e3b7fac1,19, #595542
7a548f9066e3e3b7fac1,14, #847B5E
7a548f9066e3e3b7fac1,0, #181714
7a548f9066e3e3b7fac1,4, #312F26
7a55d5452fa4017a7266,14, #C1BCB0
7a55d5452fa4017a7266,6, #67605B
7a55d5452fa4017a7266,46,#EDE9DB
7a55d5452fa4017a7266,3, #282421
7a55d5452fa4017a7266,7, #453E3B
7a55d5452fa4017a7266,21, #747A8C
7a55d5452fa4017a7266,0, #465580
7a5e3bbb522e049edc44,25, #D1C9B1
7a5e3bbb522e049edc44,7, #686252
7a5e3bbb522e049edc44,2, #484439
7a5e3bbb522e049edc44,8, #AAA28B
7a5e3bbb522e049edc44,10, #8D8672
7a5e3bbb522e049edc44,46,#F8F3DA
7a5f31aae2f803fce2db,5, #413F39
7a5f31aae2f803fce2db,26, #676357
7a5f31aae2f803fce2db,13,#F2EEE0
7a5f31aae2f803fce2db,16, #8D887A
7a5f31aae2f803fce2db,28, #CBC3B0
7a5f31aae2f803fce2db,9, #ABA494
7a65d5047076fa7c1a3c,1, #DCD7B1
7a65d5047076fa7c1a3c,13, #9F9A7B
7a65d5047076fa7c1a3c,10, #6B6548
7a65d5047076fa7c1a3c,8, #534A38
7a65d5047076fa7c1a3c,45,#423523
7a65d5047076fa7c1a3c,17, #141511
7a65d5047076fa7c1a3c,2, #CCBF96
7a79969e58415b034d1d,16, #2A2312
7a79969e58415b034d1d,36, #484434
7a79969e58415b034d1d,4,#9F9D87
7a79969e58415b034d1d,37, #6B6B59
7a79969e58415b034d1d,5, #8E8667
7a79969e58415b034d1d,0, #C0BA98
7a7bb5655cb7e88a6690,9, #44423A
7a7bb5655cb7e88a6690,5, #C1BCAE
7a7bb5655cb7e88a6690,13, #6B675C
7a7bb5655cb7e88a6690,27,#E1DDD0
7a7bb5655cb7e88a6690,10, #9D9A91
7a7bb5655cb7e88a6690,25, #FBF9F4
7a7bb5655cb7e88a6690,8, #827F76
7a7cf299c9a14692b484,48,#0F0D09
7a7cf299c9a14692b484,4, #AC8D55
7a7cf299c9a14692b484,5, #86764E
7a7cf299c9a14692b484,13, #5D5335
7a7cf299c9a14692b484,25, #322914
7a7cf299c9a14692b484,3, #CAB471
7a7cf299c9a14692b484,0, #999884
7a82380366e9ee27bebe,20, #828072
7a82380366e9ee27bebe,41, #B0AC9B
7a82380366e9ee27bebe,2, #414137
7a82380366e9ee27bebe,14, #DBD5C3
7a82380366e9ee27bebe,11, #605F54
7a82380366e9ee27bebe,9,#F7F2E1
7a83345a457b73f371d6,15, #9F9A69
7a83345a457b73f371d6,39, #D4D3AC
7a83345a457b73f371d6,11, #ABB18F
7a83345a457b73f371d6,2,#3D3932
7a83345a457b73f371d6,29, #787450
7a83345a457b73f371d6,1, #729188
7a838d0bcb3ccf6cc64d,12, #0C0C07
7a838d0bcb3ccf6cc64d,7, #837855
7a838d0bcb3ccf6cc64d,0, #D3D0B9
7a838d0bcb3ccf6cc64d,6, #744F30
7a838d0bcb3ccf6cc64d,71,#2E2C1C
7a838d0bcb3ccf6cc64d,0, #A79879
7a838d0bcb3ccf6cc64d,0, #B7B69E
7a8396ab892ec8a84f38,15, #6D5E4D
7a8396ab892ec8a84f38,10, #A7A095
7a8396ab892ec8a84f38,11,#C5C1B7
7a8396ab892ec8a84f38,15, #8E8476
7a8396ab892ec8a84f38,34, #F2F1E5
7a8396ab892ec8a84f38,13, #4E3A29
7a89a65dca0064a9f71e,12, #8C8562
7a89a65dca0064a9f71e,11, #706B4B
7a89a65dca0064a9f71e,4, #A7A07D
7a89a65dca0064a9f71e,1, #D4CDAA
7a89a65dca0064a9f71e,56,#595435
7a89a65dca0064a9f71e,1, #BDB692
7a89a65dca0064a9f71e,12, #36331F
7a8bb1da893178c10e00,20, #6D6A5F
7a8bb1da893178c10e00,19, #4C4942
7a8bb1da893178c10e00,3, #32302B
7a8bb1da893178c10e00,12, #8F8A7E
7a8bb1da893178c10e00,10, #C7C2B4
7a8bb1da893178c10e00,25,#F1ECDB
7a8bb1da893178c10e00,7, #ACA79A
7a9852da4374782da13f,5, #45301D
7a9852da4374782da13f,4, #DCD8CB
7a9852da4374782da13f,26, #93866E
7a9852da4374782da13f,31,#BBAD8E
7a9852da4374782da13f,11, #C9C0A8
7a9852da4374782da13f,20, #67543C
7a9852da4374782da13f,0, #FBF7EA
7a98a28d301f9c218aa6,6, #707265
7a98a28d301f9c218aa6,5, #979382
7a98a28d301f9c218aa6,0, #80361F
7a98a28d301f9c218aa6,0, #BDB7A6
7a98a28d301f9c218aa6,3, #6A513E
7a98a28d301f9c218aa6,41, #4D3324
7a98a28d301f9c218aa6,42,#1C120B
7a9b2fac294909ef3ce4,0, #C2B77E
7a9b2fac294909ef3ce4,4, #927844
7a9b2fac294909ef3ce4,1, #AF9C64
7a9b2fac294909ef3ce4,5, #6E5C34
7a9b2fac294909ef3ce4,65,#1F1A10
7a9b2fac294909ef3ce4,23, #544226
7a9b2fac294909ef3ce4,0, #D4CD9B
7a9ed7a3c87cdfdc72b4,3, #3A3630
7a9ed7a3c87cdfdc72b4,8, #554F43
7a9ed7a3c87cdfdc72b4,12, #C7BBA6
7a9ed7a3c87cdfdc72b4,20, #A99E89
7a9ed7a3c87cdfdc72b4,39,#EDE2CB
7a9ed7a3c87cdfdc72b4,8, #786F5E
7a9ed7a3c87cdfdc72b4,7, #908573
7aa5e3db10328e5f6995,7, #897E70
7aa5e3db10328e5f6995,26, #D8D2BA
7aa5e3db10328e5f6995,3, #1C130F
7aa5e3db10328e5f6995,5, #6E6156
7aa5e3db10328e5f6995,10, #ACA492
7aa5e3db10328e5f6995,40,#F6F5EA
7aa5e3db10328e5f6995,6, #483A34
7aa75b5a8f4118b6943d,0,#E8E2CA
7aa75b5a8f4118b6943d,9, #A19477
7aa75b5a8f4118b6943d,7, #412E1C
7aa75b5a8f4118b6943d,57, #C3BCA3
7aa75b5a8f4118b6943d,8, #624F38
7aa75b5a8f4118b6943d,16, #877456
7aa94200af75c7413e04,8,#110C04
7aa94200af75c7413e04,11, #898569
7aa94200af75c7413e04,7, #A7A283
7aa94200af75c7413e04,13, #D5C3AB
7aa94200af75c7413e04,41, #635C49
7aa94200af75c7413e04,18, #42331B
7abab73ae43be1fb0423,5,#F2EFE5
7abab73ae43be1fb0423,13, #7A7469
7abab73ae43be1fb0423,3, #5C574D
7abab73ae43be1fb0423,22, #B8AE9A
7abab73ae43be1fb0423,21, #9A9487
7abab73ae43be1fb0423,34, #D2CBBB
7ac8885eb5d126427c49,9, #A99776
7ac8885eb5d126427c49,14, #6A563B
7ac8885eb5d126427c49,25, #180F08
7ac8885eb5d126427c49,29,#3F2A19
7ac8885eb5d126427c49,11, #907E60
7ac8885eb5d126427c49,6, #BBAE91
7ac8885eb5d126427c49,3, #C9C1AD
7accbd21373e18f23ff6,13, #79634B
7accbd21373e18f23ff6,2,#070604
7accbd21373e18f23ff6,30, #201710
7accbd21373e18f23ff6,9, #423024
7accbd21373e18f23ff6,0, #6A2F1C
7accbd21373e18f23ff6,43, #594432
7ad3467bed5ac53d85e8,13, #393019
7ad3467bed5ac53d85e8,12, #160F05
7ad3467bed5ac53d85e8,5, #F1ECD8
7ad3467bed5ac53d85e8,23, #655536
7ad3467bed5ac53d85e8,13, #BAA479
7ad3467bed5ac53d85e8,26,#8F7B5B
7ad3467bed5ac53d85e8,5, #D0C09D
7ad966443d8655579590,0, #86552F
7ad966443d8655579590,67,#2D2820
7ad966443d8655579590,7, #81704F
7ad966443d8655579590,10, #5F452D
7ad966443d8655579590,9, #A08960
7ad966443d8655579590,3, #C1AB7D
7ae2d5d322e4a1538341,4, #60605D
7ae2d5d322e4a1538341,7, #B2B1A5
7ae2d5d322e4a1538341,12, #9A9A92
7ae2d5d322e4a1538341,52, #D3D0C0
7ae2d5d322e4a1538341,11, #7B7B75
7ae2d5d322e4a1538341,11,#F4F3E6
7ae4080a0c0b936e480c,14, #5B4A2E
7ae4080a0c0b936e480c,7, #BBB699
7ae4080a0c0b936e480c,13, #7D6E46
7ae4080a0c0b936e480c,55,#2A2316
7ae4080a0c0b936e480c,8, #A39464
7ae4080a0c0b936e480c,0, #4E5C51
7aeaf30dde06808233a9,13,#F6EFD2
7aeaf30dde06808233a9,2, #15160C
7aeaf30dde06808233a9,36, #D6C9AC
7aeaf30dde06808233a9,20, #7D7861
7aeaf30dde06808233a9,12, #454332
7aeaf30dde06808233a9,13, #B6AD91
7aedfef59d6e489fdcd6,16,#D0CBBD
7aedfef59d6e489fdcd6,39, #F3F2ED
7aedfef59d6e489fdcd6,11, #716D62
7aedfef59d6e489fdcd6,9, #49463E
7aedfef59d6e489fdcd6,9, #ADA89C
7aedfef59d6e489fdcd6,12, #928D83
7af746052d1c89ba2c66,0, #857354
7af746052d1c89ba2c66,0, #9A8768
7af746052d1c89ba2c66,6, #D3C4A4
7af746052d1c89ba2c66,16, #F6F5E9
7af746052d1c89ba2c66,73,#E3DCC1
7af746052d1c89ba2c66,0, #96958F
7af746052d1c89ba2c66,3, #BAA088
7af7a09b75d77e76fa51,6, #8A7E6D
7af7a09b75d77e76fa51,12, #5B4A3B
7af7a09b75d77e76fa51,53,#D9D4B8
7af7a09b75d77e76fa51,5, #A49B87
7af7a09b75d77e76fa51,10, #BEB79D
7af7a09b75d77e76fa51,5, #716251
7af7a09b75d77e76fa51,6, #473228
7b043b139ffe0733870b,7, #DDCA6C
7b043b139ffe0733870b,24, #675846
7b043b139ffe0733870b,3,#F7EF8B
7b043b139ffe0733870b,13, #18191B
7b043b139ffe0733870b,20, #B3894A
7b043b139ffe0733870b,30, #363432
7b04f69dc112db0224bb,46,#222419
7b04f69dc112db0224bb,1, #7D724E
7b04f69dc112db0224bb,0, #99885D
7b04f69dc112db0224bb,0, #B7A781
7b04f69dc112db0224bb,43, #424229
7b04f69dc112db0224bb,7, #5E593A
7b080b322d4daeff6061,0,#FEFDEC
7b080b322d4daeff6061,34, #9D9272
7b080b322d4daeff6061,9, #D2C59F
7b080b322d4daeff6061,29, #EBE6CE
7b080b322d4daeff6061,12, #E0D6B1
7b080b322d4daeff6061,13, #BDAF8A
7b0a1476fde923fa5cef,16, #6C5345
7b0a1476fde923fa5cef,54, #EDE9E0
7b0a1476fde923fa5cef,1,#CBC0B0
7b0a1476fde923fa5cef,5, #877062
7b0a1476fde923fa5cef,16, #AF9F92
7b0a1476fde923fa5cef,5, #948579
7b0dd53765f14feaa300,45, #E9E1CC
7b0dd53765f14feaa300,15, #827964
7b0dd53765f14feaa300,21, #CCC2AA
7b0dd53765f14feaa300,1,#FCFCF9
7b0dd53765f14feaa300,2, #565142
7b0dd53765f14feaa300,14, #ABA38E
7b10d29c0dc14fc7b9de,1, #C5B17A
7b10d29c0dc14fc7b9de,25,#58481E
7b10d29c0dc14fc7b9de,6, #A6996B
7b10d29c0dc14fc7b9de,21, #221B0C
7b10d29c0dc14fc7b9de,24, #7C7359
7b10d29c0dc14fc7b9de,19, #B6BDBD
7b10d29c0dc14fc7b9de,1, #E2DCCB
7b184c48558b3d9d1ecc,13, #E0E5E2
7b184c48558b3d9d1ecc,6, #6D7772
7b184c48558b3d9d1ecc,14, #6B673C
7b184c48558b3d9d1ecc,18, #3C3920
7b184c48558b3d9d1ecc,25,#16130E
7b184c48558b3d9d1ecc,9, #8F937F
7b184c48558b3d9d1ecc,12, #A1A7A1
7b1a6283f3f36f43df1e,0, #E3D9AD
7b1a6283f3f36f43df1e,29, #69593D
7b1a6283f3f36f43df1e,6, #B9AF82
7b1a6283f3f36f43df1e,24, #40351D
7b1a6283f3f36f43df1e,10,#201C0E
7b1a6283f3f36f43df1e,27, #A08D56
7b1a95ad868a4be28085,0, #F0EDE4
7b1a95ad868a4be28085,24, #11100E
7b1a95ad868a4be28085,4, #CFC1AB
7b1a95ad868a4be28085,62, #463F31
7b1a95ad868a4be28085,1,#A99889
7b1a95ad868a4be28085,5, #866455
7b1f80535e2d2443f75d,9, #524E43
7b1f80535e2d2443f75d,7, #AFA898
7b1f80535e2d2443f75d,8, #8D887B
7b1f80535e2d2443f75d,18, #2B2920
7b1f80535e2d2443f75d,8, #706B5F
7b1f80535e2d2443f75d,38,#EEE8D4
7b1f80535e2d2443f75d,9, #D0C7B1
7b2f0794e08e807f2fdd,8, #66645A
7b2f0794e08e807f2fdd,13, #3E3D39
7b2f0794e08e807f2fdd,14, #D9D4C7
7b2f0794e08e807f2fdd,9, #9C988E
7b2f0794e08e807f2fdd,37,#B6B1A7
7b2f0794e08e807f2fdd,3, #827F74
7b2f0794e08e807f2fdd,13, #F6F3E7
7b3495c4939b6cba51ac,16,#F4ECD7
7b3495c4939b6cba51ac,11, #878071
7b3495c4939b6cba51ac,44, #D7CDB9
7b3495c4939b6cba51ac,13, #ACA592
7b3495c4939b6cba51ac,6, #413C31
7b3495c4939b6cba51ac,7, #6B6456
7b3d17c0db4529eb5be3,35, #9C8B7D
7b3d17c0db4529eb5be3,35, #C8B7A4
7b3d17c0db4529eb5be3,0, #4E3A30
7b3d17c0db4529eb5be3,22, #755D4F
7b3d17c0db4529eb5be3,5, #E8E0D2
7b3d17c0db4529eb5be3,0,#FCF7EB
7b49ca336140f2575062,11, #DCD5C0
7b49ca336140f2575062,10, #A09987
7b49ca336140f2575062,3, #403E34
7b49ca336140f2575062,9, #F3F0E0
7b49ca336140f2575062,28,#7F796B
7b49ca336140f2575062,18, #BCB5A1
7b49ca336140f2575062,17, #5D584C
7b4d43c7c61194d3e084,29,#F6F4DF
7b4d43c7c61194d3e084,1, #424037
7b4d43c7c61194d3e084,13, #807D6F
7b4d43c7c61194d3e084,19, #AAA796
7b4d43c7c61194d3e084,6, #605D51
7b4d43c7c61194d3e084,28, #D5D2BE
7b53030da07ad0612ee8,59,#EEE9D7
7b53030da07ad0612ee8,9, #ABA093
7b53030da07ad0612ee8,7, #57311E
7b53030da07ad0612ee8,4, #72543E
7b53030da07ad0612ee8,11, #897465
7b53030da07ad0612ee8,7, #C7BFAD
7b541b8b74e8699c43d2,14, #766F64
7b541b8b74e8699c43d2,45,#CFCCB0
7b541b8b74e8699c43d2,23, #575045
7b541b8b74e8699c43d2,9, #928C7E
7b541b8b74e8699c43d2,1, #EDEDD8
7b541b8b74e8699c43d2,3, #33291F
7b541b8b74e8699c43d2,2, #B1AD98
7b591596ac96172acdfb,33, #E3DDCB
7b591596ac96172acdfb,1,#FCFAF4
7b591596ac96172acdfb,22, #B6AFA0
7b591596ac96172acdfb,15, #4B473D
7b591596ac96172acdfb,18, #726D60
7b591596ac96172acdfb,9, #948F82
7b59709ffa6bb92e772b,19, #10120B
7b59709ffa6bb92e772b,3, #887049
7b59709ffa6bb92e772b,47,#3D2A1B
7b59709ffa6bb92e772b,0, #B4A889
7b59709ffa6bb92e772b,28, #51432D
7b59709ffa6bb92e772b,1, #A4906C
7b59709ffa6bb92e772b,0, #C9C0A0
7b61db74c676065651a0,4, #8F7455
7b61db74c676065651a0,80,#E1DAC8
7b61db74c676065651a0,0, #524433
7b61db74c676065651a0,4, #F7F4E7
7b61db74c676065651a0,2, #A1917A
7b61db74c676065651a0,6, #C0B39D
7b61db74c676065651a0,0, #746048
7b637e4136ea43b0f27b,2, #7F795A
7b637e4136ea43b0f27b,0, #DDD4A8
7b637e4136ea43b0f27b,2, #B5B086
7b637e4136ea43b0f27b,54,#242117
7b637e4136ea43b0f27b,1, #97936D
7b637e4136ea43b0f27b,26, #454132
7b637e4136ea43b0f27b,12, #64573F
7b63bee7a762ddef1895,1, #796A50
7b63bee7a762ddef1895,2, #5D5846
7b63bee7a762ddef1895,3, #907E5D
7b63bee7a762ddef1895,28, #121312
7b63bee7a762ddef1895,0, #A59574
7b63bee7a762ddef1895,44,#24251F
7b63bee7a762ddef1895,18, #423E34
7b73755a836d2c90083e,10, #C5B596
7b73755a836d2c90083e,0, #4F4A3B
7b73755a836d2c90083e,25,#F4EDD4
7b73755a836d2c90083e,1, #857150
7b73755a836d2c90083e,10, #98927D
7b73755a836d2c90083e,51, #DBD3BB
7b7691eb5383a38d0977,12, #9C9689
7b7691eb5383a38d0977,2, #48453D
7b7691eb5383a38d0977,32, #C0B9AA
7b7691eb5383a38d0977,28,#F6F3E6
7b7691eb5383a38d0977,21, #DAD2C3
7b7691eb5383a38d0977,2, #756F63
7b7a518e720a863e9554,43, #C6BA9A
7b7a518e720a863e9554,14, #8A7851
7b7a518e720a863e9554,31, #99917A
7b7a518e720a863e9554,5, #DED9C7
7b7a518e720a863e9554,2, #6B5839
7b7a518e720a863e9554,1,#F8F7EF
7b7cd9b82052c3bf2032,1, #39312C
7b7cd9b82052c3bf2032,27, #F4EFE3
7b7cd9b82052c3bf2032,3, #B3A38F
7b7cd9b82052c3bf2032,56,#DACDB7
7b7cd9b82052c3bf2032,4, #574F47
7b7cd9b82052c3bf2032,6, #83796C
7b8ee00f96e7ff18ed8a,2,#F5F0DC
7b8ee00f96e7ff18ed8a,8, #858073
7b8ee00f96e7ff18ed8a,2, #ACA798
7b8ee00f96e7ff18ed8a,31, #2A2820
7b8ee00f96e7ff18ed8a,44, #D5CDB9
7b8ee00f96e7ff18ed8a,10, #5B574C
7ba06626ce5da856e57b,9, #C1B396
7ba06626ce5da856e57b,1, #5A4E3F
7ba06626ce5da856e57b,4, #707167
7ba06626ce5da856e57b,5, #929082
7ba06626ce5da856e57b,0, #38362F
7ba06626ce5da856e57b,0, #C28960
7ba06626ce5da856e57b,78,#EBE2D2
7bab3b0fe9f859a4deba,13, #AAA494
7bab3b0fe9f859a4deba,9, #868072
7bab3b0fe9f859a4deba,0, #39362C
7bab3b0fe9f859a4deba,7, #615D4F
7bab3b0fe9f859a4deba,50,#E6DECB
7bab3b0fe9f859a4deba,9, #F9F8F3
7bab3b0fe9f859a4deba,8, #CCC1AB
7baea4b206a81e69fbb0,7, #663F21
7baea4b206a81e69fbb0,0, #C6C0A1
7baea4b206a81e69fbb0,0, #9D916C
7baea4b206a81e69fbb0,0, #B1AA8C
7baea4b206a81e69fbb0,16, #2F250F
7baea4b206a81e69fbb0,2, #7A6441
7baea4b206a81e69fbb0,72,#110F06
7bb9aa86d2fdb49daa74,13, #9C988B
7bb9aa86d2fdb49daa74,3,#F9F3E5
7bb9aa86d2fdb49daa74,51, #DED8CA
7bb9aa86d2fdb49daa74,6, #414036
7bb9aa86d2fdb49daa74,11, #BBB6AA
7bb9aa86d2fdb49daa74,13, #737064
7bc44b8690b96b56572b,2, #554F46
7bc44b8690b96b56572b,11, #CAC2B1
7bc44b8690b96b56572b,65,#EEE8D8
7bc44b8690b96b56572b,8, #A29C8E
7bc44b8690b96b56572b,0, #FEFEFD
7bc44b8690b96b56572b,9, #7F786A
7bc44b8690b96b56572b,0, #36302A
7bc505d39e37a9a9ad33,2, #E9E7D9
7bc505d39e37a9a9ad33,18, #7A6F5B
7bc505d39e37a9a9ad33,0,#FEFDF0
7bc505d39e37a9a9ad33,42, #A59879
7bc505d39e37a9a9ad33,1, #EEE2B6
7bc505d39e37a9a9ad33,33, #C8C0A8
7bc6c71ad6027a9828ff,31, #75685C
7bc6c71ad6027a9828ff,2, #C3BAA6
7bc6c71ad6027a9828ff,2, #D9D4C7
7bc6c71ad6027a9828ff,5,#F6F5EA
7bc6c71ad6027a9828ff,13, #B1A591
7bc6c71ad6027a9828ff,44, #958876
7bcbd28ee085e5011f6b,15, #5E5434
7bcbd28ee085e5011f6b,19, #B9B08E
7bcbd28ee085e5011f6b,8, #383724
7bcbd28ee085e5011f6b,14, #A19268
7bcbd28ee085e5011f6b,26,#D8D3BE
7bcbd28ee085e5011f6b,15, #716C50
7bd48d8bcf016ee08bf0,25,#F4EBD4
7bd48d8bcf016ee08bf0,28, #837967
7bd48d8bcf016ee08bf0,11, #A39884
7bd48d8bcf016ee08bf0,11, #DACDB6
7bd48d8bcf016ee08bf0,12, #BEB29D
7bd48d8bcf016ee08bf0,10, #544C3F
7be4c6d8dc5c29640cdf,36,#F6F3E8
7be4c6d8dc5c29640cdf,10, #B7AE99
7be4c6d8dc5c29640cdf,20, #D7CDB2
7be4c6d8dc5c29640cdf,11, #928B78
7be4c6d8dc5c29640cdf,9, #56503F
7be4c6d8dc5c29640cdf,9, #736C59
7be4c6d8dc5c29640cdf,2, #3C3728
7beb2f98ed06987c0818,6, #E6E2D0
7beb2f98ed06987c0818,19, #807F70
7beb2f98ed06987c0818,32,#CCC8B9
7beb2f98ed06987c0818,0, #FAF9F2
7beb2f98ed06987c0818,29, #A5A394
7beb2f98ed06987c0818,0, #403F35
7beb2f98ed06987c0818,10, #5E5D51
7bee49fb2050c4db9e1a,9, #C1BAAA
7bee49fb2050c4db9e1a,29,#DCD6C4
7bee49fb2050c4db9e1a,21, #FAF7F0
7bee49fb2050c4db9e1a,9, #817B6E
7bee49fb2050c4db9e1a,12, #5C574B
7bee49fb2050c4db9e1a,15, #A09B8D
7bee49fb2050c4db9e1a,3, #3C3930
7bf02dc5f741f387e183,3, #684277
7bf02dc5f741f387e183,1, #A59875
7bf02dc5f741f387e183,13, #8E7C7D
7bf02dc5f741f387e183,31,#E2DEC4
7bf02dc5f741f387e183,40, #CCC5B1
7bf02dc5f741f387e183,9, #BAB099
7bf10eeb4fce52aa727e,22, #403D34
7bf10eeb4fce52aa727e,10, #DED5C1
7bf10eeb4fce52aa727e,4, #938D7C
7bf10eeb4fce52aa727e,27,#FBF5E8
7bf10eeb4fce52aa727e,13, #B6AF9C
7bf10eeb4fce52aa727e,22, #716C5E
7bffe7beacc53056f6b2,0, #C0B596
7bffe7beacc53056f6b2,5, #9A815F
7bffe7beacc53056f6b2,3, #B09771
7bffe7beacc53056f6b2,44, #4C3525
7bffe7beacc53056f6b2,31, #715A3F
7bffe7beacc53056f6b2,13,#0C0E09
7c0a3428f0d7081550a5,18, #A5A293
7c0a3428f0d7081550a5,17, #585648
7c0a3428f0d7081550a5,7, #DBD6C1
7c0a3428f0d7081550a5,3, #39362C
7c0a3428f0d7081550a5,20, #797768
7c0a3428f0d7081550a5,21,#F5F1DD
7c0a3428f0d7081550a5,11, #C4C0AD
7c0d35ad5ba7909968cc,9, #C1BCAA
7c0d35ad5ba7909968cc,3, #5D594E
7c0d35ad5ba7909968cc,1, #3A372F
7c0d35ad5ba7909968cc,8, #9C9889
7c0d35ad5ba7909968cc,35, #F3EFDC
7c0d35ad5ba7909968cc,5, #7D786B
7c0d35ad5ba7909968cc,37,#D9D4C2
7c12c27037ae1a22fb8b,1, #AAA9A7
7c12c27037ae1a22fb8b,3, #888A7E
7c12c27037ae1a22fb8b,48,#3B392B
7c12c27037ae1a22fb8b,13, #080605
7c12c27037ae1a22fb8b,6, #626256
7c12c27037ae1a22fb8b,1, #C5C3C1
7c12c27037ae1a22fb8b,25, #E5E4E3
7c19ee82d0436a869d3a,25, #8F8880
7c19ee82d0436a869d3a,8, #726B63
7c19ee82d0436a869d3a,48,#B3AEA4
7c19ee82d0436a869d3a,3, #F6F3F2
7c19ee82d0436a869d3a,4, #D9D4C8
7c19ee82d0436a869d3a,6, #544D44
7c19ee82d0436a869d3a,3, #241D14
7c1fd593c770d81d20ec,23, #635F55
7c1fd593c770d81d20ec,12, #878277
7c1fd593c770d81d20ec,13, #BEBAB0
7c1fd593c770d81d20ec,2, #3E3C35
7c1fd593c770d81d20ec,9, #A4A095
7c1fd593c770d81d20ec,1, #FEFCEE
7c1fd593c770d81d20ec,36,#E3DFD3
7c28d79330eddca22278,25, #CFC9B0
7c28d79330eddca22278,1, #48473A
7c28d79330eddca22278,6, #6E6A5A
7c28d79330eddca22278,7, #8D8875
7c28d79330eddca22278,46, #F0EAD1
7c28d79330eddca22278,11,#ADA791
7c35397b8c7212d074d8,14, #9A9683
7c35397b8c7212d074d8,17,#F5EFDA
7c35397b8c7212d074d8,18, #737160
7c35397b8c7212d074d8,19, #BCB6A2
7c35397b8c7212d074d8,15, #D8D0BC
7c35397b8c7212d074d8,14, #424235
7c3717aee275641ffb60,3, #7A6333
7c3717aee275641ffb60,0, #BA9F60
7c3717aee275641ffb60,83,#231C10
7c3717aee275641ffb60,2, #9A7E39
7c3717aee275641ffb60,0, #E5D4A2
7c3717aee275641ffb60,10, #4F3C25
7c399ce137621c3e4366,3, #C3B59D
7c399ce137621c3e4366,0, #E4E1D0
7c399ce137621c3e4366,1,#846C45
7c399ce137621c3e4366,68, #13222D
7c399ce137621c3e4366,5, #848476
7c399ce137621c3e4366,20, #524939
7c3c79d7224cfb85592c,3, #BDA276
7c3c79d7224cfb85592c,9, #D2B988
7c3c79d7224cfb85592c,8, #A08A66
7c3c79d7224cfb85592c,22, #7B6D58
7c3c79d7224cfb85592c,12, #33281F
7c3c79d7224cfb85592c,41,#5A4231
7c3c79d7224cfb85592c,2, #E9D8AB
7c3d7e3fd36ab048630b,0, #C8C1A8
7c3d7e3fd36ab048630b,34,#B3AB91
7c3d7e3fd36ab048630b,6, #8D6953
7c3d7e3fd36ab048630b,12, #7B4937
7c3d7e3fd36ab048630b,9, #211F1D
7c3d7e3fd36ab048630b,20, #9B8B73
7c3d7e3fd36ab048630b,15, #473B2D
7c438d217ab6bc76e00f,76,#F8F8F1
7c438d217ab6bc76e00f,1, #96968A
7c438d217ab6bc76e00f,1, #B6B6AB
7c438d217ab6bc76e00f,18, #E6E4D4
7c438d217ab6bc76e00f,0, #76776A
7c438d217ab6bc76e00f,0, #58584C
7c438d217ab6bc76e00f,1, #D2D1C3
7c4c4d12051260cf91cd,30,#15160E
7c4c4d12051260cf91cd,29, #414F42
7c4c4d12051260cf91cd,5, #807C50
7c4c4d12051260cf91cd,17, #C1C5B2
7c4c4d12051260cf91cd,0, #884424
7c4c4d12051260cf91cd,6, #DCE3D7
7c4c4d12051260cf91cd,9, #989F8E
7c54e2a589732e0a763e,6, #988C7D
7c54e2a589732e0a763e,10, #776655
7c54e2a589732e0a763e,0,#F7F2DF
7c54e2a589732e0a763e,55, #DCD5C4
7c54e2a589732e0a763e,11, #BBAF9D
7c54e2a589732e0a763e,14, #4C3323
7c57fcef8428122aaf69,0,#786E65
7c57fcef8428122aaf69,0, #FEF7EA
7c57fcef8428122aaf69,68, #F0E5D6
7c57fcef8428122aaf69,8, #978B7E
7c57fcef8428122aaf69,10, #B1A99E
7c57fcef8428122aaf69,9, #D3C8BA
7c586e5138d9e3b7b97e,12, #CCC4AE
7c586e5138d9e3b7b97e,1, #211B12
7c586e5138d9e3b7b97e,6,#4E4333
7c586e5138d9e3b7b97e,16, #9C8D73
7c586e5138d9e3b7b97e,55, #EEEBE2
7c586e5138d9e3b7b97e,6, #71614C
7c59dd68970bf07360a1,23, #B2AE9E
7c59dd68970bf07360a1,11,#E1DDCA
7c59dd68970bf07360a1,23, #46463F
7c59dd68970bf07360a1,9, #898679
7c59dd68970bf07360a1,12, #67655C
7c59dd68970bf07360a1,20, #F7F6E8
7c5b6f60862bc9687710,2, #806F57
7c5b6f60862bc9687710,0, #760E0D
7c5b6f60862bc9687710,88, #281E14
7c5b6f60862bc9687710,9, #534229
7c5b6f60862bc9687710,0, #A59565
7c5b6f60862bc9687710,0,#B9AF8E
7c654f5c5be20d31554b,3, #C3BEAD
7c654f5c5be20d31554b,24,#45382D
7c654f5c5be20d31554b,23, #645845
7c654f5c5be20d31554b,9, #948F79
7c654f5c5be20d31554b,16, #A5A396
7c654f5c5be20d31554b,7, #201718
7c654f5c5be20d31554b,15, #757669
7c6cb447115e60c7fd8d,8, #9B9472
7c6cb447115e60c7fd8d,34, #575638
7c6cb447115e60c7fd8d,5, #757454
7c6cb447115e60c7fd8d,45, #34382B
7c6cb447115e60c7fd8d,0,#181718
7c6cb447115e60c7fd8d,5, #C4BC96
7c6f9629c4eb94f3a67e,3, #AE9C7C
7c6f9629c4eb94f3a67e,3, #554633
7c6f9629c4eb94f3a67e,4, #BBB599
7c6f9629c4eb94f3a67e,4, #9B8664
7c6f9629c4eb94f3a67e,80,#211D15
7c6f9629c4eb94f3a67e,2, #77684D
7c75d2e9afcc17d6c48a,63, #38281F
7c75d2e9afcc17d6c48a,0, #8A7D6C
7c75d2e9afcc17d6c48a,0, #A2998C
7c75d2e9afcc17d6c48a,26,#181512
7c75d2e9afcc17d6c48a,8, #564337
7c75d2e9afcc17d6c48a,0, #745E4E
7c77133047f603968b72,37, #A79465
7c77133047f603968b72,21, #261817
7c77133047f603968b72,3, #ACB4A5
7c77133047f603968b72,5,#E2E3E4
7c77133047f603968b72,31, #59503F
7c77133047f603968b72,0, #E5CE8B
7c87812b9c91444991d9,0, #504E4B
7c87812b9c91444991d9,58,#1B170D
7c87812b9c91444991d9,35, #624622
7c87812b9c91444991d9,1, #9E8D5B
7c87812b9c91444991d9,0, #B6A675
7c87812b9c91444991d9,0, #393530
7c87812b9c91444991d9,3, #7E6D3D
7c895c1cae9f3c80ca82,0, #838792
7c895c1cae9f3c80ca82,4, #45402E
7c895c1cae9f3c80ca82,47, #7E7B6D
7c895c1cae9f3c80ca82,24, #5F5944
7c895c1cae9f3c80ca82,3, #B7B39F
7c895c1cae9f3c80ca82,19,#9A9782
7c8e4ab4955c89ed4dc2,10, #A7A093
7c8e4ab4955c89ed4dc2,3, #837B72
7c8e4ab4955c89ed4dc2,60, #D7CFBE
7c8e4ab4955c89ed4dc2,3, #665F57
7c8e4ab4955c89ed4dc2,1, #413B36
7c8e4ab4955c89ed4dc2,20,#FCF8ED
7c8f9142ee15fea00823,61,#8C6F61
7c8f9142ee15fea00823,11, #D3C6AB
7c8f9142ee15fea00823,0, #3B833C
7c8f9142ee15fea00823,1, #BAA68C
7c8f9142ee15fea00823,21, #EBE5CF
7c8f9142ee15fea00823,0, #006200
7c8f9142ee15fea00823,4, #443C32
7c923ede0ec7febc7fa5,33,#EEE8D0
7c923ede0ec7febc7fa5,18, #8B8875
7c923ede0ec7febc7fa5,2, #32312A
7c923ede0ec7febc7fa5,23, #5F5C4F
7c923ede0ec7febc7fa5,10, #C7C3AD
7c923ede0ec7febc7fa5,11, #ADA894
7c9251da5ad011d4c5bc,7, #3E3E3D
7c9251da5ad011d4c5bc,3, #1A1C1B
7c9251da5ad011d4c5bc,47, #D6D2C2
7c9251da5ad011d4c5bc,29, #716C5C
7c9251da5ad011d4c5bc,11, #A89F85
7c9251da5ad011d4c5bc,0,#F9F8F8
7c92eb59f9dd8c11f034,1, #6C6452
7c92eb59f9dd8c11f034,0, #48607F
7c92eb59f9dd8c11f034,0, #B3A893
7c92eb59f9dd8c11f034,67,#111312
7c92eb59f9dd8c11f034,0, #23344D
7c92eb59f9dd8c11f034,27, #5D412A
7c92eb59f9dd8c11f034,1, #93876F
7c9ce529d362c228c701,40,#D3C6A8
7c9ce529d362c228c701,18, #F6E2A5
7c9ce529d362c228c701,1, #442E25
7c9ce529d362c228c701,8, #958471
7c9ce529d362c228c701,6, #76675B
7c9ce529d362c228c701,3, #5B4538
7c9ce529d362c228c701,20, #ACA391
7c9e9feef1195b5d4b4b,6, #4C473B
7c9e9feef1195b5d4b4b,9, #D8D2C0
7c9e9feef1195b5d4b4b,37,#F4F0E6
7c9e9feef1195b5d4b4b,10, #A39C8B
7c9e9feef1195b5d4b4b,16, #C0B9A8
7c9e9feef1195b5d4b4b,8, #6E6756
7c9e9feef1195b5d4b4b,10, #89816E
7ca6099b4f47655eca90,4, #615624
7ca6099b4f47655eca90,4, #746D46
7ca6099b4f47655eca90,19, #141309
7ca6099b4f47655eca90,40, #B6B4A4
7ca6099b4f47655eca90,18,#99916E
7ca6099b4f47655eca90,13, #423918
7ca779c2a12481ea3445,20,#39301E
7ca779c2a12481ea3445,14, #9D9373
7ca779c2a12481ea3445,13, #837456
7ca779c2a12481ea3445,9, #67573D
7ca779c2a12481ea3445,17, #D5CBAD
7ca779c2a12481ea3445,17, #B6AC8B
7ca779c2a12481ea3445,6, #0A0701
7cc028435d3379993063,4, #A8A18B
7cc028435d3379993063,1, #93896B
7cc028435d3379993063,54,#EDECE3
7cc028435d3379993063,9, #CDC6B2
7cc028435d3379993063,8, #6E6259
7cc028435d3379993063,7, #180A0D
7cc028435d3379993063,14, #403030
7cc0d61c06a2b618b5bc,1,#FEFEF7
7cc0d61c06a2b618b5bc,4, #624E37
7cc0d61c06a2b618b5bc,21, #BCAC89
7cc0d61c06a2b618b5bc,15, #958C79
7cc0d61c06a2b618b5bc,17, #7C6B52
7cc0d61c06a2b618b5bc,39, #DAD4C0
7cc2de8b82cd3d07688a,0, #977D4B
7cc2de8b82cd3d07688a,50,#68522D
7cc2de8b82cd3d07688a,0, #EFE6C9
7cc2de8b82cd3d07688a,3, #B29A6B
7cc2de8b82cd3d07688a,21, #151613
7cc2de8b82cd3d07688a,5, #D4C098
7cc2de8b82cd3d07688a,17, #3C2C1A
7cc8e3942bf73f6589af,18, #C4BFB1
7cc8e3942bf73f6589af,8, #424139
7cc8e3942bf73f6589af,0,#FEFCED
7cc8e3942bf73f6589af,26, #6B685C
7cc8e3942bf73f6589af,16, #9C9789
7cc8e3942bf73f6589af,29, #E6E0D2
7ccbf825b1815110f595,12,#EFEEE6
7ccbf825b1815110f595,8, #756A64
7ccbf825b1815110f595,16, #928980
7ccbf825b1815110f595,45, #BFB7A7
7ccbf825b1815110f595,8, #2B1C19
7ccbf825b1815110f595,8, #564741
7ce91c660601dfcca042,2, #4D483C
7ce91c660601dfcca042,5, #D8D4BF
7ce91c660601dfcca042,14, #6A6150
7ce91c660601dfcca042,43, #8A8068
7ce91c660601dfcca042,3,#F8F6E9
7ce91c660601dfcca042,31, #B2AA93
7cea5351ce5481254996,24, #EBEBE4
7cea5351ce5481254996,24, #908C82
7cea5351ce5481254996,32, #BBB7AD
7cea5351ce5481254996,9, #68655B
7cea5351ce5481254996,2, #272820
7cea5351ce5481254996,6,#47463D
7cef53133428263fc4c5,2, #9E8C5B
7cef53133428263fc4c5,1, #BDAA71
7cef53133428263fc4c5,45,#171509
7cef53133428263fc4c5,9, #474025
7cef53133428263fc4c5,34, #342C16
7cef53133428263fc4c5,6, #72643C
7cef53133428263fc4c5,0, #D9C47F
7ceff1f2e81b5b961a4c,45,#574027
7ceff1f2e81b5b961a4c,0, #AD4B36
7ceff1f2e81b5b961a4c,18, #7F683C
7ceff1f2e81b5b961a4c,25, #2C1C12
7ceff1f2e81b5b961a4c,7, #A2946B
7ceff1f2e81b5b961a4c,0, #923726
7ceff1f2e81b5b961a4c,2, #BFB38C
7cf45b36793ee0fcc682,25, #C5BAA4
7cf45b36793ee0fcc682,59, #DCD1B0
7cf45b36793ee0fcc682,0, #61472F
7cf45b36793ee0fcc682,12, #ADA18F
7cf45b36793ee0fcc682,1, #716656
7cf45b36793ee0fcc682,1,#847A69
7cfa80f8296fd6b2bbc8,8, #E2D5C4
7cfa80f8296fd6b2bbc8,5, #75726E
7cfa80f8296fd6b2bbc8,0, #585553
7cfa80f8296fd6b2bbc8,1, #A87B6D
7cfa80f8296fd6b2bbc8,7, #C9B0A1
7cfa80f8296fd6b2bbc8,75,#F9F2E4
7cfd6a4ef4ba966eedfe,9, #49463C
7cfd6a4ef4ba966eedfe,15, #B0A994
7cfd6a4ef4ba966eedfe,15, #686456
7cfd6a4ef4ba966eedfe,37, #E0DBC4
7cfd6a4ef4ba966eedfe,1,#FEFEF0
7cfd6a4ef4ba966eedfe,19, #858070
7cfe134e4bf34cbdd985,5, #685937
7cfe134e4bf34cbdd985,6, #D9C078
7cfe134e4bf34cbdd985,69, #272114
7cfe134e4bf34cbdd985,1, #FBF5CB
7cfe134e4bf34cbdd985,16, #8C7E63
7cfe134e4bf34cbdd985,0,#A29E98
7cffd028077eea7683c0,1, #9C8B7A
7cffd028077eea7683c0,16, #F8F4E2
7cffd028077eea7683c0,57,#D7C8B1
7cffd028077eea7683c0,1, #B8A690
7cffd028077eea7683c0,2, #876E5D
7cffd028077eea7683c0,4, #6C4F3F
7cffd028077eea7683c0,15, #462519
7d02594692b498e2ecc1,10, #564D43
7d02594692b498e2ecc1,14, #B8B4A8
7d02594692b498e2ecc1,0, #40372A
7d02594692b498e2ecc1,0, #CDCBC2
7d02594692b498e2ecc1,4, #F0ECE9
7d02594692b498e2ecc1,28, #796F67
7d02594692b498e2ecc1,41,#9B948B
7d06e237ccadf5381662,3, #C6C7C7
7d06e237ccadf5381662,4, #777777
7d06e237ccadf5381662,3, #A1A1A1
7d06e237ccadf5381662,36, #343432
7d06e237ccadf5381662,40,#10110F
7d06e237ccadf5381662,4, #5D5D5C
7d06e237ccadf5381662,7, #F0F1F1
7d0d40aef5c2dc8b3877,10, #866835
7d0d40aef5c2dc8b3877,2, #C4B58C
7d0d40aef5c2dc8b3877,23,#301E0C
7d0d40aef5c2dc8b3877,19, #0E0A05
7d0d40aef5c2dc8b3877,4, #A99666
7d0d40aef5c2dc8b3877,39, #603818
7d0da4a60c2c1df58ba5,19, #48463C
7d0da4a60c2c1df58ba5,15, #BAB5A1
7d0da4a60c2c1df58ba5,13,#F7F3DE
7d0da4a60c2c1df58ba5,24, #D9D5C1
7d0da4a60c2c1df58ba5,10, #999480
7d0da4a60c2c1df58ba5,16, #797463
7d0e2fd5655ead1ddf26,15, #97908A
7d0e2fd5655ead1ddf26,14, #B8B0A8
7d0e2fd5655ead1ddf26,9, #736B67
7d0e2fd5655ead1ddf26,6,#FAF6EE
7d0e2fd5655ead1ddf26,2, #433C3A
7d0e2fd5655ead1ddf26,51, #DBD3CB
7d0f653a37e24a17b80c,3, #7C6E5F
7d0f653a37e24a17b80c,3, #151618
7d0f653a37e24a17b80c,24, #AB9672
7d0f653a37e24a17b80c,14,#3A3A40
7d0f653a37e24a17b80c,20, #565455
7d0f653a37e24a17b80c,32, #D7CAA7
7d1ee201997cfc9abcee,30, #4B261D
7d1ee201997cfc9abcee,42, #180805
7d1ee201997cfc9abcee,2,#D0BEBB
7d1ee201997cfc9abcee,14, #9A7E74
7d1ee201997cfc9abcee,8, #6B4739
7d1ee201997cfc9abcee,1, #F2E6E1
7d1f7731408f7b9db244,27, #4B3C24
7d1f7731408f7b9db244,41,#221D0F
7d1f7731408f7b9db244,1, #DCD196
7d1f7731408f7b9db244,0, #75735E
7d1f7731408f7b9db244,17, #675938
7d1f7731408f7b9db244,6, #9E7936
7d1f7731408f7b9db244,5, #BBA567
7d2a043aa1071c916d1e,22, #C7C1B0
7d2a043aa1071c916d1e,10, #585349
7d2a043aa1071c916d1e,13, #7F7A6D
7d2a043aa1071c916d1e,0, #35302A
7d2a043aa1071c916d1e,38,#F0ECDB
7d2a043aa1071c916d1e,15, #A29C8D
7d325584d76699815254,1, #AC9D69
7d325584d76699815254,2, #6D2F1A
7d325584d76699815254,2, #886E36
7d325584d76699815254,83,#251B0D
7d325584d76699815254,1, #987F52
7d325584d76699815254,0, #C4B67E
7d325584d76699815254,8, #614C27
7d382e6c8b4b8a66acf9,19,#C2BFA4
7d382e6c8b4b8a66acf9,31, #8D8C7C
7d382e6c8b4b8a66acf9,28, #766A48
7d382e6c8b4b8a66acf9,0, #7C4B25
7d382e6c8b4b8a66acf9,15, #2F2819
7d382e6c8b4b8a66acf9,4, #DEDDC6
7d38a30db27a4ffcd652,13, #634634
7d38a30db27a4ffcd652,12, #74726E
7d38a30db27a4ffcd652,0,#FDFCF6
7d38a30db27a4ffcd652,15, #CFCBAE
7d38a30db27a4ffcd652,40, #271A16
7d38a30db27a4ffcd652,17, #BCAF73
7d41d6e03e94c1d7f271,40, #71654C
7d41d6e03e94c1d7f271,10,#F7F6EE
7d41d6e03e94c1d7f271,14, #584830
7d41d6e03e94c1d7f271,16, #8D8674
7d41d6e03e94c1d7f271,1, #DFDBC9
7d41d6e03e94c1d7f271,15, #BFB296
7d452d9c0efc71dbc3f6,10, #AFADA1
7d452d9c0efc71dbc3f6,1, #4E4E47
7d452d9c0efc71dbc3f6,55,#E3DFD1
7d452d9c0efc71dbc3f6,5, #FBF9EE
7d452d9c0efc71dbc3f6,5, #6C6B62
7d452d9c0efc71dbc3f6,13, #8F8E84
7d452d9c0efc71dbc3f6,8, #C7C5B7
7d46a679cc725206d126,3, #81765B
7d46a679cc725206d126,0,#6A5836
7d46a679cc725206d126,7, #B4AA8B
7d46a679cc725206d126,5, #9C906E
7d46a679cc725206d126,40, #DCD2B5
7d46a679cc725206d126,41, #CBC1A1
7d4ac0e16285fd3fbddd,33, #5B5649
7d4ac0e16285fd3fbddd,27, #26231D
7d4ac0e16285fd3fbddd,6, #937E48
7d4ac0e16285fd3fbddd,14, #7A898F
7d4ac0e16285fd3fbddd,15, #C3BEAE
7d4ac0e16285fd3fbddd,2,#B4A36F
7d4cb7016533464e861e,11, #9D9480
7d4cb7016533464e861e,10, #716956
7d4cb7016533464e861e,7,#FBFAF0
7d4cb7016533464e861e,1, #413D31
7d4cb7016533464e861e,33, #BFB195
7d4cb7016533464e861e,35, #E1D3B7
7d5b93c1c51a1aca6179,5, #5D5E41
7d5b93c1c51a1aca6179,10, #231B0D
7d5b93c1c51a1aca6179,8, #A1572F
7d5b93c1c51a1aca6179,15, #BCA582
7d5b93c1c51a1aca6179,17, #94895D
7d5b93c1c51a1aca6179,16, #6F3217
7d5b93c1c51a1aca6179,25,#CDC9BE
7d632b54485260dd3a29,7, #9E9480
7d632b54485260dd3a29,17, #B9B29F
7d632b54485260dd3a29,2, #594F41
7d632b54485260dd3a29,45,#F7F3E6
7d632b54485260dd3a29,2, #32271B
7d632b54485260dd3a29,4, #837864
7d632b54485260dd3a29,19, #DFD7C2
7d665fcaf810fbce869b,80, #DED9C7
7d665fcaf810fbce869b,5, #797464
7d665fcaf810fbce869b,2, #4D493D
7d665fcaf810fbce869b,1,#FEFDEE
7d665fcaf810fbce869b,6, #9E9988
7d665fcaf810fbce869b,4, #BCB6A3
7d67947c822a901843ea,35, #B8AA88
7d67947c822a901843ea,0, #362A15
7d67947c822a901843ea,0,#685334
7d67947c822a901843ea,9, #8A795B
7d67947c822a901843ea,0, #F3F1DD
7d67947c822a901843ea,54, #E0DABE
7d69d60454cf5d8c2ff0,16,#F3F1EC
7d69d60454cf5d8c2ff0,11, #D2CFC6
7d69d60454cf5d8c2ff0,13, #3C3B38
7d69d60454cf5d8c2ff0,19, #605F58
7d69d60454cf5d8c2ff0,11, #B2AFA7
7d69d60454cf5d8c2ff0,26, #86847E
7d6dce6fbbbd5e85870b,2, #BDB190
7d6dce6fbbbd5e85870b,1, #A59878
7d6dce6fbbbd5e85870b,69,#100D07
7d6dce6fbbbd5e85870b,6, #5C5634
7d6dce6fbbbd5e85870b,0, #D2CDBA
7d6dce6fbbbd5e85870b,3, #7A7857
7d6dce6fbbbd5e85870b,16, #2C311A
7d719e8cc4a76b13b9c9,30, #737162
7d719e8cc4a76b13b9c9,8, #424137
7d719e8cc4a76b13b9c9,21,#DED9C7
7d719e8cc4a76b13b9c9,2, #F9F4DF
7d719e8cc4a76b13b9c9,16, #B9B6A7
7d719e8cc4a76b13b9c9,20, #999688
7d7aff3b19c3d2cd9cbb,2, #A89C80
7d7aff3b19c3d2cd9cbb,49,#3B2A1E
7d7aff3b19c3d2cd9cbb,0, #E2DFD4
7d7aff3b19c3d2cd9cbb,3, #CEC5AC
7d7aff3b19c3d2cd9cbb,19, #18150F
7d7aff3b19c3d2cd9cbb,21, #5B523D
7d7aff3b19c3d2cd9cbb,3, #877E65
7d83f53df21c10520d88,17, #A6A091
7d83f53df21c10520d88,43, #DFD8C6
7d83f53df21c10520d88,10,#F7F2DD
7d83f53df21c10520d88,12, #7A7568
7d83f53df21c10520d88,15, #C8C1B0
7d83f53df21c10520d88,1, #565247
7d88fd7f56490cea3779,7, #5C421C
7d88fd7f56490cea3779,29,#12110B
7d88fd7f56490cea3779,3, #776436
7d88fd7f56490cea3779,54, #2C2413
7d88fd7f56490cea3779,4, #9A7E42
7d88fd7f56490cea3779,0, #AF9F63
7d895cb92a3f560fd945,13, #18110A
7d895cb92a3f560fd945,5, #B2A47A
7d895cb92a3f560fd945,3, #CCBA78
7d895cb92a3f560fd945,17, #86724B
7d895cb92a3f560fd945,17, #685032
7d895cb92a3f560fd945,32,#4A341C
7d895cb92a3f560fd945,10, #A49061
7d8a4c056d27a7e168d5,13, #CCC9BA
7d8a4c056d27a7e168d5,50,#EDEBDD
7d8a4c056d27a7e168d5,16, #8C8779
7d8a4c056d27a7e168d5,12, #B1AD9E
7d8a4c056d27a7e168d5,6, #5F5A4D
7d8a4c056d27a7e168d5,0, #363128
7d9124178a4d10197c3d,51,#50492C
7d9124178a4d10197c3d,22, #2C2A19
7d9124178a4d10197c3d,0, #BDB095
7d9124178a4d10197c3d,17, #726B44
7d9124178a4d10197c3d,0, #AF9C71
7d9124178a4d10197c3d,0, #17160E
7d9124178a4d10197c3d,6, #92855E
7d91de2f9282477cfb87,1, #BA9A57
7d91de2f9282477cfb87,9, #857D4D
7d91de2f9282477cfb87,0, #8D8D71
7d91de2f9282477cfb87,3, #1A190A
7d91de2f9282477cfb87,52,#5C502B
7d91de2f9282477cfb87,32, #383216
7d91de2f9282477cfb87,0, #D8B872
7d9ca4c72bf1b5298f4b,30, #424240
7d9ca4c72bf1b5298f4b,8, #797979
7d9ca4c72bf1b5298f4b,6,#EBEDEC
7d9ca4c72bf1b5298f4b,1, #CED0CF
7d9ca4c72bf1b5298f4b,4, #AAABAA
7d9ca4c72bf1b5298f4b,48, #161714
7da00591752b27a58c44,1, #464438
7da00591752b27a58c44,5, #5E5B4D
7da00591752b27a58c44,14, #A09C8D
7da00591752b27a58c44,6, #7E7A6A
7da00591752b27a58c44,10, #C8C4B5
7da00591752b27a58c44,33,#F8F7EE
7da00591752b27a58c44,28, #DFDCCD
7da877bd35b0b92eef4b,6, #847667
7da877bd35b0b92eef4b,6, #ABA093
7da877bd35b0b92eef4b,62, #DAD3C5
7da877bd35b0b92eef4b,15, #5B4636
7da877bd35b0b92eef4b,1,#F6F2E5
7da877bd35b0b92eef4b,7, #2E180F
7da8ddcd596c2934c394,2, #AAA593
7da8ddcd596c2934c394,4, #D0CBB9
7da8ddcd596c2934c394,37, #38352C
7da8ddcd596c2934c394,5,#F7F5E6
7da8ddcd596c2934c394,22, #8C8877
7da8ddcd596c2934c394,27, #696455
7daf6438b3243dcecff5,2, #D0CEC4
7daf6438b3243dcecff5,13, #676662
7daf6438b3243dcecff5,42,#EEF0E9
7daf6438b3243dcecff5,9, #AFABA5
7daf6438b3243dcecff5,10, #878580
7daf6438b3243dcecff5,21, #3A3A3C
7dbc90a9a08ac133a1d1,2, #63584A
7dbc90a9a08ac133a1d1,57,#EFEBE4
7dbc90a9a08ac133a1d1,8, #AF9683
7dbc90a9a08ac133a1d1,0, #2E231D
7dbc90a9a08ac133a1d1,3, #4A3E33
7dbc90a9a08ac133a1d1,5, #817663
7dbc90a9a08ac133a1d1,22, #D1C6B3
7dc3af85958493f1dbe3,1, #AB844C
7dc3af85958493f1dbe3,2, #897345
7dc3af85958493f1dbe3,30, #11130A
7dc3af85958493f1dbe3,2, #6F5F37
7dc3af85958493f1dbe3,5, #433822
7dc3af85958493f1dbe3,55,#252216
7dc3af85958493f1dbe3,3, #9C8F61
7dc5be7066d772294a09,40,#C9C5B2
7dc5be7066d772294a09,20, #3D3027
7dc5be7066d772294a09,1, #AEA694
7dc5be7066d772294a09,5, #99907C
7dc5be7066d772294a09,17, #605245
7dc5be7066d772294a09,4, #261B14
7dc5be7066d772294a09,10, #7B7163
7dd479a6ebd2b95cc1da,9, #D4CDBA
7dd479a6ebd2b95cc1da,22,#F6F5F0
7dd479a6ebd2b95cc1da,9, #B0A794
7dd479a6ebd2b95cc1da,25, #443A30
7dd479a6ebd2b95cc1da,20, #695F52
7dd479a6ebd2b95cc1da,13, #8F8679
7dd6b55031e722e487bc,0, #DBD7AA
7dd6b55031e722e487bc,15, #585136
7dd6b55031e722e487bc,23, #8B6744
7dd6b55031e722e487bc,21, #9F9776
7dd6b55031e722e487bc,10, #3D3A27
7dd6b55031e722e487bc,4, #19180F
7dd6b55031e722e487bc,24,#BFB88E
7dda09a328484c49baa6,1, #171D16
7dda09a328484c49baa6,4,#000000
7dda09a328484c49baa6,35, #5B5E50
7dda09a328484c49baa6,40, #708077
7dda09a328484c49baa6,8, #8F998A
7dda09a328484c49baa6,10, #353F36
7dda1971a4358f105257,0, #4F5047
7dda1971a4358f105257,0,#FEFEF7
7dda1971a4358f105257,80, #DED9CF
7dda1971a4358f105257,5, #75746B
7dda1971a4358f105257,8, #B7B4AB
7dda1971a4358f105257,3, #9C9990
7de85a7c1856de7be01a,57,#DCD3C1
7de85a7c1856de7be01a,7, #C5B9A5
7de85a7c1856de7be01a,14, #837469
7de85a7c1856de7be01a,7, #3C2A27
7de85a7c1856de7be01a,1, #F7F3E9
7de85a7c1856de7be01a,4, #625149
7de85a7c1856de7be01a,7, #AB9D8C
7ded3b830f9737a0b1a6,24, #BEB6AA
7ded3b830f9737a0b1a6,44, #ECE4D4
7ded3b830f9737a0b1a6,2, #36312E
7ded3b830f9737a0b1a6,11, #787168
7ded3b830f9737a0b1a6,8,#968E84
7ded3b830f9737a0b1a6,8, #57524C
7def3be28a84d4886e4f,10, #6A665A
7def3be28a84d4886e4f,8, #434138
7def3be28a84d4886e4f,32,#E7E3D1
7def3be28a84d4886e4f,18, #CAC5B7
7def3be28a84d4886e4f,19, #A59F93
7def3be28a84d4886e4f,0, #FEFEE7
7def3be28a84d4886e4f,9, #878175
7defa5400f9572936f51,25, #704C28
7defa5400f9572936f51,0, #7E8589
7defa5400f9572936f51,1, #535456
7defa5400f9572936f51,17, #A0814E
7defa5400f9572936f51,36,#3B2B28
7defa5400f9572936f51,15, #0B0909
7defa5400f9572936f51,3, #DBC588
7df24aeb82afd2646995,7, #686456
7df24aeb82afd2646995,16, #B1AA98
7df24aeb82afd2646995,9,#F8F7F1
7df24aeb82afd2646995,50, #DCD6C2
7df24aeb82afd2646995,3, #434137
7df24aeb82afd2646995,13, #898474
7df6658f19979261ce64,35, #A69B89
7df6658f19979261ce64,26, #D0C7B0
7df6658f19979261ce64,0,#371C1C
7df6658f19979261ce64,5, #EFECDF
7df6658f19979261ce64,11, #5C483E
7df6658f19979261ce64,21, #7B6E62
7dfe3a74e2165ec8fcc0,5, #4E4940
7dfe3a74e2165ec8fcc0,7, #807A6E
7dfe3a74e2165ec8fcc0,9, #BCB4A5
7dfe3a74e2165ec8fcc0,6, #696459
7dfe3a74e2165ec8fcc0,55,#DAD2C4
7dfe3a74e2165ec8fcc0,11, #9D9689
7dfe3a74e2165ec8fcc0,3, #F5ECDC
7e03098676b1880b763d,80, #5D5B53
7e03098676b1880b763d,4, #E3DFCE
7e03098676b1880b763d,3, #A5A294
7e03098676b1880b763d,5,#FAF9F5
7e03098676b1880b763d,0, #C7C2B1
7e03098676b1880b763d,5, #878579
7e0f691d00987ec500f1,34, #999089
7e0f691d00987ec500f1,15, #736762
7e0f691d00987ec500f1,11, #4C474D
7e0f691d00987ec500f1,11, #2E2B2D
7e0f691d00987ec500f1,21, #D2CAB9
7e0f691d00987ec500f1,5,#F6F4EB
7e16ba6938f59157c8ff,5, #B6AF9A
7e16ba6938f59157c8ff,80, #E3DDC5
7e16ba6938f59157c8ff,4, #464338
7e16ba6938f59157c8ff,0,#FFFEF6
7e16ba6938f59157c8ff,5, #716C5C
7e16ba6938f59157c8ff,3, #938E7D
7e18f1c14d247cb55031,4, #3C3B2F
7e18f1c14d247cb55031,13, #B5B19F
7e18f1c14d247cb55031,12,#8E8A7A
7e18f1c14d247cb55031,21, #646152
7e18f1c14d247cb55031,22, #D1CBBB
7e18f1c14d247cb55031,25, #F2ECDB
7e29622ccb49c034b050,66, #E3DCC4
7e29622ccb49c034b050,3, #877261
7e29622ccb49c034b050,6,#A4987F
7e29622ccb49c034b050,5, #C5BCA3
7e29622ccb49c034b050,16, #F9F7F1
7e29622ccb49c034b050,1, #5E4937
7e2d89228fcfac41a49a,0, #201E1A
7e2d89228fcfac41a49a,43, #464A37
7e2d89228fcfac41a49a,6,#070508
7e2d89228fcfac41a49a,14, #989471
7e2d89228fcfac41a49a,1, #D1C79B
7e2d89228fcfac41a49a,33, #727257
7e37b1ac82cf4b258602,6, #333126
7e37b1ac82cf4b258602,5, #716C5B
7e37b1ac82cf4b258602,12, #ABA083
7e37b1ac82cf4b258602,11, #555142
7e37b1ac82cf4b258602,43,#F9F7EF
7e37b1ac82cf4b258602,11, #D7CFB6
7e37b1ac82cf4b258602,9, #898471
7e4564def86ec8bd4ffc,1, #3A3932
7e4564def86ec8bd4ffc,12, #C0BCAE
7e4564def86ec8bd4ffc,1, #FBF9EF
7e4564def86ec8bd4ffc,27,#7A776B
7e4564def86ec8bd4ffc,17, #545349
7e4564def86ec8bd4ffc,24, #A29F91
7e4564def86ec8bd4ffc,15, #DFDACA
7e4b2449604362782993,5, #757065
7e4b2449604362782993,51, #E0D9C9
7e4b2449604362782993,21, #9C978B
7e4b2449604362782993,0,#FBF6E4
7e4b2449604362782993,1, #58554A
7e4b2449604362782993,19, #C4BCAA
7e5148e7fe4c9a0d016f,1, #64543A
7e5148e7fe4c9a0d016f,1, #95835D
7e5148e7fe4c9a0d016f,0, #AEA57A
7e5148e7fe4c9a0d016f,86,#281D14
7e5148e7fe4c9a0d016f,5, #4D3B29
7e5148e7fe4c9a0d016f,3, #746F52
7e5ab6d4c7da27f2c364,0, #823613
7e5ab6d4c7da27f2c364,48, #554C3A
7e5ab6d4c7da27f2c364,40,#1E1814
7e5ab6d4c7da27f2c364,0, #B7A966
7e5ab6d4c7da27f2c364,9, #978448
7e5ab6d4c7da27f2c364,0, #D3C781
7e5dcbc6f47d75608a98,15, #58554B
7e5dcbc6f47d75608a98,12, #787669
7e5dcbc6f47d75608a98,23,#F2EFDE
7e5dcbc6f47d75608a98,18, #A4A08D
7e5dcbc6f47d75608a98,14, #393731
7e5dcbc6f47d75608a98,15, #D2CEB7
7e615b0dd2c569ab2ff5,17, #9F9269
7e615b0dd2c569ab2ff5,20,#C6C3A8
7e615b0dd2c569ab2ff5,5, #2D2113
7e615b0dd2c569ab2ff5,15, #7B7336
7e615b0dd2c569ab2ff5,19, #DCDBC8
7e615b0dd2c569ab2ff5,21, #534A27
7e645ab6635ac12b5b36,38, #FCF6DC
7e645ab6635ac12b5b36,41,#D7D0BC
7e645ab6635ac12b5b36,4, #807B6B
7e645ab6635ac12b5b36,4, #B3AE9C
7e645ab6635ac12b5b36,4, #989383
7e645ab6635ac12b5b36,1, #545244
7e645ab6635ac12b5b36,3, #6A6757
7e64da19aed081d3c216,14, #515147
7e64da19aed081d3c216,31,#E7E4D4
7e64da19aed081d3c216,10, #C3C1B0
7e64da19aed081d3c216,7, #7B796C
7e64da19aed081d3c216,2, #A6A595
7e64da19aed081d3c216,33, #31322C
7e78c8196d5401064ae4,0, #575648
7e78c8196d5401064ae4,87, #EEEBDB
7e78c8196d5401064ae4,7, #C1C0B0
7e78c8196d5401064ae4,2, #A4A394
7e78c8196d5401064ae4,2,#7E7C6D
7e78c8196d5401064ae4,0, #38362A
7e7dbf6cba92b9023bc8,56,#2B2529
7e7dbf6cba92b9023bc8,0, #435B77
7e7dbf6cba92b9023bc8,1, #9CA7B7
7e7dbf6cba92b9023bc8,6, #929082
7e7dbf6cba92b9023bc8,2, #F4EED2
7e7dbf6cba92b9023bc8,22, #82604E
7e7dbf6cba92b9023bc8,11, #C6C1AB
7e82f2ee559048af4e92,59,#DED2C4
7e82f2ee559048af4e92,3, #7E776A
7e82f2ee559048af4e92,1, #FAF6F1
7e82f2ee559048af4e92,12, #958E82
7e82f2ee559048af4e92,15, #BBB1A1
7e82f2ee559048af4e92,6, #635E54
7e82f2ee559048af4e92,2, #47443D
7e8aba708877fa4aa4b0,7, #B3AA96
7e8aba708877fa4aa4b0,13, #98917F
7e8aba708877fa4aa4b0,9, #444137
7e8aba708877fa4aa4b0,14, #CBC3AE
7e8aba708877fa4aa4b0,11, #FAF8EF
7e8aba708877fa4aa4b0,23,#E5DEC8
7e8aba708877fa4aa4b0,21, #6D6756
7e8ff9cc42af6fb76ee4,5, #9A9373
7e8ff9cc42af6fb76ee4,0, #C4C3B3
7e8ff9cc42af6fb76ee4,0, #F0ECC1
7e8ff9cc42af6fb76ee4,51,#323220
7e8ff9cc42af6fb76ee4,39, #6E6637
7e8ff9cc42af6fb76ee4,3, #D8C678
7e9d85776c5158ce185d,9, #DDD9C6
7e9d85776c5158ce185d,18, #72726C
7e9d85776c5158ce185d,16, #4D4C4A
7e9d85776c5158ce185d,10, #BFBCAA
7e9d85776c5158ce185d,5,#F6F4E5
7e9d85776c5158ce185d,39, #96948A
7ea4ce59a0df18a2c7da,18, #42433C
7ea4ce59a0df18a2c7da,4,#FAF9F6
7ea4ce59a0df18a2c7da,15, #E1DDD1
7ea4ce59a0df18a2c7da,15, #9A978C
7ea4ce59a0df18a2c7da,10, #737167
7ea4ce59a0df18a2c7da,34, #C0BDB1
7ea577d0561818a97705,0, #958E44
7ea577d0561818a97705,51,#0F0F0A
7ea577d0561818a97705,0, #A6A155
7ea577d0561818a97705,38, #362D12
7ea577d0561818a97705,0, #BEBB70
7ea577d0561818a97705,3, #796B27
7ea577d0561818a97705,5, #5E501A
7ea598bb9d92550e2799,28, #676354
7ea598bb9d92550e2799,9, #3E392D
7ea598bb9d92550e2799,3,#FAFAF6
7ea598bb9d92550e2799,35, #CBC3AD
7ea598bb9d92550e2799,5, #E4E1D4
7ea598bb9d92550e2799,17, #9D9988
7ea7ee2201668ffcb6f6,9, #817C6B
7ea7ee2201668ffcb6f6,56,#F0ECDD
7ea7ee2201668ffcb6f6,12, #A7A191
7ea7ee2201668ffcb6f6,7, #5A564A
7ea7ee2201668ffcb6f6,11, #CDC7B2
7ea7ee2201668ffcb6f6,3, #39372F
7eaeda77f83c87e69576,3, #BDB19B
7eaeda77f83c87e69576,47, #44342C
7eaeda77f83c87e69576,13, #9B8C79
7eaeda77f83c87e69576,0,#FEFDED
7eaeda77f83c87e69576,13, #E1D8C2
7eaeda77f83c87e69576,21, #6E5D4F
7eb3371e223dd047018f,11, #908A5E
7eb3371e223dd047018f,45,#ECE9DC
7eb3371e223dd047018f,8, #776E36
7eb3371e223dd047018f,17, #4D4824
7eb3371e223dd047018f,4, #CBC089
7eb3371e223dd047018f,11, #18190E
7eb9368a1a4f30491626,11, #3F392D
7eb9368a1a4f30491626,17, #B8AF90
7eb9368a1a4f30491626,28,#1F1911
7eb9368a1a4f30491626,5, #7D7155
7eb9368a1a4f30491626,8, #8D856B
7eb9368a1a4f30491626,16, #A09C80
7eb9368a1a4f30491626,11, #6A4F34
7ec98b4a1dba4a840102,7, #68503E
7ec98b4a1dba4a840102,22, #AA9D84
7ec98b4a1dba4a840102,3, #EEECD9
7ec98b4a1dba4a840102,17,#847360
7ec98b4a1dba4a840102,12, #473124
7ec98b4a1dba4a840102,35, #CBC5AB
7ed30b4ac0a7934534c5,23, #413827
7ed30b4ac0a7934534c5,3, #82765B
7ed30b4ac0a7934534c5,65,#14140F
7ed30b4ac0a7934534c5,5, #A89777
7ed30b4ac0a7934534c5,0, #C9C1A1
7ed30b4ac0a7934534c5,1, #705E41
7ed3f984631ec91b6481,24, #6A685E
7ed3f984631ec91b6481,10, #989589
7ed3f984631ec91b6481,44, #DCD7CA
7ed3f984631ec91b6481,8, #3B3A32
7ed3f984631ec91b6481,0,#FEF8E8
7ed3f984631ec91b6481,11, #B6B2A7
7ef7095f153f682ff5cd,21,#B2AC9F
7ef7095f153f682ff5cd,17, #68655B
7ef7095f153f682ff5cd,17, #45443C
7ef7095f153f682ff5cd,8, #D1CBBC
7ef7095f153f682ff5cd,20, #878378
7ef7095f153f682ff5cd,14, #F0ECE0
7ef8ab9f224f9cf7a8d1,34, #D9D19D
7ef8ab9f224f9cf7a8d1,10, #88793B
7ef8ab9f224f9cf7a8d1,10, #201A08
7ef8ab9f224f9cf7a8d1,30, #4B3F19
7ef8ab9f224f9cf7a8d1,5, #B6A96A
7ef8ab9f224f9cf7a8d1,8,#F1ECC5
7ef8b3191041049ebc60,19, #9B998D
7ef8b3191041049ebc60,7, #575750
7ef8b3191041049ebc60,12, #B1AFA3
7ef8b3191041049ebc60,20, #7A796E
7ef8b3191041049ebc60,20,#ECE9DA
7ef8b3191041049ebc60,19, #C9C6B8
7efdea1cdfdaf40cfe1d,11, #957E59
7efdea1cdfdaf40cfe1d,4, #C5B696
7efdea1cdfdaf40cfe1d,25, #100F09
7efdea1cdfdaf40cfe1d,35,#332D1F
7efdea1cdfdaf40cfe1d,5, #7B6A48
7efdea1cdfdaf40cfe1d,6, #A89B7A
7efdea1cdfdaf40cfe1d,10, #665332
7f015c6c33686ed20f2f,0, #444137
7f015c6c33686ed20f2f,4, #A59F92
7f015c6c33686ed20f2f,8, #CDC6B8
7f015c6c33686ed20f2f,2, #625E52
7f015c6c33686ed20f2f,2, #807B6E
7f015c6c33686ed20f2f,81,#F2EEE5
7f01f011c6c003af599c,5, #8C897F
7f01f011c6c003af599c,3, #3D362B
7f01f011c6c003af599c,5, #1C150C
7f01f011c6c003af599c,3, #F7F7F5
7f01f011c6c003af599c,6, #676357
7f01f011c6c003af599c,38,#B1AEA2
7f01f011c6c003af599c,37, #DCDBCA
7f15cd1d624fbd87c214,5, #705C47
7f15cd1d624fbd87c214,13, #EEEDDE
7f15cd1d624fbd87c214,5, #483425
7f15cd1d624fbd87c214,63, #BAA889
7f15cd1d624fbd87c214,0,#D6D0BC
7f15cd1d624fbd87c214,11, #8C7D67
7f15cd4ae235345d382b,4, #D6D2C8
7f15cd4ae235345d382b,15, #2B1C18
7f15cd4ae235345d382b,2, #F3F0E8
7f15cd4ae235345d382b,29, #705549
7f15cd4ae235345d382b,39,#5F2B2B
7f15cd4ae235345d382b,7, #A48B70
7f15cd4ae235345d382b,0, #B8AFA4
7f2020c10fedb7ce8b65,14,#F9F5EB
7f2020c10fedb7ce8b65,53, #E0D8C9
7f2020c10fedb7ce8b65,11, #C2BAAC
7f2020c10fedb7ce8b65,6, #696258
7f2020c10fedb7ce8b65,12, #9B9388
7f2020c10fedb7ce8b65,1, #3F3932
7f24de98b60d8964063a,0, #B5A565
7f24de98b60d8964063a,29, #110F0B
7f24de98b60d8964063a,3, #928453
7f24de98b60d8964063a,0, #C7C0A0
7f24de98b60d8964063a,0, #A09D8D
7f24de98b60d8964063a,37,#3B3524
7f24de98b60d8964063a,28, #6D5F3B
7f350ee63246bcfe7929,44,#F1EBDB
7f350ee63246bcfe7929,19, #BCB8AC
7f350ee63246bcfe7929,16, #717066
7f350ee63246bcfe7929,2, #504E48
7f350ee63246bcfe7929,3, #D4CFC1
7f350ee63246bcfe7929,13, #9F9C91
7f37d7fc4a555dbe0293,0, #4A493D
7f37d7fc4a555dbe0293,15, #D8D1BA
7f37d7fc4a555dbe0293,79,#F5F0D8
7f37d7fc4a555dbe0293,0, #6F6D5D
7f37d7fc4a555dbe0293,1, #B2A481
7f37d7fc4a555dbe0293,1, #8A8675
7f3aca624b7b5ae78eba,2, #C3B16E
7f3aca624b7b5ae78eba,4, #231E07
7f3aca624b7b5ae78eba,15, #A38E4C
7f3aca624b7b5ae78eba,23, #403110
7f3aca624b7b5ae78eba,20,#816B35
7f3aca624b7b5ae78eba,33, #654619
7f3c8f63fa0fbd85003c,8,#1E1810
7f3c8f63fa0fbd85003c,11, #735B3C
7f3c8f63fa0fbd85003c,8, #C2B9A5
7f3c8f63fa0fbd85003c,37, #4E3A23
7f3c8f63fa0fbd85003c,16, #937F5C
7f3c8f63fa0fbd85003c,17, #AFA084
7f3ec591dca362ce57e4,0, #CFC9B3
7f3ec591dca362ce57e4,6, #A9916F
7f3ec591dca362ce57e4,28, #433620
7f3ec591dca362ce57e4,21, #796347
7f3ec591dca362ce57e4,3, #BAAE92
7f3ec591dca362ce57e4,1, #7E7C74
7f3ec591dca362ce57e4,36,#17100B
7f463e86667492ed0712,12, #483B1B
7f463e86667492ed0712,47,#120F08
7f463e86667492ed0712,35, #31220D
7f463e86667492ed0712,3, #584E29
7f463e86667492ed0712,0, #75673A
7f463e86667492ed0712,0, #623C13
7f463e86667492ed0712,0, #8D8051
7f46872a4d7e7bbaf112,3, #CEC0AC
7f46872a4d7e7bbaf112,5, #73685E
7f46872a4d7e7bbaf112,10, #877B70
7f46872a4d7e7bbaf112,3, #998F86
7f46872a4d7e7bbaf112,64,#584B42
7f46872a4d7e7bbaf112,12, #B2A595
7f46a5f3aa6eb4e2b84a,21, #504531
7f46a5f3aa6eb4e2b84a,17,#695D40
7f46a5f3aa6eb4e2b84a,40, #7F7A5E
7f46a5f3aa6eb4e2b84a,16, #31281E
7f46a5f3aa6eb4e2b84a,2, #9E8C5F
7f46a5f3aa6eb4e2b84a,0, #AA9D73
7f4ff0206495ed302aec,10, #777369
7f4ff0206495ed302aec,19, #989488
7f4ff0206495ed302aec,12, #B8B4A6
7f4ff0206495ed302aec,15, #D2CEC0
7f4ff0206495ed302aec,24,#F5F3E5
7f4ff0206495ed302aec,14, #5A574F
7f4ff0206495ed302aec,2, #403E3A
7f50575362bdbe69546d,5, #F9F6E7
7f50575362bdbe69546d,5, #9B917D
7f50575362bdbe69546d,3, #5D554B
7f50575362bdbe69546d,7, #CDC4B1
7f50575362bdbe69546d,10, #817664
7f50575362bdbe69546d,5, #B2A893
7f50575362bdbe69546d,60,#E5DCCD
7f50e1cb8aed8ebab660,4, #292014
7f50e1cb8aed8ebab660,7, #6D5733
7f50e1cb8aed8ebab660,0, #94682E
7f50e1cb8aed8ebab660,44,#9B8960
7f50e1cb8aed8ebab660,16, #493B24
7f50e1cb8aed8ebab660,26, #B5AA8E
7f52f477c59ea7dfb0c0,5, #292A23
7f52f477c59ea7dfb0c0,44, #F2EFE9
7f52f477c59ea7dfb0c0,9, #C6C2B9
7f52f477c59ea7dfb0c0,16, #4F5047
7f52f477c59ea7dfb0c0,12, #A09D95
7f52f477c59ea7dfb0c0,10,#75736A
7f6187c9a5dfdf2ba0fa,1, #B29B65
7f6187c9a5dfdf2ba0fa,7, #927045
7f6187c9a5dfdf2ba0fa,53,#272312
7f6187c9a5dfdf2ba0fa,0, #CDBF86
7f6187c9a5dfdf2ba0fa,6, #874E2D
7f6187c9a5dfdf2ba0fa,29, #543F23
7f63a50e15af46c812c7,4, #8D8D70
7f63a50e15af46c812c7,7, #C5B278
7f63a50e15af46c812c7,1,#636D62
7f63a50e15af46c812c7,17, #866839
7f63a50e15af46c812c7,43, #1C1A12
7f63a50e15af46c812c7,25, #454A3D
7f658865fae5429331e7,4, #BCAE92
7f658865fae5429331e7,11, #81735F
7f658865fae5429331e7,6, #3A2719
7f658865fae5429331e7,63,#DACCA9
7f658865fae5429331e7,7, #5D4B3A
7f658865fae5429331e7,6, #A2957C
7f65bda4bdd3ea3561a2,11, #494440
7f65bda4bdd3ea3561a2,15, #726C66
7f65bda4bdd3ea3561a2,9,#8E897F
7f65bda4bdd3ea3561a2,13, #A8A297
7f65bda4bdd3ea3561a2,4, #F8F4E5
7f65bda4bdd3ea3561a2,45, #D5CDBE
7f679e1d98feb7a0dc6a,0, #E0C18A
7f679e1d98feb7a0dc6a,18, #DCD7C4
7f679e1d98feb7a0dc6a,36,#F6F5F1
7f679e1d98feb7a0dc6a,9, #7E786A
7f679e1d98feb7a0dc6a,13, #AA9B82
7f679e1d98feb7a0dc6a,9, #C2C1AF
7f679e1d98feb7a0dc6a,11, #595044
7f70741753183ceea74b,0, #BDB39B
7f70741753183ceea74b,22, #534926
7f70741753183ceea74b,11, #AA9C7C
7f70741753183ceea74b,15, #858B87
7f70741753183ceea74b,37,#2A2210
7f70741753183ceea74b,0, #444D59
7f70741753183ceea74b,12, #756C44
7f74e50b1695e7f77801,16,#B0A58F
7f74e50b1695e7f77801,4, #7A715F
7f74e50b1695e7f77801,0, #291F15
7f74e50b1695e7f77801,4, #514535
7f74e50b1695e7f77801,21, #DCD3BF
7f74e50b1695e7f77801,52, #F6F3E7
7f7e577c69a6d0a8054d,0, #B49F75
7f7e577c69a6d0a8054d,4, #8A7552
7f7e577c69a6d0a8054d,25, #2D231E
7f7e577c69a6d0a8054d,4, #76634A
7f7e577c69a6d0a8054d,21, #5B4836
7f7e577c69a6d0a8054d,41,#45362B
7f7e577c69a6d0a8054d,2, #9F8C66
7f81fc1a1411784c7f78,18, #6C685E
7f81fc1a1411784c7f78,16, #A19B90
7f81fc1a1411784c7f78,17, #C5BFB3
7f81fc1a1411784c7f78,6, #EBE4D4
7f81fc1a1411784c7f78,21,#504C44
7f81fc1a1411784c7f78,10, #847E74
7f81fc1a1411784c7f78,8, #34312B
7f827f53438e15889f96,13, #ABA38D
7f827f53438e15889f96,0, #574D37
7f827f53438e15889f96,0, #382B16
7f827f53438e15889f96,4, #826B5A
7f827f53438e15889f96,74, #E4DDC7
7f827f53438e15889f96,6,#FBFBF7
7f8f224feae689898cc8,3, #5A5648
7f8f224feae689898cc8,28, #E5E0CE
7f8f224feae689898cc8,6, #A7A292
7f8f224feae689898cc8,37,#FBF8E8
7f8f224feae689898cc8,10, #807B6C
7f8f224feae689898cc8,12, #C7C3B1
7f91100e89e068d55738,24, #453928
7f91100e89e068d55738,17, #645029
7f91100e89e068d55738,0, #B2A37C
7f91100e89e068d55738,2, #A18E59
7f91100e89e068d55738,44,#261D11
7f91100e89e068d55738,3, #82724F
7f91100e89e068d55738,6, #70623E
7f99eaefe0afca5ac1d7,18, #7B7567
7f99eaefe0afca5ac1d7,11, #CDC5B0
7f99eaefe0afca5ac1d7,17, #5A554A
7f99eaefe0afca5ac1d7,7, #322E27
7f99eaefe0afca5ac1d7,33, #A49D8C
7f99eaefe0afca5ac1d7,11,#EDE4CC
7f9b44eee802ec145fcb,7, #EBE6D1
7f9b44eee802ec145fcb,5, #3D2E2A
7f9b44eee802ec145fcb,47,#CBBEB2
7f9b44eee802ec145fcb,12, #62524B
7f9b44eee802ec145fcb,6, #87776D
7f9b44eee802ec145fcb,3, #221714
7f9b44eee802ec145fcb,16, #AA9A8E
7fa233b76da03ec96300,7, #817870
7fa233b76da03ec96300,1, #5E564F
7fa233b76da03ec96300,0, #433B37
7fa233b76da03ec96300,7, #CAC1B4
7fa233b76da03ec96300,12,#AAA296
7fa233b76da03ec96300,71, #F0E9D9
7fa45dffa64c364727fe,15, #999C9E
7fa45dffa64c364727fe,24,#584D40
7fa45dffa64c364727fe,13, #C2B9A0
7fa45dffa64c364727fe,14, #2E2622
7fa45dffa64c364727fe,0, #B39E70
7fa45dffa64c364727fe,10, #877863
7fa45dffa64c364727fe,20, #110F11
7fc0e890d7fc7f4362b2,21, #766648
7fc0e890d7fc7f4362b2,0, #C0B68F
7fc0e890d7fc7f4362b2,3, #B29D76
7fc0e890d7fc7f4362b2,5, #070A0A
7fc0e890d7fc7f4362b2,51,#3B4346
7fc0e890d7fc7f4362b2,12, #281E1D
7fc0e890d7fc7f4362b2,4, #998461
7fdcf612ff3280bd65b6,1, #96835B
7fdcf612ff3280bd65b6,63,#24211A
7fdcf612ff3280bd65b6,22, #0B0E08
7fdcf612ff3280bd65b6,3, #7A6843
7fdcf612ff3280bd65b6,2, #5B4D2F
7fdcf612ff3280bd65b6,0, #797757
7fdcf612ff3280bd65b6,6, #453723
7fe21ab88436f8b5206e,27, #5B443E
7fe21ab88436f8b5206e,10, #412C29
7fe21ab88436f8b5206e,30, #D9CEB9
7fe21ab88436f8b5206e,2,#F9F6EB
7fe21ab88436f8b5206e,13, #B39F88
7fe21ab88436f8b5206e,15, #867364
7fe67eed3a66439a298f,3,#FBFAF6
7fe67eed3a66439a298f,1, #4F4B48
7fe67eed3a66439a298f,60, #D8D4CB
7fe67eed3a66439a298f,15, #8E8A86
7fe67eed3a66439a298f,14, #AFADA6
7fe67eed3a66439a298f,4, #6D6865
7ff1f1c7b782a6fb3c4f,0, #353128
7ff1f1c7b782a6fb3c4f,1, #554F43
7ff1f1c7b782a6fb3c4f,8, #DAD1C4
7ff1f1c7b782a6fb3c4f,3, #928B7E
7ff1f1c7b782a6fb3c4f,8, #B3AC9F
7ff1f1c7b782a6fb3c4f,1, #7A7466
7ff1f1c7b782a6fb3c4f,75,#F5EEDF
7ff21f5b9ca7b881923c,4, #84764F
7ff21f5b9ca7b881923c,7, #716341
7ff21f5b9ca7b881923c,14,#968A61
7ff21f5b9ca7b881923c,15, #33271B
7ff21f5b9ca7b881923c,17, #A69E78
7ff21f5b9ca7b881923c,40, #54462D
7ff24cbab499c2743fc7,7, #DDD5B3
7ff24cbab499c2743fc7,8, #A4825C
7ff24cbab499c2743fc7,30,#706F66
7ff24cbab499c2743fc7,15, #8F9082
7ff24cbab499c2743fc7,16, #F6F4EA
7ff24cbab499c2743fc7,19, #BCB594
7ff24cbab499c2743fc7,1, #3F3D37
7ff4e30693a889252eee,6, #676252
7ff4e30693a889252eee,52,#E1D7BC
7ff4e30693a889252eee,5, #BFB8A0
7ff4e30693a889252eee,11, #95907C
7ff4e30693a889252eee,1, #38362B
7ff4e30693a889252eee,23, #FBF7E7
80026a7fafa1e2546d17,0, #978049
80026a7fafa1e2546d17,0, #AA9B5F
80026a7fafa1e2546d17,0, #C3B87D
80026a7fafa1e2546d17,2, #836731
80026a7fafa1e2546d17,68,#1A1A16
80026a7fafa1e2546d17,16, #332F21
80026a7fafa1e2546d17,11, #58451C
80052f9df8625be238a6,33,#F1EBDF
80052f9df8625be238a6,21, #332E2C
80052f9df8625be238a6,18, #7C756F
80052f9df8625be238a6,4, #A29C91
80052f9df8625be238a6,6, #C5BEB0
80052f9df8625be238a6,15, #59524D
800610a014f46d3cb3f9,40,#CAC0A9
800610a014f46d3cb3f9,24, #493A26
800610a014f46d3cb3f9,6, #6F6145
800610a014f46d3cb3f9,1, #8B7E63
800610a014f46d3cb3f9,1, #E9E1CD
800610a014f46d3cb3f9,1, #A6977B
800610a014f46d3cb3f9,22, #211A10
8016dee285d04516c7fb,31, #3E3531
8016dee285d04516c7fb,46, #130D0D
8016dee285d04516c7fb,4,#F5F4ED
8016dee285d04516c7fb,4, #B0AA94
8016dee285d04516c7fb,12, #7A7260
8016dee285d04516c7fb,0, #D4CEBB
8025f76c1411227419e2,22, #987769
8025f76c1411227419e2,10, #6D533D
8025f76c1411227419e2,2, #F2F0E4
8025f76c1411227419e2,17, #979181
8025f76c1411227419e2,26,#8A6457
8025f76c1411227419e2,8, #B7AFA6
8025f76c1411227419e2,11, #DDC5BC
802620657a99d601705d,23, #6D6353
802620657a99d601705d,7, #C3B8A3
802620657a99d601705d,17, #9A9176
802620657a99d601705d,6, #3D3129
802620657a99d601705d,24,#F9F8F5
802620657a99d601705d,20, #DFDAC4
802935097fcd121891c2,9, #5F5E53
802935097fcd121891c2,5,#F6F4EA
802935097fcd121891c2,15, #787769
802935097fcd121891c2,4, #46463D
802935097fcd121891c2,44, #CEC8B8
802935097fcd121891c2,20, #9A9789
80304b526edaf2f196c5,30, #DEDBD0
80304b526edaf2f196c5,11, #C1BFB4
80304b526edaf2f196c5,29, #6B6B5F
80304b526edaf2f196c5,2, #3F4038
80304b526edaf2f196c5,2,#F9F6EB
80304b526edaf2f196c5,24, #9C9B8E
80328077e0b7233380aa,5, #D1CBB7
80328077e0b7233380aa,9, #63604F
80328077e0b7233380aa,9, #B8B29F
80328077e0b7233380aa,13, #948E7C
80328077e0b7233380aa,60,#F3EEDC
80328077e0b7233380aa,2, #403E34
8036554722f44ec4457e,9, #C4C0B1
8036554722f44ec4457e,12, #A09C8F
8036554722f44ec4457e,2, #38372F
8036554722f44ec4457e,24, #777469
8036554722f44ec4457e,22, #535248
8036554722f44ec4457e,28,#EEEAD8
80382175198f539542e0,33, #6F6051
80382175198f539542e0,28, #A0917E
80382175198f539542e0,4, #C0B4A3
80382175198f539542e0,20,#867768
80382175198f539542e0,9, #F2E8D0
80382175198f539542e0,4, #DDD3C1
803c97ea79dbee4ea913,0, #BA7E67
803c97ea79dbee4ea913,64,#F7F0E9
803c97ea79dbee4ea913,2, #918578
803c97ea79dbee4ea913,20, #D5B9A5
803c97ea79dbee4ea913,1, #CC967F
803c97ea79dbee4ea913,0, #726862
803c97ea79dbee4ea913,10, #ADA193
8042b06db7bdd01f66f9,20, #A8A499
8042b06db7bdd01f66f9,18, #42413A
8042b06db7bdd01f66f9,10, #CCC9BC
8042b06db7bdd01f66f9,15,#F1F0E7
8042b06db7bdd01f66f9,19, #86827A
8042b06db7bdd01f66f9,15, #66635B
805748caa7924e0b9091,58,#E8DEC9
805748caa7924e0b9091,4, #8F887B
805748caa7924e0b9091,7, #48423D
805748caa7924e0b9091,8, #C8BFAD
805748caa7924e0b9091,5, #FCF9EC
805748caa7924e0b9091,9, #70695F
805748caa7924e0b9091,5, #AAA293
805f6a58f2de873a3368,9, #898780
805f6a58f2de873a3368,0, #4F4E48
805f6a58f2de873a3368,13, #C2BFB8
805f6a58f2de873a3368,67,#EBE8DE
805f6a58f2de873a3368,6, #A7A59E
805f6a58f2de873a3368,2, #65645D
80639a27b0bcd7754346,25,#545346
80639a27b0bcd7754346,15, #94907D
80639a27b0bcd7754346,17, #E8E4D0
80639a27b0bcd7754346,15, #777464
80639a27b0bcd7754346,22, #BFB9A2
80639a27b0bcd7754346,2, #303028
80639a27b0bcd7754346,0, #FEFEF5
8065516dd40cb086cf7d,57, #CFC9B3
8065516dd40cb086cf7d,9,#F5F2E5
8065516dd40cb086cf7d,11, #36352D
8065516dd40cb086cf7d,7, #7F796B
8065516dd40cb086cf7d,7, #A49F8D
8065516dd40cb086cf7d,6, #615D50
8069267853334989a850,6, #675932
8069267853334989a850,2, #86754B
8069267853334989a850,0, #4B4649
8069267853334989a850,71,#19170E
8069267853334989a850,6, #9B8E5E
8069267853334989a850,4, #B6B291
8069267853334989a850,8, #393428
806bd8323c45c7af5771,13, #D2CCBA
806bd8323c45c7af5771,11, #555247
806bd8323c45c7af5771,13, #918C7B
806bd8323c45c7af5771,5, #3A3932
806bd8323c45c7af5771,18, #6F6C5E
806bd8323c45c7af5771,10, #B2AD9C
806bd8323c45c7af5771,26,#F1ECD8
806bea895baef2ee349f,16, #5C584C
806bea895baef2ee349f,38, #EEEBDC
806bea895baef2ee349f,13, #7E7869
806bea895baef2ee349f,14,#CDC9BA
806bea895baef2ee349f,6, #B1AC9C
806bea895baef2ee349f,10, #979282
80801e83eb8ed8052048,24, #B49F64
80801e83eb8ed8052048,7, #695735
80801e83eb8ed8052048,27,#342718
80801e83eb8ed8052048,16, #9E864E
80801e83eb8ed8052048,18, #51422C
80801e83eb8ed8052048,0, #C2B37D
80801e83eb8ed8052048,4, #836F42
80804ff22c09579c5f98,26, #5B4A2F
80804ff22c09579c5f98,0, #63675D
80804ff22c09579c5f98,8, #847647
80804ff22c09579c5f98,8, #ACA16B
80804ff22c09579c5f98,0, #C8C39F
80804ff22c09579c5f98,55,#272316
8082a35e5ae0d7738544,14, #AEA88D
8082a35e5ae0d7738544,2, #CCC4A4
8082a35e5ae0d7738544,14, #271F12
8082a35e5ae0d7738544,5, #9C8D69
8082a35e5ae0d7738544,19, #6A6356
8082a35e5ae0d7738544,32,#44443F
8082a35e5ae0d7738544,11, #6C8293
8084798906756facf069,28, #3C3323
8084798906756facf069,13, #0E0D08
8084798906756facf069,41, #7C6F51
8084798906756facf069,2,#F8F7F3
8084798906756facf069,2, #D0CEC3
8084798906756facf069,10, #AFA587
8087b2bd3c17a02c777b,16, #979289
8087b2bd3c17a02c777b,18,#625E58
8087b2bd3c17a02c777b,10, #7C7770
8087b2bd3c17a02c777b,12, #D2C9BB
8087b2bd3c17a02c777b,11, #EBE1CE
8087b2bd3c17a02c777b,18, #B5AEA1
8087b2bd3c17a02c777b,12, #3F3D39
808844ad565a36e7cfd1,12, #605A4A
808844ad565a36e7cfd1,24, #BDB29A
808844ad565a36e7cfd1,23, #918874
808844ad565a36e7cfd1,1, #413C32
808844ad565a36e7cfd1,3,#F7EED5
808844ad565a36e7cfd1,34, #DED1B8
809191ce43d9cd493735,10, #B9B39D
809191ce43d9cd493735,15,#F0EFE0
809191ce43d9cd493735,3, #4C3C30
809191ce43d9cd493735,21, #94836B
809191ce43d9cd493735,41, #D9D2B6
809191ce43d9cd493735,8, #6D5843
809525c6c68aca039789,5,#F8F6F1
809525c6c68aca039789,2, #E4DFD4
809525c6c68aca039789,16, #827868
809525c6c68aca039789,13, #53564B
809525c6c68aca039789,32, #C6B9AB
809525c6c68aca039789,29, #9A8E7F
809a1de91a232c62e481,8, #B0AA97
809a1de91a232c62e481,12,#F5F2E5
809a1de91a232c62e481,13, #878473
809a1de91a232c62e481,0, #D8D0B6
809a1de91a232c62e481,27, #444238
809a1de91a232c62e481,37, #696554
809dd8f700c6f16c852a,26,#505235
809dd8f700c6f16c852a,10, #D6DAE1
809dd8f700c6f16c852a,12, #74775A
809dd8f700c6f16c852a,13, #1C2018
809dd8f700c6f16c852a,16, #AAB6D3
809dd8f700c6f16c852a,16, #989E91
809dd8f700c6f16c852a,4, #C9C3A5
80a3a6ffcb4ca3531efa,0, #6F7F86
80a3a6ffcb4ca3531efa,43,#181510
80a3a6ffcb4ca3531efa,3, #C9B786
80a3a6ffcb4ca3531efa,10, #83593C
80a3a6ffcb4ca3531efa,36, #444B4A
80a3a6ffcb4ca3531efa,5, #A28B67
80a4d0115f9c1912535d,3,#F3F4F4
80a4d0115f9c1912535d,2, #D6D6D7
80a4d0115f9c1912535d,13, #8B8465
80a4d0115f9c1912535d,24, #555246
80a4d0115f9c1912535d,13, #D2C889
80a4d0115f9c1912535d,41, #222220
80a6bdeabc4836bf03c0,61,#1B1713
80a6bdeabc4836bf03c0,2, #7C6744
80a6bdeabc4836bf03c0,15, #6A4529
80a6bdeabc4836bf03c0,1, #98855D
80a6bdeabc4836bf03c0,0, #C2AE7E
80a6bdeabc4836bf03c0,0, #B19D71
80a6bdeabc4836bf03c0,17, #3D2A1F
80a8accfddd61b32d01f,25, #1D1A0D
80a8accfddd61b32d01f,31, #C7B187
80a8accfddd61b32d01f,10, #39361E
80a8accfddd61b32d01f,21, #605634
80a8accfddd61b32d01f,7, #D9CBA8
80a8accfddd61b32d01f,4,#8D825E
80aa699122fa22dc3164,2, #48352B
80aa699122fa22dc3164,35, #C8BFAE
80aa699122fa22dc3164,13, #887D72
80aa699122fa22dc3164,2, #705D50
80aa699122fa22dc3164,24,#DDD9CD
80aa699122fa22dc3164,20, #AA9E91
80ae4c97f19e6f676f02,2, #BE7B60
80ae4c97f19e6f676f02,19, #C6B7A7
80ae4c97f19e6f676f02,1, #4A4943
80ae4c97f19e6f676f02,5, #938D82
80ae4c97f19e6f676f02,63,#F2EDE1
80ae4c97f19e6f676f02,5, #7E675B
80b90266ebe7793c984b,0, #AA9866
80b90266ebe7793c984b,14, #63411E
80b90266ebe7793c984b,47,#161108
80b90266ebe7793c984b,1, #7F6C3D
80b90266ebe7793c984b,34, #402B15
80b90266ebe7793c984b,0, #978655
80c29967577bd68fd37e,51, #DCD6C4
80c29967577bd68fd37e,2, #48453B
80c29967577bd68fd37e,6, #BEB9A7
80c29967577bd68fd37e,25, #757164
80c29967577bd68fd37e,12, #9E9A8A
80c29967577bd68fd37e,0,#FDFAED
80cb8da11e60fa32d195,9, #5F6559
80cb8da11e60fa32d195,14, #818476
80cb8da11e60fa32d195,1, #171D12
80cb8da11e60fa32d195,6, #404639
80cb8da11e60fa32d195,42,#E0D9C1
80cb8da11e60fa32d195,25, #B3B2A0
80cc6ebe9836335d3d3f,49,#F5ECDB
80cc6ebe9836335d3d3f,12, #C8C0AF
80cc6ebe9836335d3d3f,9, #80776D
80cc6ebe9836335d3d3f,5, #3D3834
80cc6ebe9836335d3d3f,9, #615952
80cc6ebe9836335d3d3f,12, #A0988B
80d5c53ffd1c917d877c,0, #614F41
80d5c53ffd1c917d877c,75, #D6D0BC
80d5c53ffd1c917d877c,4, #918776
80d5c53ffd1c917d877c,1, #786957
80d5c53ffd1c917d877c,11,#F6F5F0
80d5c53ffd1c917d877c,5, #B4A88D
80db66efcea091fa9d49,3, #4B4A3F
80db66efcea091fa9d49,21, #8A8778
80db66efcea091fa9d49,2,#F7F2DE
80db66efcea091fa9d49,9, #ACA898
80db66efcea091fa9d49,47, #D3CDBB
80db66efcea091fa9d49,16, #6B685B
80e7f33e18abccd7abcf,9, #6F6755
80e7f33e18abccd7abcf,3, #AB9369
80e7f33e18abccd7abcf,3, #CFBD89
80e7f33e18abccd7abcf,34, #51452B
80e7f33e18abccd7abcf,0,#F1E9D9
80e7f33e18abccd7abcf,48, #201C0F
80ef2b5cb2bb6fc0180e,4,#0B0906
80ef2b5cb2bb6fc0180e,1, #B3AC9F
80ef2b5cb2bb6fc0180e,18, #4B4A39
80ef2b5cb2bb6fc0180e,49, #746F5A
80ef2b5cb2bb6fc0180e,1, #272419
80ef2b5cb2bb6fc0180e,24, #989282
80fbac28ce5251cd2305,3, #DCC5A4
80fbac28ce5251cd2305,3, #604D3C
80fbac28ce5251cd2305,57, #C6A882
80fbac28ce5251cd2305,30, #9D8F7D
80fbac28ce5251cd2305,5, #81674D
80fbac28ce5251cd2305,0,#ECE1CC
8112c1dcab567c74153e,11, #1A140B
8112c1dcab567c74153e,37,#3B2613
8112c1dcab567c74153e,19, #54401D
8112c1dcab567c74153e,13, #887E55
8112c1dcab567c74153e,2, #6D5E39
8112c1dcab567c74153e,4, #B2AA83
8112c1dcab567c74153e,10, #9E956B
81139a6a4a7a15a2ea0c,10, #B3AC96
81139a6a4a7a15a2ea0c,32, #D6D1BB
81139a6a4a7a15a2ea0c,38,#F4F2E9
81139a6a4a7a15a2ea0c,4, #39302C
81139a6a4a7a15a2ea0c,6, #81796D
81139a6a4a7a15a2ea0c,3, #584E46
81139a6a4a7a15a2ea0c,5, #17110E
811f22c18e07e924cbde,33, #87846F
811f22c18e07e924cbde,11,#16130B
811f22c18e07e924cbde,4, #E0D7BB
811f22c18e07e924cbde,21, #5C5640
811f22c18e07e924cbde,9, #BCB9A1
811f22c18e07e924cbde,18, #3C3625
811f4b388e196741afc7,0, #49443B
811f4b388e196741afc7,5, #C8C2B3
811f4b388e196741afc7,3, #696358
811f4b388e196741afc7,2, #ADA698
811f4b388e196741afc7,31, #FAF9F4
811f4b388e196741afc7,52,#EBE5D3
811f4b388e196741afc7,4, #918B80
8122fd6dcac2498496d4,16, #979484
8122fd6dcac2498496d4,7, #BDB597
8122fd6dcac2498496d4,8, #6C654C
8122fd6dcac2498496d4,15, #474741
8122fd6dcac2498496d4,4, #8A8060
8122fd6dcac2498496d4,7, #707F8B
8122fd6dcac2498496d4,39,#2B2418
81230df6c58da8893fec,22,#0D0C03
81230df6c58da8893fec,15, #6C704E
81230df6c58da8893fec,18, #83866D
81230df6c58da8893fec,8, #323616
81230df6c58da8893fec,6, #505332
81230df6c58da8893fec,28, #AFA98A
8123b6d93262384a0df0,25, #E7E4D5
8123b6d93262384a0df0,2, #C7C3B4
8123b6d93262384a0df0,11, #666459
8123b6d93262384a0df0,30,#41413A
8123b6d93262384a0df0,0, #FEFEFB
8123b6d93262384a0df0,13, #A39F91
8123b6d93262384a0df0,15, #7E7C6F
813561a455bf8f73b038,4, #B6A589
813561a455bf8f73b038,7, #413727
813561a455bf8f73b038,13, #80745F
813561a455bf8f73b038,21, #6D6252
813561a455bf8f73b038,7, #2B251B
813561a455bf8f73b038,26,#968875
813561a455bf8f73b038,19, #5C503D
8135e9cdc4d322100660,2,#FEFDF5
8135e9cdc4d322100660,16, #C2BBA8
8135e9cdc4d322100660,69, #EBE2CF
8135e9cdc4d322100660,8, #969080
8135e9cdc4d322100660,1, #767061
8135e9cdc4d322100660,1, #524D41
81416c1c8f069e69fc87,5, #767572
81416c1c8f069e69fc87,2, #BA675A
81416c1c8f069e69fc87,2, #504C4A
81416c1c8f069e69fc87,68,#F3EEE7
81416c1c8f069e69fc87,8, #D3C8C0
81416c1c8f069e69fc87,12, #AB968C
81445668fc15721f2291,2, #A69572
81445668fc15721f2291,0, #817C67
81445668fc15721f2291,2, #74674A
81445668fc15721f2291,28, #131210
81445668fc15721f2291,6, #503E23
81445668fc15721f2291,1, #987B4D
81445668fc15721f2291,57,#2E281E
814733ef2306f696c871,1, #7C5B1F
814733ef2306f696c871,68,#2D2017
814733ef2306f696c871,3, #7E847E
814733ef2306f696c871,11, #69685E
814733ef2306f696c871,1, #BCAE8C
814733ef2306f696c871,2, #2B3D4C
814733ef2306f696c871,11, #594635
814ae06a27b9c71d6ab5,2, #46463B
814ae06a27b9c71d6ab5,20, #97917D
814ae06a27b9c71d6ab5,12,#F1E6CF
814ae06a27b9c71d6ab5,25, #D8CEB8
814ae06a27b9c71d6ab5,21, #BBB39E
814ae06a27b9c71d6ab5,16, #696656
814c17cedd3331ab57d7,8, #BDB083
814c17cedd3331ab57d7,21, #978B6A
814c17cedd3331ab57d7,23,#5D5035
814c17cedd3331ab57d7,26, #21211D
814c17cedd3331ab57d7,14, #806F4C
814c17cedd3331ab57d7,5, #DCCE9C
814f88aeb021015e9649,1, #224F39
814f88aeb021015e9649,16, #0D2A1D
814f88aeb021015e9649,74, #040E09
814f88aeb021015e9649,0, #316447
814f88aeb021015e9649,7, #18362C
814f88aeb021015e9649,0,#407758
815073f98ff2d39c975f,33, #A19C90
815073f98ff2d39c975f,11, #E5DFCF
815073f98ff2d39c975f,17, #C9C3B4
815073f98ff2d39c975f,0,#FCFAEF
815073f98ff2d39c975f,25, #7A766A
815073f98ff2d39c975f,12, #4A463F
815108d216f09ab59714,23, #94978B
815108d216f09ab59714,7, #38423E
815108d216f09ab59714,1, #16201E
815108d216f09ab59714,13,#F9F5E4
815108d216f09ab59714,42, #CFCAB8
815108d216f09ab59714,11, #636A63
816026f3b7f5cc3eb08b,1, #A39A80
816026f3b7f5cc3eb08b,1, #49483C
816026f3b7f5cc3eb08b,94, #F1ECD5
816026f3b7f5cc3eb08b,0,#CAC4B0
816026f3b7f5cc3eb08b,1, #6D695A
816026f3b7f5cc3eb08b,0, #312F27
816b6f5f40535929e54a,2, #9D907F
816b6f5f40535929e54a,66, #ECE8DD
816b6f5f40535929e54a,7, #756A60
816b6f5f40535929e54a,8, #534942
816b6f5f40535929e54a,2, #B5A894
816b6f5f40535929e54a,12,#CDC6B4
8177448c362200dca80a,2, #605F55
8177448c362200dca80a,8, #A79F88
8177448c362200dca80a,4, #D3CEB9
8177448c362200dca80a,79, #EDECDC
8177448c362200dca80a,3,#79786C
8177448c362200dca80a,1, #3A3830
8178c69c22a9ec925eed,15, #A9A392
8178c69c22a9ec925eed,37, #D9D3C0
8178c69c22a9ec925eed,13, #575344
8178c69c22a9ec925eed,19,#F9F7F1
8178c69c22a9ec925eed,7, #7F7A67
8178c69c22a9ec925eed,6, #36332A
8185c4f20c03b7e4c95c,19, #655C4F
8185c4f20c03b7e4c95c,8, #867D6E
8185c4f20c03b7e4c95c,16, #423C35
8185c4f20c03b7e4c95c,22, #CBC2B1
8185c4f20c03b7e4c95c,5, #A0988B
8185c4f20c03b7e4c95c,26,#F4F1EF
818e023c8a79b011d1b9,1, #876938
818e023c8a79b011d1b9,0, #433E38
818e023c8a79b011d1b9,1, #7E4B22
818e023c8a79b011d1b9,1, #5C4020
818e023c8a79b011d1b9,0, #A3874E
818e023c8a79b011d1b9,41, #2D2418
818e023c8a79b011d1b9,53,#0F0F08
81a106ef89c66f2cae24,2,#F9F8F1
81a106ef89c66f2cae24,29, #9D8A6B
81a106ef89c66f2cae24,11, #737164
81a106ef89c66f2cae24,13, #E5E0CD
81a106ef89c66f2cae24,7, #4A4940
81a106ef89c66f2cae24,35, #C3BFAE
81ade41f75ed4a8e3912,6, #6B695C
81ade41f75ed4a8e3912,8, #A7A194
81ade41f75ed4a8e3912,9, #898477
81ade41f75ed4a8e3912,50,#F0E9D8
81ade41f75ed4a8e3912,1, #504E44
81ade41f75ed4a8e3912,16, #D7CEBE
81ade41f75ed4a8e3912,7, #C1B9AB
81b0b69b11ad460a19fe,11, #625C51
81b0b69b11ad460a19fe,13, #DBD1BB
81b0b69b11ad460a19fe,13, #C4BAA6
81b0b69b11ad460a19fe,23,#F7F4E1
81b0b69b11ad460a19fe,19, #A29A8A
81b0b69b11ad460a19fe,3, #403C35
81b0b69b11ad460a19fe,14, #817A6B
81b37567bc7d782edb3f,0, #828060
81b37567bc7d782edb3f,1, #796942
81b37567bc7d782edb3f,52, #13100A
81b37567bc7d782edb3f,36, #342F1F
81b37567bc7d782edb3f,0,#5F6362
81b37567bc7d782edb3f,9, #594F30
81bdf5df1c25e315d078,45,#EDE7DD
81bdf5df1c25e315d078,11, #292823
81bdf5df1c25e315d078,1, #C7C2BA
81bdf5df1c25e315d078,21, #484641
81bdf5df1c25e315d078,5, #99948E
81bdf5df1c25e315d078,14, #6A6761
81c3ee206ce206509ca2,1, #565042
81c3ee206ce206509ca2,13, #FAF9F0
81c3ee206ce206509ca2,62,#E3DDC8
81c3ee206ce206509ca2,1, #6D6756
81c3ee206ce206509ca2,6, #A19986
81c3ee206ce206509ca2,3, #857E6B
81c3ee206ce206509ca2,11, #C3B9A0
81c5e7916bb3b21184a5,2, #E3DFBE
81c5e7916bb3b21184a5,52, #B4A87F
81c5e7916bb3b21184a5,8, #D5CA9D
81c5e7916bb3b21184a5,28, #6C614B
81c5e7916bb3b21184a5,2, #8E8367
81c5e7916bb3b21184a5,5,#40403A
81c6ffcf5925342b63da,3, #99886B
81c6ffcf5925342b63da,23, #4E392F
81c6ffcf5925342b63da,44,#0D0D0D
81c6ffcf5925342b63da,1, #CDC7A6
81c6ffcf5925342b63da,18, #2C211F
81c6ffcf5925342b63da,6, #6A5F4C
81c6ffcf5925342b63da,2, #BAAE89
81c71ca0ea48005e2f5a,25, #71705E
81c71ca0ea48005e2f5a,0,#F4EDDA
81c71ca0ea48005e2f5a,8, #DAD4C1
81c71ca0ea48005e2f5a,20, #4A4A3E
81c71ca0ea48005e2f5a,15, #93917C
81c71ca0ea48005e2f5a,29, #BBB69F
81cb4ce3e9ed5a7572cc,20, #6E6A61
81cb4ce3e9ed5a7572cc,21, #4E4A42
81cb4ce3e9ed5a7572cc,3, #33302B
81cb4ce3e9ed5a7572cc,10, #B4A997
81cb4ce3e9ed5a7572cc,14, #C8C2B7
81cb4ce3e9ed5a7572cc,5, #F2ECDC
81cb4ce3e9ed5a7572cc,24,#8E8A81
81d26c7434c47bd521cf,4, #58402B
81d26c7434c47bd521cf,6, #A89E87
81d26c7434c47bd521cf,13, #736446
81d26c7434c47bd521cf,5, #C5BDA6
81d26c7434c47bd521cf,13, #3D2214
81d26c7434c47bd521cf,10, #8C8068
81d26c7434c47bd521cf,45,#DFDBCA
81d3cd9585392935b7b4,51, #ECEAE1
81d3cd9585392935b7b4,1, #847663
81d3cd9585392935b7b4,2, #655445
81d3cd9585392935b7b4,0, #4B372A
81d3cd9585392935b7b4,36,#CBC2AC
81d3cd9585392935b7b4,6, #A39988
81d9035cd84a9b1b5b47,17, #6E6C61
81d9035cd84a9b1b5b47,12, #494940
81d9035cd84a9b1b5b47,1,#FEFEF1
81d9035cd84a9b1b5b47,37, #E2DFCB
81d9035cd84a9b1b5b47,17, #B9B5A3
81d9035cd84a9b1b5b47,15, #918F81
81dba6aa41e3586fc5bb,3, #B49D67
81dba6aa41e3586fc5bb,0, #D5C988
81dba6aa41e3586fc5bb,1, #9D8753
81dba6aa41e3586fc5bb,0, #C4B67A
81dba6aa41e3586fc5bb,19, #83663D
81dba6aa41e3586fc5bb,50,#312E1F
81dba6aa41e3586fc5bb,24, #514B2F
81e0f0a85cef7ea08302,42,#ECE9D5
81e0f0a85cef7ea08302,9, #7D7A6C
81e0f0a85cef7ea08302,15, #999688
81e0f0a85cef7ea08302,5, #605E51
81e0f0a85cef7ea08302,26, #BCB8A9
81e0f0a85cef7ea08302,0, #424036
81eb857680fd0bb1ffb0,31, #CCC9BB
81eb857680fd0bb1ffb0,26,#F3F1E3
81eb857680fd0bb1ffb0,6, #5F5D50
81eb857680fd0bb1ffb0,11, #817E71
81eb857680fd0bb1ffb0,23, #A29F91
81eb857680fd0bb1ffb0,0, #413E34
81ec1d9ce2fdcd82a006,11, #A39989
81ec1d9ce2fdcd82a006,30, #776C5F
81ec1d9ce2fdcd82a006,9, #898074
81ec1d9ce2fdcd82a006,2, #D9D7D2
81ec1d9ce2fdcd82a006,2, #C2BEB9
81ec1d9ce2fdcd82a006,38,#595048
81ec1d9ce2fdcd82a006,4, #B7AD9D
81f51fc38a992acecb49,1, #392E24
81f51fc38a992acecb49,40,#7F7971
81f51fc38a992acecb49,0, #1F140D
81f51fc38a992acecb49,6, #9C988E
81f51fc38a992acecb49,23, #E6E6E4
81f51fc38a992acecb49,27, #5D544C
81f51fc38a992acecb49,0, #BAB9B2
81f550e99594c9c43db6,13, #DADAC6
81f550e99594c9c43db6,2, #F2F3E0
81f550e99594c9c43db6,15, #3A322A
81f550e99594c9c43db6,4, #9C988B
81f550e99594c9c43db6,16, #BCB69E
81f550e99594c9c43db6,25,#5E5851
81f550e99594c9c43db6,22, #7E796F
81f5906f144460fcd56f,4, #756F62
81f5906f144460fcd56f,10, #D0C7B8
81f5906f144460fcd56f,68,#F4ECDA
81f5906f144460fcd56f,6, #B1AA9A
81f5906f144460fcd56f,0, #524E43
81f5906f144460fcd56f,9, #938C7E
81f68fd52068f861f12f,2, #BFAB8D
81f68fd52068f861f12f,15, #A18473
81f68fd52068f861f12f,15, #423327
81f68fd52068f861f12f,32, #71604C
81f68fd52068f861f12f,26, #D8CDAF
81f68fd52068f861f12f,7,#F7F6EE
820626e72ba93d1aebf9,34,#BDBCA2
820626e72ba93d1aebf9,23, #9B9371
820626e72ba93d1aebf9,11, #766943
820626e72ba93d1aebf9,0, #685835
820626e72ba93d1aebf9,0, #606860
820626e72ba93d1aebf9,11, #8A7D55
820626e72ba93d1aebf9,17, #A6A690
820893ea42fb238036f6,5, #8F9DAB
820893ea42fb238036f6,10, #465C80
820893ea42fb238036f6,28, #C2C6BD
820893ea42fb238036f6,1, #2C3E65
820893ea42fb238036f6,46,#ECE8E0
820893ea42fb238036f6,7, #677C98
820893ea42fb238036f6,0, #C2B69C
820a1b327df3d2f3d74d,0, #8C8465
820a1b327df3d2f3d74d,0, #D1CDB5
820a1b327df3d2f3d74d,91,#18140D
820a1b327df3d2f3d74d,2, #3C372B
820a1b327df3d2f3d74d,0, #A7A285
820a1b327df3d2f3d74d,2, #4F4E41
820a1b327df3d2f3d74d,0, #676758
820b412eccb1cf868526,0, #3B3833
820b412eccb1cf868526,5, #9F9789
820b412eccb1cf868526,42,#D5C9B8
820b412eccb1cf868526,9, #797369
820b412eccb1cf868526,10, #B8AF9C
820b412eccb1cf868526,0, #55504A
820b412eccb1cf868526,31, #EDE3D1
82119f2ee586a62a2e5a,8, #5F4E32
82119f2ee586a62a2e5a,39,#3A2F21
82119f2ee586a62a2e5a,47, #15100E
82119f2ee586a62a2e5a,1, #D5D1B3
82119f2ee586a62a2e5a,1, #837351
82119f2ee586a62a2e5a,1, #B2A782
82126ea44fd07aa81a8e,3, #C6BDA8
82126ea44fd07aa81a8e,12, #E0D9C7
82126ea44fd07aa81a8e,77,#F6F5EC
82126ea44fd07aa81a8e,1, #837D6B
82126ea44fd07aa81a8e,0, #656254
82126ea44fd07aa81a8e,0, #4B483D
82126ea44fd07aa81a8e,3, #A29C89
8213669bd912d86e00bd,16, #BEB9A9
8213669bd912d86e00bd,0,#FEFDEB
8213669bd912d86e00bd,0, #48483C
8213669bd912d86e00bd,10, #999689
8213669bd912d86e00bd,63, #E4E1D1
8213669bd912d86e00bd,8, #6D6C5F
821a769529989de57482,61, #CABB96
821a769529989de57482,2, #6B5739
821a769529989de57482,11, #B19E79
821a769529989de57482,12,#897859
821a769529989de57482,12, #E4D4C7
821a769529989de57482,1, #49331F
821f01da090919df6775,17, #848171
821f01da090919df6775,15, #CCC9B9
821f01da090919df6775,3, #3F3D36
821f01da090919df6775,9, #5E5B4E
821f01da090919df6775,0, #FFFEF9
821f01da090919df6775,18, #AEAA9A
821f01da090919df6775,33,#E8E5D8
822795274fee8c8ac3cc,1, #1D160E
822795274fee8c8ac3cc,68, #DBD2BD
822795274fee8c8ac3cc,8, #736B5A
822795274fee8c8ac3cc,15, #A89E88
822795274fee8c8ac3cc,1,#F8F7F0
822795274fee8c8ac3cc,4, #504639
822b0c3a02d3b84be19b,47,#F8F7F0
822b0c3a02d3b84be19b,9, #A19D8E
822b0c3a02d3b84be19b,4, #807C6C
822b0c3a02d3b84be19b,3, #3A382F
822b0c3a02d3b84be19b,7, #C1BCAA
822b0c3a02d3b84be19b,12, #DDD5BE
822b0c3a02d3b84be19b,14, #5F5D4F
822db1718204450e4433,9, #D1CEC1
822db1718204450e4433,8, #BAB7A9
822db1718204450e4433,22, #979487
822db1718204450e4433,11, #545349
822db1718204450e4433,4, #37362F
822db1718204450e4433,30,#F6F5EF
822db1718204450e4433,12, #716F63
822f5cfebb4b29ebe525,8, #706E61
822f5cfebb4b29ebe525,27, #12120F
822f5cfebb4b29ebe525,3, #A49774
822f5cfebb4b29ebe525,0, #C0B69B
822f5cfebb4b29ebe525,56,#42402E
822f5cfebb4b29ebe525,3, #8F7C4C
822f5cfebb4b29ebe525,0, #D7D0C6
82310faa28bf39f7515d,7, #6A6945
82310faa28bf39f7515d,3, #423C27
82310faa28bf39f7515d,30, #D6D2A7
82310faa28bf39f7515d,10, #908C5C
82310faa28bf39f7515d,19, #B2AF7E
82310faa28bf39f7515d,29,#E7EDD0
82367bb253477c328fea,2, #70726D
82367bb253477c328fea,0, #877A54
82367bb253477c328fea,17, #221E15
82367bb253477c328fea,38,#443E30
82367bb253477c328fea,8, #6C6141
82367bb253477c328fea,33, #8C8F8A
82367bb253477c328fea,0, #B7AE8C
823b34c17552824770bc,21, #494741
823b34c17552824770bc,0, #A5A289
823b34c17552824770bc,11, #1B1711
823b34c17552824770bc,39, #6D675E
823b34c17552824770bc,0,#8E8971
823b34c17552824770bc,27, #30302F
823d7c26777a2a682a9a,9, #6F6D62
823d7c26777a2a682a9a,12, #888579
823d7c26777a2a682a9a,28, #D8D0BD
823d7c26777a2a682a9a,10, #A6A294
823d7c26777a2a682a9a,7, #504F46
823d7c26777a2a682a9a,30,#F9F6E6
8241619bb8101a554876,14, #625840
8241619bb8101a554876,6, #CECCB2
8241619bb8101a554876,24,#413A2B
8241619bb8101a554876,15, #7A755E
8241619bb8101a554876,14, #1F1F17
8241619bb8101a554876,14, #9A967E
8241619bb8101a554876,9, #B6B49B
824baac796fc1e2cf4e2,13, #674539
824baac796fc1e2cf4e2,10, #47211E
824baac796fc1e2cf4e2,63, #0F111E
824baac796fc1e2cf4e2,12,#847669
824baac796fc1e2cf4e2,0, #A39E83
824baac796fc1e2cf4e2,0, #272E41
824c7ca25927e4c2cb32,6, #3A3932
824c7ca25927e4c2cb32,3,#F9F9F2
824c7ca25927e4c2cb32,19, #D8D5C4
824c7ca25927e4c2cb32,31, #AAA799
824c7ca25927e4c2cb32,20, #5C5A51
824c7ca25927e4c2cb32,18, #858378
82579b34214964c9a5fb,6, #1A150E
82579b34214964c9a5fb,9, #A4947B
82579b34214964c9a5fb,14, #7C7466
82579b34214964c9a5fb,14, #E8D39F
82579b34214964c9a5fb,35,#BFB6AA
82579b34214964c9a5fb,18, #4A4336
82579b34214964c9a5fb,1, #D5B679
8259c68c12779be1b3c5,10, #7D776A
8259c68c12779be1b3c5,7, #423E36
8259c68c12779be1b3c5,20, #968F82
8259c68c12779be1b3c5,14, #655F54
8259c68c12779be1b3c5,28,#D2C9BA
8259c68c12779be1b3c5,11, #F7F2E6
8259c68c12779be1b3c5,7, #B1A99A
82710642d228413d502f,40,#D1CDB4
82710642d228413d502f,13, #7C715A
82710642d228413d502f,5, #433426
82710642d228413d502f,10, #5E4E39
82710642d228413d502f,4, #2C2016
82710642d228413d502f,17, #B7AE90
82710642d228413d502f,7, #9B9074
8271469c3f3f603f34a4,6,#FBFAF8
8271469c3f3f603f34a4,5, #8D8D86
8271469c3f3f603f34a4,69, #E7E1CB
8271469c3f3f603f34a4,9, #B9B39D
8271469c3f3f603f34a4,0, #403B31
8271469c3f3f603f34a4,7, #606770
827a09cff077fb16a99d,42, #A28A7D
827a09cff077fb16a99d,8, #CCBA93
827a09cff077fb16a99d,32, #906450
827a09cff077fb16a99d,10, #384353
827a09cff077fb16a99d,3,#F3EED8
827a09cff077fb16a99d,2, #781C2B
827f34292db0053d394a,2, #B0A68E
827f34292db0053d394a,9, #CFC4AB
827f34292db0053d394a,1, #968F82
827f34292db0053d394a,0, #7C7663
827f34292db0053d394a,0, #625845
827f34292db0053d394a,42,#FAF9F0
827f34292db0053d394a,42, #EAE3CD
82802c2e4cb1a0e5c5be,7, #938A62
82802c2e4cb1a0e5c5be,2, #292619
82802c2e4cb1a0e5c5be,6, #726E51
82802c2e4cb1a0e5c5be,4, #E2D7A5
82802c2e4cb1a0e5c5be,5, #4C4731
82802c2e4cb1a0e5c5be,26, #A8A27D
82802c2e4cb1a0e5c5be,46,#C8BE93
828067b3dd809f85bf9d,1, #C7BFAA
828067b3dd809f85bf9d,2, #9F9481
828067b3dd809f85bf9d,0, #B4AB96
828067b3dd809f85bf9d,5, #857865
828067b3dd809f85bf9d,76, #F7F5EE
828067b3dd809f85bf9d,13,#DED8C5
8285cf69dfe7a9574d24,9, #92815D
8285cf69dfe7a9574d24,1, #2A2915
8285cf69dfe7a9574d24,3, #514E2F
8285cf69dfe7a9574d24,0, #F9F6E0
8285cf69dfe7a9574d24,7, #6A6347
8285cf69dfe7a9574d24,38, #B4B19F
8285cf69dfe7a9574d24,38,#E4DDBD
828a248c39cd3006353d,9, #DBDBD3
828a248c39cd3006353d,13, #685749
828a248c39cd3006353d,48,#BEBBAC
828a248c39cd3006353d,10, #9E988C
828a248c39cd3006353d,6, #877A68
828a248c39cd3006353d,7, #F9F9F7
828a248c39cd3006353d,3, #4D392D
828c1939c77b09ebcb6f,9, #2B2018
828c1939c77b09ebcb6f,26, #493F36
828c1939c77b09ebcb6f,6, #D8D3BE
828c1939c77b09ebcb6f,32,#F5F4EE
828c1939c77b09ebcb6f,15, #746A55
828c1939c77b09ebcb6f,9, #A8A18C
828cea0c8c8fda44ab30,23, #605948
828cea0c8c8fda44ab30,4, #F5F2D4
828cea0c8c8fda44ab30,1, #E7D496
828cea0c8c8fda44ab30,16, #958A6E
828cea0c8c8fda44ab30,12, #150F0B
828cea0c8c8fda44ab30,7, #C4B795
828cea0c8c8fda44ab30,33,#413225
828d388987e6d2e5ba9f,5, #DFD07A
828d388987e6d2e5ba9f,38, #272513
828d388987e6d2e5ba9f,18, #F0EDC8
828d388987e6d2e5ba9f,4,#C2AF5B
828d388987e6d2e5ba9f,22, #685E33
828d388987e6d2e5ba9f,11, #9E8B45
828fc99247a3d3f605f1,4, #49433D
828fc99247a3d3f605f1,3,#D2C8B6
828fc99247a3d3f605f1,4, #ACA497
828fc99247a3d3f605f1,6, #8A8276
828fc99247a3d3f605f1,79, #F3E9D2
828fc99247a3d3f605f1,1, #6E665B
829025fb9f9fb46676c3,60,#DED4AC
829025fb9f9fb46676c3,19, #F7F3DA
829025fb9f9fb46676c3,4, #998B71
829025fb9f9fb46676c3,0, #565342
829025fb9f9fb46676c3,0, #B9795C
829025fb9f9fb46676c3,4, #766C57
829025fb9f9fb46676c3,11, #C8BA8C
82938ecb83755810f0f0,14, #626F73
82938ecb83755810f0f0,16, #30271B
82938ecb83755810f0f0,26, #514C3E
82938ecb83755810f0f0,18, #878C86
82938ecb83755810f0f0,22,#BAAC90
82938ecb83755810f0f0,1, #7F6A45
82970a09e7b44f936520,16,#C4C0AE
82970a09e7b44f936520,13, #AA9F82
82970a09e7b44f936520,30, #70512F
82970a09e7b44f936520,0, #3D525B
82970a09e7b44f936520,6, #8B7D58
82970a09e7b44f936520,31, #211F17
82a039aa2716754c3e07,10, #706E48
82a039aa2716754c3e07,11, #A5A78F
82a039aa2716754c3e07,18, #BCBDAB
82a039aa2716754c3e07,26,#141311
82a039aa2716754c3e07,5, #8E8F6E
82a039aa2716754c3e07,21, #3D3521
82a039aa2716754c3e07,6, #4F5036
82a2dcd5e712170d7238,33,#D9D7BF
82a2dcd5e712170d7238,0, #FBFBF0
82a2dcd5e712170d7238,13, #5E5545
82a2dcd5e712170d7238,17, #3B332A
82a2dcd5e712170d7238,8, #97917E
82a2dcd5e712170d7238,10, #7D7561
82a2dcd5e712170d7238,15, #B4AE93
82a4dc4c98e7abedf49f,8, #7B6541
82a4dc4c98e7abedf49f,9, #D7D1BB
82a4dc4c98e7abedf49f,3, #B4A993
82a4dc4c98e7abedf49f,63,#110D05
82a4dc4c98e7abedf49f,5, #8A7F6A
82a4dc4c98e7abedf49f,9, #4D3D28
82a7106ad482bc40c666,28,#232320
82a7106ad482bc40c666,7, #939272
82a7106ad482bc40c666,12, #6F6E50
82a7106ad482bc40c666,7, #B0B3A7
82a7106ad482bc40c666,4, #E8E7E2
82a7106ad482bc40c666,21, #C4CDD5
82a7106ad482bc40c666,18, #514F3A
82a77fc1e51d39a66d16,18, #C4BCA9
82a77fc1e51d39a66d16,13, #555148
82a77fc1e51d39a66d16,14, #A49E8C
82a77fc1e51d39a66d16,27, #E8DFCA
82a77fc1e51d39a66d16,24, #868071
82a77fc1e51d39a66d16,1,#FDFBF1
82aba915690e26d1faa4,43, #F4F0DE
82aba915690e26d1faa4,11, #24211A
82aba915690e26d1faa4,7, #48453B
82aba915690e26d1faa4,18, #D2CEBA
82aba915690e26d1faa4,3,#726F63
82aba915690e26d1faa4,14, #A29F8F
82b26e14f2c9e889630a,18, #C8B26E
82b26e14f2c9e889630a,1, #A9524B
82b26e14f2c9e889630a,30,#77553A
82b26e14f2c9e889630a,0, #241C11
82b26e14f2c9e889630a,21, #513129
82b26e14f2c9e889630a,5, #F5EBB2
82b26e14f2c9e889630a,22, #877F58
82ba6e341f3f3c17776e,33, #D4CCB8
82ba6e341f3f3c17776e,13, #807C6F
82ba6e341f3f3c17776e,4, #3A3932
82ba6e341f3f3c17776e,15, #5B584D
82ba6e341f3f3c17776e,25,#F8F6E8
82ba6e341f3f3c17776e,7, #A8A393
82baa16fa1efab72a762,13, #C8BFAF
82baa16fa1efab72a762,50,#EEE3D3
82baa16fa1efab72a762,7, #494443
82baa16fa1efab72a762,11, #898278
82baa16fa1efab72a762,1, #FEFEFD
82baa16fa1efab72a762,9, #AAA194
82baa16fa1efab72a762,6, #6F6862
82c52b75d5ae2dd649e5,0, #8CA225
82c52b75d5ae2dd649e5,17,#161208
82c52b75d5ae2dd649e5,39, #928762
82c52b75d5ae2dd649e5,14, #453E2B
82c52b75d5ae2dd649e5,2, #CBB98C
82c52b75d5ae2dd649e5,25, #605C45
82c78a02b3c0f8732955,5, #827D6C
82c78a02b3c0f8732955,4, #4A4D4B
82c78a02b3c0f8732955,4, #D4C6B1
82c78a02b3c0f8732955,1, #B98F64
82c78a02b3c0f8732955,2, #9E6648
82c78a02b3c0f8732955,73,#F0E8DB
82c78a02b3c0f8732955,7, #B8AB92
82c8c89e67350cde7306,4, #605436
82c8c89e67350cde7306,5, #48391D
82c8c89e67350cde7306,2, #C8A877
82c8c89e67350cde7306,79,#201508
82c8c89e67350cde7306,3, #7E6D49
82c8c89e67350cde7306,1, #D9BD8A
82c8c89e67350cde7306,3, #A5926E
82d036ba71bfbf5e8687,10, #613918
82d036ba71bfbf5e8687,2, #414F3A
82d036ba71bfbf5e8687,5, #DEBD5A
82d036ba71bfbf5e8687,7, #EDE1AD
82d036ba71bfbf5e8687,57,#1E1609
82d036ba71bfbf5e8687,16, #91693A
82d7287a9fe39633f211,0,#403F33
82d7287a9fe39633f211,36, #AD9C73
82d7287a9fe39633f211,0, #8A7B56
82d7287a9fe39633f211,44, #B1AE9E
82d7287a9fe39633f211,0, #757670
82d7287a9fe39633f211,18, #D3CAB5
82da0af97c0375b8d4e8,4, #967A3A
82da0af97c0375b8d4e8,0, #CCBA86
82da0af97c0375b8d4e8,8, #68593E
82da0af97c0375b8d4e8,57,#22180B
82da0af97c0375b8d4e8,28, #45311B
82da0af97c0375b8d4e8,0, #B59C5B
82ec874c0e412639aabc,14, #AA9F89
82ec874c0e412639aabc,29, #63503E
82ec874c0e412639aabc,2, #453020
82ec874c0e412639aabc,20, #837968
82ec874c0e412639aabc,7, #C4BFA8
82ec874c0e412639aabc,24,#D8D8C7
82ee7b79c0a6a949a6b3,4,#C4C2B1
82ee7b79c0a6a949a6b3,5, #7C7F74
82ee7b79c0a6a949a6b3,78, #EFECDA
82ee7b79c0a6a949a6b3,0, #1F2727
82ee7b79c0a6a949a6b3,4, #525851
82ee7b79c0a6a949a6b3,7, #A3A397
82f3d1cbe96e1509efdd,48,#F3E9D9
82f3d1cbe96e1509efdd,13, #CEBEAC
82f3d1cbe96e1509efdd,11, #B9A28E
82f3d1cbe96e1509efdd,20, #918073
82f3d1cbe96e1509efdd,2, #4B4949
82f3d1cbe96e1509efdd,3, #9D5541
82f4f3fdc63483a3c73f,18, #E2D8BC
82f4f3fdc63483a3c73f,2, #ABA286
82f4f3fdc63483a3c73f,21, #C0B79A
82f4f3fdc63483a3c73f,4, #655F4D
82f4f3fdc63483a3c73f,46,#F9F5DE
82f4f3fdc63483a3c73f,7, #948B71
82ffeb16e52d549c02df,1, #464140
82ffeb16e52d549c02df,32, #D6CBC1
82ffeb16e52d549c02df,49, #ADA59C
82ffeb16e52d549c02df,4, #665E5C
82ffeb16e52d549c02df,8, #837C77
82ffeb16e52d549c02df,4,#F5EFE5
8304d2a3e80ff0dc4608,8, #D7CDB8
8304d2a3e80ff0dc4608,12, #484C48
8304d2a3e80ff0dc4608,5, #202423
8304d2a3e80ff0dc4608,19, #72746C
8304d2a3e80ff0dc4608,22,#A7A495
8304d2a3e80ff0dc4608,31, #F9F3DB
8306a84e401a675094ee,14, #8A7865
8306a84e401a675094ee,9, #E5DECC
8306a84e401a675094ee,6,#FBFAF5
8306a84e401a675094ee,12, #A39786
8306a84e401a675094ee,10, #C5B79F
8306a84e401a675094ee,45, #625246
8310aec09cc71818142c,0, #465E8E
8310aec09cc71818142c,5,#CDCBBF
8310aec09cc71818142c,24, #7F654B
8310aec09cc71818142c,64, #441D1A
8310aec09cc71818142c,0, #1E2D56
8310aec09cc71818142c,5, #A0958C
8314167a0d2706d925dd,31,#E7E3D0
8314167a0d2706d925dd,14, #484740
8314167a0d2706d925dd,21, #AEAB9F
8314167a0d2706d925dd,12, #8B8A81
8314167a0d2706d925dd,1, #262420
8314167a0d2706d925dd,19, #6D6B63
831d42be1f3ec95a850a,4, #B7AB7D
831d42be1f3ec95a850a,0, #AB8C2F
831d42be1f3ec95a850a,14, #978B60
831d42be1f3ec95a850a,13, #76622B
831d42be1f3ec95a850a,9,#463F28
831d42be1f3ec95a850a,59, #221C13
832a828fc6039e746606,25, #9A8F7E
832a828fc6039e746606,1, #49301D
832a828fc6039e746606,15, #C5BCA8
832a828fc6039e746606,9, #664E35
832a828fc6039e746606,11,#F3F0E4
832a828fc6039e746606,36, #85735B
8348ccb738639e13df3f,9, #858279
8348ccb738639e13df3f,1, #42423B
8348ccb738639e13df3f,38,#EEEBE2
8348ccb738639e13df3f,4, #5D5C54
8348ccb738639e13df3f,29, #CFCBC1
8348ccb738639e13df3f,16, #B3AFA4
834a3b2ca5f7f6008ce3,39, #C7BAA1
834a3b2ca5f7f6008ce3,11, #989082
834a3b2ca5f7f6008ce3,9, #80715E
834a3b2ca5f7f6008ce3,2, #3E3229
834a3b2ca5f7f6008ce3,9, #635648
834a3b2ca5f7f6008ce3,28,#E9E1CF
835c283a710220ab0b34,8, #928560
835c283a710220ab0b34,0, #ACA078
835c283a710220ab0b34,0, #C1B486
835c283a710220ab0b34,46,#665E41
835c283a710220ab0b34,6, #261F15
835c283a710220ab0b34,36, #4E3C24
83633ed08b5a7e0d5556,17, #493C2A
83633ed08b5a7e0d5556,26, #897C63
83633ed08b5a7e0d5556,28, #A39B84
83633ed08b5a7e0d5556,6,#211A11
83633ed08b5a7e0d5556,20, #695E4D
83633ed08b5a7e0d5556,0, #D5C08E
836fcbcb61e8e7ef0f9a,1, #CAC6B9
836fcbcb61e8e7ef0f9a,6, #ADA58E
836fcbcb61e8e7ef0f9a,8,#75634F
836fcbcb61e8e7ef0f9a,12, #5A4535
836fcbcb61e8e7ef0f9a,67, #261C13
836fcbcb61e8e7ef0f9a,4, #877E6E
8370dfdc7b31740fec4a,0, #C4B072
8370dfdc7b31740fec4a,20, #4D4232
8370dfdc7b31740fec4a,33,#2B282C
8370dfdc7b31740fec4a,23, #14131C
8370dfdc7b31740fec4a,10, #A48C4D
8370dfdc7b31740fec4a,0, #DAC593
8370dfdc7b31740fec4a,11, #7A6334
8377a0e23ea89ad6c364,45,#151009
8377a0e23ea89ad6c364,2, #D1C9AB
8377a0e23ea89ad6c364,38, #472F17
8377a0e23ea89ad6c364,2, #AFA07E
8377a0e23ea89ad6c364,2, #947B55
8377a0e23ea89ad6c364,8, #6F5332
837bb1ffdb2597a32e81,7, #7B836F
837bb1ffdb2597a32e81,32,#4A4339
837bb1ffdb2597a32e81,22, #886944
837bb1ffdb2597a32e81,4, #DFD5B2
837bb1ffdb2597a32e81,6, #11181F
837bb1ffdb2597a32e81,7, #BD985B
837bb1ffdb2597a32e81,19, #B8B08C
837e78b50c6314801194,2, #D3D0C7
837e78b50c6314801194,1, #403F39
837e78b50c6314801194,8, #969389
837e78b50c6314801194,8, #5C5A51
837e78b50c6314801194,4, #BBB7AE
837e78b50c6314801194,10, #78756B
837e78b50c6314801194,63,#F4F2EA
838bbb0b046b40e4a81b,20, #4B3F24
838bbb0b046b40e4a81b,49, #110C08
838bbb0b046b40e4a81b,10, #8E815D
838bbb0b046b40e4a81b,7,#746742
838bbb0b046b40e4a81b,0, #FCF8D6
838bbb0b046b40e4a81b,10, #D4C392
838c992fa7fb46cface6,15, #A09B90
838c992fa7fb46cface6,24, #767369
838c992fa7fb46cface6,5, #F6F2E9
838c992fa7fb46cface6,3, #373630
838c992fa7fb46cface6,12, #515048
838c992fa7fb46cface6,10, #B9B4A6
838c992fa7fb46cface6,29,#D6D0C1
838df908aa024bd543c9,22, #DFD8C9
838df908aa024bd543c9,46, #93826B
838df908aa024bd543c9,11, #C8BEA7
838df908aa024bd543c9,0,#FEFDFC
838df908aa024bd543c9,13, #A49C8F
838df908aa024bd543c9,6, #775F4A
838f1c6b3b5dd28fb5ef,2, #4F4D48
838f1c6b3b5dd28fb5ef,25, #E0D4BC
838f1c6b3b5dd28fb5ef,0, #5D777A
838f1c6b3b5dd28fb5ef,12, #C1B496
838f1c6b3b5dd28fb5ef,19, #866454
838f1c6b3b5dd28fb5ef,11, #9E9683
838f1c6b3b5dd28fb5ef,26,#F7F2E5
838f5195c8d34dc2eaa2,6, #423732
838f5195c8d34dc2eaa2,0, #251B15
838f5195c8d34dc2eaa2,24, #6B6059
838f5195c8d34dc2eaa2,36,#8E847C
838f5195c8d34dc2eaa2,0, #DFD8CF
838f5195c8d34dc2eaa2,0, #F8F6F7
838f5195c8d34dc2eaa2,29, #B9ADA3
83a6091bce6ec0d0a4e2,21, #A99C83
83a6091bce6ec0d0a4e2,11, #8D7E67
83a6091bce6ec0d0a4e2,18, #ECE9DC
83a6091bce6ec0d0a4e2,10, #73634E
83a6091bce6ec0d0a4e2,0, #D9D6C9
83a6091bce6ec0d0a4e2,36,#C7BDA2
83a6091bce6ec0d0a4e2,0, #FEFEF9
83afc8359173370aae4d,19, #87837A
83afc8359173370aae4d,14, #E1DDD3
83afc8359173370aae4d,8, #434139
83afc8359173370aae4d,2, #F8F7F2
83afc8359173370aae4d,10, #6B685E
83afc8359173370aae4d,29,#CBC7BB
83afc8359173370aae4d,15, #ACA89E
83b535f39e3e99bdaa0f,10, #A1A09A
83b535f39e3e99bdaa0f,7,#F5EDD4
83b535f39e3e99bdaa0f,7, #43433E
83b535f39e3e99bdaa0f,36, #6D5D56
83b535f39e3e99bdaa0f,37, #787978
83b535f39e3e99bdaa0f,0, #CCC9B5
83b5bb8414723acb6df7,8, #989485
83b5bb8414723acb6df7,13, #3E3A35
83b5bb8414723acb6df7,18, #D5D1BC
83b5bb8414723acb6df7,9, #6C685E
83b5bb8414723acb6df7,23,#F3F1E6
83b5bb8414723acb6df7,18, #161311
83b5bb8414723acb6df7,7, #BAB59F
83bb317962f8714bdd58,2, #414236
83bb317962f8714bdd58,11, #C0BDA9
83bb317962f8714bdd58,21, #606150
83bb317962f8714bdd58,7, #A6A490
83bb317962f8714bdd58,25,#EAE5CE
83bb317962f8714bdd58,30, #888773
83bec40a7c234199d79a,13, #878174
83bec40a7c234199d79a,24,#F4F1E3
83bec40a7c234199d79a,16, #DBD4C3
83bec40a7c234199d79a,6, #A7A091
83bec40a7c234199d79a,16, #5C574D
83bec40a7c234199d79a,15, #C0BAA9
83bec40a7c234199d79a,6, #39362E
83cbe750051b4f8b6a5f,4, #F8F4EA
83cbe750051b4f8b6a5f,12, #948F85
83cbe750051b4f8b6a5f,34,#D9D2C2
83cbe750051b4f8b6a5f,4, #404039
83cbe750051b4f8b6a5f,17, #595850
83cbe750051b4f8b6a5f,10, #7B776E
83cbe750051b4f8b6a5f,16, #B4AEA1
83d022861583aafc683a,23,#635E46
83d022861583aafc683a,23, #472E25
83d022861583aafc683a,13, #C6AB71
83d022861583aafc683a,6, #EEDDA0
83d022861583aafc683a,20, #2A1314
83d022861583aafc683a,0, #78897C
83d022861583aafc683a,12, #A37252
83d14d1dc410567677c6,10, #725E4B
83d14d1dc410567677c6,11, #BBB2A2
83d14d1dc410567677c6,8, #563E2B
83d14d1dc410567677c6,47,#E4DFD0
83d14d1dc410567677c6,10, #908273
83d14d1dc410567677c6,12, #371E14
83d4e220cbf220f8ee44,8, #E3DAA5
83d4e220cbf220f8ee44,1,#FCF9DD
83d4e220cbf220f8ee44,10, #C8B56E
83d4e220cbf220f8ee44,28, #6A5B35
83d4e220cbf220f8ee44,30, #2D2111
83d4e220cbf220f8ee44,20, #9E915D
83d7b8b5e29e8252b431,8, #BCB8AB
83d7b8b5e29e8252b431,7, #A5A094
83d7b8b5e29e8252b431,15, #676358
83d7b8b5e29e8252b431,31,#D4D0C3
83d7b8b5e29e8252b431,14, #F2F0E6
83d7b8b5e29e8252b431,6, #3C3931
83d7b8b5e29e8252b431,16, #8A867A
83d9e342f6412d684f8c,74, #CDC9B6
83d9e342f6412d684f8c,4, #B09E7F
83d9e342f6412d684f8c,0, #978CA9
83d9e342f6412d684f8c,12, #6C5469
83d9e342f6412d684f8c,7, #8B7E6B
83d9e342f6412d684f8c,0,#FAF6E6
83e46033ff83c19a2a0d,16, #7F7556
83e46033ff83c19a2a0d,58, #9D9474
83e46033ff83c19a2a0d,0, #3E3724
83e46033ff83c19a2a0d,7,#0D0D0E
83e46033ff83c19a2a0d,15, #C2B991
83e46033ff83c19a2a0d,2, #605737
83eb7e0152e8665b4180,0, #B3A574
83eb7e0152e8665b4180,0, #9A8858
83eb7e0152e8665b4180,1, #715C39
83eb7e0152e8665b4180,1, #876D43
83eb7e0152e8665b4180,7, #613D24
83eb7e0152e8665b4180,65,#13120F
83eb7e0152e8665b4180,23, #31261A
83ef76d2fd410164b782,1, #3D3838
83ef76d2fd410164b782,21,#F4EBD6
83ef76d2fd410164b782,16, #655F5B
83ef76d2fd410164b782,16, #89827A
83ef76d2fd410164b782,26, #CAC1B2
83ef76d2fd410164b782,17, #A7A094
83f3e52861dedc2a9ce6,0, #767786
83f3e52861dedc2a9ce6,14, #A78157
83f3e52861dedc2a9ce6,10, #934C35
83f3e52861dedc2a9ce6,48,#322F36
83f3e52861dedc2a9ce6,4, #D4B384
83f3e52861dedc2a9ce6,0, #4D5264
83f3e52861dedc2a9ce6,21, #0B0E11
83f59b85e5f098e2a777,2,#C2C4C4
83f59b85e5f098e2a777,2, #F7F4D4
83f59b85e5f098e2a777,20, #251F19
83f59b85e5f098e2a777,22, #A19B88
83f59b85e5f098e2a777,16, #DBC986
83f59b85e5f098e2a777,34, #71604D
83fab4d9ea313cd21ce4,5, #885641
83fab4d9ea313cd21ce4,1, #9F8C6A
83fab4d9ea313cd21ce4,53, #191713
83fab4d9ea313cd21ce4,37, #5D442E
83fab4d9ea313cd21ce4,0,#AFA486
83fab4d9ea313cd21ce4,0, #C8C3AF
84052f7c8118223c63ec,3, #4D4640
84052f7c8118223c63ec,4, #917D62
84052f7c8118223c63ec,3, #7B6146
84052f7c8118223c63ec,12, #B2A287
84052f7c8118223c63ec,8, #E3D9C5
84052f7c8118223c63ec,67,#F9F5ED
840e54a206a6dd16a0c9,33, #C9C3B0
840e54a206a6dd16a0c9,3, #30261B
840e54a206a6dd16a0c9,6, #847B66
840e54a206a6dd16a0c9,33,#F5F2E8
840e54a206a6dd16a0c9,12, #A2967C
840e54a206a6dd16a0c9,0, #0B0804
840e54a206a6dd16a0c9,10, #5A5242
8412130075c0c9e00fb2,39,#1A1815
8412130075c0c9e00fb2,5, #9D8C58
8412130075c0c9e00fb2,1, #C4B180
8412130075c0c9e00fb2,29, #675E3C
8412130075c0c9e00fb2,24, #3C3121
8412130075c0c9e00fb2,0, #D4CEA5
84238984a4194b0f0ce8,17, #1B170D
84238984a4194b0f0ce8,12, #29241B
84238984a4194b0f0ce8,11, #4A483C
84238984a4194b0f0ce8,33,#928773
84238984a4194b0f0ce8,6, #070402
84238984a4194b0f0ce8,8, #636755
84238984a4194b0f0ce8,10, #373229
8425c412ed47df08f3b2,1,#FAF4E0
8425c412ed47df08f3b2,10, #3A3933
8425c412ed47df08f3b2,18, #605D54
8425c412ed47df08f3b2,28, #ABA495
8425c412ed47df08f3b2,27, #DFD6C1
8425c412ed47df08f3b2,13, #837E72
84332903e908a81df88c,0, #36342C
84332903e908a81df88c,26, #A6A394
84332903e908a81df88c,27,#F1EDD9
84332903e908a81df88c,29, #CAC6B5
84332903e908a81df88c,9, #7A766A
84332903e908a81df88c,5, #575449
8437e9eb872c331f9344,0,#76756A
8437e9eb872c331f9344,1, #CFCEBC
8437e9eb872c331f9344,18, #52748F
8437e9eb872c331f9344,15, #708A9C
8437e9eb872c331f9344,46, #A3AEAB
8437e9eb872c331f9344,17, #3B5E84
843e1cb329e39186c625,20, #58584B
843e1cb329e39186c625,27,#1F2223
843e1cb329e39186c625,8, #8C7E32
843e1cb329e39186c625,13, #B9BDBF
843e1cb329e39186c625,7, #989373
843e1cb329e39186c625,14, #E8E5D5
843e1cb329e39186c625,8, #93A1AD
8441d10988eb480dc53a,7, #9F9969
8441d10988eb480dc53a,9,#CABD80
8441d10988eb480dc53a,21, #897940
8441d10988eb480dc53a,23, #5A5637
8441d10988eb480dc53a,10, #2B2513
8441d10988eb480dc53a,27, #EEE3AB
8445a97e8a03d549ae2b,0, #0A0A0B
8445a97e8a03d549ae2b,11, #2D271F
8445a97e8a03d549ae2b,14, #7C586A
8445a97e8a03d549ae2b,13, #A9956D
8445a97e8a03d549ae2b,33, #5B2D3C
8445a97e8a03d549ae2b,26,#D2C9A3
8445b9138a7bd14c89f5,27, #5A5435
8445b9138a7bd14c89f5,0, #A1633C
8445b9138a7bd14c89f5,1, #834A24
8445b9138a7bd14c89f5,5, #8B8153
8445b9138a7bd14c89f5,0, #BBAD74
8445b9138a7bd14c89f5,64,#2F2613
844b575c7d46b9892693,17, #979370
844b575c7d46b9892693,16, #2D2A18
844b575c7d46b9892693,8, #C9C6A4
844b575c7d46b9892693,8, #74714A
844b575c7d46b9892693,24,#5A522C
844b575c7d46b9892693,23, #B0AF92
844b575c7d46b9892693,2, #E3DFBA
8452d9bd99f5f2d17672,8, #797066
8452d9bd99f5f2d17672,0, #4B443F
8452d9bd99f5f2d17672,0,#FEFEF6
8452d9bd99f5f2d17672,8, #AF9376
8452d9bd99f5f2d17672,4, #CDC0AD
8452d9bd99f5f2d17672,76, #E6DED4
84619b3fb03609728f88,0, #624E2E
84619b3fb03609728f88,0, #7E643C
84619b3fb03609728f88,68,#18160C
84619b3fb03609728f88,29, #463520
84619b3fb03609728f88,0, #A69E79
84619b3fb03609728f88,0, #928661
8462f1efbaa5dfcb3348,37, #93878F
8462f1efbaa5dfcb3348,0, #573286
8462f1efbaa5dfcb3348,1, #48352E
8462f1efbaa5dfcb3348,4, #68574B
8462f1efbaa5dfcb3348,55, #C3C2B3
8462f1efbaa5dfcb3348,0,#E0E5DE
84778152874be4e641f3,26, #A09073
84778152874be4e641f3,1, #FEFEFE
84778152874be4e641f3,12, #45382C
84778152874be4e641f3,38,#DFD2B4
84778152874be4e641f3,6, #CBB585
84778152874be4e641f3,3, #AFAFAE
84778152874be4e641f3,11, #765F47
8479b2ae636bb0cdb8e4,11, #89834F
8479b2ae636bb0cdb8e4,13, #160E0D
8479b2ae636bb0cdb8e4,23,#614A2B
8479b2ae636bb0cdb8e4,5, #956835
8479b2ae636bb0cdb8e4,19, #372918
8479b2ae636bb0cdb8e4,1, #C3B985
8479b2ae636bb0cdb8e4,23, #AD9E64
847a72fbb53cff42822b,5, #746258
847a72fbb53cff42822b,5, #8E7D71
847a72fbb53cff42822b,11, #322320
847a72fbb53cff42822b,8, #513F39
847a72fbb53cff42822b,1, #AD9E8D
847a72fbb53cff42822b,23, #CCBBA3
847a72fbb53cff42822b,44,#E7DBC8
847c26e06108b3b11636,4, #A29E92
847c26e06108b3b11636,13, #868276
847c26e06108b3b11636,17, #45433B
847c26e06108b3b11636,8, #69665A
847c26e06108b3b11636,13, #CBC7B9
847c26e06108b3b11636,42,#F6F3E8
847d2f496477704e9b7e,0, #FEFEFE
847d2f496477704e9b7e,26,#747061
847d2f496477704e9b7e,13, #C0BCAC
847d2f496477704e9b7e,1, #413F34
847d2f496477704e9b7e,24, #E9E6D7
847d2f496477704e9b7e,6, #5E5A4C
847d2f496477704e9b7e,25, #959182
849060a639e13d777c13,21,#F7F4E0
849060a639e13d777c13,3, #545143
849060a639e13d777c13,63, #D8D3BD
849060a639e13d777c13,7, #898576
849060a639e13d777c13,3, #B8B4A2
849060a639e13d777c13,0, #322F25
849281b6d76b877fd269,3, #F5F3E8
849281b6d76b877fd269,4, #D4D2C5
849281b6d76b877fd269,5, #959089
849281b6d76b877fd269,6, #191512
849281b6d76b877fd269,64,#746A57
849281b6d76b877fd269,3, #B0AEA3
849281b6d76b877fd269,11, #4D4238
8494ad9ae76277e18043,32, #898579
8494ad9ae76277e18043,7,#C6C2B4
8494ad9ae76277e18043,11, #A8A497
8494ad9ae76277e18043,23, #EFE9D6
8494ad9ae76277e18043,21, #6C695D
8494ad9ae76277e18043,3, #504D42
849af148f0ff6a61b8f4,35,#523523
849af148f0ff6a61b8f4,2, #D7C084
849af148f0ff6a61b8f4,23, #A7562D
849af148f0ff6a61b8f4,12, #715B3E
849af148f0ff6a61b8f4,4, #BD9E5D
849af148f0ff6a61b8f4,10, #33200F
849af148f0ff6a61b8f4,11, #997E4D
84ac598d8ff63ae7f799,23, #514F45
84ac598d8ff63ae7f799,14, #D2CCB9
84ac598d8ff63ae7f799,18, #B0AA9A
84ac598d8ff63ae7f799,9, #302F28
84ac598d8ff63ae7f799,29, #847F73
84ac598d8ff63ae7f799,5,#EEE9D6
84c7c0ece3299cdd0f8b,5, #ABA594
84c7c0ece3299cdd0f8b,3, #493E2F
84c7c0ece3299cdd0f8b,1, #656054
84c7c0ece3299cdd0f8b,37, #F8F6EC
84c7c0ece3299cdd0f8b,0, #18120B
84c7c0ece3299cdd0f8b,6, #8D836E
84c7c0ece3299cdd0f8b,45,#CFCAB8
84d08146fc3d50242fde,13, #787358
84d08146fc3d50242fde,56, #54311D
84d08146fc3d50242fde,0, #B8AB8B
84d08146fc3d50242fde,18,#14130D
84d08146fc3d50242fde,1, #9C8C6A
84d08146fc3d50242fde,9, #6A5837
84d7ab664e4af6a33cc1,32,#F5EDDC
84d7ab664e4af6a33cc1,4, #A19C8B
84d7ab664e4af6a33cc1,35, #D7CFBF
84d7ab664e4af6a33cc1,15, #BAB3A2
84d7ab664e4af6a33cc1,9, #7F7B6C
84d7ab664e4af6a33cc1,2, #575649
84e1457d8c9abcd6e108,0, #F7F6EF
84e1457d8c9abcd6e108,4, #72604A
84e1457d8c9abcd6e108,2, #E3E1D8
84e1457d8c9abcd6e108,23, #B6AB8B
84e1457d8c9abcd6e108,52,#CDC7AC
84e1457d8c9abcd6e108,15, #968B74
84e1457d8c9abcd6e108,0, #463626
84eb5aafa8260a650770,11, #837C6A
84eb5aafa8260a650770,29,#A69E8A
84eb5aafa8260a650770,7, #F9F9F2
84eb5aafa8260a650770,22, #666153
84eb5aafa8260a650770,21, #424038
84eb5aafa8260a650770,6, #CCC4AA
84eb5aafa8260a650770,0, #E2DFCA
84f591bb26c1e6ea8548,7, #BF915F
84f591bb26c1e6ea8548,6, #877F6F
84f591bb26c1e6ea8548,35,#71533B
84f591bb26c1e6ea8548,4, #A89E8C
84f591bb26c1e6ea8548,34, #1E1A15
84f591bb26c1e6ea8548,2, #A17046
84f591bb26c1e6ea8548,9, #DEC9A0
84f88903db19baf7e91b,1, #B8B18E
84f88903db19baf7e91b,8, #706845
84f88903db19baf7e91b,38,#5B3B26
84f88903db19baf7e91b,4, #9D9570
84f88903db19baf7e91b,9, #8A8159
84f88903db19baf7e91b,1, #120F0B
84f88903db19baf7e91b,36, #372317
84f899a1bf4673acec4c,6,#F6F2EB
84f899a1bf4673acec4c,18, #BAB5A8
84f899a1bf4673acec4c,9, #79776C
84f899a1bf4673acec4c,23, #4D4C45
84f899a1bf4673acec4c,32, #D8D2C5
84f899a1bf4673acec4c,10, #9A968A
84fa47274c21c72936d7,22, #403A2A
84fa47274c21c72936d7,64,#1F1E18
84fa47274c21c72936d7,1, #D3CEAD
84fa47274c21c72936d7,3, #B9AA85
84fa47274c21c72936d7,3, #594E38
84fa47274c21c72936d7,1, #72664C
84fa47274c21c72936d7,2, #A08E6A
84fb53caf23a2612e0ed,0, #97977A
84fb53caf23a2612e0ed,2, #997A32
84fb53caf23a2612e0ed,78,#1D180E
84fb53caf23a2612e0ed,12, #5D512A
84fb53caf23a2612e0ed,2, #B29A4D
84fb53caf23a2612e0ed,1, #767558
84fb53caf23a2612e0ed,1, #C8B578
84fb735ac845385cde4a,2, #6D5F54
84fb735ac845385cde4a,10, #D6C8B2
84fb735ac845385cde4a,13, #BBAF9C
84fb735ac845385cde4a,39,#FAF4E9
84fb735ac845385cde4a,27, #E1DDD6
84fb735ac845385cde4a,7, #968A7C
84fe224841d848332b22,20, #21201A
84fe224841d848332b22,3, #8E7B62
84fe224841d848332b22,2, #A5947A
84fe224841d848332b22,7, #6B6351
84fe224841d848332b22,0, #BDAE91
84fe224841d848332b22,28, #594A37
84fe224841d848332b22,36,#35322B
84fff97b8b50a6438695,4, #423B36
84fff97b8b50a6438695,7, #ADA18A
84fff97b8b50a6438695,6, #8C8478
84fff97b8b50a6438695,17,#CCC2AE
84fff97b8b50a6438695,4, #6D645A
84fff97b8b50a6438695,59, #EFEADD
85000e9a5a035cade8af,1, #918978
85000e9a5a035cade8af,1, #50463C
85000e9a5a035cade8af,5, #DCD9CF
85000e9a5a035cade8af,1, #EDEBE1
85000e9a5a035cade8af,0, #756D60
85000e9a5a035cade8af,82,#C7C2B0
85000e9a5a035cade8af,7, #ABA38D
8501230aa25392d853e3,14, #A6A6A6
8501230aa25392d853e3,14, #525252
8501230aa25392d853e3,29,#CECECE
8501230aa25392d853e3,22, #7F7F7F
8501230aa25392d853e3,2, #0B0B0B
8501230aa25392d853e3,0, #F4F4F4
8501230aa25392d853e3,16, #272727
8503549a4ddf21ada38d,43, #787A6B
8503549a4ddf21ada38d,2, #594F46
8503549a4ddf21ada38d,0, #3B2F1B
8503549a4ddf21ada38d,35, #E1D9C0
8503549a4ddf21ada38d,7,#F9F9F5
8503549a4ddf21ada38d,11, #BAAD93
85038d849560f240c1a1,3, #0B0704
85038d849560f240c1a1,18, #63583A
85038d849560f240c1a1,3, #9C9381
85038d849560f240c1a1,35, #2A1C0C
85038d849560f240c1a1,37, #4B331E
85038d849560f240c1a1,2,#857C66
8508d55458847671bb29,16, #A09E99
8508d55458847671bb29,68, #C4C2B7
8508d55458847671bb29,5,#F9F9F5
8508d55458847671bb29,1, #4F4744
8508d55458847671bb29,6, #787472
8508d55458847671bb29,1, #E3E1D5
8508e3643811256720a5,4, #51483B
8508e3643811256720a5,1, #B4A98D
8508e3643811256720a5,5, #9D8C6C
8508e3643811256720a5,63,#3A281D
8508e3643811256720a5,0, #CFC0A0
8508e3643811256720a5,19, #0E0D0C
8508e3643811256720a5,5, #796548
8509ee85700a29a3d972,2, #574C34
8509ee85700a29a3d972,0, #B5AF8D
8509ee85700a29a3d972,1, #A09472
8509ee85700a29a3d972,86,#14130E
8509ee85700a29a3d972,2, #3D3425
8509ee85700a29a3d972,4, #74674A
8509ee85700a29a3d972,1, #897D5D
850d0168b129e2a20eb9,6, #A8A496
850d0168b129e2a20eb9,5, #CAC6B6
850d0168b129e2a20eb9,12, #8A867A
850d0168b129e2a20eb9,22, #676459
850d0168b129e2a20eb9,17,#F0EDE1
850d0168b129e2a20eb9,35, #403E37
8518d19efe15486e462e,53,#847855
8518d19efe15486e462e,1, #0B0907
8518d19efe15486e462e,12, #ACAA9D
8518d19efe15486e462e,9, #D7D4C4
8518d19efe15486e462e,15, #4E463C
8518d19efe15486e462e,5, #2F261F
8518d19efe15486e462e,2, #F5F3EB
851a5bf577a08e30c874,11, #735D37
851a5bf577a08e30c874,0, #D3BE87
851a5bf577a08e30c874,55,#282318
851a5bf577a08e30c874,2, #BCA771
851a5bf577a08e30c874,3, #A38952
851a5bf577a08e30c874,26, #413927
85233627e5239469e277,23, #B4B19E
85233627e5239469e277,16, #39342E
85233627e5239469e277,3, #918A77
85233627e5239469e277,24,#57514A
85233627e5239469e277,4, #787165
85233627e5239469e277,5, #1A1812
85233627e5239469e277,21, #DFDFCB
85233a846501a2db35e3,0, #FEFEFC
85233a846501a2db35e3,1, #403E38
85233a846501a2db35e3,7, #5E5B51
85233a846501a2db35e3,9, #9C998D
85233a846501a2db35e3,64,#E9E7DC
85233a846501a2db35e3,11, #C4C1B5
85233a846501a2db35e3,5, #7D7A6D
8523c6dd0bd18df762ff,29, #5C3F35
8523c6dd0bd18df762ff,4, #E6E6D5
8523c6dd0bd18df762ff,6, #ADA37A
8523c6dd0bd18df762ff,20, #847157
8523c6dd0bd18df762ff,35,#3D2320
8523c6dd0bd18df762ff,3, #D1C89B
852ad6f14d295603af93,1, #C4C5A5
852ad6f14d295603af93,65,#121411
852ad6f14d295603af93,5, #9A9979
852ad6f14d295603af93,11, #644E29
852ad6f14d295603af93,2, #6D6E5B
852ad6f14d295603af93,4, #9F7F3D
852ad6f14d295603af93,8, #362F21
85358923f375c0fabe57,33, #736343
85358923f375c0fabe57,25, #9A8A66
85358923f375c0fabe57,15, #402D13
85358923f375c0fabe57,13, #B6A67D
85358923f375c0fabe57,5,#F5F1E8
85358923f375c0fabe57,6, #D1C8B7
85362eb6232b6829b2e9,20, #4C3E2F
85362eb6232b6829b2e9,42,#251A11
85362eb6232b6829b2e9,16, #CAC9C6
85362eb6232b6829b2e9,4, #645946
85362eb6232b6829b2e9,7, #968A70
85362eb6232b6829b2e9,3, #A9A291
85362eb6232b6829b2e9,4, #7C725C
85382ef7ee3e442b7d4f,1, #D4CCB7
85382ef7ee3e442b7d4f,17, #161615
85382ef7ee3e442b7d4f,14, #887A66
85382ef7ee3e442b7d4f,21, #6A5443
85382ef7ee3e442b7d4f,41, #3B3430
85382ef7ee3e442b7d4f,2,#A89E89
85393e046eab81a45fd3,2, #E6B889
85393e046eab81a45fd3,1, #D49967
85393e046eab81a45fd3,3, #B77A4C
85393e046eab81a45fd3,25, #8C4F2A
85393e046eab81a45fd3,11,#110400
85393e046eab81a45fd3,55, #451B0A
8546d8a17bc8c3b55163,72,#E9E0D2
8546d8a17bc8c3b55163,10, #FBF6EE
8546d8a17bc8c3b55163,4, #C2A68E
8546d8a17bc8c3b55163,3, #A96D5D
8546d8a17bc8c3b55163,0, #4C413A
8546d8a17bc8c3b55163,4, #75665A
8546d8a17bc8c3b55163,4, #D0C4B2
854872c8dffe80e33ea8,4, #8F7C4D
854872c8dffe80e33ea8,0,#919085
854872c8dffe80e33ea8,37, #E8DFC4
854872c8dffe80e33ea8,25, #CBBE96
854872c8dffe80e33ea8,29, #B09F70
854872c8dffe80e33ea8,1, #FEFEF0
8550a471386cdaac17cc,59,#685F57
8550a471386cdaac17cc,0, #84733A
8550a471386cdaac17cc,3, #18140F
8550a471386cdaac17cc,6, #493E30
8550a471386cdaac17cc,4, #EFEDE2
8550a471386cdaac17cc,9, #8D8A85
8550a471386cdaac17cc,16, #BBB9AE
8552567b73e5c45df2b0,27, #A4A092
8552567b73e5c45df2b0,22, #D4CDBD
8552567b73e5c45df2b0,12, #5A5A4F
8552567b73e5c45df2b0,19, #78776A
8552567b73e5c45df2b0,9, #404037
8552567b73e5c45df2b0,8,#F5EFDE
855c4b5907991bcd52e3,20, #919081
855c4b5907991bcd52e3,6, #727364
855c4b5907991bcd52e3,3, #535649
855c4b5907991bcd52e3,20, #BFBAAB
855c4b5907991bcd52e3,1,#FCFAF7
855c4b5907991bcd52e3,47, #E9E2CE
85650911d86e8268f839,1, #E0D4A7
85650911d86e8268f839,14, #6C4A2B
85650911d86e8268f839,15, #2C220F
85650911d86e8268f839,2, #CFB687
85650911d86e8268f839,38,#4A3C1C
85650911d86e8268f839,16, #85744B
85650911d86e8268f839,10, #9E926E
8569640ecea74cb22aa3,2, #A08656
8569640ecea74cb22aa3,2, #BCA884
8569640ecea74cb22aa3,41, #302718
8569640ecea74cb22aa3,40,#0D0B07
8569640ecea74cb22aa3,0, #CEC2A6
8569640ecea74cb22aa3,12, #705B38
85776372fa15cf7f013b,18, #898476
85776372fa15cf7f013b,18, #CEC9B9
85776372fa15cf7f013b,6, #3B3931
85776372fa15cf7f013b,17, #AEA999
85776372fa15cf7f013b,22, #5F5B4F
85776372fa15cf7f013b,16,#F4F0DF
85777343e324b5fe7672,0, #B3A38E
85777343e324b5fe7672,2, #896C3F
85777343e324b5fe7672,9, #675A41
85777343e324b5fe7672,6, #A08A5F
85777343e324b5fe7672,23, #623E27
85777343e324b5fe7672,50,#372E1E
85777343e324b5fe7672,7, #1F1B14
857acddc33c138dfbd42,4, #C3BB8F
857acddc33c138dfbd42,13, #A69E6E
857acddc33c138dfbd42,23, #51492F
857acddc33c138dfbd42,16, #8B6642
857acddc33c138dfbd42,12, #DCD7B7
857acddc33c138dfbd42,29,#232118
857b6931301c6e9be965,42,#E4E0CD
857b6931301c6e9be965,22, #5B594A
857b6931301c6e9be965,2, #3A392D
857b6931301c6e9be965,6, #A5A28F
857b6931301c6e9be965,13, #858170
857b6931301c6e9be965,1, #F9F6E3
857b6931301c6e9be965,10, #C6C2AF
857bf9f69ff55c02bccc,11, #7A766B
857bf9f69ff55c02bccc,6, #979185
857bf9f69ff55c02bccc,51, #D6CEC2
857bf9f69ff55c02bccc,20, #46443C
857bf9f69ff55c02bccc,8, #B1AA9E
857bf9f69ff55c02bccc,0,#FEF6EA
857c1e34c430fd3c0db9,16, #958A79
857c1e34c430fd3c0db9,14, #756C61
857c1e34c430fd3c0db9,30, #D2C4B2
857c1e34c430fd3c0db9,9,#F6F1E3
857c1e34c430fd3c0db9,22, #AAA193
857c1e34c430fd3c0db9,6, #544F49
858079cbbe0ecee4469a,4, #654D2F
858079cbbe0ecee4469a,0, #A79163
858079cbbe0ecee4469a,25, #4C2F18
858079cbbe0ecee4469a,6, #7E653D
858079cbbe0ecee4469a,3, #947B4F
858079cbbe0ecee4469a,51,#322112
858079cbbe0ecee4469a,7, #16150E
85879c3aa8545367da93,16, #1E1913
85879c3aa8545367da93,6,#6A786F
85879c3aa8545367da93,21, #7A5C36
85879c3aa8545367da93,12, #A0895D
85879c3aa8545367da93,40, #573D28
85879c3aa8545367da93,2, #BCAC85
8590a049af2b28a6a7d1,14, #7D6949
8590a049af2b28a6a7d1,14, #725630
8590a049af2b28a6a7d1,17, #4D3A24
8590a049af2b28a6a7d1,4, #BDB7A0
8590a049af2b28a6a7d1,18, #1B130B
8590a049af2b28a6a7d1,21,#918265
8590a049af2b28a6a7d1,9, #A99E7E
8597078833aa8756654c,11, #EDEFDC
8597078833aa8756654c,85, #6D8FA0
8597078833aa8756654c,0, #959080
8597078833aa8756654c,0, #B6C6C4
8597078833aa8756654c,0,#58564C
8597078833aa8756654c,1, #90ABB7
859cba4dac2a749cde09,1, #EBD1A4
859cba4dac2a749cde09,8, #CBAD69
859cba4dac2a749cde09,4, #DFE3E8
859cba4dac2a749cde09,9, #857E69
859cba4dac2a749cde09,3, #A6ADB0
859cba4dac2a749cde09,41,#23241E
859cba4dac2a749cde09,30, #545043
859d9f08f974be43aaee,13, #C2B8AD
859d9f08f974be43aaee,64,#EFE6DA
859d9f08f974be43aaee,6, #846F60
859d9f08f974be43aaee,2, #4E2010
859d9f08f974be43aaee,7, #A4958D
859d9f08f974be43aaee,6, #68452F
85a05e37aac2b7f50201,3, #7F7763
85a05e37aac2b7f50201,9, #B1AA95
85a05e37aac2b7f50201,1, #7B6944
85a05e37aac2b7f50201,67, #C3BEAC
85a05e37aac2b7f50201,9, #A09272
85a05e37aac2b7f50201,7,#DBD5C6
85a3beab27d35034028a,0, #E3DEC4
85a3beab27d35034028a,13, #5C594B
85a3beab27d35034028a,4, #424038
85a3beab27d35034028a,21, #C8C0A0
85a3beab27d35034028a,25,#948C73
85a3beab27d35034028a,20, #B1A88C
85a3beab27d35034028a,13, #736F5B
85b03840f4def4c6fe5a,5,#969497
85b03840f4def4c6fe5a,24, #4A4949
85b03840f4def4c6fe5a,8, #767576
85b03840f4def4c6fe5a,9, #B7B5BA
85b03840f4def4c6fe5a,12, #E8E5E7
85b03840f4def4c6fe5a,39, #211F1F
85b2c398d556d2d6a6ff,6, #9B9289
85b2c398d556d2d6a6ff,1, #413732
85b2c398d556d2d6a6ff,4, #625954
85b2c398d556d2d6a6ff,61,#EDE7D5
85b2c398d556d2d6a6ff,13, #CCC4B2
85b2c398d556d2d6a6ff,8, #837A73
85b2c398d556d2d6a6ff,4, #B2A89A
85b5e61774a4e64848b0,10, #C6BCA3
85b5e61774a4e64848b0,10, #38322F
85b5e61774a4e64848b0,46,#DEDBC9
85b5e61774a4e64848b0,11, #7E7569
85b5e61774a4e64848b0,9, #9E9584
85b5e61774a4e64848b0,0, #F5F0DE
85b5e61774a4e64848b0,10, #5C534B
85bcc2bc96beae1e92cc,18, #F4F2DE
85bcc2bc96beae1e92cc,13, #404039
85bcc2bc96beae1e92cc,21,#625F56
85bcc2bc96beae1e92cc,8, #D3CDC2
85bcc2bc96beae1e92cc,16, #827E75
85bcc2bc96beae1e92cc,8, #AE988C
85bcc2bc96beae1e92cc,13, #BEB2A7
85c4e728dc43f1c0bfbc,0, #FEFDF7
85c4e728dc43f1c0bfbc,17, #BD7241
85c4e728dc43f1c0bfbc,7, #DEDACE
85c4e728dc43f1c0bfbc,16, #423428
85c4e728dc43f1c0bfbc,48,#180807
85c4e728dc43f1c0bfbc,2, #6D614D
85c4e728dc43f1c0bfbc,6, #AB9D82
85d282ff88956ab187c3,4, #E4DFD1
85d282ff88956ab187c3,18, #D2C7AC
85d282ff88956ab187c3,25, #938673
85d282ff88956ab187c3,2,#FAF8F0
85d282ff88956ab187c3,3, #6F6253
85d282ff88956ab187c3,46, #BAAC8F
85d63f80e93fb5f5e0d2,82, #E1DAC3
85d63f80e93fb5f5e0d2,0, #4F3F27
85d63f80e93fb5f5e0d2,5, #BEB59E
85d63f80e93fb5f5e0d2,2,#FBFBF6
85d63f80e93fb5f5e0d2,6, #A49982
85d63f80e93fb5f5e0d2,3, #866D5C
85d6db1227205580bfbc,78,#292014
85d6db1227205580bfbc,1, #A0966F
85d6db1227205580bfbc,0, #C1B586
85d6db1227205580bfbc,16, #524329
85d6db1227205580bfbc,1, #807653
85d6db1227205580bfbc,2, #6C5934
85e5fe274486328c9ec8,3, #080706
85e5fe274486328c9ec8,5, #292421
85e5fe274486328c9ec8,60,#706753
85e5fe274486328c9ec8,4, #C0BEB0
85e5fe274486328c9ec8,12, #928F88
85e5fe274486328c9ec8,6, #EDEADE
85e5fe274486328c9ec8,6, #4E4437
85f72f92596cca5b4e6e,24, #858373
85f72f92596cca5b4e6e,15,#F2EEE4
85f72f92596cca5b4e6e,5, #353730
85f72f92596cca5b4e6e,20, #B1AD9D
85f72f92596cca5b4e6e,17, #CEC9B9
85f72f92596cca5b4e6e,16, #595B4D
8606c20e334cdc31dadf,4, #C9B7A2
8606c20e334cdc31dadf,1,#989FBA
8606c20e334cdc31dadf,19, #A08E75
8606c20e334cdc31dadf,47, #1F252C
8606c20e334cdc31dadf,3, #EBDAC1
8606c20e334cdc31dadf,22, #604F49
8608a5acbde8f5c71a9a,38, #7E7766
8608a5acbde8f5c71a9a,8, #FAF9F1
8608a5acbde8f5c71a9a,1,#A49E8D
8608a5acbde8f5c71a9a,2, #E0D9C4
8608a5acbde8f5c71a9a,0, #C0B8A4
8608a5acbde8f5c71a9a,49, #4F4B40
860c313c42813fd48f82,7, #1B140F
860c313c42813fd48f82,9, #76664B
860c313c42813fd48f82,17, #B1ADA4
860c313c42813fd48f82,0, #5F1913
860c313c42813fd48f82,2, #918368
860c313c42813fd48f82,41,#583C26
860c313c42813fd48f82,20, #98958B
860f57be17a6a4c37e13,12, #252621
860f57be17a6a4c37e13,13, #54524A
860f57be17a6a4c37e13,4, #969187
860f57be17a6a4c37e13,28,#C2BFA8
860f57be17a6a4c37e13,31, #EEE8D3
860f57be17a6a4c37e13,9, #767367
861745386a48375faf5c,25, #F6F3E5
861745386a48375faf5c,4,#4A3D2F
861745386a48375faf5c,55, #CAC2AE
861745386a48375faf5c,0, #161009
861745386a48375faf5c,4, #796F5C
861745386a48375faf5c,10, #A69C85
861b03fce4a8325a0310,3, #BBAC8E
861b03fce4a8325a0310,67,#0B0906
861b03fce4a8325a0310,2, #4D4534
861b03fce4a8325a0310,3, #755F42
861b03fce4a8325a0310,4, #CEC9B6
861b03fce4a8325a0310,4, #A69272
861b03fce4a8325a0310,15, #2F2718
861c5bc78666af3dc405,1, #3A3527
861c5bc78666af3dc405,10, #A4916F
861c5bc78666af3dc405,3, #8A7A5A
861c5bc78666af3dc405,20, #C1B086
861c5bc78666af3dc405,44,#C8C8B4
861c5bc78666af3dc405,19, #65593E
8625ae6cef449892d0ae,13, #4E4A40
8625ae6cef449892d0ae,4,#F3F3E7
8625ae6cef449892d0ae,46, #D4CEB5
8625ae6cef449892d0ae,8, #756D56
8625ae6cef449892d0ae,13, #BDB593
8625ae6cef449892d0ae,14, #9D957C
862964a289578b7db251,22, #8D8B81
862964a289578b7db251,18, #3D3E36
862964a289578b7db251,9, #E2DED0
862964a289578b7db251,34, #BDB8AD
862964a289578b7db251,4,#FAF9F6
862964a289578b7db251,10, #636359
8629c6311fda56869225,20,#F0EEE3
8629c6311fda56869225,5, #998E7C
8629c6311fda56869225,3, #424038
8629c6311fda56869225,14, #6B675B
8629c6311fda56869225,4, #B2AA94
8629c6311fda56869225,52, #CEC6B0
862aa99a74e089aaebdd,2, #B7B2A2
862aa99a74e089aaebdd,17, #747064
862aa99a74e089aaebdd,8,#9D9889
862aa99a74e089aaebdd,7, #D7D1BC
862aa99a74e089aaebdd,11, #444239
862aa99a74e089aaebdd,52, #F6F4E4
862c96d507c8189bf5a0,13, #C7C0AD
862c96d507c8189bf5a0,0, #1B130B
862c96d507c8189bf5a0,5, #918670
862c96d507c8189bf5a0,69,#F0ECDE
862c96d507c8189bf5a0,2, #645949
862c96d507c8189bf5a0,1, #3E3225
862c96d507c8189bf5a0,7, #AFA48B
8632e913705f74fd4f7e,10, #B0A79C
8632e913705f74fd4f7e,8, #363331
8632e913705f74fd4f7e,1,#FDFCF6
8632e913705f74fd4f7e,38, #5D5853
8632e913705f74fd4f7e,11, #DCD0C0
8632e913705f74fd4f7e,29, #8A837B
86386c893dcfea3a7efc,1, #313028
86386c893dcfea3a7efc,55, #F1EDDF
86386c893dcfea3a7efc,10, #9E9B8F
86386c893dcfea3a7efc,17, #C7C3B7
86386c893dcfea3a7efc,7,#7E7C70
86386c893dcfea3a7efc,7, #565449
86462ff7fb22ad814a49,15, #6B6658
86462ff7fb22ad814a49,9, #434138
86462ff7fb22ad814a49,6, #EAE5D5
86462ff7fb22ad814a49,19, #938D7F
86462ff7fb22ad814a49,20, #B6B0A1
86462ff7fb22ad814a49,21,#D6D0BF
86462ff7fb22ad814a49,7, #FAF9F0
8646527630aa909981d3,1, #A8936E
8646527630aa909981d3,64, #352E23
8646527630aa909981d3,29, #0A0905
8646527630aa909981d3,1,#665229
8646527630aa909981d3,0, #DACA95
8646527630aa909981d3,1, #90774A
864a302de901d81fc686,25, #836F4D
864a302de901d81fc686,1, #5C4933
864a302de901d81fc686,33, #BBB195
864a302de901d81fc686,5,#F7F6EF
864a302de901d81fc686,19, #9F9378
864a302de901d81fc686,14, #D8D1BA
864b7ba33709238978c1,19, #9A9789
864b7ba33709238978c1,2, #292920
864b7ba33709238978c1,46,#EEEBDC
864b7ba33709238978c1,8, #49483C
864b7ba33709238978c1,10, #C8C5B7
864b7ba33709238978c1,12, #6B695B
865a4e7fe7be320d45f2,4, #8C7343
865a4e7fe7be320d45f2,0, #AAA78E
865a4e7fe7be320d45f2,0, #8D886F
865a4e7fe7be320d45f2,0, #CBC9B0
865a4e7fe7be320d45f2,78,#2B292B
865a4e7fe7be320d45f2,0, #B39863
865a4e7fe7be320d45f2,15, #594937
865f50bbd9b92d57c874,0, #FEF7E3
865f50bbd9b92d57c874,49,#F1EAD6
865f50bbd9b92d57c874,0, #8F897E
865f50bbd9b92d57c874,32, #E2D9C0
865f50bbd9b92d57c874,0, #AB9F86
865f50bbd9b92d57c874,0, #BCB093
865f50bbd9b92d57c874,17, #CDC3A6
86616fd2e652a7e66363,29, #4E4019
86616fd2e652a7e66363,58,#151209
86616fd2e652a7e66363,2, #9E8D65
86616fd2e652a7e66363,4, #786A43
86616fd2e652a7e66363,3, #B8A47B
86616fd2e652a7e66363,0, #CDBC97
8662f5cc0f67e005c2d8,18, #545147
8662f5cc0f67e005c2d8,16, #969282
8662f5cc0f67e005c2d8,16, #B7B2A1
8662f5cc0f67e005c2d8,18, #7B7769
8662f5cc0f67e005c2d8,26,#F6F2DE
8662f5cc0f67e005c2d8,2, #D6D2C2
8664a6ae6ffb4e42f79b,13,#EDEBE3
8664a6ae6ffb4e42f79b,0, #432F28
8664a6ae6ffb4e42f79b,1, #7B6E60
8664a6ae6ffb4e42f79b,4, #A3998D
8664a6ae6ffb4e42f79b,2, #5F4D45
8664a6ae6ffb4e42f79b,77, #CBC9B7
8675764de27f79014c35,0, #AEA468
8675764de27f79014c35,2, #826C33
8675764de27f79014c35,4, #988545
8675764de27f79014c35,63,#171109
8675764de27f79014c35,0, #BC9F37
8675764de27f79014c35,6, #5C4A22
8675764de27f79014c35,22, #422C0B
8676639fce933ff843ae,3,#FBF9F2
8676639fce933ff843ae,9, #A8A294
8676639fce933ff843ae,36, #D3CEBE
8676639fce933ff843ae,15, #8A8579
8676639fce933ff843ae,6, #2D2B24
8676639fce933ff843ae,27, #5B574E
867bf9656967880da506,54, #4D4A5A
867bf9656967880da506,0, #EDF0F7
867bf9656967880da506,26, #9B9A94
867bf9656967880da506,2,#D1CDB9
867bf9656967880da506,4, #090A16
867bf9656967880da506,12, #757174
8685ba7570df8a533ff0,25, #D1C6A8
8685ba7570df8a533ff0,19, #9F997F
8685ba7570df8a533ff0,14, #7A7660
8685ba7570df8a533ff0,10, #535240
8685ba7570df8a533ff0,28,#FAF4D9
8685ba7570df8a533ff0,1, #1A1A11
868776c293d611817c8c,10, #66574A
868776c293d611817c8c,4, #D7D0C4
868776c293d611817c8c,7, #ADA49B
868776c293d611817c8c,8, #84766C
868776c293d611817c8c,65, #3C2F27
868776c293d611817c8c,4,#F9F6EF
8695193001b6d417ea87,7, #56544A
8695193001b6d417ea87,12, #A29F90
8695193001b6d417ea87,25, #C9C6B4
8695193001b6d417ea87,14, #787668
8695193001b6d417ea87,4, #3B3A33
8695193001b6d417ea87,36,#F3EFDF
8695eb3dcc576d182fec,3,#F3F0E6
8695eb3dcc576d182fec,28, #B4A795
8695eb3dcc576d182fec,20, #574948
8695eb3dcc576d182fec,6, #D4CCB5
8695eb3dcc576d182fec,20, #372B2A
8695eb3dcc576d182fec,20, #8C7E6C
869b27f47861e096f3c7,2, #F7EDCA
869b27f47861e096f3c7,3, #5F6E8D
869b27f47861e096f3c7,33,#13120D
869b27f47861e096f3c7,17, #82714C
869b27f47861e096f3c7,22, #384456
869b27f47861e096f3c7,11, #6C2D22
869b27f47861e096f3c7,8, #A1A8B6
86a0cdc2c060c140291d,40, #0B0A05
86a0cdc2c060c140291d,7, #C7C098
86a0cdc2c060c140291d,11, #9A9470
86a0cdc2c060c140291d,15,#79724B
86a0cdc2c060c140291d,22, #493C1F
86a0cdc2c060c140291d,2, #F2EFD6
86a611324430bd9416cb,17, #24231B
86a611324430bd9416cb,3, #655A45
86a611324430bd9416cb,67,#46402E
86a611324430bd9416cb,1, #F0E5A2
86a611324430bd9416cb,2, #D3B472
86a611324430bd9416cb,4, #827457
86a611324430bd9416cb,3, #AB8E5E
86a62a7d1daf5fc9809c,12, #585648
86a62a7d1daf5fc9809c,5, #BAB4A2
86a62a7d1daf5fc9809c,39,#414034
86a62a7d1daf5fc9809c,6, #837E6C
86a62a7d1daf5fc9809c,7, #6B6757
86a62a7d1daf5fc9809c,6, #A29C89
86a62a7d1daf5fc9809c,22, #23211A
86ae9ef423270d4f466a,2, #6D6859
86ae9ef423270d4f466a,4, #B9B4A0
86ae9ef423270d4f466a,6, #908B7B
86ae9ef423270d4f466a,1, #494538
86ae9ef423270d4f466a,83, #F2F1E6
86ae9ef423270d4f466a,2,#D7D2BD
86b1e74a225a328f78f1,29,#E6E0CF
86b1e74a225a328f78f1,13, #554F4C
86b1e74a225a328f78f1,6, #363331
86b1e74a225a328f78f1,14, #736D67
86b1e74a225a328f78f1,17, #979287
86b1e74a225a328f78f1,18, #BAB4A7
86b2785f84fe15a78a2d,29, #A29C88
86b2785f84fe15a78a2d,31, #D3CCB3
86b2785f84fe15a78a2d,16, #817B6B
86b2785f84fe15a78a2d,9, #49463B
86b2785f84fe15a78a2d,12, #656051
86b2785f84fe15a78a2d,1,#F8F2D8
86b32c9590436b0c9af7,29,#E1DBC7
86b32c9590436b0c9af7,17, #A5A090
86b32c9590436b0c9af7,12, #58564A
86b32c9590436b0c9af7,7, #FBF9F2
86b32c9590436b0c9af7,6, #C1BCA9
86b32c9590436b0c9af7,1, #3A3931
86b32c9590436b0c9af7,24, #797567
86c23b4e755dc5b2d785,5, #8A8374
86c23b4e755dc5b2d785,21,#F6F4E2
86c23b4e755dc5b2d785,20, #45423A
86c23b4e755dc5b2d785,23, #A69F90
86c23b4e755dc5b2d785,7, #706A5C
86c23b4e755dc5b2d785,22, #CDC6B4
86c309985c2de1c4a398,14, #413C25
86c309985c2de1c4a398,54,#787A67
86c309985c2de1c4a398,21, #59583E
86c309985c2de1c4a398,0, #BFB58D
86c309985c2de1c4a398,4, #292315
86c309985c2de1c4a398,0, #AEA47C
86c309985c2de1c4a398,4, #959379
86c8681a8e90c5655cb5,7,#E6DFC8
86c8681a8e90c5655cb5,17, #C0B8A3
86c8681a8e90c5655cb5,20, #9E9585
86c8681a8e90c5655cb5,31, #7D7263
86c8681a8e90c5655cb5,19, #56493C
86c8681a8e90c5655cb5,4, #34271D
86e4c0964a410c5cd05e,10, #BBB6A4
86e4c0964a410c5cd05e,14, #EDE7D3
86e4c0964a410c5cd05e,10, #5A574D
86e4c0964a410c5cd05e,5, #424139
86e4c0964a410c5cd05e,18, #767264
86e4c0964a410c5cd05e,24,#D5CFBC
86e4c0964a410c5cd05e,15, #989382
86e6558383c880a6761b,6, #7F6842
86e6558383c880a6761b,20,#231F12
86e6558383c880a6761b,64, #4E4326
86e6558383c880a6761b,5, #CCB277
86e6558383c880a6761b,2, #A19164
86e6558383c880a6761b,0, #EBD594
86eebcc98819f75c2c9b,0, #AD9D7B
86eebcc98819f75c2c9b,7, #453E33
86eebcc98819f75c2c9b,10, #696151
86eebcc98819f75c2c9b,9, #2A2822
86eebcc98819f75c2c9b,52, #888783
86eebcc98819f75c2c9b,19,#BAB2A4
86f3fb9a2a5fcae5bd49,37, #DDD5C9
86f3fb9a2a5fcae5bd49,14, #B4AEA2
86f3fb9a2a5fcae5bd49,0,#FCF6EA
86f3fb9a2a5fcae5bd49,23, #938E81
86f3fb9a2a5fcae5bd49,7, #4A483E
86f3fb9a2a5fcae5bd49,16, #706D60
87032860f9c19909ec80,9, #D9C29B
87032860f9c19909ec80,22, #C4A77D
87032860f9c19909ec80,5, #816244
87032860f9c19909ec80,0, #5E4B35
87032860f9c19909ec80,2, #EADDBF
87032860f9c19909ec80,33,#8C7556
87032860f9c19909ec80,25, #AD8C62
8708157144865c099ddc,12,#F7F4ED
8708157144865c099ddc,39, #DCD6C8
8708157144865c099ddc,10, #BDB7AC
8708157144865c099ddc,18, #928D82
8708157144865c099ddc,3, #313029
8708157144865c099ddc,16, #605C53
8716c04299d5306a8918,0, #212018
8716c04299d5306a8918,15, #A8A8A0
8716c04299d5306a8918,4, #5E5F57
8716c04299d5306a8918,41,#ECEDE6
8716c04299d5306a8918,0, #44443C
8716c04299d5306a8918,20, #C7C8C0
8716c04299d5306a8918,16, #84857D
871a8634f94af2eb2264,7, #8C7F67
871a8634f94af2eb2264,8, #5A4431
871a8634f94af2eb2264,14,#CCC5AF
871a8634f94af2eb2264,53, #E5DCBF
871a8634f94af2eb2264,3, #AA9F88
871a8634f94af2eb2264,11, #725D45
871c74d0cf29b1f01338,42, #DAD2C2
871c74d0cf29b1f01338,3, #8F8778
871c74d0cf29b1f01338,25, #F5EFDC
871c74d0cf29b1f01338,7, #A69E8E
871c74d0cf29b1f01338,17, #C1B9A9
871c74d0cf29b1f01338,3,#6D665A
871dae4bfc096567dc9a,14, #9E9A8A
871dae4bfc096567dc9a,14, #5E5C4D
871dae4bfc096567dc9a,2, #414033
871dae4bfc096567dc9a,20,#F6F3DD
871dae4bfc096567dc9a,13, #7F7D6E
871dae4bfc096567dc9a,34, #C9C5B0
8735cd03e24e2bff27ce,1, #A89F85
8735cd03e24e2bff27ce,39, #564A3B
8735cd03e24e2bff27ce,5, #92866D
8735cd03e24e2bff27ce,29,#2F2A1F
8735cd03e24e2bff27ce,15, #151610
8735cd03e24e2bff27ce,9, #746753
873843657588e650bfb1,30, #332D13
873843657588e650bfb1,2, #79682F
873843657588e650bfb1,2, #918765
873843657588e650bfb1,60,#0D0B07
873843657588e650bfb1,2, #5A4E1E
873843657588e650bfb1,1, #ACA584
873877779bbf00040de1,0, #BBB59A
873877779bbf00040de1,33, #302A20
873877779bbf00040de1,13, #75705A
873877779bbf00040de1,2, #998D6B
873877779bbf00040de1,43, #4C4738
873877779bbf00040de1,7,#171710
8739c373d88c58fe009b,45,#4F230A
8739c373d88c58fe009b,6, #7C642B
8739c373d88c58fe009b,13, #150701
8739c373d88c58fe009b,6, #B19960
8739c373d88c58fe009b,14, #654F1F
8739c373d88c58fe009b,0, #CDBE85
8739c373d88c58fe009b,13, #8E7D48
873ddb8df588aac5997e,1, #C6BFA3
873ddb8df588aac5997e,12, #695C4C
873ddb8df588aac5997e,9,#E5E2D5
873ddb8df588aac5997e,6, #AAA28E
873ddb8df588aac5997e,18, #877D6C
873ddb8df588aac5997e,53, #42362A
87438e32f660f604f6b8,6, #656B58
87438e32f660f604f6b8,34,#271F12
87438e32f660f604f6b8,11, #4B4932
87438e32f660f604f6b8,12, #9E976E
87438e32f660f604f6b8,6, #8C793B
87438e32f660f604f6b8,11, #C5C0A9
87438e32f660f604f6b8,16, #6F541A
8747ba136dd664dec8f8,7, #130E06
8747ba136dd664dec8f8,32, #746645
8747ba136dd664dec8f8,10, #BBB59C
8747ba136dd664dec8f8,22,#3C3520
8747ba136dd664dec8f8,19, #A29670
8747ba136dd664dec8f8,8, #EBE5BF
874c486cefb69559f39b,62,#F5F0DB
874c486cefb69559f39b,1, #A6A28E
874c486cefb69559f39b,0, #5C5A4C
874c486cefb69559f39b,1, #7D7968
874c486cefb69559f39b,32, #CFCAB3
874c486cefb69559f39b,0, #3F3F34
87559fa3cb81bf399281,2, #948969
87559fa3cb81bf399281,2, #837655
87559fa3cb81bf399281,5, #6E6245
87559fa3cb81bf399281,0, #A89977
87559fa3cb81bf399281,54,#1C1A15
87559fa3cb81bf399281,0, #B6AB8E
87559fa3cb81bf399281,34, #50452F
8756a32c89f4f2021e11,3, #382B24
8756a32c89f4f2021e11,40,#EEEBDD
8756a32c89f4f2021e11,12, #645751
8756a32c89f4f2021e11,24, #D6CFBF
8756a32c89f4f2021e11,6, #897F79
8756a32c89f4f2021e11,13, #B0A89F
875f062eecaa63cfb7d6,7, #9A8C79
875f062eecaa63cfb7d6,18, #E2DCCB
875f062eecaa63cfb7d6,0, #413F38
875f062eecaa63cfb7d6,2, #605C55
875f062eecaa63cfb7d6,5, #BEB9B0
875f062eecaa63cfb7d6,66,#FAF8EF
8762e716ab544e0c8767,22, #8A8574
8762e716ab544e0c8767,9,#FAF7EB
8762e716ab544e0c8767,5, #38352D
8762e716ab544e0c8767,31, #DBD5BE
8762e716ab544e0c8767,18, #5B574A
8762e716ab544e0c8767,11, #B3AE9A
876765855f3d2f81644f,0, #2F2C23
876765855f3d2f81644f,2, #4C483E
876765855f3d2f81644f,62, #C5C3B4
876765855f3d2f81644f,22,#F2F0E0
876765855f3d2f81644f,6, #959286
876765855f3d2f81644f,6, #6D695E
876c1945753f75607a74,79, #F8F3E9
876c1945753f75607a74,6, #B3876F
876c1945753f75607a74,6, #C9AC99
876c1945753f75607a74,0, #94604A
876c1945753f75607a74,4, #DECEBF
876c1945753f75607a74,0,#908D89
876d29da7618706332c0,11, #7E7A70
876d29da7618706332c0,12, #D9D4C5
876d29da7618706332c0,15, #BAB5A9
876d29da7618706332c0,19, #969287
876d29da7618706332c0,16, #F2EFE2
876d29da7618706332c0,3, #413E35
876d29da7618706332c0,21,#625F54
87789d5aea1c8c46e162,27, #9F937A
87789d5aea1c8c46e162,0,#FEFDE6
87789d5aea1c8c46e162,10, #C4B595
87789d5aea1c8c46e162,5, #6F5B44
87789d5aea1c8c46e162,3, #E8E3C6
87789d5aea1c8c46e162,51, #88755B
877edad6f71eab605a27,16, #5B4B30
877edad6f71eab605a27,43, #7D7859
877edad6f71eab605a27,3, #D4D5BE
877edad6f71eab605a27,6, #322D1C
877edad6f71eab605a27,6, #B6B69A
877edad6f71eab605a27,23,#9B9B7E
877ee383922949966f5d,1, #9F634A
877ee383922949966f5d,6, #877E6C
877ee383922949966f5d,8, #C7B59F
877ee383922949966f5d,5, #B78F6D
877ee383922949966f5d,69,#EAE1D0
877ee383922949966f5d,6, #5D574B
877ee383922949966f5d,1, #393730
8781e575360b4b9b9cd0,1, #CECE88
8781e575360b4b9b9cd0,36, #555831
8781e575360b4b9b9cd0,26, #8F7A48
8781e575360b4b9b9cd0,9, #282715
8781e575360b4b9b9cd0,7,#ECEABB
8781e575360b4b9b9cd0,18, #A5AB66
878394ceac662facf07e,23, #D1CABF
878394ceac662facf07e,14, #79766B
878394ceac662facf07e,8, #4B4A41
878394ceac662facf07e,2, #272923
878394ceac662facf07e,9, #ADA89D
878394ceac662facf07e,41,#F0EAE0
8783ca8166118b460374,0,#FDFBF2
8783ca8166118b460374,9, #564A3B
8783ca8166118b460374,49, #E6E1CE
8783ca8166118b460374,20, #927E68
8783ca8166118b460374,19, #B9AF95
8783ca8166118b460374,0, #2D2219
87861e2a1b85f0ac9757,28, #52513C
87861e2a1b85f0ac9757,5, #8B8B7B
87861e2a1b85f0ac9757,24, #727261
87861e2a1b85f0ac9757,4,#080704
87861e2a1b85f0ac9757,34, #2B2918
87861e2a1b85f0ac9757,2, #A4A395
87867817dbf7ed418ad5,1, #373226
87867817dbf7ed418ad5,1, #FDFDF9
87867817dbf7ed418ad5,1, #5E594D
87867817dbf7ed418ad5,4, #7B7560
87867817dbf7ed418ad5,77,#EBE6CF
87867817dbf7ed418ad5,6, #AAA189
87867817dbf7ed418ad5,8, #CFC6AF
878a03228f6b68c4247a,2, #DBDACE
878a03228f6b68c4247a,0, #B7AC94
878a03228f6b68c4247a,0, #5B5344
878a03228f6b68c4247a,0, #A19989
878a03228f6b68c4247a,0, #CBC3AF
878a03228f6b68c4247a,97,#FAF6E9
878a03228f6b68c4247a,0, #877E6E
8790f14ea62c61c7a5f4,2, #9B897B
8790f14ea62c61c7a5f4,77, #E5D9C6
8790f14ea62c61c7a5f4,3, #C3B4A1
8790f14ea62c61c7a5f4,5, #503C36
8790f14ea62c61c7a5f4,2, #7B665B
8790f14ea62c61c7a5f4,8,#FBF6F0
87994d785f8af906e818,47,#F2EFDC
87994d785f8af906e818,10, #7D7C6C
87994d785f8af906e818,16, #BDBAA8
87994d785f8af906e818,1, #3E3E33
87994d785f8af906e818,10, #5F5F51
87994d785f8af906e818,12, #9B9988
879ba04e3912b18d2350,9,#E4DDB5
879ba04e3912b18d2350,32, #221E10
879ba04e3912b18d2350,19, #B3A578
879ba04e3912b18d2350,27, #6A531E
879ba04e3912b18d2350,4, #868A80
879ba04e3912b18d2350,6, #8C7946
879f361872e45b6aef72,5, #5F562E
879f361872e45b6aef72,51,#231C07
879f361872e45b6aef72,3, #C9AE5B
879f361872e45b6aef72,2, #86712D
879f361872e45b6aef72,14, #9E965F
879f361872e45b6aef72,12, #B4B383
879f361872e45b6aef72,9, #453C1A
879fb3bddc9d20111b80,8, #B2AA93
879fb3bddc9d20111b80,29, #5E513F
879fb3bddc9d20111b80,11, #918369
879fb3bddc9d20111b80,2, #DEDBD0
879fb3bddc9d20111b80,0,#B4C0E1
879fb3bddc9d20111b80,48, #23201B
87a03beaef919357edbc,3, #534F49
87a03beaef919357edbc,22, #CABCA3
87a03beaef919357edbc,35,#EAE1D3
87a03beaef919357edbc,12, #A59D8C
87a03beaef919357edbc,0, #3E3B36
87a03beaef919357edbc,10, #8C867B
87a03beaef919357edbc,14, #706B61
87a68d83bcde7ad1f000,25, #1D160E
87a68d83bcde7ad1f000,0, #D6BF8C
87a68d83bcde7ad1f000,18, #744D2B
87a68d83bcde7ad1f000,7, #B79964
87a68d83bcde7ad1f000,9, #926D40
87a68d83bcde7ad1f000,39,#53331A
87a6a34c1f5d92f95445,0,#615A4A
87a6a34c1f5d92f95445,1, #A8A08C
87a6a34c1f5d92f95445,4, #CAC0AB
87a6a34c1f5d92f95445,1, #FDF9E2
87a6a34c1f5d92f95445,92, #E9DFC9
87a6a34c1f5d92f95445,0, #7F7866
87a8644e1ce66d52893c,9, #ECE4D3
87a8644e1ce66d52893c,27, #D2CABC
87a8644e1ce66d52893c,12, #666054
87a8644e1ce66d52893c,20,#B9B2A2
87a8644e1ce66d52893c,5, #46413A
87a8644e1ce66d52893c,24, #8B8577
87ad6f3b8780f2b26469,3, #A6A398
87ad6f3b8780f2b26469,1, #C6C1B5
87ad6f3b8780f2b26469,40,#F6F0DF
87ad6f3b8780f2b26469,2, #7A7669
87ad6f3b8780f2b26469,52, #E0D9C6
87ad6f3b8780f2b26469,0, #4B4A40
87b0dc8d91dba5f8848b,33, #EEDFCE
87b0dc8d91dba5f8848b,1, #5C5D5A
87b0dc8d91dba5f8848b,0, #9F725D
87b0dc8d91dba5f8848b,4, #A08A79
87b0dc8d91dba5f8848b,6, #7A756C
87b0dc8d91dba5f8848b,34,#CEC2B1
87b0dc8d91dba5f8848b,20, #B6A695
87c8ae5a649a97a4feea,3,#88805B
87c8ae5a649a97a4feea,28, #E0D49B
87c8ae5a649a97a4feea,47, #B4AB81
87c8ae5a649a97a4feea,3, #27241A
87c8ae5a649a97a4feea,6, #706644
87c8ae5a649a97a4feea,9, #493F29
87d22150f1b6da57688c,11, #2D2C27
87d22150f1b6da57688c,18, #ADA99C
87d22150f1b6da57688c,28, #7B786D
87d22150f1b6da57688c,15, #D5CFBF
87d22150f1b6da57688c,2,#F6F3EA
87d22150f1b6da57688c,24, #4D4C43
87d68762b97a7889818e,44, #613023
87d68762b97a7889818e,16,#100F0A
87d68762b97a7889818e,2, #B8A676
87d68762b97a7889818e,4, #896F4A
87d68762b97a7889818e,14, #A29264
87d68762b97a7889818e,17, #2B2216
87eb1955514bb4046f20,17, #60553F
87eb1955514bb4046f20,8, #3B372D
87eb1955514bb4046f20,16, #B6AC8B
87eb1955514bb4046f20,3,#1F201F
87eb1955514bb4046f20,15, #DCCDA6
87eb1955514bb4046f20,38, #88774F
87f0a7bce09855d33df5,25, #5D5A4F
87f0a7bce09855d33df5,2,#F4EFE1
87f0a7bce09855d33df5,16, #827E70
87f0a7bce09855d33df5,23, #A49F90
87f0a7bce09855d33df5,26, #CCC5B3
87f0a7bce09855d33df5,6, #33322B
87f2335a14f6fc7ff5d3,10, #C2BEAC
87f2335a14f6fc7ff5d3,19, #6F7267
87f2335a14f6fc7ff5d3,30, #41453D
87f2335a14f6fc7ff5d3,29, #A09F90
87f2335a14f6fc7ff5d3,2, #131A11
87f2335a14f6fc7ff5d3,7,#F0ECDA
87fa3525721e953dd4d1,23, #78736E
87fa3525721e953dd4d1,20, #A29D95
87fa3525721e953dd4d1,7, #393736
87fa3525721e953dd4d1,22, #F4EDE1
87fa3525721e953dd4d1,13, #585451
87fa3525721e953dd4d1,13,#D2CCC1
87faecd6288b5583ca18,4, #988A58
87faecd6288b5583ca18,0, #E1DAAB
87faecd6288b5583ca18,18, #755625
87faecd6288b5583ca18,3, #C2A866
87faecd6288b5583ca18,20, #521D06
87faecd6288b5583ca18,51,#1A0B01
87faecd6288b5583ca18,1, #D1C187
87fd337786bd2049aaa9,4, #CBC5B5
87fd337786bd2049aaa9,4, #37352F
87fd337786bd2049aaa9,4, #AFA899
87fd337786bd2049aaa9,14, #6C6759
87fd337786bd2049aaa9,13, #514D43
87fd337786bd2049aaa9,14, #8D8779
87fd337786bd2049aaa9,43,#F0EADA
87fd77efc32113a2f03a,20, #918673
87fd77efc32113a2f03a,0, #720A1B
87fd77efc32113a2f03a,0, #4C6189
87fd77efc32113a2f03a,23,#DEDEE1
87fd77efc32113a2f03a,26, #463F44
87fd77efc32113a2f03a,29, #0E0F12
88031e8be1a88ccb50ba,10,#DFD6C4
88031e8be1a88ccb50ba,7, #CCBFA6
88031e8be1a88ccb50ba,21, #89704C
88031e8be1a88ccb50ba,11, #564A39
88031e8be1a88ccb50ba,48, #B39D75
88031e8be1a88ccb50ba,1, #F4EDDC
88039fe818420bc51161,0, #F6F1E0
88039fe818420bc51161,13, #726A65
88039fe818420bc51161,4, #B7AA92
88039fe818420bc51161,7, #4F4845
88039fe818420bc51161,2, #8F887F
88039fe818420bc51161,68,#D8D0BD
88039fe818420bc51161,3, #342E2B
880b03e52e1b210bf116,0, #4C483F
880b03e52e1b210bf116,1, #6D675B
880b03e52e1b210bf116,5, #958F84
880b03e52e1b210bf116,8, #BBB7AB
880b03e52e1b210bf116,73,#F9F7F0
880b03e52e1b210bf116,10, #E4DFD3
881446927923ef0092d9,2, #ACAC95
881446927923ef0092d9,1, #FCFCFC
881446927923ef0092d9,32,#3D3A35
881446927923ef0092d9,10, #928E7C
881446927923ef0092d9,5, #CCCCBD
881446927923ef0092d9,31, #6B695B
881446927923ef0092d9,16, #E5E5DE
8816349c8178e34672c8,7, #7F7A6C
8816349c8178e34672c8,1, #413D33
8816349c8178e34672c8,5, #605B4E
8816349c8178e34672c8,63, #EBE7DA
8816349c8178e34672c8,10,#BCB7A9
8816349c8178e34672c8,10, #9A9688
882d5e2ba862ba29df8a,7, #626257
882d5e2ba862ba29df8a,16,#F0EEE6
882d5e2ba862ba29df8a,10, #7C7A6F
882d5e2ba862ba29df8a,14, #3B3D34
882d5e2ba862ba29df8a,38, #C0BCB1
882d5e2ba862ba29df8a,12, #979489
8832cf98e55ffae8e62e,15, #8F8B86
8832cf98e55ffae8e62e,8, #6A6662
8832cf98e55ffae8e62e,7, #F6F4E7
8832cf98e55ffae8e62e,2, #4F4B48
8832cf98e55ffae8e62e,0, #363432
8832cf98e55ffae8e62e,30, #B2ADA5
8832cf98e55ffae8e62e,35,#D9D4C9
8842429fac88b15803fa,22, #BDB59F
8842429fac88b15803fa,0,#FDF8E0
8842429fac88b15803fa,47, #DED6C0
8842429fac88b15803fa,6, #484439
8842429fac88b15803fa,10, #A19985
8842429fac88b15803fa,11, #7D7764
885057209bb17119c7b6,3, #B6AA8F
885057209bb17119c7b6,5, #9B917B
885057209bb17119c7b6,0, #4F4736
885057209bb17119c7b6,45,#E4DFC9
885057209bb17119c7b6,3, #D0C7AB
885057209bb17119c7b6,4, #71614F
885057209bb17119c7b6,36, #F6F5E9
886331e60a1c4e4d9670,23, #E2DDCF
886331e60a1c4e4d9670,21, #BEB9AB
886331e60a1c4e4d9670,30, #79776A
886331e60a1c4e4d9670,2, #43433C
886331e60a1c4e4d9670,20, #9E9B8D
886331e60a1c4e4d9670,2,#FCFBF7
886ec183c1d4099aebaa,16, #414743
886ec183c1d4099aebaa,0, #F7F3D7
886ec183c1d4099aebaa,32,#979A92
886ec183c1d4099aebaa,4, #22282A
886ec183c1d4099aebaa,13, #7B837C
886ec183c1d4099aebaa,11, #5D6662
886ec183c1d4099aebaa,21, #CFC9BD
887af2081f380a7f5b5a,6, #7A6F5F
887af2081f380a7f5b5a,0, #473525
887af2081f380a7f5b5a,6, #928671
887af2081f380a7f5b5a,54,#E9E8D2
887af2081f380a7f5b5a,12, #CCC9B4
887af2081f380a7f5b5a,17, #ACA591
887af2081f380a7f5b5a,2, #5F4F3D
887c4274d817b8f6a540,13, #533D2D
887c4274d817b8f6a540,2, #C0B7A4
887c4274d817b8f6a540,24, #746556
887c4274d817b8f6a540,15, #9D9284
887c4274d817b8f6a540,42,#D2CDBF
887c4274d817b8f6a540,1, #382318
888409a0237718dbb185,8, #5B584A
888409a0237718dbb185,2, #DDD7BF
888409a0237718dbb185,3, #ADA790
888409a0237718dbb185,4,#FBFAF2
888409a0237718dbb185,74, #302E25
888409a0237718dbb185,5, #7B7765
88847844f2aba9e4c128,15, #3A3B36
88847844f2aba9e4c128,6, #5E5F55
88847844f2aba9e4c128,19, #8C8B7F
88847844f2aba9e4c128,5,#F6F4EE
88847844f2aba9e4c128,30, #D7D2C6
88847844f2aba9e4c128,22, #BAB6AA
888e459ac4401febf605,34, #211E15
888e459ac4401febf605,4, #65593B
888e459ac4401febf605,40,#050504
888e459ac4401febf605,7, #473D27
888e459ac4401febf605,5, #7B6D4D
888e459ac4401febf605,0, #CFBF97
888e459ac4401febf605,8, #A59876
889119df370113c4aa0f,12, #908C7F
889119df370113c4aa0f,3, #3A3831
889119df370113c4aa0f,5, #F9F8F2
889119df370113c4aa0f,14, #5B584D
889119df370113c4aa0f,24, #E0DAC8
889119df370113c4aa0f,30,#B6B0A0
889119df370113c4aa0f,8, #7B766A
889858fdce94e43d27e8,2, #C2B99F
889858fdce94e43d27e8,26,#3D321E
889858fdce94e43d27e8,13, #1A160E
889858fdce94e43d27e8,23, #5A4C31
889858fdce94e43d27e8,2, #EDE9D4
889858fdce94e43d27e8,18, #7A6C4A
889858fdce94e43d27e8,13, #A1967A
889e9aba4e294959ef13,5,#F4F0E8
889e9aba4e294959ef13,14, #B7B2A5
889e9aba4e294959ef13,21, #6F6C62
889e9aba4e294959ef13,20, #9A958A
889e9aba4e294959ef13,8, #46443B
889e9aba4e294959ef13,29, #D6D0C1
889ed35e45ff02ff867c,0, #47423D
889ed35e45ff02ff867c,5, #D1BCAB
889ed35e45ff02ff867c,2, #706155
889ed35e45ff02ff867c,0, #AF6957
889ed35e45ff02ff867c,81,#EAE2D5
889ed35e45ff02ff867c,9, #B0937C
889ed35e45ff02ff867c,0, #FEFEF5
88b2c91825e9f8687f7a,15, #735541
88b2c91825e9f8687f7a,11, #8A755C
88b2c91825e9f8687f7a,2, #CAC8B1
88b2c91825e9f8687f7a,29,#1A140D
88b2c91825e9f8687f7a,31, #583722
88b2c91825e9f8687f7a,8, #ADA389
88b6407571a4085a46e1,69, #D3C7B0
88b6407571a4085a46e1,2,#F5F1E5
88b6407571a4085a46e1,14, #675B53
88b6407571a4085a46e1,1, #303225
88b6407571a4085a46e1,6, #9A8B74
88b6407571a4085a46e1,4, #B7A790
88b99e403a34fb65b8c6,10, #65564A
88b99e403a34fb65b8c6,9, #332820
88b99e403a34fb65b8c6,45, #F5F2E0
88b99e403a34fb65b8c6,9, #B7A88A
88b99e403a34fb65b8c6,8,#D5C8A3
88b99e403a34fb65b8c6,15, #8D806E
88c57a3563b4cb5cb848,0, #45413B
88c57a3563b4cb5cb848,6, #A2947A
88c57a3563b4cb5cb848,1, #645F56
88c57a3563b4cb5cb848,8, #797368
88c57a3563b4cb5cb848,2, #F4EBDA
88c57a3563b4cb5cb848,66,#DBD2C5
88c57a3563b4cb5cb848,14, #BDB09A
88c9c1bd081deb299da8,10,#F6F4E1
88c9c1bd081deb299da8,15, #BBB49E
88c9c1bd081deb299da8,17, #676256
88c9c1bd081deb299da8,21, #DCD4BB
88c9c1bd081deb299da8,14, #36352E
88c9c1bd081deb299da8,21, #95907F
88ce765a8633c799064f,1, #221F19
88ce765a8633c799064f,38,#D0CAC0
88ce765a8633c799064f,10, #8E8575
88ce765a8633c799064f,6, #443E32
88ce765a8633c799064f,5, #B7AD9B
88ce765a8633c799064f,14, #696255
88ce765a8633c799064f,22, #FBFAF5
88cf6c3884c9939d2f3c,7, #4D4B37
88cf6c3884c9939d2f3c,43, #E7DECB
88cf6c3884c9939d2f3c,14, #BCAC8C
88cf6c3884c9939d2f3c,22, #A28C67
88cf6c3884c9939d2f3c,9, #896240
88cf6c3884c9939d2f3c,3,#FBF8F0
88cf8533a7ff77036e9d,65,#E0D3B7
88cf8533a7ff77036e9d,5, #504436
88cf8533a7ff77036e9d,4, #6C5D49
88cf8533a7ff77036e9d,8, #F6F4EC
88cf8533a7ff77036e9d,4, #C0AE8B
88cf8533a7ff77036e9d,4, #89785E
88cf8533a7ff77036e9d,6, #9D9482
88dac955e041b7365a5d,0, #848181
88dac955e041b7365a5d,7, #9F7F3C
88dac955e041b7365a5d,32, #362C1E
88dac955e041b7365a5d,1, #C3AC6B
88dac955e041b7365a5d,52,#100B09
88dac955e041b7365a5d,6, #63523A
88e5111a3a82d5f94786,0, #A49366
88e5111a3a82d5f94786,1, #755C3E
88e5111a3a82d5f94786,78,#121110
88e5111a3a82d5f94786,1, #9D784D
88e5111a3a82d5f94786,0, #C4AF79
88e5111a3a82d5f94786,5, #574837
88e5111a3a82d5f94786,12, #422E23
88eb7f57d9029779b8c0,0, #616057
88eb7f57d9029779b8c0,71,#E9E3D2
88eb7f57d9029779b8c0,2, #FAF7EE
88eb7f57d9029779b8c0,4, #B8AA88
88eb7f57d9029779b8c0,16, #D1CBB7
88eb7f57d9029779b8c0,3, #928E7F
88eb7f57d9029779b8c0,1, #787468
88eca62a98dddad6e690,10, #716744
88eca62a98dddad6e690,4, #605132
88eca62a98dddad6e690,1, #342B20
88eca62a98dddad6e690,21, #BFB38B
88eca62a98dddad6e690,35,#A69E7B
88eca62a98dddad6e690,12, #8D865F
88eca62a98dddad6e690,13, #D0C49B
88ee8ca2005226c6e224,15, #B0AA9B
88ee8ca2005226c6e224,12, #6A6659
88ee8ca2005226c6e224,37,#CFC8B8
88ee8ca2005226c6e224,0, #2A2822
88ee8ca2005226c6e224,20, #8D8879
88ee8ca2005226c6e224,8, #F1ECDA
88ee8ca2005226c6e224,4, #49463D
88f3b3633de928e9f844,79,#F5F2EC
88f3b3633de928e9f844,4, #8F8D85
88f3b3633de928e9f844,1, #65655D
88f3b3633de928e9f844,8, #D9D4CD
88f3b3633de928e9f844,0, #4F4F46
88f3b3633de928e9f844,6, #B7B3AC
88f517aeaf2fe6c9544d,2, #988F65
88f517aeaf2fe6c9544d,0,#C9BE94
88f517aeaf2fe6c9544d,50, #53422A
88f517aeaf2fe6c9544d,35, #1A1712
88f517aeaf2fe6c9544d,8, #7F6937
88f517aeaf2fe6c9544d,3, #AEA47A
88fd57d85734b9324169,39,#B18C7B
88fd57d85734b9324169,6, #080704
88fd57d85734b9324169,1, #35271B
88fd57d85734b9324169,6, #5D4C3E
88fd57d85734b9324169,13, #8A6C5D
88fd57d85734b9324169,14, #E9E1C9
88fd57d85734b9324169,18, #D1C1A9
88fdc752389f0fe312fc,38, #564E3E
88fdc752389f0fe312fc,23, #7C7665
88fdc752389f0fe312fc,7, #BBB3A1
88fdc752389f0fe312fc,10, #A39C8B
88fdc752389f0fe312fc,9, #D4CBB4
88fdc752389f0fe312fc,10,#F2EFE7
88fee32ef0d07a290a69,10,#D3CDBF
88fee32ef0d07a290a69,5, #584941
88fee32ef0d07a290a69,7, #8C8478
88fee32ef0d07a290a69,3, #B6AD9A
88fee32ef0d07a290a69,5, #6A645E
88fee32ef0d07a290a69,66, #EFECE3
89124416537e5f25cf11,32,#211D14
89124416537e5f25cf11,3, #C7B372
89124416537e5f25cf11,50, #493B22
89124416537e5f25cf11,3, #A29057
89124416537e5f25cf11,7, #6A5C33
89124416537e5f25cf11,3, #836F3C
891a7c25ddb716a5b324,17, #8A877C
891a7c25ddb716a5b324,26, #65635A
891a7c25ddb716a5b324,6, #ACA89C
891a7c25ddb716a5b324,39,#F4F2E3
891a7c25ddb716a5b324,4, #42413A
891a7c25ddb716a5b324,6, #D0CABC
891b46f58647c9a419f6,11, #6C612C
891b46f58647c9a419f6,51, #463B12
891b46f58647c9a419f6,11, #877F4D
891b46f58647c9a419f6,8, #ACA36C
891b46f58647c9a419f6,4, #CBC38A
891b46f58647c9a419f6,12,#1A150A
891e41cabe032faf9c66,35, #7B744E
891e41cabe032faf9c66,2,#F0EEC7
891e41cabe032faf9c66,18, #403D25
891e41cabe032faf9c66,9, #15170E
891e41cabe032faf9c66,11, #D0C37A
891e41cabe032faf9c66,23, #A6A075
891f5e044e165fee7267,1, #F1EBC4
891f5e044e165fee7267,15, #574836
891f5e044e165fee7267,0, #D7C49C
891f5e044e165fee7267,12, #8B6E52
891f5e044e165fee7267,5, #B89E75
891f5e044e165fee7267,64,#2B2921
89253da9cb26208bb75c,72,#F7F0EB
89253da9cb26208bb75c,1, #504F49
89253da9cb26208bb75c,3, #A89684
89253da9cb26208bb75c,8, #D2CCC2
89253da9cb26208bb75c,7, #BDB0A0
89253da9cb26208bb75c,7, #817061
8925be88ddede5ad40d9,0,#CAB073
8925be88ddede5ad40d9,29, #6B4E32
8925be88ddede5ad40d9,66, #2E281D
8925be88ddede5ad40d9,1, #AF8755
8925be88ddede5ad40d9,0, #E3CF89
8925be88ddede5ad40d9,1, #8E6A42
892b92ea922bf5c2f9d6,1, #E3DBC6
892b92ea922bf5c2f9d6,14, #846E4A
892b92ea922bf5c2f9d6,13, #544528
892b92ea922bf5c2f9d6,10, #CEBFA5
892b92ea922bf5c2f9d6,55,#261F10
892b92ea922bf5c2f9d6,4, #B29977
8933f0431dd2ea4194c0,25, #E2DEC8
8933f0431dd2ea4194c0,6, #3C2F20
8933f0431dd2ea4194c0,16, #A29878
8933f0431dd2ea4194c0,12, #594A33
8933f0431dd2ea4194c0,0, #F8F5E3
8933f0431dd2ea4194c0,28,#C8C0A0
8933f0431dd2ea4194c0,9, #7A6E4F
8937032f40d14aa34573,14, #69665A
8937032f40d14aa34573,15,#D6D2C2
8937032f40d14aa34573,25, #F5F4E9
8937032f40d14aa34573,16, #ACA99A
8937032f40d14aa34573,11, #898678
8937032f40d14aa34573,16, #403F35
8947727efa04fdcac15e,73, #45443F
8947727efa04fdcac15e,5, #F2F2EC
8947727efa04fdcac15e,3, #989791
8947727efa04fdcac15e,6,#CCCBC3
8947727efa04fdcac15e,4, #181613
8947727efa04fdcac15e,5, #72726C
894a7db7ad7f327ce929,21, #5D5C48
894a7db7ad7f327ce929,0,#AEADA7
894a7db7ad7f327ce929,42, #322E21
894a7db7ad7f327ce929,0, #D2D1CD
894a7db7ad7f327ce929,3, #918F75
894a7db7ad7f327ce929,32, #110E09
894c496f0a332e40b62a,6, #BCB7AD
894c496f0a332e40b62a,17, #1D1611
894c496f0a332e40b62a,7, #4B453C
894c496f0a332e40b62a,7, #9D927F
894c496f0a332e40b62a,5, #70695E
894c496f0a332e40b62a,17, #DDD6C3
894c496f0a332e40b62a,38,#F6F4EE
894f3492a3a18c332da0,34, #DAD6CE
894f3492a3a18c332da0,16, #706D69
894f3492a3a18c332da0,3, #42403E
894f3492a3a18c332da0,19, #9F9C97
894f3492a3a18c332da0,10,#F7F5EB
894f3492a3a18c332da0,14, #C0BBB4
89530e3e48be42e5c41a,21, #C3BDAB
89530e3e48be42e5c41a,19,#F1ECDA
89530e3e48be42e5c41a,17, #817C6C
89530e3e48be42e5c41a,10, #A09B8A
89530e3e48be42e5c41a,20, #645F51
89530e3e48be42e5c41a,11, #434035
8964261d6cd574698285,21, #776950
8964261d6cd574698285,35, #CCCABF
8964261d6cd574698285,14, #493724
8964261d6cd574698285,7, #B8B19B
8964261d6cd574698285,4,#F4EFE6
8964261d6cd574698285,16, #9E947E
896ca414280d34b3d963,8, #BBA994
896ca414280d34b3d963,9, #A47E65
896ca414280d34b3d963,1, #46423C
896ca414280d34b3d963,1, #9B5E41
896ca414280d34b3d963,4, #716656
896ca414280d34b3d963,71,#F5EEE1
896ca414280d34b3d963,3, #DECFBD
896d21945894f59c2518,1, #B8A66B
896d21945894f59c2518,21, #615A4A
896d21945894f59c2518,44,#ECE5BC
896d21945894f59c2518,0, #D3C99C
896d21945894f59c2518,17, #AAA799
896d21945894f59c2518,0, #33322E
896d21945894f59c2518,13, #848070
896d41ca5230f9f5ecb6,18, #D2CCBA
896d41ca5230f9f5ecb6,12, #5E5A4E
896d41ca5230f9f5ecb6,9, #938E82
896d41ca5230f9f5ecb6,16, #AFAA98
896d41ca5230f9f5ecb6,31,#F4F1E6
896d41ca5230f9f5ecb6,8, #7B7668
896d41ca5230f9f5ecb6,2, #413F36
89803df4ea488b1d405e,0, #544A4B
89803df4ea488b1d405e,35,#B7AE96
89803df4ea488b1d405e,30, #DAD2BA
89803df4ea488b1d405e,0, #2F2613
89803df4ea488b1d405e,22, #968673
89803df4ea488b1d405e,5, #F5F4EB
89803df4ea488b1d405e,5, #6B695D
898240b99f22b89bf698,7, #D7D1BF
898240b99f22b89bf698,5,#F5F3E9
898240b99f22b89bf698,6, #666359
898240b99f22b89bf698,5, #837F73
898240b99f22b89bf698,3, #ABA699
898240b99f22b89bf698,72, #3E3D37
89828e159c0c6e53a786,2, #CDBE8B
89828e159c0c6e53a786,12, #A08A5D
89828e159c0c6e53a786,2, #86472A
89828e159c0c6e53a786,46, #462C1D
89828e159c0c6e53a786,22,#4B483C
89828e159c0c6e53a786,12, #606253
8985179429c4ee06c311,8, #C8C4B8
8985179429c4ee06c311,3, #6C675D
8985179429c4ee06c311,4, #4A483F
8985179429c4ee06c311,65,#EEECE3
8985179429c4ee06c311,9, #878278
8985179429c4ee06c311,8, #ABA69A
898553c42f19b1b59daf,4, #0D0603
898553c42f19b1b59daf,0, #77230E
898553c42f19b1b59daf,11, #7B5C29
898553c42f19b1b59daf,0, #957A47
898553c42f19b1b59daf,2, #343523
898553c42f19b1b59daf,52,#441D09
898553c42f19b1b59daf,28, #5A4723
8987258be09b0424953a,1, #B1A66E
8987258be09b0424953a,50, #28210F
8987258be09b0424953a,1, #D1C896
8987258be09b0424953a,29,#787051
8987258be09b0424953a,1, #9D8D4E
8987258be09b0424953a,15, #524123
8990ea749002aff38956,36,#524023
8990ea749002aff38956,0, #9F936A
8990ea749002aff38956,0, #5B5540
8990ea749002aff38956,12, #6D5222
8990ea749002aff38956,27, #7E6B39
8990ea749002aff38956,8, #322213
8990ea749002aff38956,13, #928459
899845d86d3e65e622f1,22, #9F9B8B
899845d86d3e65e622f1,7,#FBFAF1
899845d86d3e65e622f1,21, #C7C3B1
899845d86d3e65e622f1,24, #E3DFCE
899845d86d3e65e622f1,15, #706E63
899845d86d3e65e622f1,8, #48483F
8999a245fd23fb6bcfdc,1,#776F56
8999a245fd23fb6bcfdc,46, #DAD6C6
8999a245fd23fb6bcfdc,9, #A09267
8999a245fd23fb6bcfdc,2, #B8AF97
8999a245fd23fb6bcfdc,18, #6A582F
8999a245fd23fb6bcfdc,21, #39311C
899ada3876a464cbdc17,3,#F2ECC5
899ada3876a464cbdc17,18, #98874C
899ada3876a464cbdc17,43, #72642F
899ada3876a464cbdc17,24, #CCC599
899ada3876a464cbdc17,5, #3D3019
899ada3876a464cbdc17,4, #B7A76B
899e57195455dbd47f0e,10, #2A1F1E
899e57195455dbd47f0e,4, #D1CEBC
899e57195455dbd47f0e,7, #F1F0E7
899e57195455dbd47f0e,21, #7C6F63
899e57195455dbd47f0e,41,#614934
899e57195455dbd47f0e,1, #A1A09C
899e57195455dbd47f0e,12, #C19F5C
89aa95d24e90e10abd04,21, #433F37
89aa95d24e90e10abd04,44,#151414
89aa95d24e90e10abd04,17, #888271
89aa95d24e90e10abd04,0, #C0C5D2
89aa95d24e90e10abd04,10, #F2EFCD
89aa95d24e90e10abd04,4, #D5C381
89aa95d24e90e10abd04,1, #ABACA5
89b0273e286ac37a3ad5,2, #3C392E
89b0273e286ac37a3ad5,21, #D1CBB6
89b0273e286ac37a3ad5,45,#F5F0DA
89b0273e286ac37a3ad5,12, #AAA594
89b0273e286ac37a3ad5,10, #858172
89b0273e286ac37a3ad5,8, #635E51
89b231a32be073ab506e,2, #65664A
89b231a32be073ab506e,63,#B9C1A2
89b231a32be073ab506e,4, #86885F
89b231a32be073ab506e,1, #423E28
89b231a32be073ab506e,0, #262518
89b231a32be073ab506e,17, #999F79
89b231a32be073ab506e,10, #E6E9CD
89c2246978a207487e7a,7, #9F9B8D
89c2246978a207487e7a,13, #7A776A
89c2246978a207487e7a,51,#E7E4D5
89c2246978a207487e7a,0, #FEFEFD
89c2246978a207487e7a,9, #5C5A50
89c2246978a207487e7a,12, #BFBBAA
89c2246978a207487e7a,4, #3A3932
89c69122756e249074b8,2, #494740
89c69122756e249074b8,18, #B8B3A7
89c69122756e249074b8,26, #68655D
89c69122756e249074b8,14, #E1DBCC
89c69122756e249074b8,30, #8E8A7F
89c69122756e249074b8,7,#F9F7ED
89ca803b3e77faafc38c,22, #181409
89ca803b3e77faafc38c,8, #3F493C
89ca803b3e77faafc38c,14, #39351A
89ca803b3e77faafc38c,24, #969375
89ca803b3e77faafc38c,25,#697361
89ca803b3e77faafc38c,4, #665E37
89d175c8c2f9032bbeab,49,#EADED4
89d175c8c2f9032bbeab,8, #878079
89d175c8c2f9032bbeab,0, #9A6A51
89d175c8c2f9032bbeab,2, #494641
89d175c8c2f9032bbeab,11, #A69C8D
89d175c8c2f9032bbeab,7, #6B665E
89d175c8c2f9032bbeab,21, #C7BCAB
89d263564bbf7557ef7e,5, #F5F5F5
89d263564bbf7557ef7e,29,#0F0F0E
89d263564bbf7557ef7e,6, #D3D4D6
89d263564bbf7557ef7e,24, #675E42
89d263564bbf7557ef7e,18, #83806E
89d263564bbf7557ef7e,10, #332E24
89d263564bbf7557ef7e,6, #CDBD82
89da752e1f2c9007b01e,9, #807B6D
89da752e1f2c9007b01e,18, #F4EEDB
89da752e1f2c9007b01e,33,#D7D0BD
89da752e1f2c9007b01e,3, #38362E
89da752e1f2c9007b01e,7, #B6B09F
89da752e1f2c9007b01e,10, #9B9686
89da752e1f2c9007b01e,17, #5F5B4F
89dc010b11a586278325,6, #CECABF
89dc010b11a586278325,12, #87847B
89dc010b11a586278325,6, #B7B3A9
89dc010b11a586278325,26, #69675F
89dc010b11a586278325,6, #9F9C92
89dc010b11a586278325,10, #47473F
89dc010b11a586278325,30,#EEEBE1
89ddb758ebebf8447112,4, #786B55
89ddb758ebebf8447112,8, #B8AF9C
89ddb758ebebf8447112,57,#F1EBDD
89ddb758ebebf8447112,1, #1C1B11
89ddb758ebebf8447112,1, #4F4735
89ddb758ebebf8447112,8, #988E7A
89ddb758ebebf8447112,17, #D3CBB6
89eb1244d2b9929d8aff,3, #9F9281
89eb1244d2b9929d8aff,0, #7D7569
89eb1244d2b9929d8aff,1, #908170
89eb1244d2b9929d8aff,23, #B9B5A8
89eb1244d2b9929d8aff,3, #B1A593
89eb1244d2b9929d8aff,66,#CECABB
89ed9680da50b5ec11b2,14, #5F5341
89ed9680da50b5ec11b2,25, #6D371F
89ed9680da50b5ec11b2,20, #8E8065
89ed9680da50b5ec11b2,17, #1E130A
89ed9680da50b5ec11b2,21, #A5A9A0
89ed9680da50b5ec11b2,0,#D1CFC6
89f1037a153275d35fc0,12, #DBD7CA
89f1037a153275d35fc0,8, #A4A395
89f1037a153275d35fc0,2,#C0BEAF
89f1037a153275d35fc0,30, #48453E
89f1037a153275d35fc0,22, #7A776E
89f1037a153275d35fc0,23, #201B16
89fd36769c33a9039ece,6, #877B6A
89fd36769c33a9039ece,4, #201C15
89fd36769c33a9039ece,2, #F8F5E9
89fd36769c33a9039ece,10, #B9A98D
89fd36769c33a9039ece,59,#DBD2C1
89fd36769c33a9039ece,6, #60574C
89fd36769c33a9039ece,9, #3E3931
89ffc7b8dd7c5fe723d2,5, #848175
89ffc7b8dd7c5fe723d2,46,#F8F7F1
89ffc7b8dd7c5fe723d2,23, #A6A398
89ffc7b8dd7c5fe723d2,2, #39342C
89ffc7b8dd7c5fe723d2,8, #626054
89ffc7b8dd7c5fe723d2,13, #D9D5C7
8a01ef446bc95968d501,77, #EEE9D6
8a01ef446bc95968d501,1, #444138
8a01ef446bc95968d501,10, #BDB49D
8a01ef446bc95968d501,0, #2B271D
8a01ef446bc95968d501,2,#635F4F
8a01ef446bc95968d501,8, #8F8978
8a048710329c5213fea9,21, #E8E5D5
8a048710329c5213fea9,26,#D6CFBC
8a048710329c5213fea9,5, #827562
8a048710329c5213fea9,22, #564B3F
8a048710329c5213fea9,14, #BFB69F
8a048710329c5213fea9,8, #A29682
8a0caf48a4b0c50de338,6, #977A64
8a0caf48a4b0c50de338,2, #D0BEA9
8a0caf48a4b0c50de338,4, #725D50
8a0caf48a4b0c50de338,4, #E0D5C3
8a0caf48a4b0c50de338,1, #403D39
8a0caf48a4b0c50de338,10, #A99681
8a0caf48a4b0c50de338,70,#F7F2E3
8a15355a35758a55d3f2,0, #AA7F61
8a15355a35758a55d3f2,1, #CCC9BC
8a15355a35758a55d3f2,7, #E3DED0
8a15355a35758a55d3f2,5, #78756B
8a15355a35758a55d3f2,74,#F7F3E8
8a15355a35758a55d3f2,2, #4F504D
8a15355a35758a55d3f2,6, #B49E8A
8a1553f2e152551aa58b,9, #9E9983
8a1553f2e152551aa58b,16, #7C7965
8a1553f2e152551aa58b,32, #D4CAAE
8a1553f2e152551aa58b,28, #49493A
8a1553f2e152551aa58b,6,#FBF8E1
8a1553f2e152551aa58b,6, #181911
8a18ee24e1e872df7a47,9, #524028
8a18ee24e1e872df7a47,2, #705430
8a18ee24e1e872df7a47,83,#261F16
8a18ee24e1e872df7a47,1, #998666
8a18ee24e1e872df7a47,1, #AF9D7A
8a18ee24e1e872df7a47,0, #283B37
8a18ee24e1e872df7a47,1, #877355
8a1dc66ef8291c4c672c,14, #2B2615
8a1dc66ef8291c4c672c,5, #C2AE7D
8a1dc66ef8291c4c672c,33,#513E24
8a1dc66ef8291c4c672c,14, #866D48
8a1dc66ef8291c4c672c,20, #6C5535
8a1dc66ef8291c4c672c,2, #D4C69D
8a1dc66ef8291c4c672c,9, #9B8A61
8a1f61e17491c756d2aa,10, #A0A093
8a1f61e17491c756d2aa,9, #545852
8a1f61e17491c756d2aa,12, #808277
8a1f61e17491c756d2aa,2, #232A22
8a1f61e17491c756d2aa,13, #C1BEAE
8a1f61e17491c756d2aa,50,#EFEBD9
8a2b7313c3a0fde5f91f,14, #59543F
8a2b7313c3a0fde5f91f,37,#877F5B
8a2b7313c3a0fde5f91f,16, #ADA37A
8a2b7313c3a0fde5f91f,6, #1E1D16
8a2b7313c3a0fde5f91f,12, #3A3629
8a2b7313c3a0fde5f91f,0, #090A09
8a2b7313c3a0fde5f91f,11, #C8BF9C
8a335c07be238ed753bd,10, #3F3E36
8a335c07be238ed753bd,24,#8D8667
8a335c07be238ed753bd,14, #A39F7F
8a335c07be238ed753bd,14, #D7D1A8
8a335c07be238ed753bd,16, #68634D
8a335c07be238ed753bd,15, #BDB893
8a335c07be238ed753bd,3, #1C2023
8a3e1f848c02299878a8,5, #8A7A58
8a3e1f848c02299878a8,10,#F7F3E9
8a3e1f848c02299878a8,0, #5E533E
8a3e1f848c02299878a8,8, #AA9F85
8a3e1f848c02299878a8,35, #E2DBC7
8a3e1f848c02299878a8,38, #CFC2A3
8a41c83031440dc425af,3, #907E5F
8a41c83031440dc425af,0, #AEA289
8a41c83031440dc425af,8, #5C472F
8a41c83031440dc425af,79, #38281E
8a41c83031440dc425af,4,#0E0C08
8a41c83031440dc425af,4, #756242
8a42f2f56280d74fcbdc,6,#BD9B5E
8a42f2f56280d74fcbdc,37, #453F30
8a42f2f56280d74fcbdc,29, #807857
8a42f2f56280d74fcbdc,14, #131311
8a42f2f56280d74fcbdc,2, #F4E0A7
8a42f2f56280d74fcbdc,9, #B8B998
8a4e8687fb1748f05ae1,24, #4B3728
8a4e8687fb1748f05ae1,22, #D9D9CB
8a4e8687fb1748f05ae1,12, #635240
8a4e8687fb1748f05ae1,2, #7D705E
8a4e8687fb1748f05ae1,32,#BAB7A4
8a4e8687fb1748f05ae1,3, #9C9585
8a4e8687fb1748f05ae1,2, #F7F7F3
8a4fd16ec43c331c0a9c,24, #F7F4EA
8a4fd16ec43c331c0a9c,2, #534838
8a4fd16ec43c331c0a9c,2, #32271B
8a4fd16ec43c331c0a9c,27, #A79A82
8a4fd16ec43c331c0a9c,37,#E0D5BD
8a4fd16ec43c331c0a9c,4, #746B58
8a4fd16ec43c331c0a9c,0, #0E0A05
8a5c248b0c816ac61a75,8, #E2DFD3
8a5c248b0c816ac61a75,5,#F9F9F6
8a5c248b0c816ac61a75,22, #C2BEB0
8a5c248b0c816ac61a75,14, #837F77
8a5c248b0c816ac61a75,20, #9F9B91
8a5c248b0c816ac61a75,29, #585650
8a66c16846ee274a4c95,13, #C1B69C
8a66c16846ee274a4c95,20, #605447
8a66c16846ee274a4c95,10, #968A74
8a66c16846ee274a4c95,41, #DED8C0
8a66c16846ee274a4c95,2,#F8F7F0
8a66c16846ee274a4c95,11, #2B211A
8a69c8730e1177e11bd1,61,#1E1A0F
8a69c8730e1177e11bd1,2, #BBB693
8a69c8730e1177e11bd1,2, #CFCBAC
8a69c8730e1177e11bd1,8, #897A4D
8a69c8730e1177e11bd1,9, #5B4729
8a69c8730e1177e11bd1,5, #A6996C
8a69c8730e1177e11bd1,9, #685F3E
8a6c9e5f585f5da878d0,24,#C0C3BF
8a6c9e5f585f5da878d0,11, #6B675F
8a6c9e5f585f5da878d0,9, #5B4B37
8a6c9e5f585f5da878d0,13, #1D0F09
8a6c9e5f585f5da878d0,13, #412E1D
8a6c9e5f585f5da878d0,28, #98968C
8a751f2df7fe69948654,34, #67645C
8a751f2df7fe69948654,8, #A7A297
8a751f2df7fe69948654,41, #837F75
8a751f2df7fe69948654,12, #E7E0CA
8a751f2df7fe69948654,2, #C7C0AC
8a751f2df7fe69948654,0,#FCF8D8
8a8099fa3e02cec03364,17, #BEB096
8a8099fa3e02cec03364,2, #F7F3E7
8a8099fa3e02cec03364,7, #4F463D
8a8099fa3e02cec03364,9, #978874
8a8099fa3e02cec03364,44,#DDD5C3
8a8099fa3e02cec03364,15, #6B625C
8a8099fa3e02cec03364,4, #252218
8a821bb44590e4d11a47,30,#D3CFB8
8a821bb44590e4d11a47,9, #969481
8a821bb44590e4d11a47,8, #35352C
8a821bb44590e4d11a47,20, #F7F6E8
8a821bb44590e4d11a47,6, #B0AD98
8a821bb44590e4d11a47,10, #58584A
8a821bb44590e4d11a47,12, #757463
8a8dde0f7042e7d6525f,12, #D5CCB0
8a8dde0f7042e7d6525f,6, #867863
8a8dde0f7042e7d6525f,3, #BAB299
8a8dde0f7042e7d6525f,4, #FCFBF6
8a8dde0f7042e7d6525f,67,#EDE9D6
8a8dde0f7042e7d6525f,0, #594536
8a8dde0f7042e7d6525f,4, #9F9987
8a90ec0e75d06ea23f51,6, #ECE9C9
8a90ec0e75d06ea23f51,13, #C9C49E
8a90ec0e75d06ea23f51,23,#524837
8a90ec0e75d06ea23f51,7, #6D644D
8a90ec0e75d06ea23f51,25, #26231A
8a90ec0e75d06ea23f51,23, #8C876A
8a95f2a0429689eaf79b,1, #585751
8a95f2a0429689eaf79b,8, #C0BCB4
8a95f2a0429689eaf79b,75, #E4DED5
8a95f2a0429689eaf79b,0,#FFFEFE
8a95f2a0429689eaf79b,5, #AEA08F
8a95f2a0429689eaf79b,7, #926E5E
8a9e30ba508a79b9336c,0, #C2B89E
8a9e30ba508a79b9336c,0, #374961
8a9e30ba508a79b9336c,4,#F2E8CE
8a9e30ba508a79b9336c,0, #252E47
8a9e30ba508a79b9336c,27, #51463A
8a9e30ba508a79b9336c,67, #848465
8aa150961fb499412a72,17, #594937
8aa150961fb499412a72,6, #9B875D
8aa150961fb499412a72,36,#3D372B
8aa150961fb499412a72,0, #C9B889
8aa150961fb499412a72,10, #22211B
8aa150961fb499412a72,6, #B19F73
8aa150961fb499412a72,21, #79634B
8aa467aa5de248907f14,12,#F9F5DD
8aa467aa5de248907f14,0, #B4AD95
8aa467aa5de248907f14,14, #45433A
8aa467aa5de248907f14,63, #D9D1B8
8aa467aa5de248907f14,2, #908B77
8aa467aa5de248907f14,5, #6A6656
8aadedb69a23678cb168,2, #534D49
8aadedb69a23678cb168,8, #A3998F
8aadedb69a23678cb168,21, #CBBFB1
8aadedb69a23678cb168,58, #E7D8CD
8aadedb69a23678cb168,4,#F8F2ED
8aadedb69a23678cb168,4, #7F766E
8ab20b6df68a0972d7c8,52,#F5F2E5
8ab20b6df68a0972d7c8,12, #AEAAA1
8ab20b6df68a0972d7c8,0, #2F2B25
8ab20b6df68a0972d7c8,20, #DBD5C8
8ab20b6df68a0972d7c8,6, #514D46
8ab20b6df68a0972d7c8,8, #7B776F
8abfafb93b0914fc1dd0,29, #594A2D
8abfafb93b0914fc1dd0,11, #AE9E75
8abfafb93b0914fc1dd0,24, #252012
8abfafb93b0914fc1dd0,5, #837C68
8abfafb93b0914fc1dd0,28, #C9BD9B
8abfafb93b0914fc1dd0,0,#D8DBDF
8ac4662c4cb154afba0e,7,#F1EEE6
8ac4662c4cb154afba0e,14, #9E9B8F
8ac4662c4cb154afba0e,38, #C4C0B3
8ac4662c4cb154afba0e,19, #44433E
8ac4662c4cb154afba0e,8, #848177
8ac4662c4cb154afba0e,11, #6A685E
8ac57134d6cb9483f6ec,46,#66583F
8ac57134d6cb9483f6ec,20, #877B5B
8ac57134d6cb9483f6ec,5, #A29670
8ac57134d6cb9483f6ec,1, #C6B78B
8ac57134d6cb9483f6ec,0, #E6D8AC
8ac57134d6cb9483f6ec,17, #453F30
8ac57134d6cb9483f6ec,8, #2D2920
8ac7358bb86df42287e3,46, #C0BDB1
8ac7358bb86df42287e3,3, #E3DFD3
8ac7358bb86df42287e3,17, #929085
8ac7358bb86df42287e3,10, #6D6D62
8ac7358bb86df42287e3,3,#FAF8F4
8ac7358bb86df42287e3,18, #3E3F39
8acb2772b18671e70d32,4, #A59F9B
8acb2772b18671e70d32,9, #362B23
8acb2772b18671e70d32,1, #090705
8acb2772b18671e70d32,13, #C5C1B8
8acb2772b18671e70d32,29, #7B715E
8acb2772b18671e70d32,4, #F0EEE3
8acb2772b18671e70d32,37,#5C5041
8ad85b2729f871d6a4cb,4, #B0A88B
8ad85b2729f871d6a4cb,12, #6D4A30
8ad85b2729f871d6a4cb,5, #EDEBD1
8ad85b2729f871d6a4cb,6, #918970
8ad85b2729f871d6a4cb,66,#1C1B18
8ad85b2729f871d6a4cb,5, #CDC6A7
8adda740aedd3e0a39ee,0, #916B29
8adda740aedd3e0a39ee,0, #8F7747
8adda740aedd3e0a39ee,0, #AE9D5D
8adda740aedd3e0a39ee,18, #352616
8adda740aedd3e0a39ee,1, #593A1D
8adda740aedd3e0a39ee,1, #725628
8adda740aedd3e0a39ee,77,#141209
8ade4eaff6d5f122c4d7,0, #72693C
8ade4eaff6d5f122c4d7,0, #CBC5A4
8ade4eaff6d5f122c4d7,46,#B9B38B
8ade4eaff6d5f122c4d7,7, #7C7556
8ade4eaff6d5f122c4d7,9, #908859
8ade4eaff6d5f122c4d7,35, #A59C6D
8ade4eaff6d5f122c4d7,0, #DDD8BD
8ae58c6ecbecd09d4445,45, #291D13
8ae58c6ecbecd09d4445,4,#AB9E78
8ae58c6ecbecd09d4445,38, #6D3C29
8ae58c6ecbecd09d4445,6, #8B6D4F
8ae58c6ecbecd09d4445,2, #CBC1A3
8ae58c6ecbecd09d4445,2, #DED8C5
8aef7b364064b08feb3f,3, #7E7874
8aef7b364064b08feb3f,0, #403A33
8aef7b364064b08feb3f,7, #989492
8aef7b364064b08feb3f,2, #5F5650
8aef7b364064b08feb3f,7, #D5D5CC
8aef7b364064b08feb3f,73,#B2B2AB
8aef7b364064b08feb3f,5, #F7F6F2
8af6197e6ebc40fac784,18, #898379
8af6197e6ebc40fac784,11, #CCC4B3
8af6197e6ebc40fac784,10, #FCF9F2
8af6197e6ebc40fac784,18, #EBE2CF
8af6197e6ebc40fac784,7, #383532
8af6197e6ebc40fac784,10, #ACA597
8af6197e6ebc40fac784,23,#5B5651
8afa3e2ae3e52ad0a69f,28,#F4F1E7
8afa3e2ae3e52ad0a69f,10, #7D7869
8afa3e2ae3e52ad0a69f,22, #D0CAB9
8afa3e2ae3e52ad0a69f,11, #B3AE9E
8afa3e2ae3e52ad0a69f,14, #9A9588
8afa3e2ae3e52ad0a69f,11, #4B493E
8b012db81605258a5f31,12, #C0BAAC
8b012db81605258a5f31,3, #423E36
8b012db81605258a5f31,9, #635E53
8b012db81605258a5f31,30,#F7F4EC
8b012db81605258a5f31,7, #847E70
8b012db81605258a5f31,14, #A09A8E
8b012db81605258a5f31,21, #DBD6C8
8b035b914900c5382f4d,10, #555042
8b035b914900c5382f4d,24, #F5F2E6
8b035b914900c5382f4d,14, #746F5E
8b035b914900c5382f4d,7, #948F7F
8b035b914900c5382f4d,31,#CFC8B5
8b035b914900c5382f4d,9, #AFA895
8b035b914900c5382f4d,1, #343128
8b058255d70ecda4dcda,1,#0A0807
8b058255d70ecda4dcda,2, #CCC6AA
8b058255d70ecda4dcda,32, #AA9C74
8b058255d70ecda4dcda,11, #EFEEEA
8b058255d70ecda4dcda,28, #44302C
8b058255d70ecda4dcda,24, #665D4E
8b0859b587eef4d2baf6,1, #867F6B
8b0859b587eef4d2baf6,6, #5F5A4B
8b0859b587eef4d2baf6,11, #D7CDB1
8b0859b587eef4d2baf6,0, #AFA68D
8b0859b587eef4d2baf6,70,#F8F2D7
8b0859b587eef4d2baf6,9, #3D3B32
8b08bde5eb90435dec62,7, #A9A28F
8b08bde5eb90435dec62,3, #CCC6B0
8b08bde5eb90435dec62,8, #7B7464
8b08bde5eb90435dec62,77, #E5DFCB
8b08bde5eb90435dec62,1,#FDFBE6
8b08bde5eb90435dec62,1, #484337
8b08e1bf9b6804a0859b,2, #9F8F7E
8b08e1bf9b6804a0859b,1, #927A4A
8b08e1bf9b6804a0859b,4, #675E48
8b08e1bf9b6804a0859b,3, #0E0908
8b08e1bf9b6804a0859b,0, #BEB4A1
8b08e1bf9b6804a0859b,0, #B29752
8b08e1bf9b6804a0859b,87,#483826
8b0eed8558bc6056e586,34, #212021
8b0eed8558bc6056e586,12, #B7B6B9
8b0eed8558bc6056e586,23,#F4F2F1
8b0eed8558bc6056e586,18, #7D7B7D
8b0eed8558bc6056e586,0, #CC5847
8b0eed8558bc6056e586,10, #525152
8b169ab793d85b2983c5,3, #39372E
8b169ab793d85b2983c5,7, #989689
8b169ab793d85b2983c5,13, #7D7B6F
8b169ab793d85b2983c5,11, #D0CDBA
8b169ab793d85b2983c5,28,#F1EDD8
8b169ab793d85b2983c5,9, #B1AF9F
8b169ab793d85b2983c5,26, #5A594F
8b19f55ea867b7feab52,1, #626754
8b19f55ea867b7feab52,3, #E2DCC2
8b19f55ea867b7feab52,18, #B3AD93
8b19f55ea867b7feab52,19,#F8F5DF
8b19f55ea867b7feab52,5, #898770
8b19f55ea867b7feab52,51, #CEC7AC
8b1bedbc94cbb803b4df,45,#E8E6DB
8b1bedbc94cbb803b4df,4, #A09C90
8b1bedbc94cbb803b4df,18, #373831
8b1bedbc94cbb803b4df,4, #848176
8b1bedbc94cbb803b4df,12, #5D5B52
8b1bedbc94cbb803b4df,13, #BCB7AA
8b1ea18d1f67c627a06d,6, #B2AA9D
8b1ea18d1f67c627a06d,14,#EFEEEA
8b1ea18d1f67c627a06d,3, #29201B
8b1ea18d1f67c627a06d,4, #4F3D36
8b1ea18d1f67c627a06d,2, #84736D
8b1ea18d1f67c627a06d,68, #D5D2C0
8b23ac856e022e839df6,2,#EBE8E2
8b23ac856e022e839df6,27, #443F30
8b23ac856e022e839df6,28, #999278
8b23ac856e022e839df6,25, #C0B79B
8b23ac856e022e839df6,15, #756D4E
8b23ac856e022e839df6,0, #D4D0C3
8b27ef248d0a26e4661b,10, #693C1B
8b27ef248d0a26e4661b,83, #231C0D
8b27ef248d0a26e4661b,0, #536144
8b27ef248d0a26e4661b,4, #886F34
8b27ef248d0a26e4661b,0, #AC9558
8b27ef248d0a26e4661b,0,#334230
8b2d659f95014ea0a710,23, #594D33
8b2d659f95014ea0a710,53,#19170E
8b2d659f95014ea0a710,1, #949789
8b2d659f95014ea0a710,1, #B7B6A1
8b2d659f95014ea0a710,15, #342E1F
8b2d659f95014ea0a710,5, #887853
8b2e16f7a1a6955a6ae5,24, #6E6B60
8b2e16f7a1a6955a6ae5,9,#F3F0E3
8b2e16f7a1a6955a6ae5,11, #D2CDBE
8b2e16f7a1a6955a6ae5,30, #918D81
8b2e16f7a1a6955a6ae5,9, #4B4840
8b2e16f7a1a6955a6ae5,14, #B4AFA2
8b36e17fa092b881cfa7,5, #E0D7B8
8b36e17fa092b881cfa7,14, #837B64
8b36e17fa092b881cfa7,6, #17150B
8b36e17fa092b881cfa7,4, #C5B69E
8b36e17fa092b881cfa7,18, #43412B
8b36e17fa092b881cfa7,45,#646048
8b36e17fa092b881cfa7,5, #A2987E
8b3875d0a078993af754,16,#F7F4E6
8b3875d0a078993af754,6, #3B3A30
8b3875d0a078993af754,42, #D1CDBF
8b3875d0a078993af754,14, #817E72
8b3875d0a078993af754,9, #5E5D51
8b3875d0a078993af754,10, #AAA69A
8b3a1aee1eaba0070d26,5, #57462D
8b3a1aee1eaba0070d26,0, #A6997A
8b3a1aee1eaba0070d26,1, #7E745D
8b3a1aee1eaba0070d26,1, #90866C
8b3a1aee1eaba0070d26,4, #6A5F48
8b3a1aee1eaba0070d26,55,#393224
8b3a1aee1eaba0070d26,30, #1C1B17
8b3ff3d01b79664de138,7, #9A7D66
8b3ff3d01b79664de138,1, #985B47
8b3ff3d01b79664de138,7, #BF9C83
8b3ff3d01b79664de138,70,#F2EDDF
8b3ff3d01b79664de138,6, #5C564E
8b3ff3d01b79664de138,5, #D2C3B1
8b3ff3d01b79664de138,1, #393732
8b4733a70d4cafe4d859,23,#F6F1E3
8b4733a70d4cafe4d859,12, #857E72
8b4733a70d4cafe4d859,15, #615D53
8b4733a70d4cafe4d859,29, #D2C7B6
8b4733a70d4cafe4d859,15, #A9A090
8b4733a70d4cafe4d859,3, #403D37
8b4788aee77fd07fa7c2,4, #7A7467
8b4788aee77fd07fa7c2,5, #5C574D
8b4788aee77fd07fa7c2,28,#F4F2E6
8b4788aee77fd07fa7c2,4, #A19C8C
8b4788aee77fd07fa7c2,50, #D1C8B2
8b4788aee77fd07fa7c2,6, #3C3A34
8b4994f81f7e5571234d,0, #BCB8A0
8b4994f81f7e5571234d,2, #A7A087
8b4994f81f7e5571234d,39, #4A3D26
8b4994f81f7e5571234d,39,#15150F
8b4994f81f7e5571234d,5, #817556
8b4994f81f7e5571234d,2, #978D6F
8b4994f81f7e5571234d,10, #6C5C3D
8b6679d79792ebf0b006,11, #613C1D
8b6679d79792ebf0b006,13, #2A1812
8b6679d79792ebf0b006,0, #856538
8b6679d79792ebf0b006,75,#080805
8b6679d79792ebf0b006,0, #BAA77E
8b6679d79792ebf0b006,0, #937B51
8b683ca0952499515da3,6, #322618
8b683ca0952499515da3,17, #756E58
8b683ca0952499515da3,48,#5B4D32
8b683ca0952499515da3,7, #908C7B
8b683ca0952499515da3,3, #BEBCBA
8b683ca0952499515da3,1, #A9A79C
8b683ca0952499515da3,15, #E1DFDB
8b6c325def29caf8fee1,6, #3B3832
8b6c325def29caf8fee1,11, #C0BAAE
8b6c325def29caf8fee1,16, #9A9589
8b6c325def29caf8fee1,13, #DCD7CB
8b6c325def29caf8fee1,25,#777268
8b6c325def29caf8fee1,21, #57534B
8b6c325def29caf8fee1,5, #F3EFE2
8b710cc51cef7a84bfdc,14, #544834
8b710cc51cef7a84bfdc,44,#201F1C
8b710cc51cef7a84bfdc,28, #37332A
8b710cc51cef7a84bfdc,3, #877659
8b710cc51cef7a84bfdc,1, #968669
8b710cc51cef7a84bfdc,0, #A49476
8b710cc51cef7a84bfdc,6, #716147
8b77c6a82f7978ffa8c3,6, #AE9962
8b77c6a82f7978ffa8c3,38,#0A0A06
8b77c6a82f7978ffa8c3,15, #4E422A
8b77c6a82f7978ffa8c3,17, #2D2619
8b77c6a82f7978ffa8c3,10, #897649
8b77c6a82f7978ffa8c3,12, #685938
8b77fec1230d8db6783c,0, #302E26
8b77fec1230d8db6783c,1, #514E43
8b77fec1230d8db6783c,13, #CECCBA
8b77fec1230d8db6783c,62,#EBE9D6
8b77fec1230d8db6783c,9, #7E7B6E
8b77fec1230d8db6783c,11, #AEAB9C
8b819b46a0768dd43956,9, #616054
8b819b46a0768dd43956,11, #A09E91
8b819b46a0768dd43956,2, #3E3E36
8b819b46a0768dd43956,8, #828173
8b819b46a0768dd43956,17, #C7C3B4
8b819b46a0768dd43956,50,#F0ECDC
8b8783ebafe8dd307d36,51, #20180E
8b8783ebafe8dd307d36,0, #A08E5F
8b8783ebafe8dd307d36,5,#785C2E
8b8783ebafe8dd307d36,2, #8E7C4F
8b8783ebafe8dd307d36,9, #654A25
8b8783ebafe8dd307d36,30, #43301B
8b92a3335559729e3d20,15, #4F4C44
8b92a3335559729e3d20,7, #33302A
8b92a3335559729e3d20,26, #9B958C
8b92a3335559729e3d20,14, #C4BEB3
8b92a3335559729e3d20,22, #6E6960
8b92a3335559729e3d20,12,#EEE9DE
8b9cd4b9ce4c836d94d2,4, #C9AD9B
8b9cd4b9ce4c836d94d2,1, #875746
8b9cd4b9ce4c836d94d2,6, #A2735E
8b9cd4b9ce4c836d94d2,69, #F9F7F3
8b9cd4b9ce4c836d94d2,5, #A08A7D
8b9cd4b9ce4c836d94d2,13,#E1D3C5
8b9d3437773842596f11,6, #49463A
8b9d3437773842596f11,15, #B7B099
8b9d3437773842596f11,11, #999483
8b9d3437773842596f11,27,#D8D0B8
8b9d3437773842596f11,14, #F5F1E5
8b9d3437773842596f11,11, #827D69
8b9d3437773842596f11,12, #686352
8b9de85515e6793c0cd6,0, #E1D8AA
8b9de85515e6793c0cd6,6, #665B36
8b9de85515e6793c0cd6,38, #241711
8b9de85515e6793c0cd6,46,#4A3E28
8b9de85515e6793c0cd6,3, #8E7D53
8b9de85515e6793c0cd6,4, #BCA171
8b9de85515e6793c0cd6,0, #CCC298
8bb3610f5c7b6494caa9,11, #A39C8F
8bb3610f5c7b6494caa9,3, #6D665B
8bb3610f5c7b6494caa9,1, #4C463E
8bb3610f5c7b6494caa9,38, #D4CEBD
8bb3610f5c7b6494caa9,41,#F8F4EB
8bb3610f5c7b6494caa9,4, #888174
8bbcd655d598f1be0a35,12, #9D9782
8bbcd655d598f1be0a35,3, #584F38
8bbcd655d598f1be0a35,1, #363120
8bbcd655d598f1be0a35,27, #F9F6EA
8bbcd655d598f1be0a35,40,#E1D7BD
8bbcd655d598f1be0a35,6, #746E5A
8bbcd655d598f1be0a35,7, #C1B9A1
8bcc6d6c11c0969d0f62,6, #594521
8bcc6d6c11c0969d0f62,0, #95743E
8bcc6d6c11c0969d0f62,38, #18130B
8bcc6d6c11c0969d0f62,0, #B39A62
8bcc6d6c11c0969d0f62,2, #7D5F2E
8bcc6d6c11c0969d0f62,51,#392C1A
8bcc6d6c11c0969d0f62,0, #A1864F
8bd6993789e22490a117,9, #484439
8bd6993789e22490a117,10, #6A6556
8bd6993789e22490a117,14, #8B8575
8bd6993789e22490a117,14, #A9A291
8bd6993789e22490a117,4, #F8F6EB
8bd6993789e22490a117,17, #C4BDAA
8bd6993789e22490a117,28,#DFD7C4
8bde21478487d634187d,6, #B0AD9C
8bde21478487d634187d,57,#F2EFE1
8bde21478487d634187d,10, #878474
8bde21478487d634187d,1, #3A362D
8bde21478487d634187d,9, #5E5B4C
8bde21478487d634187d,14, #CDC9B8
8be4214b85166a503bd2,8, #F4EFE1
8be4214b85166a503bd2,9, #7D715B
8be4214b85166a503bd2,57,#DFCFA1
8be4214b85166a503bd2,0, #574F41
8be4214b85166a503bd2,11, #C4B28C
8be4214b85166a503bd2,0, #94928D
8be4214b85166a503bd2,11, #B09E6C
8bebeedcc8ee833bcc6c,10, #6F6764
8bebeedcc8ee833bcc6c,3, #4F4948
8bebeedcc8ee833bcc6c,8, #877F79
8bebeedcc8ee833bcc6c,20, #B9B2A6
8bebeedcc8ee833bcc6c,22,#FAF6E9
8bebeedcc8ee833bcc6c,14, #9A928A
8bebeedcc8ee833bcc6c,20, #DED7C7
8bf3bad1f88bf0e99c23,11, #A29B8B
8bf3bad1f88bf0e99c23,9, #827E71
8bf3bad1f88bf0e99c23,10, #44423D
8bf3bad1f88bf0e99c23,0, #F7F0DE
8bf3bad1f88bf0e99c23,37,#C9BEA5
8bf3bad1f88bf0e99c23,5, #69655B
8bf3bad1f88bf0e99c23,23, #E2D9C4
8bf3d48c2d7a3411b0df,40,#080604
8bf3d48c2d7a3411b0df,12, #8E866F
8bf3d48c2d7a3411b0df,11, #C9BC94
8bf3d48c2d7a3411b0df,2, #E4DDC3
8bf3d48c2d7a3411b0df,1, #FAF8F0
8bf3d48c2d7a3411b0df,14, #5A5037
8bf3d48c2d7a3411b0df,16, #292419
8bf7bc982f64d6024a15,15, #AFA896
8bf7bc982f64d6024a15,25, #DCD5C0
8bf7bc982f64d6024a15,2, #5E5447
8bf7bc982f64d6024a15,45,#F6F4E5
8bf7bc982f64d6024a15,0, #18120B
8bf7bc982f64d6024a15,6, #817866
8bf7bc982f64d6024a15,3, #423728
8bf82b31bf6304ed61d0,20, #97876E
8bf82b31bf6304ed61d0,7,#F8F5EA
8bf82b31bf6304ed61d0,29, #705941
8bf82b31bf6304ed61d0,0, #E1DCC1
8bf82b31bf6304ed61d0,26, #C4B592
8bf82b31bf6304ed61d0,15, #321E14
8bfe61c1ddab6da4c11e,2, #4B422D
8bfe61c1ddab6da4c11e,16, #2F2E21
8bfe61c1ddab6da4c11e,47,#A89B72
8bfe61c1ddab6da4c11e,14, #6A5535
8bfe61c1ddab6da4c11e,8, #7F6C45
8bfe61c1ddab6da4c11e,5, #A38854
8bfe61c1ddab6da4c11e,6, #C7AF7B
8c14dd9a12b5370a9948,5, #CBB889
8c14dd9a12b5370a9948,10, #67501C
8c14dd9a12b5370a9948,1, #E5D09F
8c14dd9a12b5370a9948,24, #2F2813
8c14dd9a12b5370a9948,6, #AD9864
8c14dd9a12b5370a9948,46,#030808
8c14dd9a12b5370a9948,4, #A18733
8c18dfa20356bf1d0cef,28,#D4D3C3
8c18dfa20356bf1d0cef,10, #595441
8c18dfa20356bf1d0cef,23, #8F8770
8c18dfa20356bf1d0cef,3, #0E110C
8c18dfa20356bf1d0cef,30, #B6B09D
8c18dfa20356bf1d0cef,3, #2F301E
8c232705f3a028df8a0e,50,#EAEAE4
8c232705f3a028df8a0e,4, #54534A
8c232705f3a028df8a0e,11, #9B9A90
8c232705f3a028df8a0e,4, #36362D
8c232705f3a028df8a0e,14, #706F67
8c232705f3a028df8a0e,10, #C4C4BA
8c232705f3a028df8a0e,4, #191812
8c28af667d38bfa917fb,0, #E2D489
8c28af667d38bfa917fb,22, #AF9859
8c28af667d38bfa917fb,3, #B4B4AF
8c28af667d38bfa917fb,21, #685D49
8c28af667d38bfa917fb,45, #301D14
8c28af667d38bfa917fb,7,#F0F0E7
8c3b658791565df3db10,65,#EDEADC
8c3b658791565df3db10,7, #96918C
8c3b658791565df3db10,2, #776F6D
8c3b658791565df3db10,6, #534A49
8c3b658791565df3db10,1, #2F2726
8c3b658791565df3db10,16, #BEB6A3
8c489bc8f91d955d59b4,30, #5F5143
8c489bc8f91d955d59b4,8,#2C2721
8c489bc8f91d955d59b4,0, #C8C2A6
8c489bc8f91d955d59b4,10, #AB9B82
8c489bc8f91d955d59b4,24, #876D58
8c489bc8f91d955d59b4,25, #4B3C31
8c4b722e2290a1d1c2ec,9, #8A887A
8c4b722e2290a1d1c2ec,15, #5E5E52
8c4b722e2290a1d1c2ec,24,#DDD8C7
8c4b722e2290a1d1c2ec,15, #B4B0A1
8c4b722e2290a1d1c2ec,21, #F8F6ED
8c4b722e2290a1d1c2ec,13, #2E2F27
8c4cbd140980177237d3,0, #A17C45
8c4cbd140980177237d3,2, #CEB17A
8c4cbd140980177237d3,3, #B89961
8c4cbd140980177237d3,2, #886230
8c4cbd140980177237d3,75,#14140C
8c4cbd140980177237d3,0, #654C26
8c4cbd140980177237d3,15, #373620
8c5735c6911cd57d1423,3, #BDA28D
8c5735c6911cd57d1423,2, #848074
8c5735c6911cd57d1423,2, #DDCCB2
8c5735c6911cd57d1423,78,#F0E8D8
8c5735c6911cd57d1423,2, #3B3735
8c5735c6911cd57d1423,1, #AB6554
8c5735c6911cd57d1423,8, #5B5A54
8c61c5eea60104371858,15, #50453D
8c61c5eea60104371858,4,#251F18
8c61c5eea60104371858,13, #73675B
8c61c5eea60104371858,20, #A49680
8c61c5eea60104371858,24, #D2C8B3
8c61c5eea60104371858,21, #F0EADA
8c63756f44f961f2de1a,1, #A28958
8c63756f44f961f2de1a,54, #1C180E
8c63756f44f961f2de1a,40, #3B2F1C
8c63756f44f961f2de1a,0, #8F794B
8c63756f44f961f2de1a,1, #79643C
8c63756f44f961f2de1a,1,#594A31
8c65b7cf97c0c5ef8387,0, #BEB18C
8c65b7cf97c0c5ef8387,14, #1E1913
8c65b7cf97c0c5ef8387,42, #4C3F30
8c65b7cf97c0c5ef8387,41, #60656C
8c65b7cf97c0c5ef8387,0, #9C9586
8c65b7cf97c0c5ef8387,0,#040503
8c661af580d00b7800ea,43,#F6F1E0
8c661af580d00b7800ea,13, #A49F8C
8c661af580d00b7800ea,11, #DAD2BA
8c661af580d00b7800ea,7, #C3BCA5
8c661af580d00b7800ea,7, #444238
8c661af580d00b7800ea,8, #837E6D
8c661af580d00b7800ea,8, #646053
8c695d1717af84f3440d,15, #948159
8c695d1717af84f3440d,1, #554532
8c695d1717af84f3440d,17, #756448
8c695d1717af84f3440d,19, #CEBF99
8c695d1717af84f3440d,2, #E2D6B6
8c695d1717af84f3440d,2, #F6F1E0
8c695d1717af84f3440d,41,#A89B7A
8c6d40e6af9d4cecbd91,9, #A19B8B
8c6d40e6af9d4cecbd91,7, #5D584D
8c6d40e6af9d4cecbd91,58,#E3DCC6
8c6d40e6af9d4cecbd91,0, #262118
8c6d40e6af9d4cecbd91,10, #7B7669
8c6d40e6af9d4cecbd91,4, #403C32
8c6d40e6af9d4cecbd91,9, #BDB7A4
8c75a86dbac40cc28cd8,16, #947F46
8c75a86dbac40cc28cd8,62,#775828
8c75a86dbac40cc28cd8,7, #A99861
8c75a86dbac40cc28cd8,0, #C7B26F
8c75a86dbac40cc28cd8,7, #44412A
8c75a86dbac40cc28cd8,0, #DCCD93
8c75a86dbac40cc28cd8,3, #262114
8c7680076a4e6b46e60e,15, #9A9A9A
8c7680076a4e6b46e60e,24,#535353
8c7680076a4e6b46e60e,10, #747474
8c7680076a4e6b46e60e,10, #E7E7E7
8c7680076a4e6b46e60e,12, #BEBEBE
8c7680076a4e6b46e60e,14, #303030
8c7680076a4e6b46e60e,14, #151515
8c8945916baaf67ff361,80, #EAE2C7
8c8945916baaf67ff361,3, #847F6D
8c8945916baaf67ff361,0,#C8C0A7
8c8945916baaf67ff361,1, #3B3931
8c8945916baaf67ff361,12, #59564A
8c8945916baaf67ff361,0, #ADA68F
8c8a6558ecc71450c1c6,19, #32332F
8c8a6558ecc71450c1c6,29, #D8D5CA
8c8a6558ecc71450c1c6,19, #87867C
8c8a6558ecc71450c1c6,2,#F8F6F1
8c8a6558ecc71450c1c6,19, #56574E
8c8a6558ecc71450c1c6,9, #B6B2A8
8c8f99b8dbeeb7e407f3,56,#E8E3D4
8c8f99b8dbeeb7e407f3,10, #CAC4B4
8c8f99b8dbeeb7e407f3,0, #FEFEF9
8c8f99b8dbeeb7e407f3,14, #858174
8c8f99b8dbeeb7e407f3,8, #636155
8c8f99b8dbeeb7e407f3,2, #49473F
8c8f99b8dbeeb7e407f3,6, #A9A596
8c917f79787d2566f867,80,#E8E0C6
8c917f79787d2566f867,2, #BDA588
8c917f79787d2566f867,0, #877965
8c917f79787d2566f867,0, #5E5A4E
8c917f79787d2566f867,2, #9D8E77
8c917f79787d2566f867,0, #FEFEE9
8c917f79787d2566f867,12, #D0BC9B
8c91e33baf51f3bfad8e,1, #6B6659
8c91e33baf51f3bfad8e,13, #A5A093
8c91e33baf51f3bfad8e,14, #C9C4B6
8c91e33baf51f3bfad8e,0, #4E4A3E
8c91e33baf51f3bfad8e,5, #827E70
8c91e33baf51f3bfad8e,2, #FBFAF0
8c91e33baf51f3bfad8e,61,#E7E2D4
8c984ff4bb694d75ae31,4, #55544C
8c984ff4bb694d75ae31,7, #6D6B63
8c984ff4bb694d75ae31,63,#EDE9DB
8c984ff4bb694d75ae31,8, #8D8B84
8c984ff4bb694d75ae31,4, #CCC9BF
8c984ff4bb694d75ae31,6, #B1AFA7
8c984ff4bb694d75ae31,4, #3C3B34
8c9a7e08633b5bdb696a,12, #6C6C60
8c9a7e08633b5bdb696a,3, #ACACA2
8c9a7e08633b5bdb696a,17, #F0EFE6
8c9a7e08633b5bdb696a,13, #8C8C80
8c9a7e08633b5bdb696a,16, #504F43
8c9a7e08633b5bdb696a,15, #C7C7BC
8c9a7e08633b5bdb696a,21,#36362D
8c9a87261c937c24a2c9,19, #ADADAB
8c9a87261c937c24a2c9,40, #171615
8c9a87261c937c24a2c9,8, #615E5E
8c9a87261c937c24a2c9,7,#434141
8c9a87261c937c24a2c9,11, #868583
8c9a87261c937c24a2c9,11, #E1E2E2
8c9ad40f9e704ed0eb1b,2, #C5B798
8c9ad40f9e704ed0eb1b,31, #E0D6BE
8c9ad40f9e704ed0eb1b,22, #7F786C
8c9ad40f9e704ed0eb1b,17, #A19882
8c9ad40f9e704ed0eb1b,17,#F8F6EE
8c9ad40f9e704ed0eb1b,7, #585248
8ca9a88d68aad6916ab7,27, #DBD5C6
8ca9a88d68aad6916ab7,7, #B5AFA6
8ca9a88d68aad6916ab7,11, #575144
8ca9a88d68aad6916ab7,10, #29231E
8ca9a88d68aad6916ab7,5, #A39477
8ca9a88d68aad6916ab7,7, #756E5D
8ca9a88d68aad6916ab7,29,#F9F8F0
8caa3c35bf334b551f0f,43, #A1998E
8caa3c35bf334b551f0f,21, #807A70
8caa3c35bf334b551f0f,16, #C1B6A4
8caa3c35bf334b551f0f,7,#F6EEDD
8caa3c35bf334b551f0f,2, #645F56
8caa3c35bf334b551f0f,9, #DACEB7
8caf2385779e7d36c46c,12, #B5AEA3
8caf2385779e7d36c46c,9, #7B6E62
8caf2385779e7d36c46c,42, #C9C6BA
8caf2385779e7d36c46c,8, #594436
8caf2385779e7d36c46c,5, #9D8F82
8caf2385779e7d36c46c,22,#E2DDCF
8caf993152da681abcae,4, #69603D
8caf993152da681abcae,52,#12100D
8caf993152da681abcae,40, #413B2D
8caf993152da681abcae,0, #B7B594
8caf993152da681abcae,1, #6E4420
8caf993152da681abcae,1, #948853
8cc89b2ce944cf2d13c6,73, #E8E4CF
8cc89b2ce944cf2d13c6,9,#BBB8A6
8cc89b2ce944cf2d13c6,6, #8F8C7D
8cc89b2ce944cf2d13c6,5, #44453B
8cc89b2ce944cf2d13c6,3, #666559
8cc89b2ce944cf2d13c6,0, #282A22
8ccca5455b2414a30704,49,#202313
8ccca5455b2414a30704,3, #CEC39A
8ccca5455b2414a30704,8, #9B8B63
8ccca5455b2414a30704,16, #706444
8ccca5455b2414a30704,6, #B2A379
8ccca5455b2414a30704,14, #484326
8cd6cf5a4430767619b7,2, #544F47
8cd6cf5a4430767619b7,8, #B1AB9C
8cd6cf5a4430767619b7,0, #322F2A
8cd6cf5a4430767619b7,7, #807A6E
8cd6cf5a4430767619b7,7, #D2CEBB
8cd6cf5a4430767619b7,72,#F4F1DE
8cda748c85bb18e2c0a7,13, #DFDCCD
8cda748c85bb18e2c0a7,4, #3B3931
8cda748c85bb18e2c0a7,4, #F8F8F3
8cda748c85bb18e2c0a7,16, #5E5B50
8cda748c85bb18e2c0a7,29,#888577
8cda748c85bb18e2c0a7,9, #C4C1B1
8cda748c85bb18e2c0a7,22, #ABA899
8cdec6373f1a9385747b,1, #FEFEF7
8cdec6373f1a9385747b,12, #6A5642
8cdec6373f1a9385747b,9, #867660
8cdec6373f1a9385747b,29, #E2DCCA
8cdec6373f1a9385747b,10, #C1B9A2
8cdec6373f1a9385747b,5, #A19681
8cdec6373f1a9385747b,30,#3E2D23
8ce1796b29a0c2e771dc,70,#EFEDE4
8ce1796b29a0c2e771dc,2, #78746A
8ce1796b29a0c2e771dc,0, #333028
8ce1796b29a0c2e771dc,4, #AEABA1
8ce1796b29a0c2e771dc,5, #96948A
8ce1796b29a0c2e771dc,0, #58544A
8ce1796b29a0c2e771dc,16, #CAC7BE
8cedda2a554b7f4b5087,29, #928A7B
8cedda2a554b7f4b5087,5, #6E675C
8cedda2a554b7f4b5087,28, #D1C5A9
8cedda2a554b7f4b5087,0,#FAFAEF
8cedda2a554b7f4b5087,27, #B5A790
8cedda2a554b7f4b5087,8, #E6DDC2
8cf065b127ab67c22cd9,6, #65655A
8cf065b127ab67c22cd9,14, #B2AFA4
8cf065b127ab67c22cd9,58, #DCD8CD
8cf065b127ab67c22cd9,1,#FBF8EF
8cf065b127ab67c22cd9,8, #3D3E37
8cf065b127ab67c22cd9,11, #848278
8cf4af192d5896944428,3, #AEA58F
8cf4af192d5896944428,0, #433E2C
8cf4af192d5896944428,17, #D6CDAA
8cf4af192d5896944428,75, #F3ECDB
8cf4af192d5896944428,1,#67614E
8cf4af192d5896944428,2, #988671
8d099559959b49e8187c,12, #807E6D
8d099559959b49e8187c,14,#EAE4D0
8d099559959b49e8187c,15, #B2AD9A
8d099559959b49e8187c,39, #D1CAB4
8d099559959b49e8187c,8, #525143
8d099559959b49e8187c,9, #989583
8d1ad866822ccf74a2a4,67, #DDD7C7
8d1ad866822ccf74a2a4,11,#F7F6F2
8d1ad866822ccf74a2a4,4, #41332B
8d1ad866822ccf74a2a4,4, #67584A
8d1ad866822ccf74a2a4,2, #897C67
8d1ad866822ccf74a2a4,8, #B6AA94
8d1ad8ab39885a4f868d,19, #948475
8d1ad8ab39885a4f868d,1, #5A4236
8d1ad8ab39885a4f868d,17, #B3A395
8d1ad8ab39885a4f868d,47, #D3CABC
8d1ad8ab39885a4f868d,1, #7E6657
8d1ad8ab39885a4f868d,11,#F5EDDE
8d1cb850b1ada581f7b7,6,#A6A289
8d1cb850b1ada581f7b7,36, #65675A
8d1cb850b1ada581f7b7,17, #C8C5AD
8d1cb850b1ada581f7b7,3, #2D302B
8d1cb850b1ada581f7b7,22, #8B8C79
8d1cb850b1ada581f7b7,13, #43463E
8d1f0deb63da08f29d0d,28, #B2A589
8d1f0deb63da08f29d0d,27, #D2C7AA
8d1f0deb63da08f29d0d,14, #594E40
8d1f0deb63da08f29d0d,3,#EDE5D2
8d1f0deb63da08f29d0d,8, #372D25
8d1f0deb63da08f29d0d,16, #867A64
8d2141b64474f202223d,8, #2C230F
8d2141b64474f202223d,13, #4E4525
8d2141b64474f202223d,21,#9C986F
8d2141b64474f202223d,21, #65603A
8d2141b64474f202223d,3, #BDB175
8d2141b64474f202223d,32, #807A54
8d2e439370298ef5d889,4,#FBF9F6
8d2e439370298ef5d889,43, #DCD7CC
8d2e439370298ef5d889,11, #3E4038
8d2e439370298ef5d889,22, #A9A69B
8d2e439370298ef5d889,8, #848378
8d2e439370298ef5d889,9, #66665B
8d2eab9ae5b060d2bbc6,14, #C1BBAC
8d2eab9ae5b060d2bbc6,24,#817C71
8d2eab9ae5b060d2bbc6,14, #9E988C
8d2eab9ae5b060d2bbc6,31, #F2EEE0
8d2eab9ae5b060d2bbc6,3, #403E36
8d2eab9ae5b060d2bbc6,12, #625D53
8d3849ec8d28f0b250cd,3, #D5C17F
8d3849ec8d28f0b250cd,24, #B29B62
8d3849ec8d28f0b250cd,5, #87857D
8d3849ec8d28f0b250cd,42,#291D1D
8d3849ec8d28f0b250cd,1, #AFACAA
8d3849ec8d28f0b250cd,20, #736245
8d3849ec8d28f0b250cd,3, #E7E2C3
8d38fb66f5080f1606b0,5, #575447
8d38fb66f5080f1606b0,10, #D3CDB8
8d38fb66f5080f1606b0,4, #B5B09F
8d38fb66f5080f1606b0,8, #8A8676
8d38fb66f5080f1606b0,69,#F4F2E9
8d38fb66f5080f1606b0,0, #333129
8d39d5577702b4c30af1,20, #080706
8d39d5577702b4c30af1,29,#2B271F
8d39d5577702b4c30af1,0, #DFDCD8
8d39d5577702b4c30af1,12, #554631
8d39d5577702b4c30af1,12, #B29773
8d39d5577702b4c30af1,24, #81725E
8d39d5577702b4c30af1,0, #BAB3AA
8d3afba0fc542314277a,26, #C6C0AE
8d3afba0fc542314277a,10, #7F7B6E
8d3afba0fc542314277a,8, #3F3F39
8d3afba0fc542314277a,10, #605D53
8d3afba0fc542314277a,36,#F6F3E7
8d3afba0fc542314277a,8, #A09B8B
8d425f12da11b014328d,5, #B3AE9B
8d425f12da11b014328d,5, #958C78
8d425f12da11b014328d,18,#51442A
8d425f12da11b014328d,62, #251C13
8d425f12da11b014328d,1, #D1C7AB
8d425f12da11b014328d,6, #71654E
8d48c1df2e067152ac0b,58,#141516
8d48c1df2e067152ac0b,3, #A3A099
8d48c1df2e067152ac0b,21, #665C54
8d48c1df2e067152ac0b,0, #C6C5C3
8d48c1df2e067152ac0b,11, #52342C
8d48c1df2e067152ac0b,3, #8B8272
8d4c0d8f763058a21d9a,35,#DEDACF
8d4c0d8f763058a21d9a,15, #9A968C
8d4c0d8f763058a21d9a,24, #F8F5EA
8d4c0d8f763058a21d9a,3, #5C584D
8d4c0d8f763058a21d9a,1, #403D33
8d4c0d8f763058a21d9a,14, #BFBAB0
8d4c0d8f763058a21d9a,4, #757165
8d515b189dad422fc46f,52,#4A2C17
8d515b189dad422fc46f,0, #ACAC9B
8d515b189dad422fc46f,1, #686451
8d515b189dad422fc46f,41, #1C150C
8d515b189dad422fc46f,3, #5C4C2D
8d515b189dad422fc46f,0, #807F6C
8d515b189dad422fc46f,0, #92917E
8d5f8a84530ba5748a4e,6,#D5D2B5
8d5f8a84530ba5748a4e,26, #383125
8d5f8a84530ba5748a4e,20, #BBB58B
8d5f8a84530ba5748a4e,15, #654F37
8d5f8a84530ba5748a4e,21, #776B4B
8d5f8a84530ba5748a4e,10, #948E69
8d63b0aa52d4798ce101,23,#2C2214
8d63b0aa52d4798ce101,14, #A6915F
8d63b0aa52d4798ce101,18, #BFB184
8d63b0aa52d4798ce101,15, #DACC98
8d63b0aa52d4798ce101,15, #7D613F
8d63b0aa52d4798ce101,11, #574428
8d63b0aa52d4798ce101,0, #EFE3B0
8d6cc6acb2f1c31b19c8,16, #C5BAAC
8d6cc6acb2f1c31b19c8,39, #655F57
8d6cc6acb2f1c31b19c8,12,#DDD5CC
8d6cc6acb2f1c31b19c8,3, #464139
8d6cc6acb2f1c31b19c8,13, #847F78
8d6cc6acb2f1c31b19c8,13, #A69B8A
8d712fc91bd1976a98a9,0,#FFFFFE
8d712fc91bd1976a98a9,9, #948E80
8d712fc91bd1976a98a9,5, #6E695E
8d712fc91bd1976a98a9,53, #EDE7D5
8d712fc91bd1976a98a9,26, #C8C0AB
8d712fc91bd1976a98a9,4, #44413C
8d72a345004a251418e0,34,#CECBBD
8d72a345004a251418e0,5, #7C6E5F
8d72a345004a251418e0,2, #5B4233
8d72a345004a251418e0,28, #B6AA94
8d72a345004a251418e0,1, #6C5645
8d72a345004a251418e0,27, #9B8C76
8d79d58897118a8a3e5b,24, #918069
8d79d58897118a8a3e5b,7, #321B0E
8d79d58897118a8a3e5b,8, #CEC5AF
8d79d58897118a8a3e5b,14, #6B543B
8d79d58897118a8a3e5b,5, #4E3622
8d79d58897118a8a3e5b,26,#BCAA8C
8d79d58897118a8a3e5b,13, #EBE7DA
8d7c4444df598b57ab68,3, #C8BCA7
8d7c4444df598b57ab68,0, #F4CD79
8d7c4444df598b57ab68,2, #E9E5E1
8d7c4444df598b57ab68,23, #080705
8d7c4444df598b57ab68,55,#503821
8d7c4444df598b57ab68,8, #8F6F3F
8d7c4444df598b57ab68,6, #AE9976
8d7dc9045561de5493f8,13, #8F897E
8d7dc9045561de5493f8,4, #CEC5B7
8d7dc9045561de5493f8,22, #6C6860
8d7dc9045561de5493f8,24,#E8E0D2
8d7dc9045561de5493f8,4, #FDFAF6
8d7dc9045561de5493f8,10, #AEA79A
8d7dc9045561de5493f8,19, #44433F
8d86b896f9cd308f183d,4, #A9A291
8d86b896f9cd308f183d,0, #4B493C
8d86b896f9cd308f183d,6, #898373
8d86b896f9cd308f183d,5, #696557
8d86b896f9cd308f183d,24, #C9C2B1
8d86b896f9cd308f183d,59,#EDE5D1
8d88070df0409e18c531,10, #918E83
8d88070df0409e18c531,27,#F0EDDD
8d88070df0409e18c531,15, #CFCCBD
8d88070df0409e18c531,12, #48473F
8d88070df0409e18c531,18, #B0ADA0
8d88070df0409e18c531,15, #737167
8d91d3606d2cb9f1ddaa,5, #949084
8d91d3606d2cb9f1ddaa,3, #ECE9E5
8d91d3606d2cb9f1ddaa,7, #555045
8d91d3606d2cb9f1ddaa,7, #BBB5A6
8d91d3606d2cb9f1ddaa,3, #786F55
8d91d3606d2cb9f1ddaa,72,#34322C
8d91d3606d2cb9f1ddaa,0, #D4D1CA
8d955114663df5e6967e,20, #D9D4C8
8d955114663df5e6967e,28,#F7F5EC
8d955114663df5e6967e,10, #5A5A51
8d955114663df5e6967e,11, #ADA99F
8d955114663df5e6967e,18, #393A33
8d955114663df5e6967e,10, #7F7D73
8d98fb561bcae4207a07,8, #8D6455
8d98fb561bcae4207a07,10, #A68575
8d98fb561bcae4207a07,5, #494A48
8d98fb561bcae4207a07,61,#F7F2E9
8d98fb561bcae4207a07,6, #DBC6B4
8d98fb561bcae4207a07,8, #B6A18F
8d99740af5cefbffd101,12, #696352
8d99740af5cefbffd101,9,#0B0601
8d99740af5cefbffd101,0, #C5B99F
8d99740af5cefbffd101,60, #39291F
8d99740af5cefbffd101,9, #9E8E75
8d99740af5cefbffd101,8, #474844
8d9d8401217278e07231,37, #AFAB95
8d9d8401217278e07231,6,#F2F1E5
8d9d8401217278e07231,21, #D3D1BD
8d9d8401217278e07231,14, #26221E
8d9d8401217278e07231,12, #5D5A4F
8d9d8401217278e07231,7, #858173
8d9f66bd2a64e19618ab,5,#F8F6E6
8d9f66bd2a64e19618ab,28, #676B61
8d9f66bd2a64e19618ab,7, #D3CEBA
8d9f66bd2a64e19618ab,23, #98988C
8d9f66bd2a64e19618ab,19, #161A16
8d9f66bd2a64e19618ab,14, #393F38
8da02de9270787aeaaf1,0, #15110E
8da02de9270787aeaaf1,18, #D5CDA9
8da02de9270787aeaaf1,9, #8C8565
8da02de9270787aeaaf1,26,#AFA885
8da02de9270787aeaaf1,4, #473F30
8da02de9270787aeaaf1,24, #EEE7C2
8da02de9270787aeaaf1,15, #716A51
8daa69a55b5f4770f768,31, #634E36
8daa69a55b5f4770f768,4,#0E0E0B
8daa69a55b5f4770f768,37, #3D241B
8daa69a55b5f4770f768,2, #B09C6B
8daa69a55b5f4770f768,6, #D9C599
8daa69a55b5f4770f768,17, #897B5B
8daf52c088bc14da5fa7,52,#B7B0A1
8daf52c088bc14da5fa7,4, #745B4B
8daf52c088bc14da5fa7,3, #3F2E23
8daf52c088bc14da5fa7,13, #DAD5C8
8daf52c088bc14da5fa7,1, #5A4638
8daf52c088bc14da5fa7,2, #807569
8daf52c088bc14da5fa7,21, #9A8B7B
8db879b2eb8214aadf7a,83,#F3F0E1
8db879b2eb8214aadf7a,0, #928F85
8db879b2eb8214aadf7a,13, #E5DFCC
8db879b2eb8214aadf7a,0, #FEFEF8
8db879b2eb8214aadf7a,0, #B5AE9C
8db879b2eb8214aadf7a,1, #CDC7B4
8db879b2eb8214aadf7a,0, #595A56
8dbb25e1a7ed3e2cc26b,9, #BCB49C
8dbb25e1a7ed3e2cc26b,1, #7B7765
8dbb25e1a7ed3e2cc26b,14, #DFD6BB
8dbb25e1a7ed3e2cc26b,0, #5C5748
8dbb25e1a7ed3e2cc26b,0, #FEFEF8
8dbb25e1a7ed3e2cc26b,72,#F3EEDD
8dbb25e1a7ed3e2cc26b,2, #999484
8dbc567142d0b35b0c37,0,#5C5A55
8dbc567142d0b35b0c37,1, #6E582B
8dbc567142d0b35b0c37,3, #4C4332
8dbc567142d0b35b0c37,91, #18140D
8dbc567142d0b35b0c37,3, #9D844C
8dbc567142d0b35b0c37,0, #BBA265
8dbd4c3f8699f192e0f0,1,#FDFCF3
8dbd4c3f8699f192e0f0,4, #3C3B39
8dbd4c3f8699f192e0f0,12, #716F6B
8dbd4c3f8699f192e0f0,25, #BEBCB5
8dbd4c3f8699f192e0f0,17, #95938E
8dbd4c3f8699f192e0f0,38, #E4E2DA
8dd3027d6facc3e9fe30,28, #2F3128
8dd3027d6facc3e9fe30,17, #5B5E4C
8dd3027d6facc3e9fe30,15, #8D7753
8dd3027d6facc3e9fe30,14, #724525
8dd3027d6facc3e9fe30,4, #A9A690
8dd3027d6facc3e9fe30,19,#15150D
8dda2c473345e528c39c,4, #565142
8dda2c473345e528c39c,10, #827D68
8dda2c473345e528c39c,18, #A09A88
8dda2c473345e528c39c,26, #CABC9E
8dda2c473345e528c39c,40,#F0E9D5
8dda2c473345e528c39c,0, #2B281F
8ddac72fa2fed58b7fff,2, #9F8E53
8ddac72fa2fed58b7fff,13, #4D3F22
8ddac72fa2fed58b7fff,9, #71592F
8ddac72fa2fed58b7fff,3, #292618
8ddac72fa2fed58b7fff,8, #7E744B
8ddac72fa2fed58b7fff,56,#C3BF9E
8ddac72fa2fed58b7fff,5, #BDAC70
8de71ecf0ffe1933cdde,27, #9E9784
8de71ecf0ffe1933cdde,4,#FBF8F2
8de71ecf0ffe1933cdde,38, #79746B
8de71ecf0ffe1933cdde,5, #BBB197
8de71ecf0ffe1933cdde,15, #E5DCC1
8de71ecf0ffe1933cdde,8, #514E45
8deba7641c5fc605c395,3, #FAF8F4
8deba7641c5fc605c395,18, #B29F87
8deba7641c5fc605c395,17, #9F6951
8deba7641c5fc605c395,13, #E7E0CD
8deba7641c5fc605c395,0, #809191
8deba7641c5fc605c395,16, #5F5950
8deba7641c5fc605c395,30,#CABEA4
8decca4953b9cda45be2,74,#E0D5BE
8decca4953b9cda45be2,1, #696150
8decca4953b9cda45be2,9, #8E826B
8decca4953b9cda45be2,0, #FBF9EB
8decca4953b9cda45be2,9, #BCAF95
8decca4953b9cda45be2,1, #554838
8decca4953b9cda45be2,2, #312618
8df3dbc102ea9128a437,8, #A09789
8df3dbc102ea9128a437,9, #877661
8df3dbc102ea9128a437,39, #C6BDA8
8df3dbc102ea9128a437,32,#F2EEE3
8df3dbc102ea9128a437,3, #442F1E
8df3dbc102ea9128a437,6, #665139
8e029b21e7bc4cd20ca8,29,#B0B5AF
8e029b21e7bc4cd20ca8,16, #8D8D7D
8e029b21e7bc4cd20ca8,44, #CAD1D1
8e029b21e7bc4cd20ca8,1, #222D2F
8e029b21e7bc4cd20ca8,4, #58594F
8e029b21e7bc4cd20ca8,3, #ECEEE5
8e045678455cd7618f15,3, #333129
8e045678455cd7618f15,17, #756F60
8e045678455cd7618f15,16, #4E4A3F
8e045678455cd7618f15,22,#E6E1CD
8e045678455cd7618f15,14, #C2BBA7
8e045678455cd7618f15,14, #A19B8A
8e045678455cd7618f15,11, #F9F9F4
8e06e728f199b1626efd,21, #C0BCAE
8e06e728f199b1626efd,52,#EAE6D6
8e06e728f199b1626efd,10, #99978A
8e06e728f199b1626efd,0, #2E2E27
8e06e728f199b1626efd,9, #6F6D62
8e06e728f199b1626efd,5, #46463D
8e129333ffb924889ba4,50,#EDEAD9
8e129333ffb924889ba4,10, #B9B189
8e129333ffb924889ba4,5, #2C2013
8e129333ffb924889ba4,7, #D1CCA6
8e129333ffb924889ba4,8, #6F6041
8e129333ffb924889ba4,5, #504029
8e129333ffb924889ba4,12, #968D6F
8e12ae8cdf587d96ab33,21,#F0EFE7
8e12ae8cdf587d96ab33,20, #292820
8e12ae8cdf587d96ab33,5, #C7C7BF
8e12ae8cdf587d96ab33,8, #A6A69F
8e12ae8cdf587d96ab33,27, #56564D
8e12ae8cdf587d96ab33,16, #87877F
8e16bb44378c2aff3f0d,1, #FBFBF9
8e16bb44378c2aff3f0d,26, #CDC3A5
8e16bb44378c2aff3f0d,0, #9E9482
8e16bb44378c2aff3f0d,0, #88795C
8e16bb44378c2aff3f0d,62,#E2DCC9
8e16bb44378c2aff3f0d,1, #BCAF90
8e16bb44378c2aff3f0d,6, #F2EEDF
8e1d404baf5218664de5,2, #918273
8e1d404baf5218664de5,20, #504635
8e1d404baf5218664de5,4, #746552
8e1d404baf5218664de5,1, #B7A58E
8e1d404baf5218664de5,0, #E2DCCE
8e1d404baf5218664de5,0, #CDC0A7
8e1d404baf5218664de5,69,#28231B
8e255654befea37dff0a,8, #8F8982
8e255654befea37dff0a,25, #D3CEBE
8e255654befea37dff0a,3, #B6B0A3
8e255654befea37dff0a,12, #4A4441
8e255654befea37dff0a,15, #69625E
8e255654befea37dff0a,34,#EDE7D4
8e255654befea37dff0a,1, #2C2725
8e2fb6f1b4780776b2a6,22, #CAC8BA
8e2fb6f1b4780776b2a6,7, #7B7A8C
8e2fb6f1b4780776b2a6,39,#B3AF9C
8e2fb6f1b4780776b2a6,5, #8E8E9B
8e2fb6f1b4780776b2a6,0, #474552
8e2fb6f1b4780776b2a6,0, #6F6B66
8e2fb6f1b4780776b2a6,23, #DCDDD8
8e36a5b9da1ad81c7f22,14, #C1B69C
8e36a5b9da1ad81c7f22,16, #413731
8e36a5b9da1ad81c7f22,15, #6C5F53
8e36a5b9da1ad81c7f22,12, #201917
8e36a5b9da1ad81c7f22,13, #DBD4B8
8e36a5b9da1ad81c7f22,19,#968C7E
8e36a5b9da1ad81c7f22,7, #F6F5ED
8e37414d2f74e4e8f9a0,8, #988443
8e37414d2f74e4e8f9a0,3, #C2B577
8e37414d2f74e4e8f9a0,15, #875E40
8e37414d2f74e4e8f9a0,7, #A7965D
8e37414d2f74e4e8f9a0,30, #684A34
8e37414d2f74e4e8f9a0,0, #D2CB98
8e37414d2f74e4e8f9a0,33,#332B1F
8e4d155bc9306469fd30,11, #989489
8e4d155bc9306469fd30,47,#DFDBCB
8e4d155bc9306469fd30,13, #F6F1E1
8e4d155bc9306469fd30,1, #5E5B51
8e4d155bc9306469fd30,2, #78746A
8e4d155bc9306469fd30,24, #C4BEAF
8e4d155bc9306469fd30,0, #46433A
8e51171dd67d663be257,2, #F5F0E0
8e51171dd67d663be257,27,#BBB6A5
8e51171dd67d663be257,16, #4B4246
8e51171dd67d663be257,10, #6F6969
8e51171dd67d663be257,26, #D5CDBA
8e51171dd67d663be257,3, #30262A
8e51171dd67d663be257,12, #979187
8e5205ddeb5d4a91bf34,5, #58442F
8e5205ddeb5d4a91bf34,19, #8B7451
8e5205ddeb5d4a91bf34,38, #E0D6B7
8e5205ddeb5d4a91bf34,5,#F9F7EC
8e5205ddeb5d4a91bf34,17, #CABB98
8e5205ddeb5d4a91bf34,13, #A19782
8e531381c22f0d8fbd05,27, #4F3A30
8e531381c22f0d8fbd05,30, #C9C0AA
8e531381c22f0d8fbd05,2, #857961
8e531381c22f0d8fbd05,31,#F5F4EF
8e531381c22f0d8fbd05,5, #180C09
8e531381c22f0d8fbd05,3, #A59B7F
8e5647f290fb57286594,21, #A89C81
8e5647f290fb57286594,0, #382719
8e5647f290fb57286594,49,#E5D5B2
8e5647f290fb57286594,3, #594831
8e5647f290fb57286594,6, #C4B99F
8e5647f290fb57286594,18, #7F7058
8e57b7ea474c69f1dee7,9, #D3CEBF
8e57b7ea474c69f1dee7,51,#EBE8DD
8e57b7ea474c69f1dee7,1, #434138
8e57b7ea474c69f1dee7,11, #908B7E
8e57b7ea474c69f1dee7,11, #B0AB9A
8e57b7ea474c69f1dee7,14, #6B6758
8e57b7ea474c69f1dee7,0, #FEFEFE
8e58e84d8498669445b7,3, #91867B
8e58e84d8498669445b7,4, #2C211B
8e58e84d8498669445b7,3, #4B3D34
8e58e84d8498669445b7,10, #6C5F55
8e58e84d8498669445b7,63,#DCD2BB
8e58e84d8498669445b7,13, #B9B09E
8e5b86b1a654c7518546,1,#F8F2E1
8e5b86b1a654c7518546,7, #817266
8e5b86b1a654c7518546,19, #E1D7C9
8e5b86b1a654c7518546,19, #524840
8e5b86b1a654c7518546,37, #C1B7A6
8e5b86b1a654c7518546,14, #9F9081
8e5cd49e649b7bc4e63f,27, #FAF7F2
8e5cd49e649b7bc4e63f,3, #403C35
8e5cd49e649b7bc4e63f,8, #868076
8e5cd49e649b7bc4e63f,5, #A7A196
8e5cd49e649b7bc4e63f,6, #656056
8e5cd49e649b7bc4e63f,37,#E0D9CE
8e5cd49e649b7bc4e63f,9, #BEB8AE
8e6258639bf435147c03,7,#F3F2EE
8e6258639bf435147c03,7, #816E58
8e6258639bf435147c03,11, #65503E
8e6258639bf435147c03,11, #A89C83
8e6258639bf435147c03,46, #CEC8B4
8e6258639bf435147c03,15, #483224
8e6710875ce098091a26,15, #8B8876
8e6710875ce098091a26,7, #45463C
8e6710875ce098091a26,45, #D8CEB6
8e6710875ce098091a26,11, #6A6A5A
8e6710875ce098091a26,14, #B1AA94
8e6710875ce098091a26,5,#F4F0E5
8e6a32be2008b6ea645b,12, #A59E8D
8e6a32be2008b6ea645b,2, #614F39
8e6a32be2008b6ea645b,8, #F5F5F1
8e6a32be2008b6ea645b,8, #91846C
8e6a32be2008b6ea645b,48,#C4C1AF
8e6a32be2008b6ea645b,5, #DFDED5
8e6a32be2008b6ea645b,13, #776750
8e6c1e120d63da3b8495,1, #EADB9A
8e6c1e120d63da3b8495,23, #9F8357
8e6c1e120d63da3b8495,13, #C1AE71
8e6c1e120d63da3b8495,5, #17181C
8e6c1e120d63da3b8495,27, #6D5E46
8e6c1e120d63da3b8495,28,#3E3832
8e6d6fa2ce947a070288,6, #483F3A
8e6d6fa2ce947a070288,5, #9F978B
8e6d6fa2ce947a070288,2, #C8BCA0
8e6d6fa2ce947a070288,2, #241D1A
8e6d6fa2ce947a070288,5, #766C61
8e6d6fa2ce947a070288,0, #F1ECDB
8e6d6fa2ce947a070288,76,#DDD5BF
8e785932cd517872f022,1, #C6C4B9
8e785932cd517872f022,82,#FBF9F2
8e785932cd517872f022,4, #676560
8e785932cd517872f022,1, #7E7B76
8e785932cd517872f022,2, #9A9891
8e785932cd517872f022,2, #4C4A45
8e785932cd517872f022,4, #E4E1D3
8e7c85fac23057c169b5,1, #97816B
8e7c85fac23057c169b5,3, #C9B69D
8e7c85fac23057c169b5,0,#7F6048
8e7c85fac23057c169b5,2, #B7A086
8e7c85fac23057c169b5,40, #F8EFD8
8e7c85fac23057c169b5,51, #DED0B8
8e8947656668cdcfadfe,0, #4A473A
8e8947656668cdcfadfe,26, #DAD2BC
8e8947656668cdcfadfe,2, #9E9682
8e8947656668cdcfadfe,2, #89806B
8e8947656668cdcfadfe,6, #BDB39D
8e8947656668cdcfadfe,58,#F8F6EB
8e8947656668cdcfadfe,1, #6B6553
8e8dcf04df00edff5ea0,11, #A6A094
8e8dcf04df00edff5ea0,15, #635F58
8e8dcf04df00edff5ea0,10, #C4BDAE
8e8dcf04df00edff5ea0,15, #37352F
8e8dcf04df00edff5ea0,13, #8B867C
8e8dcf04df00edff5ea0,32,#EAE3D2
8e92c5125466ffbd3f6a,51, #CFC6A3
8e92c5125466ffbd3f6a,17, #816B46
8e92c5125466ffbd3f6a,13, #523E26
8e92c5125466ffbd3f6a,5, #A68E5E
8e92c5125466ffbd3f6a,5, #302418
8e92c5125466ffbd3f6a,6,#BFAC7E
8e9e41e91c9627bca3c7,15, #918B80
8e9e41e91c9627bca3c7,29, #BBB4A6
8e9e41e91c9627bca3c7,6, #3A3732
8e9e41e91c9627bca3c7,26, #69645B
8e9e41e91c9627bca3c7,19, #E2DCCC
8e9e41e91c9627bca3c7,1,#FBFAF5
8ea18a60a7cbecb1d556,0,#423E34
8ea18a60a7cbecb1d556,7, #7C766B
8ea18a60a7cbecb1d556,49, #EAE4D8
8ea18a60a7cbecb1d556,0, #585449
8ea18a60a7cbecb1d556,23, #C0B9AE
8ea18a60a7cbecb1d556,18, #A09A8F
8ea54567af6eedd6b736,17, #938C80
8ea54567af6eedd6b736,17, #736D64
8ea54567af6eedd6b736,23, #B3AA9A
8ea54567af6eedd6b736,27, #D1C6B1
8ea54567af6eedd6b736,12, #47433E
8ea54567af6eedd6b736,1,#F4E4CA
8eb2ce5110788dc0c596,37,#17120D
8eb2ce5110788dc0c596,0, #A49A7C
8eb2ce5110788dc0c596,9, #7B5D40
8eb2ce5110788dc0c596,2, #937C60
8eb2ce5110788dc0c596,34, #36291C
8eb2ce5110788dc0c596,16, #503D29
8eb5189a511ad5a5131b,5, #949185
8eb5189a511ad5a5131b,20, #D6CEBC
8eb5189a511ad5a5131b,51,#F8F4E7
8eb5189a511ad5a5131b,7, #706D62
8eb5189a511ad5a5131b,1, #535046
8eb5189a511ad5a5131b,14, #B4AFA1
8ec17d1beabb71ae943f,0, #CCA836
8ec17d1beabb71ae943f,2, #B18322
8ec17d1beabb71ae943f,31, #050202
8ec17d1beabb71ae943f,2, #845211
8ec17d1beabb71ae943f,49,#2A0E03
8ec17d1beabb71ae943f,1, #996617
8ec17d1beabb71ae943f,13, #5E2A09
8ec6b1ec5de44e83ca3b,3, #BAAD98
8ec6b1ec5de44e83ca3b,2, #9D8D79
8ec6b1ec5de44e83ca3b,3, #766959
8ec6b1ec5de44e83ca3b,19,#453E32
8ec6b1ec5de44e83ca3b,67, #1F1C15
8ec6b1ec5de44e83ca3b,3, #BDC0BA
8ec77c455dd05e8ac204,0,#917E50
8ec77c455dd05e8ac204,20, #AB9F73
8ec77c455dd05e8ac204,9, #725E35
8ec77c455dd05e8ac204,16, #242016
8ec77c455dd05e8ac204,11, #7D8177
8ec77c455dd05e8ac204,41, #4F422A
8ed5aff6f86ea4ee38b5,14, #584933
8ed5aff6f86ea4ee38b5,3, #E4D8B5
8ed5aff6f86ea4ee38b5,33, #A39161
8ed5aff6f86ea4ee38b5,12, #8D7443
8ed5aff6f86ea4ee38b5,35, #D9C06E
8ed5aff6f86ea4ee38b5,1,#272320
8ed5fe75e702ef322dfa,18, #75756A
8ed5fe75e702ef322dfa,32, #999787
8ed5fe75e702ef322dfa,4,#CBC6B1
8ed5fe75e702ef322dfa,26, #B3AF9B
8ed5fe75e702ef322dfa,9, #53554D
8ed5fe75e702ef322dfa,7, #32342F
8ed773338ebe42b775d2,0, #C2B393
8ed773338ebe42b775d2,1, #7D6D4C
8ed773338ebe42b775d2,1, #9B8E6A
8ed773338ebe42b775d2,8, #463922
8ed773338ebe42b775d2,17, #312313
8ed773338ebe42b775d2,68,#130E09
8ed773338ebe42b775d2,3, #694F2F
8edff9ae14725cf0a5ba,28, #5F5B3F
8edff9ae14725cf0a5ba,6, #BEB08B
8edff9ae14725cf0a5ba,34,#211E19
8edff9ae14725cf0a5ba,1, #D4CAAC
8edff9ae14725cf0a5ba,18, #858359
8edff9ae14725cf0a5ba,0, #EAE4CD
8edff9ae14725cf0a5ba,9, #88A093
8ee317992daccbc9f0a2,6, #A59A8C
8ee317992daccbc9f0a2,25, #F8F5EC
8ee317992daccbc9f0a2,0, #514943
8ee317992daccbc9f0a2,1, #897F73
8ee317992daccbc9f0a2,3, #6F665C
8ee317992daccbc9f0a2,49,#DAD0BD
8ee317992daccbc9f0a2,12, #C0B5A5
8ee77a1427fd986fe430,12, #97907F
8ee77a1427fd986fe430,14, #676051
8ee77a1427fd986fe430,17, #BAB09A
8ee77a1427fd986fe430,7, #817968
8ee77a1427fd986fe430,28,#E3DAC2
8ee77a1427fd986fe430,9, #FBF9F3
8ee77a1427fd986fe430,9, #423E34
8ee9cd4af3b7abb3ae73,5, #DAD4BB
8ee9cd4af3b7abb3ae73,4, #514F46
8ee9cd4af3b7abb3ae73,33,#B9B19A
8ee9cd4af3b7abb3ae73,32, #928D7B
8ee9cd4af3b7abb3ae73,14, #6D695B
8ee9cd4af3b7abb3ae73,8, #EBE9D7
8ee9cd4af3b7abb3ae73,0, #FEFEF9
8eee40a67c261acad5e6,5, #675D55
8eee40a67c261acad5e6,20, #DCD1BE
8eee40a67c261acad5e6,34,#BEB2A1
8eee40a67c261acad5e6,20, #9F9385
8eee40a67c261acad5e6,4, #F8F1DD
8eee40a67c261acad5e6,14, #85796E
8eee40a67c261acad5e6,0, #4D443F
8ef1c3c709a70e0f77fd,10, #E4E7E6
8ef1c3c709a70e0f77fd,8,#4E4F4B
8ef1c3c709a70e0f77fd,5, #6F716D
8ef1c3c709a70e0f77fd,9, #8F918D
8ef1c3c709a70e0f77fd,62, #1C1C1A
8ef1c3c709a70e0f77fd,3, #B6B9B6
8ef49dfdd3125cb7d82e,3, #493F3A
8ef49dfdd3125cb7d82e,15, #B6B09D
8ef49dfdd3125cb7d82e,13, #DEDAC8
8ef49dfdd3125cb7d82e,0, #2E2520
8ef49dfdd3125cb7d82e,27,#F8F7F1
8ef49dfdd3125cb7d82e,18, #837B70
8ef49dfdd3125cb7d82e,19, #625953
8ef66a381fba061baa10,83, #DCCEB2
8ef66a381fba061baa10,2, #9C917B
8ef66a381fba061baa10,2, #BAAE94
8ef66a381fba061baa10,7, #45423B
8ef66a381fba061baa10,4, #7C7462
8ef66a381fba061baa10,0,#F9ECD0
8ef8081bc67ad8a7b972,0, #242218
8ef8081bc67ad8a7b972,9, #A5A392
8ef8081bc67ad8a7b972,64,#EFEEDD
8ef8081bc67ad8a7b972,18, #CAC8B8
8ef8081bc67ad8a7b972,1, #4E4C3F
8ef8081bc67ad8a7b972,5, #787666
8ef9b4fce9ed6ff0198f,11, #C9BEA8
8ef9b4fce9ed6ff0198f,13, #7C7262
8ef9b4fce9ed6ff0198f,10, #F8F5ED
8ef9b4fce9ed6ff0198f,5, #37312B
8ef9b4fce9ed6ff0198f,11, #A69C8A
8ef9b4fce9ed6ff0198f,9, #584F43
8ef9b4fce9ed6ff0198f,37,#E4D9C3
8f0d2e785a9fc95e51eb,7,#D7D0B3
8f0d2e785a9fc95e51eb,0, #564F3F
8f0d2e785a9fc95e51eb,17, #B8AD8D
8f0d2e785a9fc95e51eb,11, #8C8369
8f0d2e785a9fc95e51eb,61, #F4F1DC
8f0d2e785a9fc95e51eb,2, #6E634F
8f133d9e4cbcb0b25ee7,15, #2F2A18
8f133d9e4cbcb0b25ee7,29,#5F5236
8f133d9e4cbcb0b25ee7,25, #9D7851
8f133d9e4cbcb0b25ee7,5, #E1D6A8
8f133d9e4cbcb0b25ee7,1, #0C0A02
8f133d9e4cbcb0b25ee7,3, #FCF9E1
8f133d9e4cbcb0b25ee7,18, #BFAD7B
8f1b43ece835f1add6f7,4,#F9F4E8
8f1b43ece835f1add6f7,14, #E3DBC7
8f1b43ece835f1add6f7,22, #A59E92
8f1b43ece835f1add6f7,19, #7E7871
8f1b43ece835f1add6f7,22, #C9C1AF
8f1b43ece835f1add6f7,16, #55504D
8f23a87fae320dfc6f84,28, #9A9281
8f23a87fae320dfc6f84,0, #E9E0CD
8f23a87fae320dfc6f84,20, #766D62
8f23a87fae320dfc6f84,45, #C5BAA6
8f23a87fae320dfc6f84,1,#FCFAF0
8f23a87fae320dfc6f84,3, #585048
8f37c7319e4b3d407f12,7, #675732
8f37c7319e4b3d407f12,3, #786940
8f37c7319e4b3d407f12,26, #7E7760
8f37c7319e4b3d407f12,10,#918F80
8f37c7319e4b3d407f12,13, #4F3A1A
8f37c7319e4b3d407f12,39, #1E140D
8f46f484187e791520e2,0, #857767
8f46f484187e791520e2,10, #E2D4C8
8f46f484187e791520e2,0, #6C5F53
8f46f484187e791520e2,2, #B2A89E
8f46f484187e791520e2,3, #CBC0B6
8f46f484187e791520e2,81,#FAF5EB
8f46f484187e791520e2,1, #A8937F
8f5cabf347ce24f73acf,40, #504A30
8f5cabf347ce24f73acf,1, #928B6E
8f5cabf347ce24f73acf,36, #2B2519
8f5cabf347ce24f73acf,1,#A79E89
8f5cabf347ce24f73acf,17, #79734E
8f5cabf347ce24f73acf,1, #C9BFA4
8f67fc223e070e1ce842,3, #A8A08A
8f67fc223e070e1ce842,30, #2C2A1D
8f67fc223e070e1ce842,1, #C2BDAA
8f67fc223e070e1ce842,18, #524932
8f67fc223e070e1ce842,0, #DAD6C1
8f67fc223e070e1ce842,10, #7A6B52
8f67fc223e070e1ce842,35,#070706
8f6fe39854f89851b74b,2, #37362D
8f6fe39854f89851b74b,31,#EAE8D8
8f6fe39854f89851b74b,17, #7B796D
8f6fe39854f89851b74b,17, #B9B6A8
8f6fe39854f89851b74b,15, #56554B
8f6fe39854f89851b74b,15, #99978B
8f7fb4ac83f1c987ee69,14, #A18D52
8f7fb4ac83f1c987ee69,5, #D7CBA6
8f7fb4ac83f1c987ee69,12, #BCAD82
8f7fb4ac83f1c987ee69,13, #4E3A19
8f7fb4ac83f1c987ee69,24, #7A6633
8f7fb4ac83f1c987ee69,30,#241306
8f85da8582c6b7461e05,15, #C0BA9A
8f85da8582c6b7461e05,50, #9C957C
8f85da8582c6b7461e05,13, #D7D7C1
8f85da8582c6b7461e05,3, #513D28
8f85da8582c6b7461e05,13, #7C684A
8f85da8582c6b7461e05,3,#F6F6EE
8f85f177c7557010c011,11, #878378
8f85f177c7557010c011,56,#ECE8DB
8f85f177c7557010c011,5, #494740
8f85f177c7557010c011,9, #67635A
8f85f177c7557010c011,9, #CEC8B8
8f85f177c7557010c011,7, #AAA597
8f85f177c7557010c011,0, #FEFEFE
8f874e05e947076fbd61,9, #FAF9F5
8f874e05e947076fbd61,10, #5F5A4E
8f874e05e947076fbd61,22, #7E7869
8f874e05e947076fbd61,4, #464238
8f874e05e947076fbd61,25,#DBD5C3
8f874e05e947076fbd61,13, #9A9487
8f874e05e947076fbd61,14, #B8B19F
8f8d596b38678b5d2b32,26, #D9D1BE
8f8d596b38678b5d2b32,4, #575349
8f8d596b38678b5d2b32,1, #7E786B
8f8d596b38678b5d2b32,29,#F6F2E5
8f8d596b38678b5d2b32,21, #9A9485
8f8d596b38678b5d2b32,16, #BAB2A1
8f8fdd7f93c9f87ff598,7, #504846
8f8fdd7f93c9f87ff598,2,#FBF1E1
8f8fdd7f93c9f87ff598,13, #E3D6C4
8f8fdd7f93c9f87ff598,14, #C3BAA8
8f8fdd7f93c9f87ff598,35, #A79E8F
8f8fdd7f93c9f87ff598,26, #7E756C
8f914eafc9d4a8c443a9,47,#CCC5B4
8f914eafc9d4a8c443a9,5, #ACA597
8f914eafc9d4a8c443a9,25, #F7F4EA
8f914eafc9d4a8c443a9,5, #8D877B
8f914eafc9d4a8c443a9,6, #3D3933
8f914eafc9d4a8c443a9,8, #6B665B
8fa56197ef5495f1d1b1,5, #C7C4B1
8fa56197ef5495f1d1b1,9, #929083
8fa56197ef5495f1d1b1,8, #6A695C
8fa56197ef5495f1d1b1,0,#FEFEFD
8fa56197ef5495f1d1b1,73, #E8E8D9
8fa56197ef5495f1d1b1,2, #434238
8fa5b6f62e808cba79aa,1, #4F4C43
8fa5b6f62e808cba79aa,76, #DBD7C9
8fa5b6f62e808cba79aa,17, #BDB7A2
8fa5b6f62e808cba79aa,3, #A0967F
8fa5b6f62e808cba79aa,1, #827967
8fa5b6f62e808cba79aa,0,#26251F
8fb6e41dd6eef14e0cd2,22, #8C7957
8fb6e41dd6eef14e0cd2,2, #6E583A
8fb6e41dd6eef14e0cd2,2,#F6F4EB
8fb6e41dd6eef14e0cd2,36, #DAD4C5
8fb6e41dd6eef14e0cd2,10, #C2B79E
8fb6e41dd6eef14e0cd2,25, #A19988
8fb72ea5636990767037,4, #928E7B
8fb72ea5636990767037,44,#DFD2B7
8fb72ea5636990767037,39, #FBF3D6
8fb72ea5636990767037,2, #BDB5A0
8fb72ea5636990767037,4, #646252
8fb72ea5636990767037,3, #3F3E33
8fba009130270051dd03,71, #C8BFA8
8fba009130270051dd03,1, #4E3829
8fba009130270051dd03,9, #978C79
8fba009130270051dd03,4, #685643
8fba009130270051dd03,1, #7E6E5A
8fba009130270051dd03,12,#F4F3EE
8fbbd5a6980a37b1a190,5, #817C6D
8fbbd5a6980a37b1a190,0, #FFFFF7
8fbbd5a6980a37b1a190,8, #625E53
8fbbd5a6980a37b1a190,14, #393832
8fbbd5a6980a37b1a190,39,#EEE9D4
8fbbd5a6980a37b1a190,9, #9C9685
8fbbd5a6980a37b1a190,21, #CAC4AF
8fc8a127cc1dcc3752ec,52,#F7F5ED
8fc8a127cc1dcc3752ec,4, #9B9484
8fc8a127cc1dcc3752ec,16, #7A735F
8fc8a127cc1dcc3752ec,5, #BCB4A0
8fc8a127cc1dcc3752ec,12, #DCD4BF
8fc8a127cc1dcc3752ec,2, #3E392E
8fc8a127cc1dcc3752ec,7, #575041
8fc9f1006adddd8f4f6d,9, #8C8782
8fc9f1006adddd8f4f6d,10, #CAC9BC
8fc9f1006adddd8f4f6d,3, #B0AEA5
8fc9f1006adddd8f4f6d,9, #EFECE2
8fc9f1006adddd8f4f6d,1, #0E0D0B
8fc9f1006adddd8f4f6d,24, #37302A
8fc9f1006adddd8f4f6d,41,#766A4D
8fceb14be34a0fb87761,23,#150C06
8fceb14be34a0fb87761,5, #A08564
8fceb14be34a0fb87761,14, #685134
8fceb14be34a0fb87761,46, #3C2616
8fceb14be34a0fb87761,3, #897456
8fceb14be34a0fb87761,7, #786345
8fcf91ecec42a4346a71,1, #B2895C
8fcf91ecec42a4346a71,18, #696664
8fcf91ecec42a4346a71,54,#4B4237
8fcf91ecec42a4346a71,2, #FAF6EA
8fcf91ecec42a4346a71,11, #25201D
8fcf91ecec42a4346a71,8, #D6CCB0
8fcf91ecec42a4346a71,3, #C1AC84
8fd07dd22742015ae884,4, #3A261C
8fd07dd22742015ae884,4, #F2F2EE
8fd07dd22742015ae884,7, #574439
8fd07dd22742015ae884,8, #9D958D
8fd07dd22742015ae884,16, #796B61
8fd07dd22742015ae884,21, #D2D1C6
8fd07dd22742015ae884,36,#B8B4A7
8fde89d7dea611a3846e,9,#F1EDDA
8fde89d7dea611a3846e,19, #B3AE9C
8fde89d7dea611a3846e,24, #6B685D
8fde89d7dea611a3846e,5, #403F38
8fde89d7dea611a3846e,23, #D5CDB5
8fde89d7dea611a3846e,17, #928E7E
8fe6ce19e5852138eb3c,16, #8B774C
8fe6ce19e5852138eb3c,33, #654D32
8fe6ce19e5852138eb3c,12, #B1A27B
8fe6ce19e5852138eb3c,4, #D1B028
8fe6ce19e5852138eb3c,26,#211D18
8fe6ce19e5852138eb3c,7, #D2C298
8ff4e3154862124f1992,26, #483E1F
8ff4e3154862124f1992,55,#241C09
8ff4e3154862124f1992,10, #746637
8ff4e3154862124f1992,2, #D6C98D
8ff4e3154862124f1992,1, #C2B175
8ff4e3154862124f1992,2, #A79764
8ff8cf13e034b0844dd6,29,#F4F1E6
8ff8cf13e034b0844dd6,10, #5B5448
8ff8cf13e034b0844dd6,9, #787160
8ff8cf13e034b0844dd6,15, #AEA691
8ff8cf13e034b0844dd6,25, #D0C8B2
8ff8cf13e034b0844dd6,6, #918B7C
8ff8cf13e034b0844dd6,2, #413C33
90039d3275b2b3c60c4d,15, #ABAAA1
90039d3275b2b3c60c4d,44, #F8F7ED
90039d3275b2b3c60c4d,14, #D2D1C5
90039d3275b2b3c60c4d,6,#8A8A80
90039d3275b2b3c60c4d,16, #45463F
90039d3275b2b3c60c4d,2, #707067
900b335a696d6262d816,9, #7E7B70
900b335a696d6262d816,0,#FDF8E5
900b335a696d6262d816,8, #615F59
900b335a696d6262d816,29, #B4AD96
900b335a696d6262d816,38, #DCD4BB
900b335a696d6262d816,14, #979382
900efacab8b83499e34f,38, #6A665C
900efacab8b83499e34f,10, #E5DDC8
900efacab8b83499e34f,23, #37352F
900efacab8b83499e34f,11, #C1BAA9
900efacab8b83499e34f,1,#FBF8E7
900efacab8b83499e34f,15, #999486
900f3785e709fe7c8af8,10, #784732
900f3785e709fe7c8af8,4, #B1A073
900f3785e709fe7c8af8,3, #D0C497
900f3785e709fe7c8af8,4, #8E7B52
900f3785e709fe7c8af8,65, #4C3721
900f3785e709fe7c8af8,10,#211708
9018da5c35dbbca93379,11, #4F4F42
9018da5c35dbbca93379,0, #F4F2D9
9018da5c35dbbca93379,10, #DFD7B0
9018da5c35dbbca93379,8, #BDAE86
9018da5c35dbbca93379,16, #706F49
9018da5c35dbbca93379,2, #36362E
9018da5c35dbbca93379,49,#948D62
901cf5168fc352598475,10, #D1CCB8
901cf5168fc352598475,5, #BAB4A2
901cf5168fc352598475,19, #7B786B
901cf5168fc352598475,38,#F5F3E1
901cf5168fc352598475,10, #9E9A8B
901cf5168fc352598475,15, #504E44
90216449a5ae8380fae4,21,#F5F3EB
90216449a5ae8380fae4,12, #4B3E35
90216449a5ae8380fae4,11, #DBD5C2
90216449a5ae8380fae4,9, #8A8071
90216449a5ae8380fae4,16, #241A15
90216449a5ae8380fae4,7, #6A5E52
90216449a5ae8380fae4,20, #B6AD97
9023761e7cab7315b94c,8, #090602
9023761e7cab7315b94c,44,#683F21
9023761e7cab7315b94c,20, #301807
9023761e7cab7315b94c,2, #A66D3B
9023761e7cab7315b94c,7, #7D7647
9023761e7cab7315b94c,5, #BCBD97
9023761e7cab7315b94c,10, #A1976F
90244474d8ac838a710e,20, #BBB4A6
90244474d8ac838a710e,17, #77736C
90244474d8ac838a710e,4, #F8F6F3
90244474d8ac838a710e,13, #363633
90244474d8ac838a710e,10, #969187
90244474d8ac838a710e,20,#E0D6C8
90244474d8ac838a710e,12, #575651
9029d41c48c417a78773,14, #C5C5BC
9029d41c48c417a78773,1, #42453C
9029d41c48c417a78773,31, #E7E6DF
9029d41c48c417a78773,26, #A8A99E
9029d41c48c417a78773,14,#86887D
9029d41c48c417a78773,11, #63665B
902d19a8332d3b918f06,17, #777266
902d19a8332d3b918f06,25, #B2AB97
902d19a8332d3b918f06,9, #4E4B44
902d19a8332d3b918f06,21,#F4EFD7
902d19a8332d3b918f06,9, #918B7C
902d19a8332d3b918f06,16, #D1C8B1
9033605d86e3fd6d401b,16, #A1A09D
9033605d86e3fd6d401b,60, #CBCAC0
9033605d86e3fd6d401b,4, #4F4747
9033605d86e3fd6d401b,8, #817E7D
9033605d86e3fd6d401b,6, #676262
9033605d86e3fd6d401b,4,#F4F3EC
903574492e5e03c874bb,16, #CCC8BC
903574492e5e03c874bb,3, #4D4C46
903574492e5e03c874bb,17, #706D66
903574492e5e03c874bb,8, #B4B1A6
903574492e5e03c874bb,33,#E6E2D3
903574492e5e03c874bb,8, #FCFBEB
903574492e5e03c874bb,11, #9A968D
9035f89786c3ee73723e,16, #725C30
9035f89786c3ee73723e,35,#562A1A
9035f89786c3ee73723e,0, #867657
9035f89786c3ee73723e,4, #9B7A2C
9035f89786c3ee73723e,11, #18100A
9035f89786c3ee73723e,2, #BAA056
9035f89786c3ee73723e,29, #594625
903a250b4777fd5ef502,44, #DDD7CA
903a250b4777fd5ef502,8, #6A665B
903a250b4777fd5ef502,15, #BDB7AA
903a250b4777fd5ef502,27, #999488
903a250b4777fd5ef502,3, #3E3B34
903a250b4777fd5ef502,1,#F7F1E3
904286e860a0a1db1dc8,6,#F4EED6
904286e860a0a1db1dc8,10, #C4B99F
904286e860a0a1db1dc8,4, #54412E
904286e860a0a1db1dc8,36, #695944
904286e860a0a1db1dc8,24, #7D725F
904286e860a0a1db1dc8,17, #998D77
9045ca752526525c8a38,1, #3A3933
9045ca752526525c8a38,18,#F7F6EF
9045ca752526525c8a38,12, #736F64
9045ca752526525c8a38,44, #D4CEC3
9045ca752526525c8a38,17, #A39E93
9045ca752526525c8a38,5, #57544B
904a2fbeb8ad5fc3688a,7, #413931
904a2fbeb8ad5fc3688a,22, #827C70
904a2fbeb8ad5fc3688a,20, #5E564C
904a2fbeb8ad5fc3688a,7, #E7E5D2
904a2fbeb8ad5fc3688a,9, #A4A194
904a2fbeb8ad5fc3688a,27,#C3C0AC
904a2fbeb8ad5fc3688a,6, #201A13
904d5ad2b08085d389b0,63,#423C2A
904d5ad2b08085d389b0,1, #AB9168
904d5ad2b08085d389b0,20, #252014
904d5ad2b08085d389b0,0, #B8AE81
904d5ad2b08085d389b0,0, #77786B
904d5ad2b08085d389b0,8, #625D4E
904d5ad2b08085d389b0,5, #8D714D
90574d2c163f6ab68ed2,0, #35251C
90574d2c163f6ab68ed2,80, #D2CEBC
90574d2c163f6ab68ed2,2, #574538
90574d2c163f6ab68ed2,2,#F9F9F7
90574d2c163f6ab68ed2,6, #7A697A
90574d2c163f6ab68ed2,7, #9E959B
90582fb29d9242b3f5d9,4, #D5C79D
90582fb29d9242b3f5d9,11, #A49673
90582fb29d9242b3f5d9,22, #81724E
90582fb29d9242b3f5d9,1, #F9F5D7
90582fb29d9242b3f5d9,44, #1E1B12
90582fb29d9242b3f5d9,16,#564931
905a29fb3856218d67b6,14,#251A12
905a29fb3856218d67b6,0, #040201
905a29fb3856218d67b6,18, #888272
905a29fb3856218d67b6,6, #EAE3C4
905a29fb3856218d67b6,12, #C3B58E
905a29fb3856218d67b6,48, #695B41
905ba42c6817a7c3cd24,0, #FEFEFE
905ba42c6817a7c3cd24,16, #7A7365
905ba42c6817a7c3cd24,17, #4C483F
905ba42c6817a7c3cd24,10, #B8B09D
905ba42c6817a7c3cd24,16, #F0EBDD
905ba42c6817a7c3cd24,6, #9C9588
905ba42c6817a7c3cd24,30,#D7CEBB
905c945ae15410c82606,19, #CBC189
905c945ae15410c82606,6, #776F44
905c945ae15410c82606,10, #534D28
905c945ae15410c82606,28,#E3DEA9
905c945ae15410c82606,2, #A69861
905c945ae15410c82606,9, #121108
905c945ae15410c82606,23, #302D14
905f99c3acffd92e74aa,7, #826C44
905f99c3acffd92e74aa,20, #352718
905f99c3acffd92e74aa,12, #6E3115
905f99c3acffd92e74aa,16, #635437
905f99c3acffd92e74aa,40,#16130D
905f99c3acffd92e74aa,2, #A68F5F
9066884a07066b51d044,26,#7D7B6A
9066884a07066b51d044,3, #47463A
9066884a07066b51d044,13, #615F50
9066884a07066b51d044,25, #A4A190
9066884a07066b51d044,12, #C6C3B0
9066884a07066b51d044,1, #F9F6E0
9066884a07066b51d044,17, #E0DCC8
906739b3bcb3f6b21ebe,2, #968984
906739b3bcb3f6b21ebe,2, #74605B
906739b3bcb3f6b21ebe,1, #62524C
906739b3bcb3f6b21ebe,72,#0B0706
906739b3bcb3f6b21ebe,2, #887671
906739b3bcb3f6b21ebe,6, #453A36
906739b3bcb3f6b21ebe,12, #2B201B
907406f786f631de3f37,49, #3A312B
907406f786f631de3f37,11,#23221F
907406f786f631de3f37,3, #8B6F47
907406f786f631de3f37,1, #A58B5F
907406f786f631de3f37,0, #B7A476
907406f786f631de3f37,34, #614F36
907985eca9403020168c,48, #54482F
907985eca9403020168c,4, #9B8C65
907985eca9403020168c,2, #C4B57E
907985eca9403020168c,42, #7C6E4C
907985eca9403020168c,0, #DED4A0
907985eca9403020168c,1,#332E20
908244e2cface94185ef,2, #404039
908244e2cface94185ef,18,#EDEADD
908244e2cface94185ef,8, #A7A599
908244e2cface94185ef,39, #828277
908244e2cface94185ef,23, #595951
908244e2cface94185ef,7, #C8C6B9
908c895dfd9e1f3c9845,1, #FAF9F4
908c895dfd9e1f3c9845,7, #70634F
908c895dfd9e1f3c9845,8, #3A3229
908c895dfd9e1f3c9845,44, #E8E3CB
908c895dfd9e1f3c9845,7,#9A8F78
908c895dfd9e1f3c9845,29, #C5BAA0
908e726f6b5b1cec0b05,5, #4A4441
908e726f6b5b1cec0b05,13,#F6EEDC
908e726f6b5b1cec0b05,21, #D0C8B7
908e726f6b5b1cec0b05,10, #6E6761
908e726f6b5b1cec0b05,28, #AAA297
908e726f6b5b1cec0b05,21, #888077
909189a83af88ab44ce3,8, #5B5135
909189a83af88ab44ce3,0, #C6BA97
909189a83af88ab44ce3,71,#2C2713
909189a83af88ab44ce3,4, #A98B57
909189a83af88ab44ce3,5, #7B5F2B
909189a83af88ab44ce3,4, #BDA577
909189a83af88ab44ce3,5, #957741
9093171c2ee27ef1eeb9,1, #7D7040
9093171c2ee27ef1eeb9,3, #655528
9093171c2ee27ef1eeb9,1, #B9A772
9093171c2ee27ef1eeb9,90,#282416
9093171c2ee27ef1eeb9,0, #9E8B56
9093171c2ee27ef1eeb9,1, #CFC394
9093171c2ee27ef1eeb9,0, #E8DCBA
9093fbfd2e2a8dae2455,81,#F3F0DD
9093fbfd2e2a8dae2455,8, #9B9888
9093fbfd2e2a8dae2455,0, #333024
9093fbfd2e2a8dae2455,4, #737062
9093fbfd2e2a8dae2455,1, #595749
9093fbfd2e2a8dae2455,3, #C9C6B5
9094141f0c4644b11109,6,#F7F5EE
9094141f0c4644b11109,26, #AAA6A0
9094141f0c4644b11109,6, #5E5957
9094141f0c4644b11109,43, #D7D1C7
9094141f0c4644b11109,2, #393735
9094141f0c4644b11109,13, #817C7A
90aea0918017426b27d2,4, #95917F
90aea0918017426b27d2,4, #B1AB94
90aea0918017426b27d2,1, #504C3B
90aea0918017426b27d2,15, #CBC7AF
90aea0918017426b27d2,69,#F3F1DF
90aea0918017426b27d2,4, #77725D
90b6617ad0d2013aed1b,40,#0A0909
90b6617ad0d2013aed1b,8, #282722
90b6617ad0d2013aed1b,35, #8F7E57
90b6617ad0d2013aed1b,9, #6E6242
90b6617ad0d2013aed1b,0, #D3CFAC
90b6617ad0d2013aed1b,6, #543E24
90b804317d9051ba4df3,19, #363630
90b804317d9051ba4df3,15, #6B695F
90b804317d9051ba4df3,12, #BDB8A8
90b804317d9051ba4df3,14,#F8F5EA
90b804317d9051ba4df3,8, #949083
90b804317d9051ba4df3,30, #E1DCC9
90cd35fdb0fe9533740a,62,#2D2611
90cd35fdb0fe9533740a,7, #4F4D31
90cd35fdb0fe9533740a,3, #584316
90cd35fdb0fe9533740a,0, #62685F
90cd35fdb0fe9533740a,3, #867E47
90cd35fdb0fe9533740a,4, #766027
90cd35fdb0fe9533740a,18, #0F0D07
90d37a5651b4d525f869,6, #D4D1AF
90d37a5651b4d525f869,4, #A59C71
90d37a5651b4d525f869,35, #3B382A
90d37a5651b4d525f869,37, #68543F
90d37a5651b4d525f869,4,#1D170C
90d37a5651b4d525f869,12, #7B775B
90d695bef8a8419161a2,14, #D1CEBF
90d695bef8a8419161a2,25, #5C5C4F
90d695bef8a8419161a2,11,#F3F1E7
90d695bef8a8419161a2,8, #A8A596
90d695bef8a8419161a2,30, #373830
90d695bef8a8419161a2,9, #7D7C6E
90d6a430eb422e84fa93,12, #746B53
90d6a430eb422e84fa93,11, #B0A893
90d6a430eb422e84fa93,22, #1D1206
90d6a430eb422e84fa93,10, #684D25
90d6a430eb422e84fa93,25,#3C301C
90d6a430eb422e84fa93,16, #9A937C
90d75d70b9c1ccc591ac,67, #D7D0BA
90d75d70b9c1ccc591ac,4, #4C3925
90d75d70b9c1ccc591ac,2, #9A9282
90d75d70b9c1ccc591ac,14, #BCAF94
90d75d70b9c1ccc591ac,7, #7B684F
90d75d70b9c1ccc591ac,3,#F6F4EA
90df5d0b293276854250,2, #9C9580
90df5d0b293276854250,10, #D8CEB5
90df5d0b293276854250,9, #5B5749
90df5d0b293276854250,1, #BEB59F
90df5d0b293276854250,69,#F5EED3
90df5d0b293276854250,1, #3C392F
90df5d0b293276854250,4, #7A7462
90e1bd06933aee6ec11a,9, #848479
90e1bd06933aee6ec11a,12, #606157
90e1bd06933aee6ec11a,7,#F9F7F3
90e1bd06933aee6ec11a,14, #383931
90e1bd06933aee6ec11a,41, #CFCDC4
90e1bd06933aee6ec11a,14, #AF9E83
90ea5c1d6971a461197d,6, #735F3D
90ea5c1d6971a461197d,41,#241F1B
90ea5c1d6971a461197d,0, #C9BB99
90ea5c1d6971a461197d,23, #A18A6B
90ea5c1d6971a461197d,24, #56442E
90ea5c1d6971a461197d,3, #88724F
90ea5c1d6971a461197d,0, #B3A284
90ec39b81ce496cad1d8,13, #BEB9AD
90ec39b81ce496cad1d8,34, #EDE7DB
90ec39b81ce496cad1d8,4, #4A493E
90ec39b81ce496cad1d8,18, #626153
90ec39b81ce496cad1d8,19, #817E70
90ec39b81ce496cad1d8,9,#9D998A
90ee26c3525f9ef36bf4,12, #898172
90ee26c3525f9ef36bf4,56,#F6F1E3
90ee26c3525f9ef36bf4,2, #D9CFBD
90ee26c3525f9ef36bf4,11, #48443E
90ee26c3525f9ef36bf4,7, #B7AD9C
90ee26c3525f9ef36bf4,10, #676055
90faf4e4a6f3e87af02c,54, #E1D9C8
90faf4e4a6f3e87af02c,14, #686559
90faf4e4a6f3e87af02c,0,#FDF6E4
90faf4e4a6f3e87af02c,7, #BCB5A5
90faf4e4a6f3e87af02c,5, #928E7F
90faf4e4a6f3e87af02c,17, #414138
90fbf9ff923a24d9f621,9, #817A6C
90fbf9ff923a24d9f621,3, #5F584D
90fbf9ff923a24d9f621,1, #45413A
90fbf9ff923a24d9f621,17, #D3CBB7
90fbf9ff923a24d9f621,45,#EFE7D4
90fbf9ff923a24d9f621,22, #A9A292
90ff83172f5baa3cb0f8,14,#EFE6DD
90ff83172f5baa3cb0f8,26, #C9C0B8
90ff83172f5baa3cb0f8,3, #453F3E
90ff83172f5baa3cb0f8,11, #7C7470
90ff83172f5baa3cb0f8,38, #A09992
90ff83172f5baa3cb0f8,4, #605856
9103859ba1daf1d8581f,2, #A79671
9103859ba1daf1d8581f,6, #B7A682
9103859ba1daf1d8581f,1, #725F3C
9103859ba1daf1d8581f,4, #8D7E5F
9103859ba1daf1d8581f,30, #CABB9B
9103859ba1daf1d8581f,0, #554023
9103859ba1daf1d8581f,53,#E4D8BE
910641b76db759a42892,10, #AAA495
910641b76db759a42892,4, #898375
910641b76db759a42892,9, #CBC5B6
910641b76db759a42892,6, #6C6759
910641b76db759a42892,66,#F4F2EA
910641b76db759a42892,3, #444136
91136dfb0da3f531559a,31, #716A63
91136dfb0da3f531559a,1, #CBC8B9
91136dfb0da3f531559a,5, #F2F1E5
91136dfb0da3f531559a,0, #291F17
91136dfb0da3f531559a,39,#8D877F
91136dfb0da3f531559a,21, #4D423C
91136dfb0da3f531559a,0, #B3ACA0
91137286277afd25fd71,3, #47433B
91137286277afd25fd71,7,#F7F2E0
91137286277afd25fd71,11, #686258
91137286277afd25fd71,22, #B9B1A2
91137286277afd25fd71,30, #D7CFBE
91137286277afd25fd71,22, #908A7D
911571d4222bd5b8c75b,4, #423933
911571d4222bd5b8c75b,1,#FEFEFE
911571d4222bd5b8c75b,9, #746B60
911571d4222bd5b8c75b,69, #CDC1B2
911571d4222bd5b8c75b,8, #9E9388
911571d4222bd5b8c75b,7, #EDE5DD
911676e486581790169d,2, #60563E
911676e486581790169d,0, #493D29
911676e486581790169d,36, #BCB59B
911676e486581790169d,44,#EBEADF
911676e486581790169d,8, #D5D1BE
911676e486581790169d,1, #796F56
911676e486581790169d,6, #928D79
912b4fc6f91b3ebebaa5,3, #BCB6A3
912b4fc6f91b3ebebaa5,34,#F7F5E9
912b4fc6f91b3ebebaa5,40, #D7D1BF
912b4fc6f91b3ebebaa5,9, #46433C
912b4fc6f91b3ebebaa5,7, #7B7568
912b4fc6f91b3ebebaa5,4, #A29C8C
912f588bcb6cc8a37558,21, #585252
912f588bcb6cc8a37558,13, #857F79
912f588bcb6cc8a37558,38, #B9B2A4
912f588bcb6cc8a37558,16, #2F2E27
912f588bcb6cc8a37558,9, #E5DECC
912f588bcb6cc8a37558,0,#FDF9EB
913f64689a9a024cbe09,4, #B9B5A5
913f64689a9a024cbe09,10, #625F54
913f64689a9a024cbe09,32,#F6F5EE
913f64689a9a024cbe09,10, #3B3A33
913f64689a9a024cbe09,9, #827F72
913f64689a9a024cbe09,6, #9F9B8D
913f64689a9a024cbe09,24, #D7D2C0
9140ca3f050a0f90b0e1,29, #9E9282
9140ca3f050a0f90b0e1,10, #57493E
9140ca3f050a0f90b0e1,3, #2A1D18
9140ca3f050a0f90b0e1,13, #7C6E60
9140ca3f050a0f90b0e1,7,#EEECE2
9140ca3f050a0f90b0e1,34, #C4BCA3
9151146b0418ec4583ef,52,#452C13
9151146b0418ec4583ef,4, #181108
9151146b0418ec4583ef,5, #A38A3B
9151146b0418ec4583ef,2, #AC9C5F
9151146b0418ec4583ef,15, #6E461F
9151146b0418ec4583ef,20, #7F6A33
9151146b0418ec4583ef,0, #C3B688
9153569fedb5692d61d2,0, #766548
9153569fedb5692d61d2,60,#CEC1A5
9153569fedb5692d61d2,18, #E0D9C5
9153569fedb5692d61d2,5, #F3F1E7
9153569fedb5692d61d2,0, #95938F
9153569fedb5692d61d2,7, #B0A07B
9153569fedb5692d61d2,7, #917F58
9156c3ce6fc8d06f0937,4, #958671
9156c3ce6fc8d06f0937,5, #B0A78F
9156c3ce6fc8d06f0937,83,#DAD2BA
9156c3ce6fc8d06f0937,0, #5F4C32
9156c3ce6fc8d06f0937,1, #8A5B56
9156c3ce6fc8d06f0937,3, #FBF9F2
9156c3ce6fc8d06f0937,0, #392A15
91632c908760eb1f173d,48, #E0D7BF
91632c908760eb1f173d,11,#FAF9F1
91632c908760eb1f173d,2, #554F40
91632c908760eb1f173d,10, #807964
91632c908760eb1f173d,15, #C0B79F
91632c908760eb1f173d,11, #9F9885
916787eff4508404e776,15, #79787B
916787eff4508404e776,19, #282829
916787eff4508404e776,9, #A2A0A4
916787eff4508404e776,8, #525053
916787eff4508404e776,12, #BFBDC2
916787eff4508404e776,34,#EAE8E8
9170c699524f00846b71,15, #635432
9170c699524f00846b71,34,#80724B
9170c699524f00846b71,7, #392E1F
9170c699524f00846b71,36, #98885B
9170c699524f00846b71,0, #874628
9170c699524f00846b71,5, #AF9E70
9175132036b925225715,12, #493E38
9175132036b925225715,54, #B9B4A2
9175132036b925225715,26, #615A55
9175132036b925225715,3, #7F7A73
9175132036b925225715,0,#97938E
9175132036b925225715,0, #DBDACF
91818486f70f6c18e45c,9, #F9F6ED
91818486f70f6c18e45c,12, #A59E8D
91818486f70f6c18e45c,12, #605B4D
91818486f70f6c18e45c,12, #C9C2AF
91818486f70f6c18e45c,41,#E3DDCC
91818486f70f6c18e45c,4, #433F37
91818486f70f6c18e45c,7, #827A6A
9193c2e8f44141bcf294,2, #E4DFD3
9193c2e8f44141bcf294,8, #948465
9193c2e8f44141bcf294,4, #79664A
9193c2e8f44141bcf294,9, #A29987
9193c2e8f44141bcf294,3, #FBF9F6
9193c2e8f44141bcf294,0, #5F4C35
9193c2e8f44141bcf294,70,#CCBFA4
91984954361b9887d872,14, #EAE4CC
91984954361b9887d872,7, #7D6D59
91984954361b9887d872,16, #9B8A71
91984954361b9887d872,14,#BCAB8F
91984954361b9887d872,11, #57493C
91984954361b9887d872,35, #D5CAAC
91991451de41ae18f350,7, #AF9882
91991451de41ae18f350,8, #3C201C
91991451de41ae18f350,11, #775C4F
91991451de41ae18f350,7, #C9B69B
91991451de41ae18f350,15, #5D4137
91991451de41ae18f350,34,#F0E3C7
91991451de41ae18f350,15, #937C6B
919c8c1dde5de37512d8,2, #302F2D
919c8c1dde5de37512d8,16, #97948F
919c8c1dde5de37512d8,25, #BDBAB2
919c8c1dde5de37512d8,32,#F3F0E7
919c8c1dde5de37512d8,18, #726F6B
919c8c1dde5de37512d8,4, #4A4845
919f08076ed6495871f9,20, #EEEDE6
919f08076ed6495871f9,2,#766D61
919f08076ed6495871f9,4, #554E42
919f08076ed6495871f9,5, #9B9482
919f08076ed6495871f9,3, #2F2B23
919f08076ed6495871f9,63, #C8C0AB
91a032bee584135f4f5d,5, #6C563B
91a032bee584135f4f5d,4, #857053
91a032bee584135f4f5d,60, #C8BA99
91a032bee584135f4f5d,12, #9C8D6F
91a032bee584135f4f5d,9,#EDE6C7
91a032bee584135f4f5d,7, #48321B
91a772c460fb481e881d,10, #4B4B4D
91a772c460fb481e881d,36,#D8D7DA
91a772c460fb481e881d,12, #727174
91a772c460fb481e881d,25, #1C1B1C
91a772c460fb481e881d,14, #A2A1A5
91a772c460fb481e881d,0, #CD5044
91b0eb888450f5be19e5,4, #181A15
91b0eb888450f5be19e5,23, #57554A
91b0eb888450f5be19e5,17, #A29678
91b0eb888450f5be19e5,5, #CFC4A4
91b0eb888450f5be19e5,26,#35342B
91b0eb888450f5be19e5,13, #7A6E56
91b0eb888450f5be19e5,8, #B9AD8C
91b40608d5c06fed81a0,34, #B0A893
91b40608d5c06fed81a0,27, #776F66
91b40608d5c06fed81a0,10, #CEC5AF
91b40608d5c06fed81a0,2,#F2EEDB
91b40608d5c06fed81a0,18, #948D7D
91b40608d5c06fed81a0,6, #534C48
91b62f4aeb33cde18324,5, #D3C69A
91b62f4aeb33cde18324,9, #706443
91b62f4aeb33cde18324,7, #B6A87C
91b62f4aeb33cde18324,3, #867B58
91b62f4aeb33cde18324,22, #43432D
91b62f4aeb33cde18324,3, #9C9068
91b62f4aeb33cde18324,47,#1A2116
91ba7464156002654957,5, #8D8B81
91ba7464156002654957,3,#F8F6F2
91ba7464156002654957,32, #D9D5C9
91ba7464156002654957,18, #383A34
91ba7464156002654957,24, #B2AFA4
91ba7464156002654957,16, #65655B
91bf8e8e0eee7bb70899,12, #13110D
91bf8e8e0eee7bb70899,0, #B7B5A8
91bf8e8e0eee7bb70899,4, #8E7B64
91bf8e8e0eee7bb70899,12, #504533
91bf8e8e0eee7bb70899,60,#33281E
91bf8e8e0eee7bb70899,6, #726854
91bf8e8e0eee7bb70899,2, #9B9789
91c1dabd9cb321aa04cf,16, #706C60
91c1dabd9cb321aa04cf,1, #585549
91c1dabd9cb321aa04cf,23,#D8D1C0
91c1dabd9cb321aa04cf,8, #F6F2E2
91c1dabd9cb321aa04cf,17, #888375
91c1dabd9cb321aa04cf,15, #BCB6A6
91c1dabd9cb321aa04cf,16, #A49F90
91ceae6ea31f7a4c4805,15, #544A37
91ceae6ea31f7a4c4805,37, #5B301D
91ceae6ea31f7a4c4805,0, #C6C19E
91ceae6ea31f7a4c4805,1, #827052
91ceae6ea31f7a4c4805,0, #A9A07F
91ceae6ea31f7a4c4805,45,#15130E
91d82e084466dc5c080d,12,#898575
91d82e084466dc5c080d,14, #C8C2B0
91d82e084466dc5c080d,56, #F4EED8
91d82e084466dc5c080d,6, #676355
91d82e084466dc5c080d,4, #47453A
91d82e084466dc5c080d,6, #ABA795
91e4ea732f9c09de307d,20, #D2C7B5
91e4ea732f9c09de307d,24, #5F4B3F
91e4ea732f9c09de307d,40,#E6E0D4
91e4ea732f9c09de307d,6, #B1A090
91e4ea732f9c09de307d,8, #87746E
91e4ea732f9c09de307d,0, #FCF8EE
91e8748164402d3a3a9f,4, #C7B59B
91e8748164402d3a3a9f,31, #928577
91e8748164402d3a3a9f,21, #7D5E43
91e8748164402d3a3a9f,2,#E1D9C1
91e8748164402d3a3a9f,4, #10110E
91e8748164402d3a3a9f,35, #4D3524
91e9aad806ea2dcc93da,83, #E6E0CF
91e9aad806ea2dcc93da,5, #A29C91
91e9aad806ea2dcc93da,2, #3F3C38
91e9aad806ea2dcc93da,5, #C9C4B8
91e9aad806ea2dcc93da,1,#625D54
91e9aad806ea2dcc93da,2, #817D73
91f5049ed005b12ae767,0, #433826
91f5049ed005b12ae767,7, #736752
91f5049ed005b12ae767,1, #FAF6E5
91f5049ed005b12ae767,0, #252011
91f5049ed005b12ae767,69,#E8E1CF
91f5049ed005b12ae767,10, #9C8B71
91f5049ed005b12ae767,10, #CDBDA4
91f5e8813d5468cfb378,7, #CFC8B1
91f5e8813d5468cfb378,8, #857F6E
91f5e8813d5468cfb378,6, #575247
91f5e8813d5468cfb378,73,#F6F2E4
91f5e8813d5468cfb378,1, #393731
91f5e8813d5468cfb378,2, #AEA793
91fc4df4ec51b733ecff,4, #6D665B
91fc4df4ec51b733ecff,8, #A79F90
91fc4df4ec51b733ecff,10, #CCC4B2
91fc4df4ec51b733ecff,4,#8B8477
91fc4df4ec51b733ecff,69, #F1EAD5
91fc4df4ec51b733ecff,1, #413B33
91fdd23e9253fafb6a53,16, #19170B
91fdd23e9253fafb6a53,3, #666B57
91fdd23e9253fafb6a53,18, #6C5123
91fdd23e9253fafb6a53,0, #A37D39
91fdd23e9253fafb6a53,59,#3E3111
91fdd23e9253fafb6a53,0, #B0A764
91fdd23e9253fafb6a53,0, #928F51
91fee517b5214aacc5ae,3, #423F36
91fee517b5214aacc5ae,2,#FAF9F5
91fee517b5214aacc5ae,33, #B5AF9F
91fee517b5214aacc5ae,19, #928D80
91fee517b5214aacc5ae,16, #DBD7C8
91fee517b5214aacc5ae,25, #6B6658
9200b7533cd686014ee6,12, #5A4B3B
9200b7533cd686014ee6,11, #F4F0DC
9200b7533cd686014ee6,15, #382A20
9200b7533cd686014ee6,15, #72644E
9200b7533cd686014ee6,13, #91856A
9200b7533cd686014ee6,9, #AFA589
9200b7533cd686014ee6,23,#CFC8AB
9206cb5a8bfdbd108fee,9, #68655F
9206cb5a8bfdbd108fee,2, #C6BFB4
9206cb5a8bfdbd108fee,48,#E3DBCE
9206cb5a8bfdbd108fee,9, #413F3C
9206cb5a8bfdbd108fee,11, #FBF8F2
9206cb5a8bfdbd108fee,5, #A9A39A
9206cb5a8bfdbd108fee,13, #87827B
920f44c3a41adb69355b,29,#F7F5ED
920f44c3a41adb69355b,3, #403F38
920f44c3a41adb69355b,17, #868270
920f44c3a41adb69355b,16, #626053
920f44c3a41adb69355b,19, #D5D0B9
920f44c3a41adb69355b,14, #A8A492
920f6bdd6a27669077b0,9, #A8A491
920f6bdd6a27669077b0,13, #5F5C4E
920f6bdd6a27669077b0,2, #3B3930
920f6bdd6a27669077b0,32, #CCC7B2
920f6bdd6a27669077b0,13, #878473
920f6bdd6a27669077b0,28,#F3EFD7
92135e71da8fa04fc62e,27, #E9E7E3
92135e71da8fa04fc62e,38, #929293
92135e71da8fa04fc62e,13, #443E36
92135e71da8fa04fc62e,5,#BCBCBE
92135e71da8fa04fc62e,5, #0B0C0C
92135e71da8fa04fc62e,8, #6D6D6F
9214831e1dcda3fee983,5, #67665F
9214831e1dcda3fee983,24,#847B61
9214831e1dcda3fee983,0, #A3A299
9214831e1dcda3fee983,17, #494739
9214831e1dcda3fee983,21, #302817
9214831e1dcda3fee983,24, #685532
9214831e1dcda3fee983,5, #94938C
9218ab38ca555f718a77,0, #CDBFAB
9218ab38ca555f718a77,43, #70584A
9218ab38ca555f718a77,24, #928072
9218ab38ca555f718a77,30, #ECE5D7
9218ab38ca555f718a77,0, #B5A598
9218ab38ca555f718a77,0,#4A433F
92201e611b8acafd11a4,9, #5D5446
92201e611b8acafd11a4,4, #AEA595
92201e611b8acafd11a4,42,#F8F4EC
92201e611b8acafd11a4,10, #352A25
92201e611b8acafd11a4,22, #D3CAB7
92201e611b8acafd11a4,6, #7B7263
92201e611b8acafd11a4,4, #958C7C
9225116980bd0a20de4b,10, #C0B477
9225116980bd0a20de4b,57, #35321C
9225116980bd0a20de4b,5, #A09861
9225116980bd0a20de4b,5, #847E4A
9225116980bd0a20de4b,9,#E2D794
9225116980bd0a20de4b,11, #615D35
9228c96472f96440e032,9, #796D5C
9228c96472f96440e032,17, #998D7B
9228c96472f96440e032,9, #EDE9DA
9228c96472f96440e032,14,#CBC8BC
9228c96472f96440e032,42, #524232
9228c96472f96440e032,6, #BCAE95
923704cbda882ef1e1a3,13, #C7C4AA
923704cbda882ef1e1a3,9, #948669
923704cbda882ef1e1a3,26,#564A31
923704cbda882ef1e1a3,22, #2A2A23
923704cbda882ef1e1a3,10, #7D6C43
923704cbda882ef1e1a3,17, #B1A188
923704cbda882ef1e1a3,0, #3A4B56
923722394717d13dac54,19, #7F623B
923722394717d13dac54,57, #1A231E
923722394717d13dac54,5,#EBE9E4
923722394717d13dac54,6, #A4ADAF
923722394717d13dac54,9, #618A99
923722394717d13dac54,1, #144E66
9248451157d15bca8927,20, #89867B
9248451157d15bca8927,15, #615F56
9248451157d15bca8927,4, #393932
9248451157d15bca8927,17,#D7D4C5
9248451157d15bca8927,21, #B6B3A6
9248451157d15bca8927,21, #F5F3E4
924d2f2d317b1865f94d,4, #1F2522
924d2f2d317b1865f94d,36, #7C7F76
924d2f2d317b1865f94d,16, #454B46
924d2f2d317b1865f94d,23, #E0DBC6
924d2f2d317b1865f94d,5,#FCFAEF
924d2f2d317b1865f94d,13, #B2B2A4
924fc2cf24480f7114f4,70, #D9D2BA
924fc2cf24480f7114f4,4, #8B8573
924fc2cf24480f7114f4,11,#F8F5E7
924fc2cf24480f7114f4,7, #666152
924fc2cf24480f7114f4,3, #3F3D35
924fc2cf24480f7114f4,2, #AEA792
924fec15555d79cee736,20, #8E8C83
924fec15555d79cee736,25, #39372F
924fec15555d79cee736,5,#E0DDCD
924fec15555d79cee736,17, #F9F6EB
924fec15555d79cee736,8, #BDBAB0
924fec15555d79cee736,23, #5F5D53
9255d8503c4ebe93e271,4, #403D33
9255d8503c4ebe93e271,7, #8D8779
9255d8503c4ebe93e271,8, #686356
9255d8503c4ebe93e271,61, #E1D8C6
9255d8503c4ebe93e271,12, #BAAE9B
9255d8503c4ebe93e271,4,#F9F7F2
925b2b7408d35adf460c,25, #84796C
925b2b7408d35adf460c,19, #5B5048
925b2b7408d35adf460c,11,#EEEBDA
925b2b7408d35adf460c,14, #2A1F1B
925b2b7408d35adf460c,19, #A99E93
925b2b7408d35adf460c,9, #D1C7B2
9262f555a81c4700f2a2,5, #AEA99D
9262f555a81c4700f2a2,21,#F1EFE4
9262f555a81c4700f2a2,10, #42423A
9262f555a81c4700f2a2,8, #66645B
9262f555a81c4700f2a2,11, #89867C
9262f555a81c4700f2a2,43, #D0CBBE
92663667ed6b2eee181b,84,#23221D
92663667ed6b2eee181b,12, #594A36
92663667ed6b2eee181b,0, #BEB69C
92663667ed6b2eee181b,1, #756B52
92663667ed6b2eee181b,0, #89816B
92663667ed6b2eee181b,0, #A79C81
92682a7d818528a0c22e,31, #987C4D
92682a7d818528a0c22e,1, #B6B09A
92682a7d818528a0c22e,19, #624E36
92682a7d818528a0c22e,4,#1B170E
92682a7d818528a0c22e,25, #45321E
92682a7d818528a0c22e,15, #8F8C7A
9273d0886212b10bde2e,3, #443F37
9273d0886212b10bde2e,14, #AEA89E
9273d0886212b10bde2e,60,#F4F0E9
9273d0886212b10bde2e,11, #D4CDC2
9273d0886212b10bde2e,2, #645E53
9273d0886212b10bde2e,6, #827C70
9287c284d4414363f4e7,8, #2D2D22
9287c284d4414363f4e7,13, #5D5B4F
9287c284d4414363f4e7,7,#D0CDC1
9287c284d4414363f4e7,10, #ABA99D
9287c284d4414363f4e7,7, #87857A
9287c284d4414363f4e7,52, #F1EFE3
928d0b0d0aef14df532d,14, #9E988D
928d0b0d0aef14df532d,26,#5C5750
928d0b0d0aef14df532d,6, #DAD3C5
928d0b0d0aef14df532d,11, #3A3631
928d0b0d0aef14df532d,19, #BEB7A9
928d0b0d0aef14df532d,0, #F0E8D5
928d0b0d0aef14df532d,20, #7F7A71
92908614d54cc1085e51,10, #6D6959
92908614d54cc1085e51,16, #9A9582
92908614d54cc1085e51,22, #C5BFAA
92908614d54cc1085e51,0,#FCF6DD
92908614d54cc1085e51,1, #49483B
92908614d54cc1085e51,49, #E5DEC8
9295c6700d21d6d39538,73, #281A0D
9295c6700d21d6d39538,21, #583D1C
9295c6700d21d6d39538,0,#D3B97B
9295c6700d21d6d39538,0, #9A7543
9295c6700d21d6d39538,2, #756135
9295c6700d21d6d39538,0, #B19861
92989e33c3a68954dbd2,3, #B9A676
92989e33c3a68954dbd2,23, #9E8A5A
92989e33c3a68954dbd2,20, #644E29
92989e33c3a68954dbd2,3, #271D11
92989e33c3a68954dbd2,14, #453119
92989e33c3a68954dbd2,0, #C8BB91
92989e33c3a68954dbd2,34,#816B3E
929ca0bbb786e2a2022c,8, #726053
929ca0bbb786e2a2022c,80,#412C21
929ca0bbb786e2a2022c,3, #757A67
929ca0bbb786e2a2022c,0, #F7F9F4
929ca0bbb786e2a2022c,1, #BFB9A1
929ca0bbb786e2a2022c,4, #A39981
929ca0bbb786e2a2022c,0, #823632
92a086e60fed1348be11,9, #4B698B
92a086e60fed1348be11,0, #FEFAEE
92a086e60fed1348be11,5, #E9E1D6
92a086e60fed1348be11,21, #7C878E
92a086e60fed1348be11,2, #354F7A
92a086e60fed1348be11,3, #8B9EAA
92a086e60fed1348be11,56,#BDB49F
92a4b83b1091ae32432d,13, #746E60
92a4b83b1091ae32432d,2, #373429
92a4b83b1091ae32432d,18,#F6F1E4
92a4b83b1091ae32432d,18, #989181
92a4b83b1091ae32432d,36, #C8C0AD
92a4b83b1091ae32432d,10, #555044
92a782ca9bc32e7329b7,46, #D4CBB7
92a782ca9bc32e7329b7,14, #938571
92a782ca9bc32e7329b7,12, #706656
92a782ca9bc32e7329b7,3,#F5F2E8
92a782ca9bc32e7329b7,19, #B7A990
92a782ca9bc32e7329b7,4, #363529
92aa66c17eee75fbb29d,20, #292013
92aa66c17eee75fbb29d,7, #564930
92aa66c17eee75fbb29d,5, #C2B695
92aa66c17eee75fbb29d,6, #B2A472
92aa66c17eee75fbb29d,48,#0A0805
92aa66c17eee75fbb29d,10, #847656
92aa66c17eee75fbb29d,0, #D1CDB4
92b6b942c2a97f7f387b,17, #AA9E86
92b6b942c2a97f7f387b,0, #8F6145
92b6b942c2a97f7f387b,9,#877860
92b6b942c2a97f7f387b,13, #654F39
92b6b942c2a97f7f387b,31, #343121
92b6b942c2a97f7f387b,27, #CCC6A8
92c2f71f7663bd007521,12, #CDBFA8
92c2f71f7663bd007521,9,#E1D7C7
92c2f71f7663bd007521,20, #726352
92c2f71f7663bd007521,20, #988C7B
92c2f71f7663bd007521,26, #4E3D2D
92c2f71f7663bd007521,11, #B7AA96
92c965d1651309bb72c7,33, #151512
92c965d1651309bb72c7,6, #AA8743
92c965d1651309bb72c7,18, #665D4E
92c965d1651309bb72c7,0, #DDDEDC
92c965d1651309bb72c7,6,#3F3B2F
92c965d1651309bb72c7,34, #ACA58B
92ccd20e3062f450b3bf,5, #AEA69A
92ccd20e3062f450b3bf,11, #5A544E
92ccd20e3062f450b3bf,2, #3C3835
92ccd20e3062f450b3bf,4,#FCF9F1
92ccd20e3062f450b3bf,12, #878076
92ccd20e3062f450b3bf,64, #DBD1C1
92cff067b45e6cc7a4f4,9, #1F0F0A
92cff067b45e6cc7a4f4,5, #C6BEAB
92cff067b45e6cc7a4f4,1,#F4F1E3
92cff067b45e6cc7a4f4,13, #6E5E51
92cff067b45e6cc7a4f4,11, #968877
92cff067b45e6cc7a4f4,58, #47372E
92d4f17fae733fca41bd,23, #482B1E
92d4f17fae733fca41bd,30,#985617
92d4f17fae733fca41bd,0, #DACFB0
92d4f17fae733fca41bd,16, #0A0A07
92d4f17fae733fca41bd,1, #CFB46E
92d4f17fae733fca41bd,21, #907746
92d4f17fae733fca41bd,7, #5C4F38
92d6414a43a48e2b2920,1, #847351
92d6414a43a48e2b2920,0, #D3CDA2
92d6414a43a48e2b2920,0, #BEB185
92d6414a43a48e2b2920,1, #9B916F
92d6414a43a48e2b2920,61,#1C1712
92d6414a43a48e2b2920,32, #433424
92d6414a43a48e2b2920,1, #615A43
92df4653c1ad3ecd213a,4, #6F5F4F
92df4653c1ad3ecd213a,16, #907F6B
92df4653c1ad3ecd213a,60, #F6F1E1
92df4653c1ad3ecd213a,10, #C08D65
92df4653c1ad3ecd213a,2,#DCD1BA
92df4653c1ad3ecd213a,4, #CFB090
92e30b27ddf840378fc8,27, #796A5C
92e30b27ddf840378fc8,2, #B0A69A
92e30b27ddf840378fc8,3, #958B81
92e30b27ddf840378fc8,39, #514336
92e30b27ddf840378fc8,0,#FDF9EE
92e30b27ddf840378fc8,25, #DAD1C2
92e53b0ebb52a62fe821,13, #333229
92e53b0ebb52a62fe821,13, #545143
92e53b0ebb52a62fe821,2,#FAF8ED
92e53b0ebb52a62fe821,28, #D6CEB8
92e53b0ebb52a62fe821,19, #7F7967
92e53b0ebb52a62fe821,21, #ADA48D
92ea89dc0aed90dab778,0, #B1A77F
92ea89dc0aed90dab778,8, #535444
92ea89dc0aed90dab778,1, #8D8464
92ea89dc0aed90dab778,61,#0E0E08
92ea89dc0aed90dab778,6, #673B21
92ea89dc0aed90dab778,21, #2C2B1F
92f5fbffa05fe7960a7d,3, #9FA59A
92f5fbffa05fe7960a7d,13,#F0ECD9
92f5fbffa05fe7960a7d,36, #41524B
92f5fbffa05fe7960a7d,13, #707D74
92f5fbffa05fe7960a7d,32, #111C14
92f5fbffa05fe7960a7d,1, #C0C0B1
92fd2eb2800d38db0cef,5, #83755D
92fd2eb2800d38db0cef,3, #B2A489
92fd2eb2800d38db0cef,47,#635842
92fd2eb2800d38db0cef,3, #CFCBB7
92fd2eb2800d38db0cef,18, #3D3B35
92fd2eb2800d38db0cef,18, #1D1B15
92fd2eb2800d38db0cef,2, #9A8B73
930140c577565dfcb530,20, #B5B2A2
930140c577565dfcb530,0, #FEFEFB
930140c577565dfcb530,27,#ECE9DC
930140c577565dfcb530,8, #D5D2C2
930140c577565dfcb530,22, #918D7F
930140c577565dfcb530,4, #403F37
930140c577565dfcb530,14, #6B685B
931a7ec09d6a8ec763d7,24, #807B71
931a7ec09d6a8ec763d7,19, #D8D2C1
931a7ec09d6a8ec763d7,32, #ADA79A
931a7ec09d6a8ec763d7,4, #42413A
931a7ec09d6a8ec763d7,2,#F7F4E8
931a7ec09d6a8ec763d7,16, #5F5D54
931ba96ac047e065b875,15, #8F846F
931ba96ac047e065b875,5, #D5CEB6
931ba96ac047e065b875,13, #A39982
931ba96ac047e065b875,19, #7A6D5A
931ba96ac047e065b875,21,#BAB197
931ba96ac047e065b875,25, #615141
931f8ed853bd0e29ec61,6, #9A9487
931f8ed853bd0e29ec61,4, #676255
931f8ed853bd0e29ec61,49,#D1C8BB
931f8ed853bd0e29ec61,8, #B0A89C
931f8ed853bd0e29ec61,7, #867F71
931f8ed853bd0e29ec61,1, #444035
931f8ed853bd0e29ec61,22, #F6EEE2
9325bc18f981ea530b4d,12, #D6D1C5
9325bc18f981ea530b4d,19, #383A32
9325bc18f981ea530b4d,25, #5F6055
9325bc18f981ea530b4d,19, #B9B3A9
9325bc18f981ea530b4d,2,#F3F0E8
9325bc18f981ea530b4d,18, #8D8B7F
9326659327b7cc5429df,5, #544E43
9326659327b7cc5429df,64, #776F5C
9326659327b7cc5429df,13,#F1EDE2
9326659327b7cc5429df,1, #D1C9B4
9326659327b7cc5429df,2, #BBAE8E
9326659327b7cc5429df,12, #9A907B
9326820685c5649ba316,3, #32312A
9326820685c5649ba316,16, #8D8979
9326820685c5649ba316,14, #D3CEBA
9326820685c5649ba316,19,#F2F0E2
9326820685c5649ba316,16, #B1AC9A
9326820685c5649ba316,11, #6D695A
9326820685c5649ba316,17, #504D41
932b3a378cae2923f2fc,0, #FDFDF8
932b3a378cae2923f2fc,37,#D1C8AD
932b3a378cae2923f2fc,9, #5C412D
932b3a378cae2923f2fc,22, #8F8370
932b3a378cae2923f2fc,7, #F1EAD4
932b3a378cae2923f2fc,8, #B4A689
932b3a378cae2923f2fc,13, #745F46
932cc485278efcb40a8d,2, #9A8173
932cc485278efcb40a8d,0, #826A5F
932cc485278efcb40a8d,2, #B4A093
932cc485278efcb40a8d,0,#615750
932cc485278efcb40a8d,86, #F6EDE3
932cc485278efcb40a8d,8, #D5CABE
932d8c19b7362ec11122,75,#EEEAD7
932d8c19b7362ec11122,3, #5B594C
932d8c19b7362ec11122,5, #CCC7B3
932d8c19b7362ec11122,1, #8E8A7A
932d8c19b7362ec11122,10, #34332C
932d8c19b7362ec11122,2, #747061
932d8c19b7362ec11122,0, #ABA695
93314fc58b7a7eefcbb9,0, #A39B89
93314fc58b7a7eefcbb9,44,#31271F
93314fc58b7a7eefcbb9,0, #B6B2A1
93314fc58b7a7eefcbb9,1, #14130E
93314fc58b7a7eefcbb9,6, #877F6A
93314fc58b7a7eefcbb9,32, #563C26
93314fc58b7a7eefcbb9,14, #7A6845
9332d2a65a086976b105,6, #A49695
9332d2a65a086976b105,38,#F3F2ED
9332d2a65a086976b105,2, #0A0A08
9332d2a65a086976b105,0, #8A1F20
9332d2a65a086976b105,1, #CEC4A0
9332d2a65a086976b105,30, #2F282B
9332d2a65a086976b105,20, #63646D
9333000f6c92377e9d6e,6, #464636
9333000f6c92377e9d6e,10, #898773
9333000f6c92377e9d6e,65,#E6E0CB
9333000f6c92377e9d6e,11, #B5B19D
9333000f6c92377e9d6e,0, #252719
9333000f6c92377e9d6e,5, #686755
933314cd6069d95e9268,23, #312C1C
933314cd6069d95e9268,25, #C9C4AC
933314cd6069d95e9268,24,#E9E7D8
933314cd6069d95e9268,9, #685A3A
933314cd6069d95e9268,10, #AAA28A
933314cd6069d95e9268,6, #8A7D5A
9333bc03d822248c42c9,51, #2C2618
9333bc03d822248c42c9,1, #F9EDB7
9333bc03d822248c42c9,0,#AAA58D
9333bc03d822248c42c9,3, #E5CF8C
9333bc03d822248c42c9,42, #957643
9333bc03d822248c42c9,2, #CFAD53
9335909ce9cc8f858c44,0, #1F1C16
9335909ce9cc8f858c44,6, #605950
9335909ce9cc8f858c44,4, #040402
9335909ce9cc8f858c44,28, #AA9F90
9335909ce9cc8f858c44,3, #3F3A38
9335909ce9cc8f858c44,27, #8B837A
9335909ce9cc8f858c44,29,#7A7166
934043b2575bfbb0df6c,5, #D1C9B8
934043b2575bfbb0df6c,0, #FEFDF6
934043b2575bfbb0df6c,14, #EEE5D2
934043b2575bfbb0df6c,37,#888178
934043b2575bfbb0df6c,1, #46403C
934043b2575bfbb0df6c,19, #B0A89B
934043b2575bfbb0df6c,21, #645D56
935aaa12424c76a3faba,8, #8C8374
935aaa12424c76a3faba,2, #615035
935aaa12424c76a3faba,0, #C3A27B
935aaa12424c76a3faba,73,#462B1F
935aaa12424c76a3faba,4, #A3A5A3
935aaa12424c76a3faba,9, #C9C1B1
935ae53cc80aa411696f,15, #BDAE9C
935ae53cc80aa411696f,5,#F1E8D8
935ae53cc80aa411696f,33, #D4CCBC
935ae53cc80aa411696f,15, #A49280
935ae53cc80aa411696f,12, #4F3B30
935ae53cc80aa411696f,17, #856F5D
935c2d6a771401bcf3e0,30, #DFD8C5
935c2d6a771401bcf3e0,15,#FAF8EC
935c2d6a771401bcf3e0,10, #9D998C
935c2d6a771401bcf3e0,8, #444239
935c2d6a771401bcf3e0,16, #BBB6A6
935c2d6a771401bcf3e0,19, #757265
935e702b6c5e7629355b,11, #443D1E
935e702b6c5e7629355b,25, #221E10
935e702b6c5e7629355b,12, #B4AE8A
935e702b6c5e7629355b,7, #665933
935e702b6c5e7629355b,0, #45524A
935e702b6c5e7629355b,7, #746F4C
935e702b6c5e7629355b,36,#7F8D7C
9362aba4426ae102eacd,45,#60442B
9362aba4426ae102eacd,6, #B89B6E
9362aba4426ae102eacd,13, #3D2B1B
9362aba4426ae102eacd,11, #1F170E
9362aba4426ae102eacd,14, #866844
9362aba4426ae102eacd,7, #A28459
9362aba4426ae102eacd,1, #C7B47C
93681e76d7f59992c08e,1, #48473A
93681e76d7f59992c08e,14, #A9A58B
93681e76d7f59992c08e,19, #83806B
93681e76d7f59992c08e,56, #CCC9A7
93681e76d7f59992c08e,0, #EDEAC5
93681e76d7f59992c08e,7,#606052
936c9e8a645552b284e8,0, #EFEAD6
936c9e8a645552b284e8,0, #46433C
936c9e8a645552b284e8,25, #7A7668
936c9e8a645552b284e8,11, #5B584D
936c9e8a645552b284e8,16, #B5B0A0
936c9e8a645552b284e8,30,#D3CEBD
936c9e8a645552b284e8,13, #958F80
9377ca7f01b99c866fa9,0, #FBF9E4
9377ca7f01b99c866fa9,26, #63563A
9377ca7f01b99c866fa9,25, #928668
9377ca7f01b99c866fa9,9, #443724
9377ca7f01b99c866fa9,3, #C2B48F
9377ca7f01b99c866fa9,1, #E9DFB7
9377ca7f01b99c866fa9,32,#15130B
937cc05982532bb45e63,33, #75704E
937cc05982532bb45e63,5,#B5AE7B
937cc05982532bb45e63,1, #F8F4C7
937cc05982532bb45e63,53, #46422D
937cc05982532bb45e63,0, #A8975C
937cc05982532bb45e63,5, #DBD39B
93873afd76cd7d22cc4c,5, #272314
93873afd76cd7d22cc4c,8, #C2B993
93873afd76cd7d22cc4c,3, #A59C74
93873afd76cd7d22cc4c,12, #463A21
93873afd76cd7d22cc4c,44,#DBD7BB
93873afd76cd7d22cc4c,12, #6A5630
93873afd76cd7d22cc4c,11, #827E61
938fd9092d3703fa853d,16, #867962
938fd9092d3703fa853d,30, #93938A
938fd9092d3703fa853d,30,#B5AC96
938fd9092d3703fa853d,4, #706049
938fd9092d3703fa853d,0, #513C26
938fd9092d3703fa853d,16, #C7C1AF
938fd9092d3703fa853d,1, #595145
9391019885618256cbac,54,#EEEBDF
9391019885618256cbac,19, #89867D
9391019885618256cbac,9, #68665C
9391019885618256cbac,0, #2F2A24
9391019885618256cbac,6, #ADACA1
9391019885618256cbac,2, #4B4941
9391019885618256cbac,6, #D1CCBC
9398cda0e0ad55c62b40,9, #191511
9398cda0e0ad55c62b40,62, #52473E
9398cda0e0ad55c62b40,5, #ACABA0
9398cda0e0ad55c62b40,5,#F4F2E7
9398cda0e0ad55c62b40,12, #827C69
9398cda0e0ad55c62b40,5, #CECCBD
939ef7f91d1b05d6015a,15, #211E14
939ef7f91d1b05d6015a,40,#797559
939ef7f91d1b05d6015a,9, #99A399
939ef7f91d1b05d6015a,0, #764729
939ef7f91d1b05d6015a,17, #828B84
939ef7f91d1b05d6015a,0, #A99D6F
939ef7f91d1b05d6015a,16, #473E27
939fc4294efada4b7e55,2, #C1C3A4
939fc4294efada4b7e55,60,#221D0F
939fc4294efada4b7e55,30, #644423
939fc4294efada4b7e55,1, #6B603C
939fc4294efada4b7e55,0, #D0B579
939fc4294efada4b7e55,4, #837A54
93a1466bba891c17ef34,34, #4F462B
93a1466bba891c17ef34,1, #A68D58
93a1466bba891c17ef34,3, #6E623D
93a1466bba891c17ef34,1, #E0CC94
93a1466bba891c17ef34,1, #897C52
93a1466bba891c17ef34,2, #B8A470
93a1466bba891c17ef34,55,#221E13
93a2381cbc8eadcb4c4b,10, #BAB099
93a2381cbc8eadcb4c4b,0, #535549
93a2381cbc8eadcb4c4b,53,#F8F0E0
93a2381cbc8eadcb4c4b,3, #706F60
93a2381cbc8eadcb4c4b,2, #B99A6E
93a2381cbc8eadcb4c4b,6, #908D7C
93a2381cbc8eadcb4c4b,23, #E3D7C1
93a5823164661706a72b,23, #404038
93a5823164661706a72b,14, #888577
93a5823164661706a72b,4,#F2EFE7
93a5823164661706a72b,11, #CCC5B2
93a5823164661706a72b,29, #66645A
93a5823164661706a72b,15, #A8A393
93aa9efb219903761a12,0, #757167
93aa9efb219903761a12,22, #9C8659
93aa9efb219903761a12,33,#494339
93aa9efb219903761a12,8, #B29D70
93aa9efb219903761a12,4, #C9B586
93aa9efb219903761a12,0, #292723
93aa9efb219903761a12,30, #776545
93ae16064cf9bcba47ce,9, #8D8159
93ae16064cf9bcba47ce,6, #222019
93ae16064cf9bcba47ce,2, #A99970
93ae16064cf9bcba47ce,55,#3C3B2C
93ae16064cf9bcba47ce,0, #EFE8BC
93ae16064cf9bcba47ce,1, #D5C193
93ae16064cf9bcba47ce,24, #665A3C
93b11cffb30956cf10e9,1, #FBF7EB
93b11cffb30956cf10e9,20, #865340
93b11cffb30956cf10e9,24,#4C4229
93b11cffb30956cf10e9,17, #B4AC84
93b11cffb30956cf10e9,22, #2A2314
93b11cffb30956cf10e9,0, #E4D5C5
93b11cffb30956cf10e9,12, #A17061
93b4f0d80b4d9a242b46,5, #3A3520
93b4f0d80b4d9a242b46,7, #BEB270
93b4f0d80b4d9a242b46,8,#F9F5DC
93b4f0d80b4d9a242b46,22, #928A6B
93b4f0d80b4d9a242b46,23, #615C3E
93b4f0d80b4d9a242b46,32, #DAD3A8
93b9e528363d7cef0ef2,22, #BEB299
93b9e528363d7cef0ef2,3, #39362F
93b9e528363d7cef0ef2,42, #5C5649
93b9e528363d7cef0ef2,11,#F8F6E4
93b9e528363d7cef0ef2,14, #8F8674
93b9e528363d7cef0ef2,4, #DFD4BA
93bde7a0a84d992b881a,8, #535045
93bde7a0a84d992b881a,9, #C0BBAB
93bde7a0a84d992b881a,12, #6E6B5E
93bde7a0a84d992b881a,1, #302E26
93bde7a0a84d992b881a,18, #DDD7C6
93bde7a0a84d992b881a,31,#F4EFDE
93bde7a0a84d992b881a,18, #999586
93c20bbb81a97874ce5d,9, #6E5E35
93c20bbb81a97874ce5d,5, #50401F
93c20bbb81a97874ce5d,3, #A5863F
93c20bbb81a97874ce5d,4, #8D7233
93c20bbb81a97874ce5d,6, #3A2D15
93c20bbb81a97874ce5d,69,#110D06
93c20bbb81a97874ce5d,0, #857C56
93c6ed1a630bde36cf35,2, #BEB9A5
93c6ed1a630bde36cf35,3, #817C6B
93c6ed1a630bde36cf35,46,#F8F7EE
93c6ed1a630bde36cf35,5, #504D3F
93c6ed1a630bde36cf35,38, #DDD9C4
93c6ed1a630bde36cf35,3, #A29E8D
93ca5b9a6e08c050fedf,12, #AD9E77
93ca5b9a6e08c050fedf,54,#151515
93ca5b9a6e08c050fedf,3, #D6C9A6
93ca5b9a6e08c050fedf,6, #594C36
93ca5b9a6e08c050fedf,11, #877751
93ca5b9a6e08c050fedf,7, #C0B493
93ca5b9a6e08c050fedf,5, #433326
93d00b9664e21038092a,0,#FEFEF7
93d00b9664e21038092a,0, #605E55
93d00b9664e21038092a,3, #D1CEB9
93d00b9664e21038092a,1, #807D70
93d00b9664e21038092a,87, #ECE8D3
93d00b9664e21038092a,5, #A8A594
93d01b86057597312815,5,#F2EBD7
93d01b86057597312815,15, #5A5549
93d01b86057597312815,15, #7C7666
93d01b86057597312815,39, #ADA594
93d01b86057597312815,18, #D5CEBB
93d01b86057597312815,4, #38352E
93d382bf84710f7eadde,12, #695337
93d382bf84710f7eadde,42,#161008
93d382bf84710f7eadde,0, #3F473A
93d382bf84710f7eadde,0, #B9B193
93d382bf84710f7eadde,2, #806F55
93d382bf84710f7eadde,41, #3E2E1A
93d382bf84710f7eadde,0, #A08E72
93d9251942bf027c5bed,20, #151009
93d9251942bf027c5bed,5, #A09C86
93d9251942bf027c5bed,15,#B5B29E
93d9251942bf027c5bed,10, #81785E
93d9251942bf027c5bed,25, #5B4B2F
93d9251942bf027c5bed,22, #332816
93dbb213d6fdd9af88a9,21, #CDC0B0
93dbb213d6fdd9af88a9,22, #7F7871
93dbb213d6fdd9af88a9,1,#F5EDE1
93dbb213d6fdd9af88a9,26, #585350
93dbb213d6fdd9af88a9,22, #9F988D
93dbb213d6fdd9af88a9,5, #3A3737
93e6bd8de63ff4aa3fd8,13, #3F3E39
93e6bd8de63ff4aa3fd8,22, #6B6860
93e6bd8de63ff4aa3fd8,4, #D4D0C1
93e6bd8de63ff4aa3fd8,12, #BAB7A8
93e6bd8de63ff4aa3fd8,21,#F5F3E3
93e6bd8de63ff4aa3fd8,26, #969387
93e8649eb7f9bb05741a,22, #3E3927
93e8649eb7f9bb05741a,9, #CFCFB0
93e8649eb7f9bb05741a,13, #A5AC9E
93e8649eb7f9bb05741a,12, #857549
93e8649eb7f9bb05741a,13, #171713
93e8649eb7f9bb05741a,28,#73807E
93e8bea7e99905c1a155,20,#AFAA9F
93e8bea7e99905c1a155,20, #DFD8C9
93e8bea7e99905c1a155,15, #8D887F
93e8bea7e99905c1a155,19, #47453F
93e8bea7e99905c1a155,10, #69655D
93e8bea7e99905c1a155,12, #C5BFB3
93e8bea7e99905c1a155,0, #F4EDDA
93ec13b0bd9478e2f030,65, #CEC9BC
93ec13b0bd9478e2f030,3, #47453C
93ec13b0bd9478e2f030,12, #696759
93ec13b0bd9478e2f030,9, #A8A396
93ec13b0bd9478e2f030,8, #8D897C
93ec13b0bd9478e2f030,0,#F2EDDE
93ee00c424d078dd8e62,7, #77746D
93ee00c424d078dd8e62,15, #3E3D39
93ee00c424d078dd8e62,11, #B0ABA3
93ee00c424d078dd8e62,22,#F3EEE8
93ee00c424d078dd8e62,13, #5C5A54
93ee00c424d078dd8e62,14, #928E87
93ee00c424d078dd8e62,14, #CBC6BC
93eef746ed9cc81949df,0, #C1B699
93eef746ed9cc81949df,3, #828467
93eef746ed9cc81949df,55,#625F4B
93eef746ed9cc81949df,3, #93653C
93eef746ed9cc81949df,2, #AE9265
93eef746ed9cc81949df,3, #191710
93eef746ed9cc81949df,31, #563F2A
93f4e5e3bd6df38e8b05,4, #948F7F
93f4e5e3bd6df38e8b05,26, #C5BFAB
93f4e5e3bd6df38e8b05,42, #E6E1CD
93f4e5e3bd6df38e8b05,0, #3E3B30
93f4e5e3bd6df38e8b05,22,#FAF9F3
93f4e5e3bd6df38e8b05,3, #686353
940d380097c98b9871e9,7, #D1C5AE
940d380097c98b9871e9,10, #A49E7F
940d380097c98b9871e9,35, #494D3F
940d380097c98b9871e9,29, #111A1D
940d380097c98b9871e9,0,#E7E7D9
940d380097c98b9871e9,17, #847C58
94124c46f6dd1e5ecd47,6, #76602E
94124c46f6dd1e5ecd47,7, #55441F
94124c46f6dd1e5ecd47,24, #362F1A
94124c46f6dd1e5ecd47,2, #908863
94124c46f6dd1e5ecd47,53,#171209
94124c46f6dd1e5ecd47,2, #877745
94124c46f6dd1e5ecd47,2, #A49E7A
941337eba0445e93d0ca,19,#F7EDD5
941337eba0445e93d0ca,20, #868474
941337eba0445e93d0ca,8, #0D140D
941337eba0445e93d0ca,15, #343D35
941337eba0445e93d0ca,8, #595F53
941337eba0445e93d0ca,27, #C2B6A0
941c027b9240c8f64755,2, #573815
941c027b9240c8f64755,0, #9C6C33
941c027b9240c8f64755,5, #2E220F
941c027b9240c8f64755,1, #6E542A
941c027b9240c8f64755,90,#140E06
941c027b9240c8f64755,0, #726B46
9422667ae2192d3e9980,17, #342509
9422667ae2192d3e9980,16, #826E46
9422667ae2192d3e9980,11, #100A03
9422667ae2192d3e9980,9, #58451C
9422667ae2192d3e9980,25,#A18C62
9422667ae2192d3e9980,19, #B6A27B
942b6fea3815d836c6d9,25,#FAF9F3
942b6fea3815d836c6d9,26, #DFDBCE
942b6fea3815d836c6d9,12, #817D72
942b6fea3815d836c6d9,9, #9E998E
942b6fea3815d836c6d9,13, #4E4B42
942b6fea3815d836c6d9,13, #BAB7AB
943347e27931b1b37407,3, #4D4B42
943347e27931b1b37407,11, #949185
943347e27931b1b37407,6, #68665B
943347e27931b1b37407,57,#EDE9DB
943347e27931b1b37407,19, #BFBBAF
943347e27931b1b37407,2, #302F27
94393cdab579b7079e01,37,#18110C
94393cdab579b7079e01,0, #F1DD9C
94393cdab579b7079e01,29, #5B432A
94393cdab579b7079e01,3, #D2B777
94393cdab579b7079e01,0, #E0AB46
94393cdab579b7079e01,7, #B39558
94393cdab579b7079e01,22, #AD783D
943e5dd9917ea08fa6da,10, #F9F7EA
943e5dd9917ea08fa6da,17, #CAC1A8
943e5dd9917ea08fa6da,13, #A09985
943e5dd9917ea08fa6da,1,#E6DFC8
943e5dd9917ea08fa6da,27, #413F37
943e5dd9917ea08fa6da,30, #6E6A5B
94488615fa930793a95c,20, #4B4B3A
94488615fa930793a95c,1, #AB9D79
94488615fa930793a95c,27,#462F25
94488615fa930793a95c,14, #25231B
94488615fa930793a95c,10, #8C4B34
94488615fa930793a95c,16, #7B6544
94488615fa930793a95c,8, #8A7A5A
9449310d25abe00728ff,27, #413C29
9449310d25abe00728ff,1, #B6B8B3
9449310d25abe00728ff,11, #6C6853
9449310d25abe00728ff,4, #929082
9449310d25abe00728ff,53,#1B1C13
9449310d25abe00728ff,0, #7C5626
9449310d25abe00728ff,1, #657877
94496d9057eada1c56b1,0, #B6AF93
94496d9057eada1c56b1,0, #CFCAB9
94496d9057eada1c56b1,89,#585048
94496d9057eada1c56b1,7, #FAF9EF
94496d9057eada1c56b1,0, #968D77
94496d9057eada1c56b1,0, #E4E0CF
94496d9057eada1c56b1,1, #7F725D
944e1d2b4b3c751ae8fb,32,#554B30
944e1d2b4b3c751ae8fb,11, #8B8D73
944e1d2b4b3c751ae8fb,1, #ECE4AC
944e1d2b4b3c751ae8fb,27, #292718
944e1d2b4b3c751ae8fb,6, #C1B990
944e1d2b4b3c751ae8fb,0, #B99D52
944e1d2b4b3c751ae8fb,20, #896943
9465e8da8cee7379f065,2, #666155
9465e8da8cee7379f065,26, #9C9484
9465e8da8cee7379f065,34, #BAB29F
9465e8da8cee7379f065,7,#817B6D
9465e8da8cee7379f065,2, #EEE3CF
9465e8da8cee7379f065,26, #D4CAB8
94751082ff47569b2e7f,4, #2F2E28
94751082ff47569b2e7f,7, #6B6A63
94751082ff47569b2e7f,3, #EFEFE9
94751082ff47569b2e7f,6, #94958E
94751082ff47569b2e7f,65,#4A4943
94751082ff47569b2e7f,8, #C5C5BD
94751082ff47569b2e7f,2, #12110D
947df1bd25a63e890bd0,12, #868378
947df1bd25a63e890bd0,12,#AAA69A
947df1bd25a63e890bd0,29, #D1CDBF
947df1bd25a63e890bd0,11, #5C594F
947df1bd25a63e890bd0,1, #38362E
947df1bd25a63e890bd0,31, #F3F1E7
947dfba1ae8d89a426c3,7, #674822
947dfba1ae8d89a426c3,0, #988671
947dfba1ae8d89a426c3,0, #BDB49D
947dfba1ae8d89a426c3,1, #2E2932
947dfba1ae8d89a426c3,87,#16120D
947dfba1ae8d89a426c3,2, #484951
947dfba1ae8d89a426c3,0, #666C81
947ea0051aaa7641d9b4,0, #B7B19C
947ea0051aaa7641d9b4,3, #807B69
947ea0051aaa7641d9b4,8, #3E3C34
947ea0051aaa7641d9b4,0, #A19B86
947ea0051aaa7641d9b4,45,#D6D0B9
947ea0051aaa7641d9b4,3, #615C4D
947ea0051aaa7641d9b4,37, #F6F0D9
94893096d7c583f26570,7, #7A755D
94893096d7c583f26570,4, #281F10
94893096d7c583f26570,9, #A39570
94893096d7c583f26570,43,#BABDA7
94893096d7c583f26570,11, #735F39
94893096d7c583f26570,24, #4C3E24
949d402730ce43e87270,23, #E2DDCC
949d402730ce43e87270,8, #716C61
949d402730ce43e87270,31,#F7F5EC
949d402730ce43e87270,16, #999488
949d402730ce43e87270,18, #C6C1B2
949d402730ce43e87270,1, #4E4A41
94a2b0c40b0049c5e67d,3, #C0BCAD
94a2b0c40b0049c5e67d,15, #F7F6EF
94a2b0c40b0049c5e67d,10, #827F70
94a2b0c40b0049c5e67d,36,#625F53
94a2b0c40b0049c5e67d,18, #42403A
94a2b0c40b0049c5e67d,9, #D9D5C5
94a2b0c40b0049c5e67d,5, #A7A393
94a453301d5394aa7fd2,17, #817770
94a453301d5394aa7fd2,25,#5F594A
94a453301d5394aa7fd2,5, #0E0B0A
94a453301d5394aa7fd2,6, #D3BFC6
94a453301d5394aa7fd2,15, #A49C9A
94a453301d5394aa7fd2,21, #3D372B
94a453301d5394aa7fd2,7, #E9DFDA
94ab620566053231a1bc,77,#F7F1E9
94ab620566053231a1bc,7, #8E8377
94ab620566053231a1bc,0, #534F4D
94ab620566053231a1bc,4, #B29D8D
94ab620566053231a1bc,1, #6B6763
94ab620566053231a1bc,7, #D1C4B9
94adb827abd579172368,2, #968E82
94adb827abd579172368,1, #1F1916
94adb827abd579172368,6, #39312C
94adb827abd579172368,10, #584F48
94adb827abd579172368,4, #7B7268
94adb827abd579172368,64,#EAE6D5
94adb827abd579172368,9, #C2B9A7
94ae04a37803b4c3fac9,18, #A4A092
94ae04a37803b4c3fac9,14, #827D6F
94ae04a37803b4c3fac9,0, #C19C65
94ae04a37803b4c3fac9,11, #444237
94ae04a37803b4c3fac9,5, #6A6658
94ae04a37803b4c3fac9,17, #CAC6B6
94ae04a37803b4c3fac9,31,#F1F0E7
94b50d788f3b9fae2011,4, #423F36
94b50d788f3b9fae2011,12, #8F8B7C
94b50d788f3b9fae2011,12, #D4D0C1
94b50d788f3b9fae2011,9, #7A7668
94b50d788f3b9fae2011,18, #B0AB9B
94b50d788f3b9fae2011,12, #646154
94b50d788f3b9fae2011,30,#F7F6F0
94b71a2714b023a489af,19, #646159
94b71a2714b023a489af,12, #8A877E
94b71a2714b023a489af,20, #B0ACA2
94b71a2714b023a489af,26,#F6F4EA
94b71a2714b023a489af,11, #393831
94b71a2714b023a489af,9, #D7D4C8
94be7a3db734c4cdeaf3,44,#D0CAB6
94be7a3db734c4cdeaf3,3, #8E8672
94be7a3db734c4cdeaf3,14, #ECE7D5
94be7a3db734c4cdeaf3,4, #434139
94be7a3db734c4cdeaf3,14, #666255
94be7a3db734c4cdeaf3,9, #A39B87
94be7a3db734c4cdeaf3,7, #BCB39E
94c0ff0ac9deb17403c8,17, #5A5A51
94c0ff0ac9deb17403c8,11, #9A988A
94c0ff0ac9deb17403c8,12, #737269
94c0ff0ac9deb17403c8,14, #C6C4B1
94c0ff0ac9deb17403c8,26, #41403B
94c0ff0ac9deb17403c8,17,#EBE9D4
94c69db93452d23b62d6,52, #876F4A
94c69db93452d23b62d6,2, #191A13
94c69db93452d23b62d6,9,#E3D9A5
94c69db93452d23b62d6,12, #AFA06E
94c69db93452d23b62d6,15, #CBBF86
94c69db93452d23b62d6,7, #4B452F
94cb80b192dc87c3d82d,24, #D4D0C1
94cb80b192dc87c3d82d,2, #48463D
94cb80b192dc87c3d82d,7, #767367
94cb80b192dc87c3d82d,8, #9D9A8C
94cb80b192dc87c3d82d,47,#F1EEDD
94cb80b192dc87c3d82d,9, #B8B4A5
94cf0e347b7a419053c7,17, #A39D8D
94cf0e347b7a419053c7,38,#F4F0E5
94cf0e347b7a419053c7,21, #CCC5B1
94cf0e347b7a419053c7,4, #58544A
94cf0e347b7a419053c7,5, #34322A
94cf0e347b7a419053c7,11, #746F62
94cfdd1851b2562af042,11, #8A6E40
94cfdd1851b2562af042,4, #CBAE6A
94cfdd1851b2562af042,45, #20170C
94cfdd1851b2562af042,3, #AF925A
94cfdd1851b2562af042,0, #E2D090
94cfdd1851b2562af042,34,#5F4624
94d4a980d647c7bf2f07,8, #876C46
94d4a980d647c7bf2f07,0, #763019
94d4a980d647c7bf2f07,38,#392716
94d4a980d647c7bf2f07,2, #A59471
94d4a980d647c7bf2f07,35, #19110A
94d4a980d647c7bf2f07,16, #4C402F
94d68f26982bbaa051f8,10, #46443A
94d68f26982bbaa051f8,15, #69675A
94d68f26982bbaa051f8,0, #FEFEFB
94d68f26982bbaa051f8,3, #A5A290
94d68f26982bbaa051f8,7, #898779
94d68f26982bbaa051f8,5, #C4BFAB
94d68f26982bbaa051f8,56,#E9E3CC
94d8767b4386edc755bd,1,#3F2C24
94d8767b4386edc755bd,10, #645345
94d8767b4386edc755bd,9, #93866A
94d8767b4386edc755bd,25, #E8E6DB
94d8767b4386edc755bd,0, #7E679D
94d8767b4386edc755bd,51, #B3ADA8
94d92fe53114d798d696,26, #D0C8B3
94d92fe53114d798d696,17, #49372B
94d92fe53114d798d696,13, #AEA592
94d92fe53114d798d696,5,#F5F4ED
94d92fe53114d798d696,18, #716259
94d92fe53114d798d696,18, #8E8276
94eaa7176fd93f10d3e7,12, #2E1610
94eaa7176fd93f10d3e7,1, #D2C9BE
94eaa7176fd93f10d3e7,27, #524130
94eaa7176fd93f10d3e7,27, #B9AB8D
94eaa7176fd93f10d3e7,4,#F1EDEA
94eaa7176fd93f10d3e7,26, #8B7F6C
94ecbe5cd4d06ff4f5ec,19, #777061
94ecbe5cd4d06ff4f5ec,7, #9F9583
94ecbe5cd4d06ff4f5ec,14, #4F4A3F
94ecbe5cd4d06ff4f5ec,30, #D9CBB4
94ecbe5cd4d06ff4f5ec,17,#F6ECD5
94ecbe5cd4d06ff4f5ec,10, #BEB29E
9518b0fb6ca79312ac5a,0, #B4A769
9518b0fb6ca79312ac5a,0, #9C9053
9518b0fb6ca79312ac5a,20, #433D1F
9518b0fb6ca79312ac5a,31, #7D7A56
9518b0fb6ca79312ac5a,34,#63532B
9518b0fb6ca79312ac5a,1, #8D6B31
9518b0fb6ca79312ac5a,11, #242112
952cd6fad6440cbd788e,4, #827F72
952cd6fad6440cbd788e,7, #DFDDD0
952cd6fad6440cbd788e,3, #676558
952cd6fad6440cbd788e,4, #4B493E
952cd6fad6440cbd788e,9, #999789
952cd6fad6440cbd788e,65,#F7F6EE
952cd6fad6440cbd788e,6, #BEBCAE
9538c723987a7c0d457a,20, #383732
9538c723987a7c0d457a,32, #C0B79E
9538c723987a7c0d457a,9, #9C9786
9538c723987a7c0d457a,13, #7C7769
9538c723987a7c0d457a,7,#ECE8D4
9538c723987a7c0d457a,16, #5A574E
953ab5af0d1442718b6c,11, #A39D8E
953ab5af0d1442718b6c,2, #E6E0D6
953ab5af0d1442718b6c,19, #676258
953ab5af0d1442718b6c,14, #B6AE9D
953ab5af0d1442718b6c,6, #48453F
953ab5af0d1442718b6c,20, #888276
953ab5af0d1442718b6c,25,#CCC4B3
953b0cbc7c708b557221,56, #46392C
953b0cbc7c708b557221,18,#191410
953b0cbc7c708b557221,13, #79674D
953b0cbc7c708b557221,6, #9A886A
953b0cbc7c708b557221,3, #B2A682
953b0cbc7c708b557221,0, #D5CFAB
954105c698b8dec20213,7, #B4AD95
954105c698b8dec20213,5, #5F5242
954105c698b8dec20213,8, #766B58
954105c698b8dec20213,40,#C5C2B0
954105c698b8dec20213,12, #9A917A
954105c698b8dec20213,14, #E5DFC8
954105c698b8dec20213,10, #3B2F25
954668282ac6b37cc413,3, #927A4F
954668282ac6b37cc413,2, #A99060
954668282ac6b37cc413,5, #4A3C25
954668282ac6b37cc413,79,#231E13
954668282ac6b37cc413,2, #BCA87B
954668282ac6b37cc413,6, #755D38
954668282ac6b37cc413,0, #D2C198
9548aa95fb66effee649,15, #515037
9548aa95fb66effee649,7, #B1B1A0
9548aa95fb66effee649,13, #67674D
9548aa95fb66effee649,21,#130F06
9548aa95fb66effee649,19, #848675
9548aa95fb66effee649,22, #3D341C
954bc6960bb4745fc58a,5, #443B2E
954bc6960bb4745fc58a,2, #16130E
954bc6960bb4745fc58a,17, #CCCABC
954bc6960bb4745fc58a,3,#F2F0E6
954bc6960bb4745fc58a,13, #9A978E
954bc6960bb4745fc58a,58, #6D624E
95513cd17fd40d9d6cc0,23, #887E62
95513cd17fd40d9d6cc0,0, #FEFDED
95513cd17fd40d9d6cc0,0, #070604
95513cd17fd40d9d6cc0,12, #63573C
95513cd17fd40d9d6cc0,39,#3B3123
95513cd17fd40d9d6cc0,1, #F3E8AD
95513cd17fd40d9d6cc0,23, #BBA777
95665cfbab150a882a01,3, #514D47
95665cfbab150a882a01,3, #B3AEA1
95665cfbab150a882a01,7, #CBC6BC
95665cfbab150a882a01,80,#EDE7D7
95665cfbab150a882a01,2, #7A756D
95665cfbab150a882a01,1, #969186
9567fe62a1c20b0f0117,2, #7F7864
9567fe62a1c20b0f0117,46,#0C0B09
9567fe62a1c20b0f0117,0, #A8A594
9567fe62a1c20b0f0117,1, #713520
9567fe62a1c20b0f0117,37, #3A2B1F
9567fe62a1c20b0f0117,8, #6F563F
9567fe62a1c20b0f0117,2, #958F7D
956f66e84364622780a4,35, #E3DEC9
956f66e84364622780a4,5, #9F9177
956f66e84364622780a4,0, #372910
956f66e84364622780a4,0, #575045
956f66e84364622780a4,7,#817156
956f66e84364622780a4,51, #C6BEA4
957f8483c6f00cce422f,3, #C1B9A5
957f8483c6f00cce422f,8, #959386
957f8483c6f00cce422f,53,#211B14
957f8483c6f00cce422f,3, #967E57
957f8483c6f00cce422f,0, #E7E2D4
957f8483c6f00cce422f,6, #6A6D67
957f8483c6f00cce422f,24, #675031
95842932e29b2d4f5ba4,46,#D4D2BC
95842932e29b2d4f5ba4,6, #B8B69F
95842932e29b2d4f5ba4,12, #A4A088
95842932e29b2d4f5ba4,8, #675D45
95842932e29b2d4f5ba4,9, #363329
95842932e29b2d4f5ba4,15, #837D66
95842932e29b2d4f5ba4,1, #7B4A30
959a6be1348d2575ec51,1, #8C744C
959a6be1348d2575ec51,0, #B6A976
959a6be1348d2575ec51,50,#32271A
959a6be1348d2575ec51,43, #0D0D0B
959a6be1348d2575ec51,1, #5E482E
959a6be1348d2575ec51,1, #9F8A5F
959a6be1348d2575ec51,1, #766240
95a26cddabed9b44bbc0,6, #4E4940
95a26cddabed9b44bbc0,71,#EDE4D5
95a26cddabed9b44bbc0,1, #A59F95
95a26cddabed9b44bbc0,5, #8B857B
95a26cddabed9b44bbc0,8, #6D685E
95a26cddabed9b44bbc0,3, #BAB3A9
95a26cddabed9b44bbc0,3, #D2C9BB
95acf75f0d12645ef625,0, #E3DCB3
95acf75f0d12645ef625,14, #897648
95acf75f0d12645ef625,16, #1E1A12
95acf75f0d12645ef625,50, #50402E
95acf75f0d12645ef625,14, #A5935F
95acf75f0d12645ef625,2,#C6B784
95bb6028a7f1e0a19ef1,4, #A28F64
95bb6028a7f1e0a19ef1,1, #BCA577
95bb6028a7f1e0a19ef1,55,#5D2D16
95bb6028a7f1e0a19ef1,2, #E8DDB5
95bb6028a7f1e0a19ef1,10, #73623A
95bb6028a7f1e0a19ef1,23, #0E0A05
95bb6028a7f1e0a19ef1,2, #CBBC92
95c1318469caf267cab4,18, #D6D1BF
95c1318469caf267cab4,5, #ADA897
95c1318469caf267cab4,29, #666458
95c1318469caf267cab4,10, #3E3D35
95c1318469caf267cab4,26,#F8F7ED
95c1318469caf267cab4,8, #918D7F
95c4f1766a0d650dad1a,9, #474032
95c4f1766a0d650dad1a,37,#F6F4EE
95c4f1766a0d650dad1a,6, #271F15
95c4f1766a0d650dad1a,33, #C6BDAB
95c4f1766a0d650dad1a,6, #756B5A
95c4f1766a0d650dad1a,4, #968D7F
95cfdcb797796389688d,8, #6A603F
95cfdcb797796389688d,0, #A99F78
95cfdcb797796389688d,16, #50452D
95cfdcb797796389688d,30, #1B1914
95cfdcb797796389688d,0, #958B66
95cfdcb797796389688d,43,#362D20
95cfdcb797796389688d,1, #867E5A
95d5156328f304c9d694,3, #3E3934
95d5156328f304c9d694,11, #605950
95d5156328f304c9d694,25, #C1B8A8
95d5156328f304c9d694,4, #FCF9F1
95d5156328f304c9d694,12, #A39B8C
95d5156328f304c9d694,11, #867E72
95d5156328f304c9d694,31,#ECE2CD
95d5bd6daf21ee7177d9,1, #45382D
95d5bd6daf21ee7177d9,28, #887D6B
95d5bd6daf21ee7177d9,7, #E9E1C8
95d5bd6daf21ee7177d9,37, #B6AE99
95d5bd6daf21ee7177d9,24, #63574B
95d5bd6daf21ee7177d9,0,#FEFEFB
95d915dd15fb3e51fa7c,7, #FAF9F1
95d915dd15fb3e51fa7c,4, #383528
95d915dd15fb3e51fa7c,8, #8F8873
95d915dd15fb3e51fa7c,12, #B1A992
95d915dd15fb3e51fa7c,6, #595442
95d915dd15fb3e51fa7c,48,#DDD4BC
95d915dd15fb3e51fa7c,10, #736E5A
95df0205e580d657741b,11, #76644C
95df0205e580d657741b,23, #453324
95df0205e580d657741b,0, #EAE8E4
95df0205e580d657741b,2, #927B5E
95df0205e580d657741b,0, #A4957C
95df0205e580d657741b,48,#150E08
95df0205e580d657741b,13, #5D4F3A
95e6d1ee3f10c4c7328b,13, #796E5B
95e6d1ee3f10c4c7328b,15,#F2EFDD
95e6d1ee3f10c4c7328b,15, #9D998A
95e6d1ee3f10c4c7328b,3, #281B12
95e6d1ee3f10c4c7328b,17, #53432F
95e6d1ee3f10c4c7328b,34, #C5C4B7
95e772c794d7e7711b9d,1, #122455
95e772c794d7e7711b9d,0, #254880
95e772c794d7e7711b9d,24, #64796A
95e772c794d7e7711b9d,11, #ACA080
95e772c794d7e7711b9d,42,#42281F
95e772c794d7e7711b9d,2, #9C7A56
95e772c794d7e7711b9d,17, #5C503D
95e7aa194413a9cff52a,3, #C8B89E
95e7aa194413a9cff52a,5, #A49784
95e7aa194413a9cff52a,2, #7F5948
95e7aa194413a9cff52a,0, #3C3837
95e7aa194413a9cff52a,42,#E4D7C4
95e7aa194413a9cff52a,41, #FAF5EB
95e7aa194413a9cff52a,2, #987965
95fd95a6cc55b08062ef,53, #756A63
95fd95a6cc55b08062ef,1, #9F9384
95fd95a6cc55b08062ef,5,#120D09
95fd95a6cc55b08062ef,0, #34281F
95fd95a6cc55b08062ef,31, #5E5044
95fd95a6cc55b08062ef,8, #4A3B2F
95ff5029a3ff9ea6f1a9,20, #625443
95ff5029a3ff9ea6f1a9,22, #A2998B
95ff5029a3ff9ea6f1a9,15, #30211D
95ff5029a3ff9ea6f1a9,3,#ECE7E0
95ff5029a3ff9ea6f1a9,15, #79726B
95ff5029a3ff9ea6f1a9,21, #CAC3B7
95ff8f2b212808d63077,18, #6E3620
95ff8f2b212808d63077,60,#190F08
95ff8f2b212808d63077,8, #95866D
95ff8f2b212808d63077,5, #705B44
95ff8f2b212808d63077,3, #C8C4B1
95ff8f2b212808d63077,4, #AFA995
96041c97ef137920788f,5, #817C6A
96041c97ef137920788f,4, #535144
96041c97ef137920788f,26, #DED7BF
96041c97ef137920788f,10, #BAB49E
96041c97ef137920788f,45,#F8F3DB
96041c97ef137920788f,7, #9C9783
960b788f00000fac8a22,18, #696551
960b788f00000fac8a22,6, #565242
960b788f00000fac8a22,1, #39372D
960b788f00000fac8a22,22, #96937F
960b788f00000fac8a22,37,#817D6A
960b788f00000fac8a22,13, #B1AE97
96136926728577f98aa3,4, #91876D
96136926728577f98aa3,57,#F5F4E5
96136926728577f98aa3,22, #D3CFB1
96136926728577f98aa3,3, #B8B08E
96136926728577f98aa3,2, #57482D
96136926728577f98aa3,5, #382C1C
96136926728577f98aa3,3, #716344
962275eda0490d3c22ac,5, #B0A892
962275eda0490d3c22ac,45,#FAF9F2
962275eda0490d3c22ac,8, #C8C0AA
962275eda0490d3c22ac,1, #757163
962275eda0490d3c22ac,0, #615D4F
962275eda0490d3c22ac,34, #E1DBC9
962275eda0490d3c22ac,5, #938D7B
96272365605f428b9ac5,6, #F7F6EF
96272365605f428b9ac5,0, #342B18
96272365605f428b9ac5,18, #E2DBC4
96272365605f428b9ac5,28, #C8BDA1
96272365605f428b9ac5,31,#A09985
96272365605f428b9ac5,3, #575A5D
96272365605f428b9ac5,11, #9A7A5E
962bccb5d5d12da74ab2,4, #706952
962bccb5d5d12da74ab2,4, #928B73
962bccb5d5d12da74ab2,8, #D6D1B6
962bccb5d5d12da74ab2,2, #4B4636
962bccb5d5d12da74ab2,73,#F8F7EA
962bccb5d5d12da74ab2,6, #B4AE92
962e14dc822c2cda4305,24, #B49E6E
962e14dc822c2cda4305,2, #C0BBAB
962e14dc822c2cda4305,40,#5E4941
962e14dc822c2cda4305,10, #797768
962e14dc822c2cda4305,6, #EBEBEB
962e14dc822c2cda4305,13, #955E45
962e14dc822c2cda4305,2, #1F1615
962fe35e217b8529f281,23, #67665B
962fe35e217b8529f281,5,#F5F2E0
962fe35e217b8529f281,11, #B2AFA1
962fe35e217b8529f281,16, #404039
962fe35e217b8529f281,20, #908E81
962fe35e217b8529f281,22, #D2CFBE
96314b1c53f8b267dfb8,31, #1A170E
96314b1c53f8b267dfb8,34, #483C22
96314b1c53f8b267dfb8,0, #DAD4B2
96314b1c53f8b267dfb8,19, #8A8874
96314b1c53f8b267dfb8,11,#676147
96314b1c53f8b267dfb8,3, #BEB798
963a95cfbb769edbac7d,24, #595A54
963a95cfbb769edbac7d,7, #848580
963a95cfbb769edbac7d,12, #F5F4F0
963a95cfbb769edbac7d,21, #CCCDC8
963a95cfbb769edbac7d,12, #2B2B26
963a95cfbb769edbac7d,20,#A5A6A1
964102bc9ad38c9b69a3,28,#ECE6D0
964102bc9ad38c9b69a3,26, #D1C9B1
964102bc9ad38c9b69a3,4, #605747
964102bc9ad38c9b69a3,2, #FCFCF6
964102bc9ad38c9b69a3,15, #8C826E
964102bc9ad38c9b69a3,21, #B8AD94
964102bc9ad38c9b69a3,0, #443E33
9645d045b969dd7caeb2,35, #7D6F4D
9645d045b969dd7caeb2,12, #A2946C
9645d045b969dd7caeb2,3, #261F15
9645d045b969dd7caeb2,13, #4A3F2A
9645d045b969dd7caeb2,21, #DDD7B8
9645d045b969dd7caeb2,12,#C0B691
964952a6f837659b3bab,62, #2C271B
964952a6f837659b3bab,0, #B8AE71
964952a6f837659b3bab,2, #A99438
964952a6f837659b3bab,27, #574225
964952a6f837659b3bab,1,#101010
964952a6f837659b3bab,6, #756A3A
964ca71e3ae53da2c91e,8, #36362F
964ca71e3ae53da2c91e,10, #7A786E
964ca71e3ae53da2c91e,15, #ACA99E
964ca71e3ae53da2c91e,5, #5A5950
964ca71e3ae53da2c91e,58, #DBD7CB
964ca71e3ae53da2c91e,2,#F9F6EB
9651a6ab0730558b2fe2,37, #BEB49E
9651a6ab0730558b2fe2,34, #E3DBC6
9651a6ab0730558b2fe2,19, #989180
9651a6ab0730558b2fe2,4, #7A7563
9651a6ab0730558b2fe2,2, #5D584B
9651a6ab0730558b2fe2,1,#FDFCF7
96614113c9d1ebdcf928,46, #372D23
96614113c9d1ebdcf928,0, #95875F
96614113c9d1ebdcf928,1, #8D6D46
96614113c9d1ebdcf928,12, #635C47
96614113c9d1ebdcf928,37,#161611
96614113c9d1ebdcf928,1, #713823
9669d7994a3b993a1978,56,#F0EFE1
9669d7994a3b993a1978,0, #74664E
9669d7994a3b993a1978,26, #DCD7BE
9669d7994a3b993a1978,5, #A59F8D
9669d7994a3b993a1978,9, #C5C0AB
9669d7994a3b993a1978,1, #898273
966f1388c058fa529657,43,#F1EEE6
966f1388c058fa529657,8, #D2CDC0
966f1388c058fa529657,14, #554C41
966f1388c058fa529657,5, #2C2821
966f1388c058fa529657,13, #8A847C
966f1388c058fa529657,3, #B8AF9C
966f1388c058fa529657,11, #786D57
96721a2c796c7e83b8de,19, #766652
96721a2c796c7e83b8de,9, #AAA493
96721a2c796c7e83b8de,49, #8F8675
96721a2c796c7e83b8de,8, #D9D6C5
96721a2c796c7e83b8de,6,#F8F4E0
96721a2c796c7e83b8de,7, #BCB9A7
967e684b5f6eca21a191,4,#1F1113
967e684b5f6eca21a191,3, #B9A778
967e684b5f6eca21a191,43, #7D6256
967e684b5f6eca21a191,3, #D1CFB8
967e684b5f6eca21a191,42, #462D29
967e684b5f6eca21a191,1, #F5F5F4
96809421537621c483c3,22, #E3E0CB
96809421537621c483c3,4, #2F2D1D
96809421537621c483c3,15, #A09E76
96809421537621c483c3,9, #4D4D33
96809421537621c483c3,14, #6B6E46
96809421537621c483c3,3, #7E7E63
96809421537621c483c3,28,#C7C3A8
9685f36a06cf8fe9905b,53,#2F2A1D
9685f36a06cf8fe9905b,5, #AD9A5B
9685f36a06cf8fe9905b,1, #EBDF9B
9685f36a06cf8fe9905b,4, #C7B473
9685f36a06cf8fe9905b,4, #DCCA85
9685f36a06cf8fe9905b,11, #8C7440
9685f36a06cf8fe9905b,19, #5D4F2C
968b0b9886ad242f9bbf,65,#F7F4E5
968b0b9886ad242f9bbf,2, #837D6B
968b0b9886ad242f9bbf,21, #DAD1BA
968b0b9886ad242f9bbf,2, #9C927C
968b0b9886ad242f9bbf,1, #696658
968b0b9886ad242f9bbf,6, #B5AC97
968b0b9886ad242f9bbf,1, #4C493C
968c1156a9d26ff6ab2e,21, #A8A191
968c1156a9d26ff6ab2e,20, #848074
968c1156a9d26ff6ab2e,7, #5F5D56
968c1156a9d26ff6ab2e,33, #CEC6B3
968c1156a9d26ff6ab2e,0, #45453E
968c1156a9d26ff6ab2e,16,#F6F4E9
96917a872db46c4266de,1, #7F4422
96917a872db46c4266de,29,#101009
96917a872db46c4266de,56, #2D3633
96917a872db46c4266de,0, #C3C5AC
96917a872db46c4266de,2, #A3A186
96917a872db46c4266de,9, #6F6E5A
96992c2141db34193152,3, #F2F2F1
96992c2141db34193152,23, #6F5A44
96992c2141db34193152,24, #D2C6B3
96992c2141db34193152,1, #DDDCD9
96992c2141db34193152,10, #A09789
96992c2141db34193152,24,#887E6E
96992c2141db34193152,12, #BEAF98
969ae1506c8a0295f6b9,41, #7C562C
969ae1506c8a0295f6b9,15, #CFB360
969ae1506c8a0295f6b9,6,#0E0D0B
969ae1506c8a0295f6b9,33, #562C18
969ae1506c8a0295f6b9,2, #988E6A
969ae1506c8a0295f6b9,1, #F5E498
96a061bbe93616894b0a,6, #5C4632
96a061bbe93616894b0a,0, #A18E6E
96a061bbe93616894b0a,4, #8D744F
96a061bbe93616894b0a,57,#0F0B0A
96a061bbe93616894b0a,30, #2B2224
96a061bbe93616894b0a,0, #A7A193
96a1995764ac90954103,7, #D2CCBB
96a1995764ac90954103,5, #888272
96a1995764ac90954103,6, #A6A092
96a1995764ac90954103,63,#F8F5EF
96a1995764ac90954103,13, #645E50
96a1995764ac90954103,1, #403C32
96a622cc190a2266996d,0, #B5AC91
96a622cc190a2266996d,0, #C8BFA2
96a622cc190a2266996d,18, #342715
96a622cc190a2266996d,75,#0B0C07
96a622cc190a2266996d,3, #6B5C43
96a622cc190a2266996d,0, #A0987F
96a622cc190a2266996d,1, #8C7C60
96a99be41ec847b67130,67,#F3E8CE
96a99be41ec847b67130,7, #C4A476
96a99be41ec847b67130,1, #4D413A
96a99be41ec847b67130,10, #978D7B
96a99be41ec847b67130,4, #D8CAB0
96a99be41ec847b67130,6, #7B7569
96a99be41ec847b67130,1, #635E55
96a9ef563da06816a5ff,9, #413023
96a9ef563da06816a5ff,1, #9A8F73
96a9ef563da06816a5ff,1, #76664C
96a9ef563da06816a5ff,10, #E1D2B3
96a9ef563da06816a5ff,68,#B5AA8D
96a9ef563da06816a5ff,6, #5F4E37
96a9ef563da06816a5ff,2, #8B7C61
96c0c745048d3fc09e3e,2, #58564D
96c0c745048d3fc09e3e,67,#F7F3E4
96c0c745048d3fc09e3e,5, #827F73
96c0c745048d3fc09e3e,5, #AEAA9D
96c0c745048d3fc09e3e,0, #3A3931
96c0c745048d3fc09e3e,17, #D3CDBD
96c1e84dc0a1ce02a7d8,58,#F2E8DB
96c1e84dc0a1ce02a7d8,7, #A26E5C
96c1e84dc0a1ce02a7d8,15, #BDA590
96c1e84dc0a1ce02a7d8,17, #D6BDA5
96c1e84dc0a1ce02a7d8,0, #484544
96c1e84dc0a1ce02a7d8,1, #675F58
96c26d82c2700cdcf7eb,6, #6A5739
96c26d82c2700cdcf7eb,3, #B59B5F
96c26d82c2700cdcf7eb,13, #513D26
96c26d82c2700cdcf7eb,12,#1E1B14
96c26d82c2700cdcf7eb,8, #917742
96c26d82c2700cdcf7eb,55, #38291F
96c4c234317525387a31,13, #D4CCB4
96c4c234317525387a31,18, #8E8877
96c4c234317525387a31,9, #474436
96c4c234317525387a31,12, #B6AC90
96c4c234317525387a31,0, #FFFEFA
96c4c234317525387a31,19, #6B6653
96c4c234317525387a31,25,#EBE8DC
96cc0344943d0d0cb2af,6, #685E42
96cc0344943d0d0cb2af,7, #A89F7E
96cc0344943d0d0cb2af,49,#1C1913
96cc0344943d0d0cb2af,12, #8F8561
96cc0344943d0d0cb2af,17, #404238
96cc0344943d0d0cb2af,3, #C2BA99
96cc0344943d0d0cb2af,2, #EFEBD6
96d2a57f58639fb063a3,0, #816F57
96d2a57f58639fb063a3,34, #C7BEA5
96d2a57f58639fb063a3,48,#DEDAC9
96d2a57f58639fb063a3,0, #FEFEFD
96d2a57f58639fb063a3,3, #B9AA8C
96d2a57f58639fb063a3,6, #F2F1EA
96d2a57f58639fb063a3,5, #9F947E
96d3dbd486c873266e16,63,#161415
96d3dbd486c873266e16,11, #3B393A
96d3dbd486c873266e16,1, #D3CECC
96d3dbd486c873266e16,9, #595756
96d3dbd486c873266e16,3, #B4B0AE
96d3dbd486c873266e16,9, #888583
96e102e832a3bc00a667,37,#261F1F
96e102e832a3bc00a667,3, #EADDC1
96e102e832a3bc00a667,8, #7D5B32
96e102e832a3bc00a667,16, #AE8B4B
96e102e832a3bc00a667,6, #513D2C
96e102e832a3bc00a667,27, #C6AD86
96e342f2d8cc821d357f,6, #A39E8B
96e342f2d8cc821d357f,61,#E8E2CC
96e342f2d8cc821d357f,4, #3F3C33
96e342f2d8cc821d357f,1, #222019
96e342f2d8cc821d357f,13, #C4BEAA
96e342f2d8cc821d357f,7, #615C4F
96e342f2d8cc821d357f,5, #888372
96e747aa58373936505b,0, #DACF81
96e747aa58373936505b,7, #0A0705
96e747aa58373936505b,19, #795935
96e747aa58373936505b,0, #CDCDC4
96e747aa58373936505b,11, #A59268
96e747aa58373936505b,55,#422E1A
96e747aa58373936505b,6, #AFAEA1
96f00ba25b122940efe9,0, #C9AC92
96f00ba25b122940efe9,36, #564D3D
96f00ba25b122940efe9,0, #AC927E
96f00ba25b122940efe9,47,#3C3122
96f00ba25b122940efe9,3, #71624E
96f00ba25b122940efe9,0, #8C7B67
96f00ba25b122940efe9,11, #1C1711
96f93084e3bf422b1483,3, #BBB8A7
96f93084e3bf422b1483,3, #D4D1C1
96f93084e3bf422b1483,75,#ECEADA
96f93084e3bf422b1483,6, #45443B
96f93084e3bf422b1483,5, #6F6E62
96f93084e3bf422b1483,4, #98978B
96f93084e3bf422b1483,0, #FEFEFD
96fb8ec0be9cfa336fe3,5, #B0AEA4
96fb8ec0be9cfa336fe3,17, #8B8678
96fb8ec0be9cfa336fe3,24, #695B42
96fb8ec0be9cfa336fe3,1, #D2BD79
96fb8ec0be9cfa336fe3,8, #EAE4C8
96fb8ec0be9cfa336fe3,16, #A58849
96fb8ec0be9cfa336fe3,25,#2C2326
971141d9d832f3c5bccb,11, #766B60
971141d9d832f3c5bccb,46,#EEEDE6
971141d9d832f3c5bccb,4, #CAC8BB
971141d9d832f3c5bccb,7, #100E0C
971141d9d832f3c5bccb,8, #928D83
971141d9d832f3c5bccb,6, #B4AB97
971141d9d832f3c5bccb,14, #714534
971a78cb692d7d5bf346,4, #716052
971a78cb692d7d5bf346,44,#F2EEE3
971a78cb692d7d5bf346,24, #D3CCBA
971a78cb692d7d5bf346,6, #BEB39E
971a78cb692d7d5bf346,12, #A09380
971a78cb692d7d5bf346,7, #83796C
972f13999c7171e7b439,4, #807C6B
972f13999c7171e7b439,38,#E6E3D4
972f13999c7171e7b439,18, #C9C3AC
972f13999c7171e7b439,8, #959080
972f13999c7171e7b439,1, #616053
972f13999c7171e7b439,19, #F9F7EF
972f13999c7171e7b439,9, #B2AA92
9730c79dc6ab3f3f4533,1, #F7F5CE
9730c79dc6ab3f3f4533,51, #6D4624
9730c79dc6ab3f3f4533,2, #E0D28D
9730c79dc6ab3f3f4533,27,#AA9357
9730c79dc6ab3f3f4533,11, #242930
9730c79dc6ab3f3f4533,6, #535F67
97387701d947e014306e,6, #D4CCAF
97387701d947e014306e,22, #A5A188
97387701d947e014306e,19, #6E6D59
97387701d947e014306e,2, #1C2016
97387701d947e014306e,16, #3F4032
97387701d947e014306e,33,#F6F2D9
973dbe84d8b791d4305d,16, #918970
973dbe84d8b791d4305d,5, #6A5A36
973dbe84d8b791d4305d,25, #16110C
973dbe84d8b791d4305d,18,#7B7257
973dbe84d8b791d4305d,15, #4B391F
973dbe84d8b791d4305d,17, #352213
9741bc9c3731102a6de9,19, #79673D
9741bc9c3731102a6de9,5,#F5F2F0
9741bc9c3731102a6de9,0, #E0D9CA
9741bc9c3731102a6de9,2, #594929
9741bc9c3731102a6de9,37, #958967
9741bc9c3731102a6de9,35, #BDAF86
974584589986dbf6b539,0, #605E55
974584589986dbf6b539,1, #C5C2B7
974584589986dbf6b539,4, #E1DDD0
974584589986dbf6b539,91,#FAF9F3
974584589986dbf6b539,0, #838177
974584589986dbf6b539,2, #A4A299
97489f5848adadd2ceaf,8, #5D5748
97489f5848adadd2ceaf,9, #989382
97489f5848adadd2ceaf,38,#D7CFBA
97489f5848adadd2ceaf,17, #B2AB97
97489f5848adadd2ceaf,9, #837C69
97489f5848adadd2ceaf,14, #F5F3E7
97489f5848adadd2ceaf,2, #383429
974dc46137c1dbc2b4b3,14, #9B8E76
974dc46137c1dbc2b4b3,1, #5F4F3D
974dc46137c1dbc2b4b3,68, #E1DCC9
974dc46137c1dbc2b4b3,11, #C3B89D
974dc46137c1dbc2b4b3,0,#FBF9F2
974dc46137c1dbc2b4b3,2, #7C6D54
97598255aa9545c9e808,11,#E6D4AC
97598255aa9545c9e808,9, #AB9D87
97598255aa9545c9e808,23, #8F806F
97598255aa9545c9e808,29, #6B594A
97598255aa9545c9e808,11, #402E22
97598255aa9545c9e808,14, #C8BA9B
9759943b5522c8630bac,4, #826F57
9759943b5522c8630bac,21, #BFAE90
9759943b5522c8630bac,37,#DBD0BE
9759943b5522c8630bac,6, #6B5642
9759943b5522c8630bac,3, #F2F1F0
9759943b5522c8630bac,5, #4C3528
9759943b5522c8630bac,22, #968E80
975badc222cedecd7fee,4, #6A5933
975badc222cedecd7fee,69,#0A0B05
975badc222cedecd7fee,3, #8B784B
975badc222cedecd7fee,1, #4A381D
975badc222cedecd7fee,4, #A28A59
975badc222cedecd7fee,5, #B1A171
975badc222cedecd7fee,11, #292213
975dfbaacfcd11f197a1,32, #D5CDB8
975dfbaacfcd11f197a1,40,#F7F5E9
975dfbaacfcd11f197a1,13, #B3AA97
975dfbaacfcd11f197a1,2, #362B1F
975dfbaacfcd11f197a1,4, #60584A
975dfbaacfcd11f197a1,6, #847B68
975dfbaacfcd11f197a1,0, #130E07
97663a2e59fa9316041a,70, #392D28
97663a2e59fa9316041a,4,#CDCDCD
97663a2e59fa9316041a,2, #B7B5AE
97663a2e59fa9316041a,5, #7E7671
97663a2e59fa9316041a,11, #625650
97663a2e59fa9316041a,5, #9A9490
976869a81f5b6adcbee5,10, #654C29
976869a81f5b6adcbee5,8,#1F190D
976869a81f5b6adcbee5,2, #A28551
976869a81f5b6adcbee5,75, #42351F
976869a81f5b6adcbee5,0, #D6AD6D
976869a81f5b6adcbee5,2, #7C6539
976df384fe1a480b16f2,56, #E0D7BB
976df384fe1a480b16f2,7, #5E594A
976df384fe1a480b16f2,0, #3A3932
976df384fe1a480b16f2,12, #B2A88E
976df384fe1a480b16f2,16, #857E69
976df384fe1a480b16f2,6,#F4F2EA
976f1a165a8b70762140,2, #423F35
976f1a165a8b70762140,10,#FAFAF6
976f1a165a8b70762140,48, #E7E1CD
976f1a165a8b70762140,12, #9B9687
976f1a165a8b70762140,10, #646053
976f1a165a8b70762140,14, #C6C0AD
977041af4fb10ff85917,18, #7B7266
977041af4fb10ff85917,26, #62564B
977041af4fb10ff85917,4, #BFB8A5
977041af4fb10ff85917,22, #372B24
977041af4fb10ff85917,18, #9F9787
977041af4fb10ff85917,8,#E2DBC4
977259eb00a0e1f08b96,4, #746B60
977259eb00a0e1f08b96,56, #E9E2D2
977259eb00a0e1f08b96,0,#FEFEF5
977259eb00a0e1f08b96,0, #4E473F
977259eb00a0e1f08b96,15, #A29A8C
977259eb00a0e1f08b96,21, #CEC6B6
97754e04dbc5c1822850,41, #D2CBAD
97754e04dbc5c1822850,8,#F0EDDB
97754e04dbc5c1822850,21, #736852
97754e04dbc5c1822850,1, #493D2F
97754e04dbc5c1822850,9, #B4AA89
97754e04dbc5c1822850,18, #968D75
9779ff3914245767184b,45,#F4F1E5
9779ff3914245767184b,6, #989385
9779ff3914245767184b,8, #BAB4A6
9779ff3914245767184b,8, #49463A
9779ff3914245767184b,13, #D8D3C4
9779ff3914245767184b,18, #716D5E
9781be0785fa419316f5,1, #EEDF91
9781be0785fa419316f5,2, #CFB66C
9781be0785fa419316f5,1, #A48E54
9781be0785fa419316f5,1, #846B3A
9781be0785fa419316f5,40, #54451E
9781be0785fa419316f5,52,#1F1909
97841d58e5d82bce1ac9,7, #625B55
97841d58e5d82bce1ac9,1, #AD9A85
97841d58e5d82bce1ac9,1, #A4715D
97841d58e5d82bce1ac9,86,#EFE7D6
97841d58e5d82bce1ac9,0, #D2B27D
97841d58e5d82bce1ac9,2, #39393A
97841d58e5d82bce1ac9,0, #CEBEA0
9797e82167fcdef8d4e6,27,#E6DDBD
9797e82167fcdef8d4e6,23, #BEAD90
9797e82167fcdef8d4e6,11, #D7CAAA
9797e82167fcdef8d4e6,19, #938672
9797e82167fcdef8d4e6,10, #67584B
9797e82167fcdef8d4e6,5, #837260
9797e82167fcdef8d4e6,1, #F8F5E1
9798e8dd13be14aade68,1, #A5966F
9798e8dd13be14aade68,31,#0E0C09
9798e8dd13be14aade68,1, #967E53
9798e8dd13be14aade68,29, #261F13
9798e8dd13be14aade68,0, #BDB48D
9798e8dd13be14aade68,25, #604126
9798e8dd13be14aade68,10, #725F39
979956663fa42cb933dd,25, #676358
979956663fa42cb933dd,13, #AFAA9A
979956663fa42cb933dd,15, #928E80
979956663fa42cb933dd,18, #CDC8B7
979956663fa42cb933dd,3, #3A3831
979956663fa42cb933dd,22,#F5F3E5
979c893ad45974abd4c3,47,#3E2F28
979c893ad45974abd4c3,17, #725044
979c893ad45974abd4c3,4, #D4B49E
979c893ad45974abd4c3,7, #8B6E5F
979c893ad45974abd4c3,1, #E9D0BA
979c893ad45974abd4c3,6, #A58A77
979c893ad45974abd4c3,15, #110E0A
979f5f2c5687cb1c047d,0,#604D46
979f5f2c5687cb1c047d,0, #3D2A24
979f5f2c5687cb1c047d,72, #EEEBDE
979f5f2c5687cb1c047d,8, #A89F8A
979f5f2c5687cb1c047d,1, #7D6F64
979f5f2c5687cb1c047d,15, #C9C1A6
979fa07a44f15795b811,9, #7B786C
979fa07a44f15795b811,30, #DBD4CB
979fa07a44f15795b811,1, #3C3B34
979fa07a44f15795b811,36,#FAF5EE
979fa07a44f15795b811,15, #ABA69C
979fa07a44f15795b811,6, #5D5C51
97a44100efa5ccdb629b,3, #A08D81
97a44100efa5ccdb629b,66,#F9F6F4
97a44100efa5ccdb629b,9, #B4ADA3
97a44100efa5ccdb629b,1, #534E4A
97a44100efa5ccdb629b,15, #D5D0C8
97a44100efa5ccdb629b,3, #8E7166
97a917ee3a1363790fbb,10, #B4A792
97a917ee3a1363790fbb,1, #D9C1A4
97a917ee3a1363790fbb,50, #624E3C
97a917ee3a1363790fbb,0, #ECDCC5
97a917ee3a1363790fbb,4,#2D2922
97a917ee3a1363790fbb,31, #9D8163
97aac266a7abd7ded7cd,1, #6E6550
97aac266a7abd7ded7cd,2, #92795D
97aac266a7abd7ded7cd,5, #A7916F
97aac266a7abd7ded7cd,14, #C2B599
97aac266a7abd7ded7cd,0, #50493B
97aac266a7abd7ded7cd,56,#EDE5D9
97aac266a7abd7ded7cd,19, #DED2BD
97c58cded19710a0617c,11, #F4EDDF
97c58cded19710a0617c,1, #38342D
97c58cded19710a0617c,24,#D8D0C3
97c58cded19710a0617c,12, #BCB5A7
97c58cded19710a0617c,17, #9B9588
97c58cded19710a0617c,12, #555047
97c58cded19710a0617c,21, #746E63
97c7a236a9b10fdcc555,18, #DCDACC
97c7a236a9b10fdcc555,5, #B6B4AB
97c7a236a9b10fdcc555,0, #FBF8EF
97c7a236a9b10fdcc555,7, #423831
97c7a236a9b10fdcc555,46,#6D6042
97c7a236a9b10fdcc555,12, #8A857F
97c7a236a9b10fdcc555,8, #120F0D
97c8cce3a17e582e29e4,21,#615C50
97c8cce3a17e582e29e4,19, #E2DED1
97c8cce3a17e582e29e4,5, #3C392F
97c8cce3a17e582e29e4,17, #A49E90
97c8cce3a17e582e29e4,12, #CAC4B2
97c8cce3a17e582e29e4,14, #F8F8F5
97c8cce3a17e582e29e4,9, #827C6E
97ceedec13fbf7788724,16, #3D3D34
97ceedec13fbf7788724,16, #A8A594
97ceedec13fbf7788724,3,#F4EFE0
97ceedec13fbf7788724,24, #818071
97ceedec13fbf7788724,10, #646356
97ceedec13fbf7788724,28, #C9C3B1
97d70f88733c7ec80202,37, #D9D4CA
97d70f88733c7ec80202,7,#F8F5E7
97d70f88733c7ec80202,24, #44443B
97d70f88733c7ec80202,17, #7C796B
97d70f88733c7ec80202,7, #A19E90
97d70f88733c7ec80202,5, #BCB8AC
97e1853be849793d4ff5,18, #654F36
97e1853be849793d4ff5,7, #573125
97e1853be849793d4ff5,5,#28241C
97e1853be849793d4ff5,45, #A29169
97e1853be849793d4ff5,14, #826145
97e1853be849793d4ff5,8, #B7AB8A
97e83e66cfed747bde9e,84, #1E1A0B
97e83e66cfed747bde9e,12, #574D27
97e83e66cfed747bde9e,0, #C4BE89
97e83e66cfed747bde9e,2, #7B7549
97e83e66cfed747bde9e,0, #DED7A5
97e83e66cfed747bde9e,0,#9F9B69
97f20079839db92f0974,20, #BDB4A5
97f20079839db92f0974,30, #A09488
97f20079839db92f0974,39,#D2CDBF
97f20079839db92f0974,3, #83786D
97f20079839db92f0974,3, #614B3E
97f20079839db92f0974,1, #766457
97f6f1324689f6c4c028,47, #DDD9C2
97f6f1324689f6c4c028,15, #41403A
97f6f1324689f6c4c028,14, #868373
97f6f1324689f6c4c028,10, #B1AD9A
97f6f1324689f6c4c028,11, #626055
97f6f1324689f6c4c028,1,#FEFEF5
97fcf387605010f65470,9, #C4AF8B
97fcf387605010f65470,2,#F1E7CB
97fcf387605010f65470,2, #3E392D
97fcf387605010f65470,7, #AD876B
97fcf387605010f65470,63, #C3C5B9
97fcf387605010f65470,15, #7C6B58
9802ea413d6105516bd5,2, #8D522F
9802ea413d6105516bd5,64,#251A13
9802ea413d6105516bd5,5, #C6BA9E
9802ea413d6105516bd5,1, #827963
9802ea413d6105516bd5,0, #E1DDC7
9802ea413d6105516bd5,24, #544734
9802ea413d6105516bd5,1, #A29379
9805925db6f769fbd6da,5, #3C3B3B
9805925db6f769fbd6da,17, #8D8B7F
9805925db6f769fbd6da,2, #161514
9805925db6f769fbd6da,7, #676765
9805925db6f769fbd6da,8,#ECEBDF
9805925db6f769fbd6da,59, #BBB9AD
9808a266b8c5d6e4c46c,3, #5E5751
9808a266b8c5d6e4c46c,9, #C0B9AA
9808a266b8c5d6e4c46c,17, #FCF9F2
9808a266b8c5d6e4c46c,59,#DFD6C4
9808a266b8c5d6e4c46c,0, #3C3734
9808a266b8c5d6e4c46c,5, #A49D90
9808a266b8c5d6e4c46c,4, #857E73
98107b428f5a6c3c2cc5,14, #C3BEB1
98107b428f5a6c3c2cc5,6, #9F9B8F
98107b428f5a6c3c2cc5,49, #636057
98107b428f5a6c3c2cc5,13, #42413A
98107b428f5a6c3c2cc5,8,#868377
98107b428f5a6c3c2cc5,8, #F2EEDD
9812a605c09a638be270,6, #C1B597
9812a605c09a638be270,6, #302C26
9812a605c09a638be270,65, #DFD7BE
9812a605c09a638be270,8,#F8F6E9
9812a605c09a638be270,5, #69685D
9812a605c09a638be270,7, #9D937E
981576e077c19fe9b2b7,23, #9E978A
981576e077c19fe9b2b7,20, #C7BEAE
981576e077c19fe9b2b7,28, #5B574D
981576e077c19fe9b2b7,17, #7E786C
981576e077c19fe9b2b7,1, #403D37
981576e077c19fe9b2b7,8,#E8DDCB
981b30f67b1486168a74,0, #DED49B
981b30f67b1486168a74,12,#1E190B
981b30f67b1486168a74,2, #C2B47E
981b30f67b1486168a74,29, #6F592D
981b30f67b1486168a74,5, #958A5B
981b30f67b1486168a74,49, #423319
98260179790652e09fba,8, #272A30
98260179790652e09fba,12, #A2A091
98260179790652e09fba,26, #AAB5BE
98260179790652e09fba,45,#D2D0C5
98260179790652e09fba,4, #5C574B
98260179790652e09fba,0, #DAC285
98260179790652e09fba,2, #777261
982bb264c0e681568c5d,32, #453C24
982bb264c0e681568c5d,8, #A9A684
982bb264c0e681568c5d,20, #CFC79E
982bb264c0e681568c5d,11, #767A60
982bb264c0e681568c5d,17, #6F5B40
982bb264c0e681568c5d,7,#1C190A
982e6490c0847a2d58d6,2, #38362C
982e6490c0847a2d58d6,11, #989485
982e6490c0847a2d58d6,11, #585548
982e6490c0847a2d58d6,35,#ECE7D8
982e6490c0847a2d58d6,18, #B7B3A3
982e6490c0847a2d58d6,20, #787566
983cfe057649dea09f4a,22, #51534B
983cfe057649dea09f4a,15, #6A6962
983cfe057649dea09f4a,9,#383A34
983cfe057649dea09f4a,14, #D8D6C7
983cfe057649dea09f4a,25, #8C8A82
983cfe057649dea09f4a,13, #B0AFA4
9843b37da448f4fe2c9f,16, #D9D3C0
9843b37da448f4fe2c9f,10, #BEB39B
9843b37da448f4fe2c9f,29, #4E3C2E
9843b37da448f4fe2c9f,1,#F2EEE2
9843b37da448f4fe2c9f,30, #7A6954
9843b37da448f4fe2c9f,11, #988D7A
984b36c66367d3e63dde,32, #766850
984b36c66367d3e63dde,16, #11100E
984b36c66367d3e63dde,1, #BAB8B3
984b36c66367d3e63dde,9, #332E29
984b36c66367d3e63dde,18, #8F8679
984b36c66367d3e63dde,20,#534A3E
985a93f72532ba7a5991,11, #B8AA8F
985a93f72532ba7a5991,49, #DBD6C5
985a93f72532ba7a5991,2, #EEEBE3
985a93f72532ba7a5991,28, #D2C4A7
985a93f72532ba7a5991,6, #988B77
985a93f72532ba7a5991,0,#FCFBF3
985bc533aea1d55ef960,1, #665E59
985bc533aea1d55ef960,27,#CBC2B9
985bc533aea1d55ef960,59, #F4EEE4
985bc533aea1d55ef960,7, #A9A097
985bc533aea1d55ef960,0, #47403C
985bc533aea1d55ef960,4, #877F77
985d6628fdf77c6b7e3a,31, #CAC7B6
985d6628fdf77c6b7e3a,9, #939184
985d6628fdf77c6b7e3a,8, #ADAA9B
985d6628fdf77c6b7e3a,8, #4C4B42
985d6628fdf77c6b7e3a,12, #787569
985d6628fdf77c6b7e3a,29,#EEECE2
9860673ee6e73320195c,40, #DBD3BA
9860673ee6e73320195c,8, #938C78
9860673ee6e73320195c,6, #76715E
9860673ee6e73320195c,15,#F6F5EF
9860673ee6e73320195c,9, #4D493E
9860673ee6e73320195c,20, #B9AF96
986aff86bf240ef20b4a,14,#13120D
986aff86bf240ef20b4a,5, #B29A92
986aff86bf240ef20b4a,38, #3C3A2F
986aff86bf240ef20b4a,21, #625B54
986aff86bf240ef20b4a,12, #D7D6CD
986aff86bf240ef20b4a,7, #7D7B81
9879835b1aff455f7f98,22, #9C938A
9879835b1aff455f7f98,16, #E9DACC
9879835b1aff455f7f98,13, #BDB3A7
9879835b1aff455f7f98,0, #FEFCF8
9879835b1aff455f7f98,3, #3D3835
9879835b1aff455f7f98,20, #807970
9879835b1aff455f7f98,23,#5F5953
987aa65b4c4aca665ee5,14, #8D9CA5
987aa65b4c4aca665ee5,10, #3A362B
987aa65b4c4aca665ee5,1, #B8BCAF
987aa65b4c4aca665ee5,53,#686E6D
987aa65b4c4aca665ee5,0, #7F5834
987aa65b4c4aca665ee5,15, #261E14
987aa65b4c4aca665ee5,4, #4B4C48
987f67208f7081d057cf,8, #716355
987f67208f7081d057cf,9, #45392F
987f67208f7081d057cf,16, #8C8173
987f67208f7081d057cf,0, #D6D2C8
987f67208f7081d057cf,0, #FCFBF7
987f67208f7081d057cf,11, #A29D92
987f67208f7081d057cf,52,#BCB9A8
9883eb377448bdd7967f,6, #92865B
9883eb377448bdd7967f,36, #584C26
9883eb377448bdd7967f,37,#2C2716
9883eb377448bdd7967f,0, #E1CE95
9883eb377448bdd7967f,12, #7E6A34
9883eb377448bdd7967f,6, #CDAB72
988a577f2b659dcbd86a,12, #816854
988a577f2b659dcbd86a,43,#EFE9DB
988a577f2b659dcbd86a,13, #C7C1B3
988a577f2b659dcbd86a,10, #938477
988a577f2b659dcbd86a,10, #673E21
988a577f2b659dcbd86a,9, #AB9F95
988a8d321a9b7f1e07b6,13, #EAE4D5
988a8d321a9b7f1e07b6,2, #444139
988a8d321a9b7f1e07b6,19, #CBC5B7
988a8d321a9b7f1e07b6,15, #ACA69B
988a8d321a9b7f1e07b6,22, #918B82
988a8d321a9b7f1e07b6,23,#646057
988a8d321a9b7f1e07b6,3, #FCFAF3
9893dadeaad35f742476,1,#FBF7E0
9893dadeaad35f742476,15, #908E7E
9893dadeaad35f742476,13, #B7B49F
9893dadeaad35f742476,37, #E0DAC2
9893dadeaad35f742476,27, #646356
9893dadeaad35f742476,4, #383830
989b0e47273413937c13,8, #857F76
989b0e47273413937c13,9, #69635C
989b0e47273413937c13,8, #FAF3E5
989b0e47273413937c13,4, #282422
989b0e47273413937c13,7, #4C4842
989b0e47273413937c13,12, #B1AA9F
989b0e47273413937c13,49,#DCD5C7
989dd1ab7fdf9895a5d9,33, #4F563F
989dd1ab7fdf9895a5d9,8, #AD9E76
989dd1ab7fdf9895a5d9,15,#181F1D
989dd1ab7fdf9895a5d9,25, #847D55
989dd1ab7fdf9895a5d9,17, #2F3930
989dd1ab7fdf9895a5d9,0, #C9CCC5
98ad989ee771370d93b5,28, #7C6950
98ad989ee771370d93b5,4, #9D8C76
98ad989ee771370d93b5,29, #584333
98ad989ee771370d93b5,0,#352616
98ad989ee771370d93b5,15, #B8AB97
98ad989ee771370d93b5,22, #E3DBC4
98b1b8beaf431f777442,8, #555647
98b1b8beaf431f777442,22, #A9A494
98b1b8beaf431f777442,9, #393A2F
98b1b8beaf431f777442,36, #D9CFBB
98b1b8beaf431f777442,16, #7A7968
98b1b8beaf431f777442,6,#F8F3E8
98bd31fd119d9dc4f5cd,19,#948E5E
98bd31fd119d9dc4f5cd,11, #262013
98bd31fd119d9dc4f5cd,33, #766C45
98bd31fd119d9dc4f5cd,2, #C6B67E
98bd31fd119d9dc4f5cd,25, #514125
98bd31fd119d9dc4f5cd,7, #B3A56E
98bd8c7d1fd81f8f0239,10, #635E54
98bd8c7d1fd81f8f0239,22, #847F73
98bd8c7d1fd81f8f0239,9, #A7A093
98bd8c7d1fd81f8f0239,12, #2B2924
98bd8c7d1fd81f8f0239,13, #C6BEAF
98bd8c7d1fd81f8f0239,29,#47453D
98bd8c7d1fd81f8f0239,1, #EBE1CD
98c27a3180bf908aba8a,11, #828176
98c27a3180bf908aba8a,36,#EBE8D5
98c27a3180bf908aba8a,10, #636358
98c27a3180bf908aba8a,6, #3C3A31
98c27a3180bf908aba8a,20, #A6A397
98c27a3180bf908aba8a,14, #C7C3B4
98c5b4a4130c6562e688,60, #1B1B19
98c5b4a4130c6562e688,2, #9E9E9E
98c5b4a4130c6562e688,17, #545454
98c5b4a4130c6562e688,8, #7F7F7F
98c5b4a4130c6562e688,3, #BDBEBD
98c5b4a4130c6562e688,6,#E9EAEA
98d45078941686b91621,24, #CCBE9A
98d45078941686b91621,28, #E1D7BA
98d45078941686b91621,2, #705E45
98d45078941686b91621,5, #A19986
98d45078941686b91621,2, #8E7E60
98d45078941686b91621,0, #5C4730
98d45078941686b91621,36,#F5F2E9
98d77e1c4beb902cfc77,67,#251C0B
98d77e1c4beb902cfc77,7, #B2A68B
98d77e1c4beb902cfc77,4, #95896A
98d77e1c4beb902cfc77,5, #71664C
98d77e1c4beb902cfc77,1, #CDC4AD
98d77e1c4beb902cfc77,13, #4F4224
98d9e5ac138090f2bdf5,68,#F2ECD8
98d9e5ac138090f2bdf5,2, #785C48
98d9e5ac138090f2bdf5,6, #AB9F92
98d9e5ac138090f2bdf5,3, #8E7D6E
98d9e5ac138090f2bdf5,19, #CAC3B0
98d9e5ac138090f2bdf5,0, #5E361F
98dbfaba430aee5b82ac,16, #624F41
98dbfaba430aee5b82ac,0,#F2F1E7
98dbfaba430aee5b82ac,10, #BBAE93
98dbfaba430aee5b82ac,27, #D9D6C3
98dbfaba430aee5b82ac,30, #2D231E
98dbfaba430aee5b82ac,13, #8D806D
98df12005eaf5065eebd,6, #393631
98df12005eaf5065eebd,12,#CCC5B6
98df12005eaf5065eebd,23, #8F897E
98df12005eaf5065eebd,15, #615C53
98df12005eaf5065eebd,23, #B2AC9E
98df12005eaf5065eebd,17, #ECE4D6
98e5dfd62dfce3f180b2,2,#FAF6EB
98e5dfd62dfce3f180b2,21, #DFDBCF
98e5dfd62dfce3f180b2,14, #8C8E80
98e5dfd62dfce3f180b2,19, #66695D
98e5dfd62dfce3f180b2,26, #B5B4A7
98e5dfd62dfce3f180b2,15, #3C3F36
98f0749e981582b95021,62, #F2F1E9
98f0749e981582b95021,9, #D3CEBF
98f0749e981582b95021,4, #887E70
98f0749e981582b95021,5,#B3AA95
98f0749e981582b95021,13, #49433D
98f0749e981582b95021,4, #6B5E56
98f3296394fc3699e5d1,8, #C3C0B3
98f3296394fc3699e5d1,6, #A9A69A
98f3296394fc3699e5d1,72, #EAE6D8
98f3296394fc3699e5d1,1, #383830
98f3296394fc3699e5d1,7, #858477
98f3296394fc3699e5d1,2,#57564A
98fce231c66388135171,2, #A4A199
98fce231c66388135171,82,#F8F5EA
98fce231c66388135171,8, #DEDBCF
98fce231c66388135171,3, #87857D
98fce231c66388135171,1, #5D5B53
98fce231c66388135171,1, #C0BDB4
99050227048f53099464,6, #967F47
99050227048f53099464,28, #1F190F
99050227048f53099464,4, #B49F61
99050227048f53099464,0, #D1BA7C
99050227048f53099464,44,#5F4420
99050227048f53099464,16, #84682F
99050227048f53099464,0, #B3C1A1
99171d86fd35fde71a1d,20, #DBD4C0
99171d86fd35fde71a1d,4, #4C4845
99171d86fd35fde71a1d,8, #B1ACA3
99171d86fd35fde71a1d,6, #6D6660
99171d86fd35fde71a1d,52,#F8F4E9
99171d86fd35fde71a1d,7, #8A847D
991a6ffff0a727c08678,16, #866F43
991a6ffff0a727c08678,22, #675432
991a6ffff0a727c08678,3, #BAAE8C
991a6ffff0a727c08678,19, #9B8B69
991a6ffff0a727c08678,25,#211305
991a6ffff0a727c08678,0, #D9C8A0
991a6ffff0a727c08678,12, #533415
991ad0df7cffee26c3a0,8, #C1BEB3
991ad0df7cffee26c3a0,48, #554B36
991ad0df7cffee26c3a0,10, #756D5D
991ad0df7cffee26c3a0,12,#EEECE5
991ad0df7cffee26c3a0,14, #9F9989
991ad0df7cffee26c3a0,5, #211D15
9923189917ae0dbebea3,19, #8A8565
9923189917ae0dbebea3,11, #CAC49D
9923189917ae0dbebea3,8, #B1AB84
9923189917ae0dbebea3,30, #EBE6C0
9923189917ae0dbebea3,12, #33311E
9923189917ae0dbebea3,18,#635E44
99258e8ce79f79be3d66,9, #7F4D2A
99258e8ce79f79be3d66,9, #897649
99258e8ce79f79be3d66,24, #3B2816
99258e8ce79f79be3d66,34,#1C170F
99258e8ce79f79be3d66,21, #573F24
99258e8ce79f79be3d66,0, #A39265
99258e8ce79f79be3d66,0, #B8A777
9929277b983141161d52,23, #716E66
9929277b983141161d52,12, #CAC4B9
9929277b983141161d52,12, #43423D
9929277b983141161d52,1,#FEFEF9
9929277b983141161d52,23, #E8E4DA
9929277b983141161d52,26, #A49F96
99339504920fd6a573a2,7,#F9F7E7
99339504920fd6a573a2,6, #515041
99339504920fd6a573a2,23, #72705F
99339504920fd6a573a2,18, #DFD9C6
99339504920fd6a573a2,13, #989583
99339504920fd6a573a2,30, #B8B4A1
993db076e894146bfe58,3, #B1B0A0
993db076e894146bfe58,89,#F3F1E2
993db076e894146bfe58,0, #424034
993db076e894146bfe58,3, #868476
993db076e894146bfe58,2, #D3D0BB
993db076e894146bfe58,1, #5F5D4F
99448b0e70d6f2b777d3,22, #959081
99448b0e70d6f2b777d3,0, #333026
99448b0e70d6f2b777d3,0, #726E5F
99448b0e70d6f2b777d3,0, #535043
99448b0e70d6f2b777d3,47,#F1EDDE
99448b0e70d6f2b777d3,29, #BFB69E
9948ebe9ec7687c65da1,3, #C0B377
9948ebe9ec7687c65da1,12, #A3964B
9948ebe9ec7687c65da1,52, #443B25
9948ebe9ec7687c65da1,29, #746443
9948ebe9ec7687c65da1,0, #DCD1B1
9948ebe9ec7687c65da1,1,#F9F0D4
994b2a112b530aea198b,3, #9EA786
994b2a112b530aea198b,88,#0E0E05
994b2a112b530aea198b,2, #3A412F
994b2a112b530aea198b,0, #7B2E0D
994b2a112b530aea198b,3, #E0E4BD
994b2a112b530aea198b,1, #687266
995051bb90da77f3ca96,2, #323028
995051bb90da77f3ca96,39, #D0C9B0
995051bb90da77f3ca96,10, #534F42
995051bb90da77f3ca96,10, #7F7968
995051bb90da77f3ca96,26,#F1EBD2
995051bb90da77f3ca96,10, #AAA48E
99526142b076ad34b712,1, #BBA67E
99526142b076ad34b712,7, #94835B
99526142b076ad34b712,24, #714F27
99526142b076ad34b712,9, #646042
99526142b076ad34b712,55,#393A2B
99526142b076ad34b712,2, #16110C
99526142b076ad34b712,0, #D2C49F
995520165da321bfa993,8,#FCFBF6
995520165da321bfa993,46, #E6E1D0
995520165da321bfa993,16, #918B7C
995520165da321bfa993,18, #C4BEAF
995520165da321bfa993,1, #3F3A31
995520165da321bfa993,7, #6A6355
995ab7e44b69ded91e70,7, #8E8661
995ab7e44b69ded91e70,6, #A2A083
995ab7e44b69ded91e70,3, #35311F
995ab7e44b69ded91e70,14, #DED9B9
995ab7e44b69ded91e70,23, #584D32
995ab7e44b69ded91e70,37,#BEBBA0
995ab7e44b69ded91e70,8, #776B48
9968fe84fc39d9483c7b,25, #69645B
9968fe84fc39d9483c7b,35,#46433C
9968fe84fc39d9483c7b,14, #D0C8B8
9968fe84fc39d9483c7b,2, #2B2823
9968fe84fc39d9483c7b,2, #EEE5D3
9968fe84fc39d9483c7b,9, #8A8478
9968fe84fc39d9483c7b,10, #AAA497
9972a2837bc1681df28a,23, #5C4528
9972a2837bc1681df28a,34, #C2BE90
9972a2837bc1681df28a,6, #766E44
9972a2837bc1681df28a,3, #BAAA69
9972a2837bc1681df28a,7, #96936D
9972a2837bc1681df28a,23,#1E1812
997320c7669635929031,14, #7E7158
997320c7669635929031,14, #4F402C
997320c7669635929031,28,#6C5C41
997320c7669635929031,36, #231B11
997320c7669635929031,0, #D2C29B
997320c7669635929031,5, #948C76
997dec9c85162fefe066,3, #968F7D
997dec9c85162fefe066,1, #B7AD97
997dec9c85162fefe066,44,#F7F5EF
997dec9c85162fefe066,10, #574F49
997dec9c85162fefe066,10, #332B23
997dec9c85162fefe066,24, #CBC6BA
997dec9c85162fefe066,5, #80755A
997f3fc71e06a14f7111,8, #21201C
997f3fc71e06a14f7111,33, #A59F7F
997f3fc71e06a14f7111,20, #5E5A40
997f3fc71e06a14f7111,7, #393728
997f3fc71e06a14f7111,5, #B8B29C
997f3fc71e06a14f7111,23,#817D63
9985d2c1ec2dea5a7ccf,19, #655F57
9985d2c1ec2dea5a7ccf,9,#D4CBBE
9985d2c1ec2dea5a7ccf,23, #8E867B
9985d2c1ec2dea5a7ccf,17, #B2AA9C
9985d2c1ec2dea5a7ccf,22, #F7EFE1
9985d2c1ec2dea5a7ccf,6, #3F3B36
99a08b2cf58d1b1a070a,10, #493020
99a08b2cf58d1b1a070a,29,#ACA18C
99a08b2cf58d1b1a070a,11, #786C5C
99a08b2cf58d1b1a070a,10, #C9BCA3
99a08b2cf58d1b1a070a,16, #ECE5D5
99a08b2cf58d1b1a070a,14, #96876D
99a08b2cf58d1b1a070a,7, #685039
99a0e1e3c4be9a86d505,9, #675736
99a0e1e3c4be9a86d505,4, #D1C1A6
99a0e1e3c4be9a86d505,44,#3D351F
99a0e1e3c4be9a86d505,30, #14140E
99a0e1e3c4be9a86d505,4, #F5EBD2
99a0e1e3c4be9a86d505,7, #9A8262
99b00033226c60a4e958,23, #553F2A
99b00033226c60a4e958,32,#9E9782
99b00033226c60a4e958,3, #635A48
99b00033226c60a4e958,15, #877850
99b00033226c60a4e958,26, #2C271F
99b00033226c60a4e958,0, #BCBAB6
99b9f3011c18ee368c1c,15, #B4AE8F
99b9f3011c18ee368c1c,13, #918D77
99b9f3011c18ee368c1c,10, #E7E1BC
99b9f3011c18ee368c1c,20, #272621
99b9f3011c18ee368c1c,18,#4C4A3F
99b9f3011c18ee368c1c,20, #6A6A66
99badec1d81008723145,2, #B1AD9B
99badec1d81008723145,9, #524F3F
99badec1d81008723145,70, #DAD4C1
99badec1d81008723145,0,#FBF5DD
99badec1d81008723145,4, #343123
99badec1d81008723145,12, #837F6E
99cdcf000458d436b688,6,#BFB59B
99cdcf000458d436b688,3, #EFEDDE
99cdcf000458d436b688,17, #887660
99cdcf000458d436b688,52, #5F4838
99cdcf000458d436b688,7, #D3D1BF
99cdcf000458d436b688,11, #A49781
99ce6dad9860487f9893,8, #7F754D
99ce6dad9860487f9893,27, #392514
99ce6dad9860487f9893,50,#5F4427
99ce6dad9860487f9893,0, #CFC59A
99ce6dad9860487f9893,2, #A18F58
99ce6dad9860487f9893,1, #BAA974
99ce6dad9860487f9893,8, #12100E
99d6bdcf77c94d42ff5d,22, #A7ACA5
99d6bdcf77c94d42ff5d,11, #858987
99d6bdcf77c94d42ff5d,4, #E1E2D5
99d6bdcf77c94d42ff5d,2, #413F39
99d6bdcf77c94d42ff5d,46,#C7CBC0
99d6bdcf77c94d42ff5d,12, #5F6059
99ddba4f9d13f4bb5ae8,16, #8F8C7F
99ddba4f9d13f4bb5ae8,3, #43423A
99ddba4f9d13f4bb5ae8,33, #D1CBBD
99ddba4f9d13f4bb5ae8,11, #B6B1A3
99ddba4f9d13f4bb5ae8,26,#EEE8D9
99ddba4f9d13f4bb5ae8,8, #626156
99ddba56c7b8d9998419,6, #7D7267
99ddba56c7b8d9998419,21, #4B382C
99ddba56c7b8d9998419,16,#ADA292
99ddba56c7b8d9998419,13, #6E5C4D
99ddba56c7b8d9998419,31, #CAC4B6
99ddba56c7b8d9998419,10, #95887A
99e2ad57a780f0ebcf67,20, #A2A186
99e2ad57a780f0ebcf67,29,#D0CDB1
99e2ad57a780f0ebcf67,10, #F3F6ED
99e2ad57a780f0ebcf67,10, #26211C
99e2ad57a780f0ebcf67,9, #4B5041
99e2ad57a780f0ebcf67,19, #957562
99e2ad57a780f0ebcf67,0, #822C38
99e7ae055b884df26047,1, #413823
99e7ae055b884df26047,3, #5B5541
99e7ae055b884df26047,10, #ABA086
99e7ae055b884df26047,69,#CBC0A7
99e7ae055b884df26047,2, #F9F5E9
99e7ae055b884df26047,9, #827860
99e7ae055b884df26047,4, #E4DCC6
99eaeb93ac70d0a8f7bd,1, #ECDCC6
99eaeb93ac70d0a8f7bd,1, #443E35
99eaeb93ac70d0a8f7bd,7, #928979
99eaeb93ac70d0a8f7bd,74,#C6B8A3
99eaeb93ac70d0a8f7bd,5, #7A7162
99eaeb93ac70d0a8f7bd,6, #A69C8B
99eaeb93ac70d0a8f7bd,2, #60594B
99f0087b4de158cba241,24, #E9E4C8
99f0087b4de158cba241,31,#CCC3A7
99f0087b4de158cba241,8, #8E8774
99f0087b4de158cba241,10, #4C483E
99f0087b4de158cba241,0, #FEFDE4
99f0087b4de158cba241,13, #716A5A
99f0087b4de158cba241,10, #AAA08A
99f61e52c7d9134ba260,9, #9F9C8C
99f61e52c7d9134ba260,12, #CCC7B3
99f61e52c7d9134ba260,15, #797769
99f61e52c7d9134ba260,21, #3C3B32
99f61e52c7d9134ba260,29,#F7F6EA
99f61e52c7d9134ba260,12, #5D5B4E
99fb05b61fe62abc9d58,14, #C2BFB1
99fb05b61fe62abc9d58,0,#FEFEF4
99fb05b61fe62abc9d58,32, #6F6F66
99fb05b61fe62abc9d58,3, #4F4F47
99fb05b61fe62abc9d58,30, #98968C
99fb05b61fe62abc9d58,19, #E5E3D4
9a00001f79d6e9faa66b,3,#FBFAF0
9a00001f79d6e9faa66b,8, #65665C
9a00001f79d6e9faa66b,0, #484B42
9a00001f79d6e9faa66b,22, #8E8E84
9a00001f79d6e9faa66b,52, #D6D5C9
9a00001f79d6e9faa66b,13, #B5B4AA
9a041b5d5cfd3342a56b,22, #F8F7EF
9a041b5d5cfd3342a56b,45,#E3E2D6
9a041b5d5cfd3342a56b,10, #B3B1A5
9a041b5d5cfd3342a56b,3, #737064
9a041b5d5cfd3342a56b,7, #918E82
9a041b5d5cfd3342a56b,0, #514E42
9a041b5d5cfd3342a56b,10, #CDCBC0
9a0ad1c8f97efab5fd93,9, #83734F
9a0ad1c8f97efab5fd93,17, #68371D
9a0ad1c8f97efab5fd93,6, #0E0B06
9a0ad1c8f97efab5fd93,1, #BAB295
9a0ad1c8f97efab5fd93,57,#262216
9a0ad1c8f97efab5fd93,7, #474937
9a0ad1c8f97efab5fd93,1, #A99E7C
9a125af6d9cd81c21fa5,0, #D5D1CD
9a125af6d9cd81c21fa5,10, #3C362E
9a125af6d9cd81c21fa5,22, #807D77
9a125af6d9cd81c21fa5,27,#5B574F
9a125af6d9cd81c21fa5,23, #17130E
9a125af6d9cd81c21fa5,13, #97A19D
9a125af6d9cd81c21fa5,1, #BAB6B1
9a1412249d854c03dcd6,44,#A6A390
9a1412249d854c03dcd6,13, #7F7E6C
9a1412249d854c03dcd6,21, #BBB9AC
9a1412249d854c03dcd6,4, #616051
9a1412249d854c03dcd6,0, #292921
9a1412249d854c03dcd6,11, #DEDAC2
9a1412249d854c03dcd6,3, #45463A
9a1477c5e86452ce5475,1, #71746A
9a1477c5e86452ce5475,77,#1A1811
9a1477c5e86452ce5475,0, #ACA57D
9a1477c5e86452ce5475,1, #714C2C
9a1477c5e86452ce5475,18, #3A3C38
9a1477c5e86452ce5475,0, #927542
9a1b7c8d03cb86e7c2d7,10,#C1B79C
9a1b7c8d03cb86e7c2d7,5, #998870
9a1b7c8d03cb86e7c2d7,1, #483923
9a1b7c8d03cb86e7c2d7,2, #805C4E
9a1b7c8d03cb86e7c2d7,2, #FCFBF3
9a1b7c8d03cb86e7c2d7,77, #E6E0C9
9a1ff0f1a1c48a2fc87a,17, #9C9A86
9a1ff0f1a1c48a2fc87a,32,#E3DFC9
9a1ff0f1a1c48a2fc87a,6, #F9F9EC
9a1ff0f1a1c48a2fc87a,11, #C2BEA8
9a1ff0f1a1c48a2fc87a,13, #767563
9a1ff0f1a1c48a2fc87a,1, #313027
9a1ff0f1a1c48a2fc87a,16, #504F42
9a25a7f09a474070662d,2, #A9A477
9a25a7f09a474070662d,5, #8A885E
9a25a7f09a474070662d,0, #E6E4BF
9a25a7f09a474070662d,13, #2F3929
9a25a7f09a474070662d,54,#091A0F
9a25a7f09a474070662d,21, #665838
9a25a7f09a474070662d,1, #C5BD90
9a29ccd34af12a591964,5, #FBFBF5
9a29ccd34af12a591964,7, #6C6656
9a29ccd34af12a591964,19, #B0A68E
9a29ccd34af12a591964,22, #D3C6A6
9a29ccd34af12a591964,1, #545145
9a29ccd34af12a591964,26,#EBE6D2
9a29ccd34af12a591964,18, #847B68
9a2c5bbdbc1b30270eb5,7, #867D6A
9a2c5bbdbc1b30270eb5,10, #595346
9a2c5bbdbc1b30270eb5,2, #35312B
9a2c5bbdbc1b30270eb5,11, #AAA088
9a2c5bbdbc1b30270eb5,25, #CCBEA3
9a2c5bbdbc1b30270eb5,1, #FAF6EE
9a2c5bbdbc1b30270eb5,41,#E2D5C2
9a2d4e4ddf70a74b8a8a,0,#FBF6EA
9a2d4e4ddf70a74b8a8a,25, #57534F
9a2d4e4ddf70a74b8a8a,16, #7D7871
9a2d4e4ddf70a74b8a8a,10, #A7A196
9a2d4e4ddf70a74b8a8a,29, #363230
9a2d4e4ddf70a74b8a8a,17, #D2C9BA
9a2d7601d987b7a7d5df,52,#ECE8D7
9a2d7601d987b7a7d5df,15, #7E7B6E
9a2d7601d987b7a7d5df,1, #383930
9a2d7601d987b7a7d5df,9, #A5A193
9a2d7601d987b7a7d5df,6, #535248
9a2d7601d987b7a7d5df,14, #C2BEAF
9a446741d6b471889e5f,61,#F3F0E7
9a446741d6b471889e5f,7, #625F51
9a446741d6b471889e5f,7, #827F71
9a446741d6b471889e5f,8, #A4A094
9a446741d6b471889e5f,7, #D6D0BF
9a446741d6b471889e5f,4, #BCB8AA
9a446741d6b471889e5f,3, #3D3C33
9a4e851a7593715fa087,25, #5E5741
9a4e851a7593715fa087,27, #2E2718
9a4e851a7593715fa087,3, #CDC4A4
9a4e851a7593715fa087,0, #C1AF78
9a4e851a7593715fa087,37,#9AA3A4
9a4e851a7593715fa087,5, #9C8D5E
9a50f940d8bb04bc3018,57, #352922
9a50f940d8bb04bc3018,14, #5B5149
9a50f940d8bb04bc3018,11, #928C84
9a50f940d8bb04bc3018,6, #766D65
9a50f940d8bb04bc3018,4,#C6C7C9
9a50f940d8bb04bc3018,5, #AEACA5
9a6a9e49f6d7f8ba8600,28,#F5F0E0
9a6a9e49f6d7f8ba8600,18, #645C51
9a6a9e49f6d7f8ba8600,13, #BDB5A0
9a6a9e49f6d7f8ba8600,4, #3F3935
9a6a9e49f6d7f8ba8600,12, #D4CCB5
9a6a9e49f6d7f8ba8600,10, #867D6E
9a6a9e49f6d7f8ba8600,11, #A09887
9a710f964934273292cc,12, #7D7A6F
9a710f964934273292cc,36, #D1CBB9
9a710f964934273292cc,21, #56554C
9a710f964934273292cc,5,#F8F6EE
9a710f964934273292cc,8, #9F9B8F
9a710f964934273292cc,15, #292A23
9a7e489a5fc7b337a283,3, #8F8064
9a7e489a5fc7b337a283,2, #B7AF91
9a7e489a5fc7b337a283,6, #79684D
9a7e489a5fc7b337a283,4, #CBC5A9
9a7e489a5fc7b337a283,8, #503E2A
9a7e489a5fc7b337a283,71,#EDEAD5
9a7e489a5fc7b337a283,4, #A19880
9a952ec7566c79d66925,8, #D8CFB9
9a952ec7566c79d66925,11, #F6F3E3
9a952ec7566c79d66925,25, #3B3732
9a952ec7566c79d66925,30,#B8AD99
9a952ec7566c79d66925,9, #908777
9a952ec7566c79d66925,7, #575149
9a952ec7566c79d66925,7, #6D675C
9a9fc8b0507e282b280f,1, #9F9085
9a9fc8b0507e282b280f,1, #956F5F
9a9fc8b0507e282b280f,0, #794F43
9a9fc8b0507e282b280f,12, #D7C9BA
9a9fc8b0507e282b280f,79,#F3F0E7
9a9fc8b0507e282b280f,4, #BDA593
9aa82b0721d0e60c37c4,58,#F6F2E0
9aa82b0721d0e60c37c4,2, #42413A
9aa82b0721d0e60c37c4,11, #A29E92
9aa82b0721d0e60c37c4,6, #5F5D53
9aa82b0721d0e60c37c4,13, #807D72
9aa82b0721d0e60c37c4,7, #C8C3B2
9aad8726171d23cc797a,9, #6F6D60
9aad8726171d23cc797a,21, #3E352A
9aad8726171d23cc797a,0, #8A6749
9aad8726171d23cc797a,16, #A2A392
9aad8726171d23cc797a,8, #1C1A15
9aad8726171d23cc797a,18, #5F5342
9aad8726171d23cc797a,25,#878573
9ab44221a9c1ca48dec2,69,#F4F0E5
9ab44221a9c1ca48dec2,7, #ACA597
9ab44221a9c1ca48dec2,0, #474039
9ab44221a9c1ca48dec2,13, #CCC3B1
9ab44221a9c1ca48dec2,1, #5F584F
9ab44221a9c1ca48dec2,2, #787165
9ab44221a9c1ca48dec2,4, #90897E
9ab5489894f76946d15d,22, #A39584
9ab5489894f76946d15d,1,#F8EEDB
9ab5489894f76946d15d,18, #DFCFB6
9ab5489894f76946d15d,12, #C8B192
9ab5489894f76946d15d,4, #4C3C32
9ab5489894f76946d15d,40, #846C56
9ab883300ef614b14137,3, #5B5149
9ab883300ef614b14137,2, #A69C8C
9ab883300ef614b14137,8, #F8F7EF
9ab883300ef614b14137,3, #CABEA7
9ab883300ef614b14137,4, #80756A
9ab883300ef614b14137,73,#E5DDC8
9ab883300ef614b14137,4, #3B332D
9ac2ad11ca15fcb1db7a,6, #16130A
9ac2ad11ca15fcb1db7a,22, #7B6738
9ac2ad11ca15fcb1db7a,1, #9D905F
9ac2ad11ca15fcb1db7a,33, #5D4620
9ac2ad11ca15fcb1db7a,34,#382815
9ac2ad11ca15fcb1db7a,0, #B1A471
9ac2ad11ca15fcb1db7a,1, #8D7E4E
9ad00bf3cd7ae2c6a088,25, #2D2718
9ad00bf3cd7ae2c6a088,5, #7E6F42
9ad00bf3cd7ae2c6a088,29,#423A24
9ad00bf3cd7ae2c6a088,0, #A08A50
9ad00bf3cd7ae2c6a088,2, #8C7C4E
9ad00bf3cd7ae2c6a088,22, #655934
9ad00bf3cd7ae2c6a088,14, #13110E
9ad0c4853ea7fc4e9e9b,24, #A18B5F
9ad0c4853ea7fc4e9e9b,2, #CCB67C
9ad0c4853ea7fc4e9e9b,25, #382E20
9ad0c4853ea7fc4e9e9b,0, #FCF7C6
9ad0c4853ea7fc4e9e9b,5, #080502
9ad0c4853ea7fc4e9e9b,41,#735A34
9ad0c4853ea7fc4e9e9b,0, #EBDAA0
9ad42e068d538c4c52f1,11, #32291B
9ad42e068d538c4c52f1,17, #C1B494
9ad42e068d538c4c52f1,21, #8B6F55
9ad42e068d538c4c52f1,5,#5A7681
9ad42e068d538c4c52f1,7, #604D34
9ad42e068d538c4c52f1,36, #9B9278
9add629a82f69cba0014,27, #42413B
9add629a82f69cba0014,2,#E3DCC5
9add629a82f69cba0014,22, #F9F7EE
9add629a82f69cba0014,15, #918978
9add629a82f69cba0014,15, #BEB39B
9add629a82f69cba0014,16, #6D675A
9adde73b555feb676fd8,7,#F7F5E3
9adde73b555feb676fd8,15, #67584C
9adde73b555feb676fd8,8, #BDB3A0
9adde73b555feb676fd8,33, #D4CEBD
9adde73b555feb676fd8,6, #958A7E
9adde73b555feb676fd8,28, #34261E
9adf84ddebf9c1a6bc00,29,#DAD7CC
9adf84ddebf9c1a6bc00,3, #3A3932
9adf84ddebf9c1a6bc00,14, #5F5E54
9adf84ddebf9c1a6bc00,15, #9E9C91
9adf84ddebf9c1a6bc00,16, #BBB9AE
9adf84ddebf9c1a6bc00,11, #818075
9adf84ddebf9c1a6bc00,9, #FBFAF6
9ae9e6f018ba5f52fca5,2, #38372F
9ae9e6f018ba5f52fca5,7, #A09C90
9ae9e6f018ba5f52fca5,36,#E2DDCD
9ae9e6f018ba5f52fca5,24, #5F5D52
9ae9e6f018ba5f52fca5,15, #BFBCAE
9ae9e6f018ba5f52fca5,1, #FAF7E8
9ae9e6f018ba5f52fca5,12, #888579
9aed401fcce4a05818db,18, #B7AF8D
9aed401fcce4a05818db,10, #5C594F
9aed401fcce4a05818db,8, #938F7D
9aed401fcce4a05818db,39,#E7E5D8
9aed401fcce4a05818db,0, #FEFEF5
9aed401fcce4a05818db,8, #827C63
9aed401fcce4a05818db,13, #D6D0B6
9af1db5a330344a1be4d,7, #6D685C
9af1db5a330344a1be4d,16, #A39E90
9af1db5a330344a1be4d,27, #CAC4B2
9af1db5a330344a1be4d,38,#F4F1E5
9af1db5a330344a1be4d,3, #474339
9af1db5a330344a1be4d,5, #878275
9af46d05ac077d30b6c2,0, #F8F6EC
9af46d05ac077d30b6c2,17, #DAD8CA
9af46d05ac077d30b6c2,48,#766A4B
9af46d05ac077d30b6c2,3, #B8B6AB
9af46d05ac077d30b6c2,18, #443A2F
9af46d05ac077d30b6c2,4, #0F0E0B
9af46d05ac077d30b6c2,7, #94928B
9af4f2393876807d2645,14, #67685C
9af4f2393876807d2645,17, #3A3D34
9af4f2393876807d2645,32, #D1CDC2
9af4f2393876807d2645,14, #ADABA0
9af4f2393876807d2645,12,#F2F0E7
9af4f2393876807d2645,9, #8C8C80
9af92feb92d3a241a3b2,19, #979384
9af92feb92d3a241a3b2,26, #524C3D
9af92feb92d3a241a3b2,14, #E0DDCA
9af92feb92d3a241a3b2,21, #767160
9af92feb92d3a241a3b2,9,#F7F5E2
9af92feb92d3a241a3b2,8, #C1BEAE
9afb7d53f1e13ad550f4,4, #81704B
9afb7d53f1e13ad550f4,5, #DAD6BD
9afb7d53f1e13ad550f4,9, #C5B895
9afb7d53f1e13ad550f4,7, #A2916B
9afb7d53f1e13ad550f4,40, #534224
9afb7d53f1e13ad550f4,32,#19170D
9b0421f28184cc19132b,9, #B49A79
9b0421f28184cc19132b,24, #493B30
9b0421f28184cc19132b,25, #977F5D
9b0421f28184cc19132b,6, #CEB895
9b0421f28184cc19132b,28,#796045
9b0421f28184cc19132b,3, #ECE1BE
9b0421f28184cc19132b,3, #272119
9b05e0ef9514c7c04b43,1, #40372F
9b05e0ef9514c7c04b43,30, #AA9E90
9b05e0ef9514c7c04b43,10, #685D52
9b05e0ef9514c7c04b43,12, #887D70
9b05e0ef9514c7c04b43,29,#CFC0B0
9b05e0ef9514c7c04b43,14, #F2E7DA
9b063f85f65379cfb201,11, #9F9A8A
9b063f85f65379cfb201,19, #515046
9b063f85f65379cfb201,7, #35352F
9b063f85f65379cfb201,47, #CAC2B1
9b063f85f65379cfb201,12, #777566
9b063f85f65379cfb201,1,#F6F1DC
9b099a72a55f3ca72325,81,#13110F
9b099a72a55f3ca72325,0, #AEA78E
9b099a72a55f3ca72325,0, #724B1F
9b099a72a55f3ca72325,14, #3C3D39
9b099a72a55f3ca72325,1, #928B77
9b099a72a55f3ca72325,2, #6E6250
9b0c05006744e0117fb5,12, #9E9263
9b0c05006744e0117fb5,7, #615F4D
9b0c05006744e0117fb5,31, #1A140B
9b0c05006744e0117fb5,10, #C7C19F
9b0c05006744e0117fb5,34, #473E28
9b0c05006744e0117fb5,3,#F2F3EF
9b0d1d5f691904c5d409,0,#FBF9F6
9b0d1d5f691904c5d409,12, #858276
9b0d1d5f691904c5d409,35, #D7D1C4
9b0d1d5f691904c5d409,17, #ABA79A
9b0d1d5f691904c5d409,25, #393A34
9b0d1d5f691904c5d409,6, #66665A
9b20df68579196cfcd0f,23, #605956
9b20df68579196cfcd0f,11, #A29B96
9b20df68579196cfcd0f,15,#EAE5DD
9b20df68579196cfcd0f,9, #C3BCB4
9b20df68579196cfcd0f,14, #353130
9b20df68579196cfcd0f,26, #827B77
9b2456bf794f70ee30fb,0, #75693C
9b2456bf794f70ee30fb,22, #332A12
9b2456bf794f70ee30fb,0, #6F4F1A
9b2456bf794f70ee30fb,71,#161107
9b2456bf794f70ee30fb,1, #4B4622
9b2456bf794f70ee30fb,3, #56300D
9b2ef761cfa75d65cfa1,55,#EAE5D3
9b2ef761cfa75d65cfa1,6, #7D756D
9b2ef761cfa75d65cfa1,14, #CDC7B5
9b2ef761cfa75d65cfa1,13, #574E48
9b2ef761cfa75d65cfa1,1, #362D27
9b2ef761cfa75d65cfa1,4, #AFA79A
9b2ef761cfa75d65cfa1,3, #968E84
9b3221a294135d9f0702,1, #414038
9b3221a294135d9f0702,0, #FFFEFD
9b3221a294135d9f0702,7, #8D8B82
9b3221a294135d9f0702,3, #B8B6AA
9b3221a294135d9f0702,4, #5A584E
9b3221a294135d9f0702,77,#E8E5D8
9b3221a294135d9f0702,5, #716F66
9b3e1af332a68ff4ebb6,8, #7E7B6F
9b3e1af332a68ff4ebb6,26, #A6A396
9b3e1af332a68ff4ebb6,34,#EBEADA
9b3e1af332a68ff4ebb6,2, #3E3B31
9b3e1af332a68ff4ebb6,5, #5F5B4F
9b3e1af332a68ff4ebb6,22, #C8C7B8
9b4025611ab5ecab10d8,40, #191411
9b4025611ab5ecab10d8,30, #ECEBDF
9b4025611ab5ecab10d8,6,#BDB9A7
9b4025611ab5ecab10d8,7, #6E644F
9b4025611ab5ecab10d8,4, #91896E
9b4025611ab5ecab10d8,10, #3F3732
9b4947c278289aef58f3,0, #52463B
9b4947c278289aef58f3,2, #9C826F
9b4947c278289aef58f3,6, #F9EAD2
9b4947c278289aef58f3,7, #866A57
9b4947c278289aef58f3,4, #B19B88
9b4947c278289aef58f3,8, #CDBEAB
9b4947c278289aef58f3,71,#E7D4BC
9b4ff2c493cc0d346000,12, #B6B19E
9b4ff2c493cc0d346000,32, #726A48
9b4ff2c493cc0d346000,2, #A2956F
9b4ff2c493cc0d346000,6, #2E2923
9b4ff2c493cc0d346000,33,#DAD6C2
9b4ff2c493cc0d346000,4, #9D8D42
9b4ff2c493cc0d346000,9, #49493C
9b61e2c36798abf112c4,7, #726D5A
9b61e2c36798abf112c4,2, #8A8572
9b61e2c36798abf112c4,12, #4B473D
9b61e2c36798abf112c4,4, #A29D88
9b61e2c36798abf112c4,25, #C2BEAE
9b61e2c36798abf112c4,47,#EEEBE2
9b6b85b64297092e01e4,6, #BFBEC1
9b6b85b64297092e01e4,12, #9C9B9E
9b6b85b64297092e01e4,27,#747374
9b6b85b64297092e01e4,8, #F0EFF1
9b6b85b64297092e01e4,17, #32312F
9b6b85b64297092e01e4,15, #181715
9b6b85b64297092e01e4,12, #4C4B4B
9b6f5d6454ccc7c3b57c,14, #423B35
9b6f5d6454ccc7c3b57c,21, #E4DFD6
9b6f5d6454ccc7c3b57c,4, #968D84
9b6f5d6454ccc7c3b57c,10, #726659
9b6f5d6454ccc7c3b57c,7, #C6BDAF
9b6f5d6454ccc7c3b57c,4, #2A1F18
9b6f5d6454ccc7c3b57c,37,#FBF9F4
9b714e7d9f9ece9934c6,3, #393432
9b714e7d9f9ece9934c6,14,#A8A195
9b714e7d9f9ece9934c6,17, #56514D
9b714e7d9f9ece9934c6,22, #7C766E
9b714e7d9f9ece9934c6,22, #F1EBDD
9b714e7d9f9ece9934c6,19, #C9C1B3
9b744381e23dc0208713,7, #C3BDAB
9b744381e23dc0208713,71, #EDE7D1
9b744381e23dc0208713,5, #656051
9b744381e23dc0208713,4,#858070
9b744381e23dc0208713,10, #A29D8C
9b744381e23dc0208713,0, #464235
9b809663f66323c46a57,2, #D5BFA6
9b809663f66323c46a57,72,#F9F4E6
9b809663f66323c46a57,5, #B99F83
9b809663f66323c46a57,5, #E6DAC8
9b809663f66323c46a57,1, #494842
9b809663f66323c46a57,7, #8F7560
9b809663f66323c46a57,4, #626057
9b8d903e889e1375c9a8,4, #675746
9b8d903e889e1375c9a8,8, #8A7B64
9b8d903e889e1375c9a8,48, #CABD9F
9b8d903e889e1375c9a8,2, #47392B
9b8d903e889e1375c9a8,14, #A89A7E
9b8d903e889e1375c9a8,21,#DED0B5
9b96699885b18aabaae4,2, #DAD4C1
9b96699885b18aabaae4,38, #44413C
9b96699885b18aabaae4,17, #6B6055
9b96699885b18aabaae4,15, #C0B6A2
9b96699885b18aabaae4,25, #9B8E7C
9b96699885b18aabaae4,1,#F5F1E4
9b978901f5692e490cac,33, #443122
9b978901f5692e490cac,9, #A2A285
9b978901f5692e490cac,15, #8D7C56
9b978901f5692e490cac,0,#1B1A13
9b978901f5692e490cac,40, #695C42
9b978901f5692e490cac,0, #CECDAF
9b9eea56e50913f8a090,7,#928F80
9b9eea56e50913f8a090,76, #E4E2CE
9b9eea56e50913f8a090,5, #6E6B5D
9b9eea56e50913f8a090,3, #4A483B
9b9eea56e50913f8a090,6, #B7B4A2
9b9eea56e50913f8a090,0, #29271E
9ba3fbe2f77e77145fa0,0, #6A6758
9ba3fbe2f77e77145fa0,0, #4C463B
9ba3fbe2f77e77145fa0,0, #FEFEF8
9ba3fbe2f77e77145fa0,10, #D5D1B9
9ba3fbe2f77e77145fa0,5, #99927A
9ba3fbe2f77e77145fa0,75,#B7B298
9ba3fbe2f77e77145fa0,6, #ECE9DE
9ba4cec06996f1b36558,30, #FAF7EB
9ba4cec06996f1b36558,4, #8F877E
9ba4cec06996f1b36558,38,#E2DACE
9ba4cec06996f1b36558,0, #49443F
9ba4cec06996f1b36558,13, #CCC5BA
9ba4cec06996f1b36558,9, #B1A99E
9ba4cec06996f1b36558,3, #6D665D
9ba75474cacd4e455804,22,#776451
9ba75474cacd4e455804,9, #ACA89E
9ba75474cacd4e455804,8, #46433C
9ba75474cacd4e455804,4, #F8F5E9
9ba75474cacd4e455804,18, #C6C2B8
9ba75474cacd4e455804,17, #E1DCD2
9ba75474cacd4e455804,19, #8E8A80
9ba8f4b0f7bf1a08ff14,17, #A2976E
9ba8f4b0f7bf1a08ff14,17, #494028
9ba8f4b0f7bf1a08ff14,7, #DAD2AB
9ba8f4b0f7bf1a08ff14,24, #766D4C
9ba8f4b0f7bf1a08ff14,0, #FBFAF0
9ba8f4b0f7bf1a08ff14,31,#100B06
9bab6992ac7c48eacfce,20, #DED6BD
9bab6992ac7c48eacfce,40, #727769
9bab6992ac7c48eacfce,12, #B1AE9A
9bab6992ac7c48eacfce,16, #363D35
9bab6992ac7c48eacfce,6, #0C130C
9bab6992ac7c48eacfce,4,#FDFDF1
9bb1c8061e4f14f82acc,1, #43413C
9bb1c8061e4f14f82acc,11,#6A6458
9bb1c8061e4f14f82acc,25, #C8BFAC
9bb1c8061e4f14f82acc,10, #AAA18F
9bb1c8061e4f14f82acc,23, #908979
9bb1c8061e4f14f82acc,27, #F1EAD6
9bb400bcb72e582c81e7,71,#322E1E
9bb400bcb72e582c81e7,0, #A49D69
9bb400bcb72e582c81e7,9, #19180E
9bb400bcb72e582c81e7,9, #564B25
9bb400bcb72e582c81e7,4, #76642F
9bb400bcb72e582c81e7,3, #95874C
9bb400bcb72e582c81e7,1, #927236
9bb4d59de9e94a9dab2e,14, #C4B98D
9bb4d59de9e94a9dab2e,5, #5F471E
9bb4d59de9e94a9dab2e,53,#B3A77A
9bb4d59de9e94a9dab2e,5, #463217
9bb4d59de9e94a9dab2e,1, #271E11
9bb4d59de9e94a9dab2e,11, #716441
9bb4d59de9e94a9dab2e,7, #9A8956
9bb6ead2702331292c4e,20, #9D9781
9bb6ead2702331292c4e,10, #464337
9bb6ead2702331292c4e,3,#F9F4DC
9bb6ead2702331292c4e,17, #76715E
9bb6ead2702331292c4e,30, #E1D9C1
9bb6ead2702331292c4e,18, #BFB9A1
9bb730a0e48ddc9e3cd4,35,#E2DDCB
9bb730a0e48ddc9e3cd4,5, #B3AA92
9bb730a0e48ddc9e3cd4,27, #C7C1A8
9bb730a0e48ddc9e3cd4,5, #746753
9bb730a0e48ddc9e3cd4,11, #634E39
9bb730a0e48ddc9e3cd4,6, #F7F4EE
9bb730a0e48ddc9e3cd4,7, #908673
9bb771253e09f8c6ed7e,6, #A59D84
9bb771253e09f8c6ed7e,10, #5B5540
9bb771253e09f8c6ed7e,3, #433F2E
9bb771253e09f8c6ed7e,12, #83785F
9bb771253e09f8c6ed7e,2, #FAF9EE
9bb771253e09f8c6ed7e,49,#E7E0CF
9bb771253e09f8c6ed7e,15, #C6BEA6
9bce9fcdf385c1f0338f,16, #666358
9bce9fcdf385c1f0338f,12, #444138
9bce9fcdf385c1f0338f,19, #8F8B7E
9bce9fcdf385c1f0338f,5,#F5F3E9
9bce9fcdf385c1f0338f,31, #D4CFBD
9bce9fcdf385c1f0338f,15, #B0AB9B
9bd7267713188621b52c,13, #888070
9bd7267713188621b52c,28, #B3A892
9bd7267713188621b52c,9, #3C3A33
9bd7267713188621b52c,13, #645D52
9bd7267713188621b52c,12, #D5C9B0
9bd7267713188621b52c,22,#F5F1D9
9bda8dc3e51cc005d13f,42, #745942
9bda8dc3e51cc005d13f,0, #CAB67B
9bda8dc3e51cc005d13f,2, #AF8458
9bda8dc3e51cc005d13f,53,#2B2620
9bda8dc3e51cc005d13f,0, #F3EAB8
9bda8dc3e51cc005d13f,0, #E2D090
9be460620d2b6a30a3e8,9,#C9BEA9
9be460620d2b6a30a3e8,0, #443E32
9be460620d2b6a30a3e8,2, #7D7563
9be460620d2b6a30a3e8,79, #F1EDE0
9be460620d2b6a30a3e8,0, #605A4A
9be460620d2b6a30a3e8,6, #A29A89
9be8f61c46ec4d5ab9bb,7, #43423A
9be8f61c46ec4d5ab9bb,4, #BDB69F
9be8f61c46ec4d5ab9bb,24, #DCD2B4
9be8f61c46ec4d5ab9bb,48,#F4EFD5
9be8f61c46ec4d5ab9bb,7, #6B6859
9be8f61c46ec4d5ab9bb,7, #95907D
9beaf07a3c685b187410,35, #463B2D
9beaf07a3c685b187410,4, #82765F
9beaf07a3c685b187410,1, #A89B7A
9beaf07a3c685b187410,2, #60513B
9beaf07a3c685b187410,27,#070605
9beaf07a3c685b187410,28, #26221C
9bec590595a31ffa9317,9, #DECD95
9bec590595a31ffa9317,12, #706044
9bec590595a31ffa9317,17, #342D23
9bec590595a31ffa9317,6, #978160
9bec590595a31ffa9317,27, #A4987E
9bec590595a31ffa9317,27,#C6B387
9bf1bdad2857a6a6e54c,0, #C0B7A6
9bf1bdad2857a6a6e54c,11, #A69D8C
9bf1bdad2857a6a6e54c,8, #8D785D
9bf1bdad2857a6a6e54c,6, #20130F
9bf1bdad2857a6a6e54c,7, #826041
9bf1bdad2857a6a6e54c,26, #6D3D27
9bf1bdad2857a6a6e54c,39,#43271B
9bf87943e75b0f256476,9, #6B6A5F
9bf87943e75b0f256476,8, #919085
9bf87943e75b0f256476,13, #3A3B33
9bf87943e75b0f256476,32,#F4F2EA
9bf87943e75b0f256476,14, #B7B4A9
9bf87943e75b0f256476,21, #DCD8C9
9bfa5b97a8ca151dfc48,18, #59574F
9bfa5b97a8ca151dfc48,17, #7C7A71
9bfa5b97a8ca151dfc48,18, #A4A298
9bfa5b97a8ca151dfc48,5, #3A3A33
9bfa5b97a8ca151dfc48,25,#E8E6DA
9bfa5b97a8ca151dfc48,13, #C2BFB5
9c015a145a5a65a50811,29, #544F48
9c015a145a5a65a50811,15, #EEEDDF
9c015a145a5a65a50811,26, #CCC8B7
9c015a145a5a65a50811,7,#ADA895
9c015a145a5a65a50811,8, #958E7E
9c015a145a5a65a50811,12, #7C7363
9c04e2487159ab0acd71,40,#DCD9C8
9c04e2487159ab0acd71,17, #C6C2B2
9c04e2487159ab0acd71,1, #4D4D41
9c04e2487159ab0acd71,6, #8C897B
9c04e2487159ab0acd71,15, #F6F3DF
9c04e2487159ab0acd71,12, #AAA697
9c04e2487159ab0acd71,6, #706F62
9c04fc4960e0a5bfa5e9,9, #7F7E75
9c04fc4960e0a5bfa5e9,7, #59584F
9c04fc4960e0a5bfa5e9,5, #ABA89D
9c04fc4960e0a5bfa5e9,10, #D2CDC2
9c04fc4960e0a5bfa5e9,4, #3A3933
9c04fc4960e0a5bfa5e9,64,#F4F0E5
9c10d5819f9eb678631c,17, #9A948A
9c10d5819f9eb678631c,11, #56524C
9c10d5819f9eb678631c,18, #7B766D
9c10d5819f9eb678631c,17, #C6BEAE
9c10d5819f9eb678631c,2, #3A3733
9c10d5819f9eb678631c,19,#E8DECD
9c10d5819f9eb678631c,12, #AEA99F
9c1650974bd33757d85c,5, #3B3A31
9c1650974bd33757d85c,15, #AAA596
9c1650974bd33757d85c,16,#F7F7F1
9c1650974bd33757d85c,15, #7C786A
9c1650974bd33757d85c,6, #5A574B
9c1650974bd33757d85c,40, #D4D0BE
9c1b744126d17084cd68,1, #31525C
9c1b744126d17084cd68,2, #AF9062
9c1b744126d17084cd68,77,#121D1F
9c1b744126d17084cd68,0, #9B4631
9c1b744126d17084cd68,5, #D9B485
9c1b744126d17084cd68,8, #5B4723
9c1b744126d17084cd68,4, #796C46
9c2463c1f8e1c773ebdc,5, #A69D8D
9c2463c1f8e1c773ebdc,44,#EDE4D5
9c2463c1f8e1c773ebdc,3, #69635B
9c2463c1f8e1c773ebdc,29, #DBD1C3
9c2463c1f8e1c773ebdc,1, #494640
9c2463c1f8e1c773ebdc,5, #847E73
9c2463c1f8e1c773ebdc,10, #C5B498
9c283acc6c7cc4f10064,25, #C2B9A5
9c283acc6c7cc4f10064,12, #6F695A
9c283acc6c7cc4f10064,16, #48443A
9c283acc6c7cc4f10064,0, #25221C
9c283acc6c7cc4f10064,36, #918979
9c283acc6c7cc4f10064,8,#F3EEDF
9c29ce824ce5e1d4b12a,1, #766F5D
9c29ce824ce5e1d4b12a,63,#E7DFCE
9c29ce824ce5e1d4b12a,7, #B9AE9B
9c29ce824ce5e1d4b12a,4, #4C493E
9c29ce824ce5e1d4b12a,3, #908776
9c29ce824ce5e1d4b12a,16, #D4CCBA
9c29ce824ce5e1d4b12a,3, #F8F7F2
9c302e38d4c333323c31,8, #676864
9c302e38d4c333323c31,12, #31312E
9c302e38d4c333323c31,7, #4B4C48
9c302e38d4c333323c31,11, #DCDBD1
9c302e38d4c333323c31,19, #8C8C88
9c302e38d4c333323c31,13, #B7B7B3
9c302e38d4c333323c31,28,#F7F7F2
9c35572f8b46434fb01a,39, #D2C8BB
9c35572f8b46434fb01a,15, #726C66
9c35572f8b46434fb01a,19, #A19A90
9c35572f8b46434fb01a,7, #302D2C
9c35572f8b46434fb01a,17, #4D4745
9c35572f8b46434fb01a,0,#FBF5E4
9c37aa9d2b782e8ae261,24, #958B7A
9c37aa9d2b782e8ae261,18, #7B6C5A
9c37aa9d2b782e8ae261,14, #B9AC90
9c37aa9d2b782e8ae261,3, #D3CBAE
9c37aa9d2b782e8ae261,2, #F0EFE7
9c37aa9d2b782e8ae261,5, #291F1C
9c37aa9d2b782e8ae261,31,#50433B
9c481dd746396b3dc435,7, #A09A8D
9c481dd746396b3dc435,0,#FEFEF6
9c481dd746396b3dc435,8, #48443B
9c481dd746396b3dc435,7, #BCB5A7
9c481dd746396b3dc435,14, #777065
9c481dd746396b3dc435,61, #E2DBCB
9c4d546028c7b0332b57,22, #80715A
9c4d546028c7b0332b57,6, #9F9783
9c4d546028c7b0332b57,1,#FBFAF1
9c4d546028c7b0332b57,2, #C1B499
9c4d546028c7b0332b57,13, #DDD7BF
9c4d546028c7b0332b57,54, #514639
9c4e792212d87414f4f6,11, #A29D8B
9c4e792212d87414f4f6,2,#FDFBEF
9c4e792212d87414f4f6,7, #4B483C
9c4e792212d87414f4f6,51, #E9E0C7
9c4e792212d87414f4f6,12, #CABEA2
9c4e792212d87414f4f6,14, #797564
9c5f7ef9cf6b110ab663,10, #5E5B47
9c5f7ef9cf6b110ab663,41,#181812
9c5f7ef9cf6b110ab663,6, #616D73
9c5f7ef9cf6b110ab663,9, #A5A599
9c5f7ef9cf6b110ab663,0, #889291
9c5f7ef9cf6b110ab663,4, #8A8269
9c5f7ef9cf6b110ab663,27, #313024
9c65befd59981a13a47d,7, #C5C1AD
9c65befd59981a13a47d,23,#F4F0D8
9c65befd59981a13a47d,3, #DCD7C2
9c65befd59981a13a47d,19, #A4A191
9c65befd59981a13a47d,22, #5A594D
9c65befd59981a13a47d,9, #313027
9c65befd59981a13a47d,13, #7E7C70
9c66707c053df3622cce,43,#CFC2A8
9c66707c053df3622cce,6, #756A55
9c66707c053df3622cce,2, #302519
9c66707c053df3622cce,28, #EBE5D4
9c66707c053df3622cce,4, #524839
9c66707c053df3622cce,14, #A6997D
9c66707c053df3622cce,0, #FEFEF8
9c66f56509b63a76ec19,1,#D4D5D5
9c66f56509b63a76ec19,42, #594932
9c66f56509b63a76ec19,1, #BCBDBC
9c66f56509b63a76ec19,27, #999382
9c66f56509b63a76ec19,16, #322519
9c66f56509b63a76ec19,10, #756C59
9c69e7206514b178844b,14, #666257
9c69e7206514b178844b,5, #45423B
9c69e7206514b178844b,32, #F5F1E3
9c69e7206514b178844b,14,#A6A193
9c69e7206514b178844b,24, #D0CAB8
9c69e7206514b178844b,7, #817C6F
9c73cff1f1b8f7737d90,21, #EEE5D4
9c73cff1f1b8f7737d90,3, #746E64
9c73cff1f1b8f7737d90,6, #B2A38B
9c73cff1f1b8f7737d90,60,#CDC3B1
9c73cff1f1b8f7737d90,1, #5B564F
9c73cff1f1b8f7737d90,5, #938D80
9c73cff1f1b8f7737d90,1, #3E3A35
9c783e93ddc2a6dabeb2,3, #A79058
9c783e93ddc2a6dabeb2,1, #E6C574
9c783e93ddc2a6dabeb2,3, #C6AD66
9c783e93ddc2a6dabeb2,55,#403828
9c783e93ddc2a6dabeb2,9, #59533C
9c783e93ddc2a6dabeb2,19, #1E1D18
9c783e93ddc2a6dabeb2,6, #776A45
9c7c79ecd231a8c7cb5c,5,#C7B699
9c7c79ecd231a8c7cb5c,8, #93806D
9c7c79ecd231a8c7cb5c,18, #715E4F
9c7c79ecd231a8c7cb5c,12, #B09E85
9c7c79ecd231a8c7cb5c,50, #E3D8BC
9c7c79ecd231a8c7cb5c,5, #514037
9c7fb4f4a984a75b015a,9,#FAF5EC
9c7fb4f4a984a75b015a,8, #817B70
9c7fb4f4a984a75b015a,5, #635E55
9c7fb4f4a984a75b015a,6, #A59F93
9c7fb4f4a984a75b015a,10, #43403A
9c7fb4f4a984a75b015a,59, #D6CBBB
9c85b86a4eafa0f6ce9b,43,#0A0E09
9c85b86a4eafa0f6ce9b,3, #ADAFA1
9c85b86a4eafa0f6ce9b,1, #C9BE68
9c85b86a4eafa0f6ce9b,6, #9F9770
9c85b86a4eafa0f6ce9b,25, #413A29
9c85b86a4eafa0f6ce9b,12, #736C55
9c85b86a4eafa0f6ce9b,6, #CDCFC2
9c89aacc151ffff8cd5a,0, #EBEDEC
9c89aacc151ffff8cd5a,37,#6E6C5E
9c89aacc151ffff8cd5a,24, #A5A38F
9c89aacc151ffff8cd5a,2, #CFD1D1
9c89aacc151ffff8cd5a,2, #D9D089
9c89aacc151ffff8cd5a,8, #12130E
9c89aacc151ffff8cd5a,22, #2F3025
9c90819621e10d90edd6,4, #5B4E26
9c90819621e10d90edd6,7, #A4893E
9c90819621e10d90edd6,41,#2A2311
9c90819621e10d90edd6,4, #776129
9c90819621e10d90edd6,8, #8A763A
9c90819621e10d90edd6,15, #463615
9c90819621e10d90edd6,17, #161308
9c92d28d562258df3bd8,35, #D0CFBE
9c92d28d562258df3bd8,17, #3C3C36
9c92d28d562258df3bd8,1,#F7F7F9
9c92d28d562258df3bd8,15, #8F8D76
9c92d28d562258df3bd8,8, #67675D
9c92d28d562258df3bd8,21, #B2B198
9c936cb4a43f885388fd,11,#251D18
9c936cb4a43f885388fd,4, #E8DEC4
9c936cb4a43f885388fd,11, #88765C
9c936cb4a43f885388fd,5, #A29C91
9c936cb4a43f885388fd,65, #584634
9c936cb4a43f885388fd,1, #C5B9A0
9c9482b794a82e2ced74,3, #C1AF91
9c9482b794a82e2ced74,0, #DDD7C8
9c9482b794a82e2ced74,40,#1B1B18
9c9482b794a82e2ced74,1, #6E0E13
9c9482b794a82e2ced74,14, #97825E
9c9482b794a82e2ced74,39, #694A2D
9c977f216ee024a08473,34, #646057
9c977f216ee024a08473,6, #403E37
9c977f216ee024a08473,8, #BCB5A9
9c977f216ee024a08473,10,#827D73
9c977f216ee024a08473,29, #EAE3D6
9c977f216ee024a08473,10, #9F998E
9c9b7292859ec06032ae,20, #978E79
9c9b7292859ec06032ae,0,#F6F0DC
9c9b7292859ec06032ae,55, #CAC6AD
9c9b7292859ec06032ae,8, #746651
9c9b7292859ec06032ae,5, #E4DECB
9c9b7292859ec06032ae,8, #B3AA91
9ca2e102ea187c90ccab,0, #402A1E
9ca2e102ea187c90ccab,9,#AA9B85
9ca2e102ea187c90ccab,7, #978261
9ca2e102ea187c90ccab,79, #C8BEA8
9ca2e102ea187c90ccab,3, #6C5641
9ca2e102ea187c90ccab,0, #EFECDD
9ca8bc6e7a49e25e3057,27, #343223
9ca8bc6e7a49e25e3057,3, #B2AD94
9ca8bc6e7a49e25e3057,8, #706E4F
9ca8bc6e7a49e25e3057,15,#0A0905
9ca8bc6e7a49e25e3057,23, #52513B
9ca8bc6e7a49e25e3057,20, #86856C
9cab156577d26c370f11,5, #807B6E
9cab156577d26c370f11,2, #555046
9cab156577d26c370f11,73,#F8F7F1
9cab156577d26c370f11,4, #BDB7AB
9cab156577d26c370f11,6, #A19C90
9cab156577d26c370f11,6, #DCD6C7
9cbd1a546cd0ab6d37a7,0, #DAD7C9
9cbd1a546cd0ab6d37a7,5, #606049
9cbd1a546cd0ab6d37a7,8, #604427
9cbd1a546cd0ab6d37a7,8, #7A7F69
9cbd1a546cd0ab6d37a7,29, #8F9986
9cbd1a546cd0ab6d37a7,46,#C3BFAF
9cbd1a546cd0ab6d37a7,0, #40240D
9cca9f5fa7a8f13e4774,11, #606458
9cca9f5fa7a8f13e4774,28, #EFEEE4
9cca9f5fa7a8f13e4774,21,#C0C0B6
9cca9f5fa7a8f13e4774,5, #3A3D36
9cca9f5fa7a8f13e4774,19, #9C9F93
9cca9f5fa7a8f13e4774,13, #7D8275
9ccb397de75155475817,25, #F4F0DC
9ccb397de75155475817,2, #312F27
9ccb397de75155475817,6, #878479
9ccb397de75155475817,29,#67655D
9ccb397de75155475817,18, #4A4A42
9ccb397de75155475817,10, #CCC8B5
9ccb397de75155475817,6, #A19F90
9ccc39813b2c968129c6,0, #908666
9ccc39813b2c968129c6,4, #71522C
9ccc39813b2c968129c6,61,#1B1A14
9ccc39813b2c968129c6,0, #786E4F
9ccc39813b2c968129c6,31, #4A3A26
9ccc39813b2c968129c6,0, #A79A75
9ccc39813b2c968129c6,0, #575140
9cce8a5d07591e445882,6, #4E3D2F
9cce8a5d07591e445882,15, #706353
9cce8a5d07591e445882,27, #DAD7C5
9cce8a5d07591e445882,23, #C2BBA1
9cce8a5d07591e445882,16, #9C947E
9cce8a5d07591e445882,9,#F7F7F1
9cd7176c52a2593e83c1,55,#EAE1C8
9cd7176c52a2593e83c1,8, #685C4D
9cd7176c52a2593e83c1,6, #B4A991
9cd7176c52a2593e83c1,7, #FAF9F4
9cd7176c52a2593e83c1,10, #CEC7B0
9cd7176c52a2593e83c1,6, #979585
9cd7176c52a2593e83c1,6, #7E796A
9cedfc8d40274fe91cf6,3, #5E5746
9cedfc8d40274fe91cf6,3, #837E71
9cedfc8d40274fe91cf6,0, #9C9D96
9cedfc8d40274fe91cf6,1, #A78F66
9cedfc8d40274fe91cf6,30, #322F25
9cedfc8d40274fe91cf6,59,#0E0E0D
9cedfc8d40274fe91cf6,0, #B8B4A9
9cf2d9cc8e635a98529e,15, #8E5C40
9cf2d9cc8e635a98529e,24, #BBAE8B
9cf2d9cc8e635a98529e,17, #693625
9cf2d9cc8e635a98529e,15, #967F59
9cf2d9cc8e635a98529e,24, #201D1A
9cf2d9cc8e635a98529e,3,#DDDACA
9cfd0fdf594f458a7a5c,5, #F6F4EB
9cfd0fdf594f458a7a5c,2, #BA904B
9cfd0fdf594f458a7a5c,25,#7B7564
9cfd0fdf594f458a7a5c,17, #5A544A
9cfd0fdf594f458a7a5c,25, #B8A98C
9cfd0fdf594f458a7a5c,12, #513517
9cfd0fdf594f458a7a5c,11, #966F35
9cff606f6eae452eac34,1, #565147
9cff606f6eae452eac34,19, #9B958A
9cff606f6eae452eac34,3,#EFE8DE
9cff606f6eae452eac34,8, #7E796E
9cff606f6eae452eac34,36, #B9B3A9
9cff606f6eae452eac34,30, #DAD3C9
9d0643b6a9d5f0c38c7e,4, #727064
9d0643b6a9d5f0c38c7e,66,#F5F0E1
9d0643b6a9d5f0c38c7e,12, #D4D0C3
9d0643b6a9d5f0c38c7e,5, #8E8C81
9d0643b6a9d5f0c38c7e,9, #AEABA1
9d0643b6a9d5f0c38c7e,0, #43423A
9d0643b6a9d5f0c38c7e,1, #57554B
9d233b77216c78c11bfe,12, #918A7A
9d233b77216c78c11bfe,33, #E7DAC0
9d233b77216c78c11bfe,16, #BEB49D
9d233b77216c78c11bfe,13, #434138
9d233b77216c78c11bfe,0,#FCF7E3
9d233b77216c78c11bfe,23, #706A5C
9d23a32c2b6bd39cb64b,7,#F6F4EE
9d23a32c2b6bd39cb64b,18, #6D6C61
9d23a32c2b6bd39cb64b,24, #D4D0C5
9d23a32c2b6bd39cb64b,24, #B1ADA1
9d23a32c2b6bd39cb64b,10, #8F8C81
9d23a32c2b6bd39cb64b,15, #3D3E37
9d28e9c1b4a8314e1bfb,8, #B7AE95
9d28e9c1b4a8314e1bfb,17, #D2CCB4
9d28e9c1b4a8314e1bfb,10,#A09379
9d28e9c1b4a8314e1bfb,23, #47453C
9d28e9c1b4a8314e1bfb,18, #766D5B
9d28e9c1b4a8314e1bfb,21, #F6F3DE
9d332ddde1fe41977985,29, #78745B
9d332ddde1fe41977985,9, #101009
9d332ddde1fe41977985,22, #9E977A
9d332ddde1fe41977985,20, #3F3E2D
9d332ddde1fe41977985,6,#E8E2C5
9d332ddde1fe41977985,11, #BFB89A
9d3336c3d788d681a510,13, #DBD6C1
9d3336c3d788d681a510,19, #424032
9d3336c3d788d681a510,26, #6B6856
9d3336c3d788d681a510,2, #B2AD99
9d3336c3d788d681a510,30,#F7F5EB
9d3336c3d788d681a510,7, #8E8A79
9d42affe485b80e0706c,12, #656A6A
9d42affe485b80e0706c,18, #403E2B
9d42affe485b80e0706c,16, #C4CCD3
9d42affe485b80e0706c,24, #99A4B0
9d42affe485b80e0706c,23,#171B12
9d42affe485b80e0706c,4, #8F8B7E
9d43d837049ab89d6a4a,7, #302A22
9d43d837049ab89d6a4a,20, #70603D
9d43d837049ab89d6a4a,38,#54422B
9d43d837049ab89d6a4a,22, #A29D8D
9d43d837049ab89d6a4a,4, #C0BBAB
9d43d837049ab89d6a4a,6, #9A7A55
9d43d837049ab89d6a4a,0, #575752
9d47f45f4626fe682734,0,#EEEAD5
9d47f45f4626fe682734,41, #D0CAB8
9d47f45f4626fe682734,16, #ADA492
9d47f45f4626fe682734,17, #867C6F
9d47f45f4626fe682734,13, #64564A
9d47f45f4626fe682734,11, #46372D
9d4c3db7ccf42cab717d,0, #E1DDCC
9d4c3db7ccf42cab717d,16, #988652
9d4c3db7ccf42cab717d,15, #3D3A29
9d4c3db7ccf42cab717d,51,#716745
9d4c3db7ccf42cab717d,6, #B7A15D
9d4c3db7ccf42cab717d,8, #D3C6A1
9d58475b3e8af1fdad64,0, #CFCAB3
9d58475b3e8af1fdad64,3, #FCFBF6
9d58475b3e8af1fdad64,1, #BAB4A2
9d58475b3e8af1fdad64,44,#9A9485
9d58475b3e8af1fdad64,0, #E9E5D5
9d58475b3e8af1fdad64,28, #7C7870
9d58475b3e8af1fdad64,21, #5E5B57
9d6993f4adb79f14e110,0, #514E41
9d6993f4adb79f14e110,24, #B3AC9A
9d6993f4adb79f14e110,18,#F4EFDD
9d6993f4adb79f14e110,6, #686556
9d6993f4adb79f14e110,23, #8D8977
9d6993f4adb79f14e110,26, #D0C8B7
9d6ff081022084e1357f,52,#453514
9d6ff081022084e1357f,1, #8D7639
9d6ff081022084e1357f,0, #A08846
9d6ff081022084e1357f,22, #291E0A
9d6ff081022084e1357f,0, #B7A05A
9d6ff081022084e1357f,13, #614A1D
9d6ff081022084e1357f,8, #766533
9d7139c47d40acfa773a,16, #6F685B
9d7139c47d40acfa773a,9, #FBF5E2
9d7139c47d40acfa773a,10, #B8B1A0
9d7139c47d40acfa773a,2, #4D483F
9d7139c47d40acfa773a,42,#E7E0CE
9d7139c47d40acfa773a,4, #D0C9B7
9d7139c47d40acfa773a,14, #979181
9d737fac8f5814bd804c,0, #959490
9d737fac8f5814bd804c,0, #A38E6D
9d737fac8f5814bd804c,0, #6E5943
9d737fac8f5814bd804c,14, #BEB194
9d737fac8f5814bd804c,79,#E2D9C0
9d737fac8f5814bd804c,5, #F6F4EE
9d737fac8f5814bd804c,0, #897155
9d7bae32287faec739dd,15, #9B8E79
9d7bae32287faec739dd,0, #FEFDF9
9d7bae32287faec739dd,30,#D3CBB9
9d7bae32287faec739dd,14, #B7AD99
9d7bae32287faec739dd,3, #5E4A3C
9d7bae32287faec739dd,26, #7C6C5C
9d7bae32287faec739dd,8, #EAE5D5
9d9127285eb055f12f8f,5, #7B7667
9d9127285eb055f12f8f,30, #AD9F84
9d9127285eb055f12f8f,5, #605D4F
9d9127285eb055f12f8f,1, #403F35
9d9127285eb055f12f8f,37,#F5F2E4
9d9127285eb055f12f8f,19, #D5D0BD
9d97491b09ace3fc8187,6, #9C968B
9d97491b09ace3fc8187,4, #BAB3A8
9d97491b09ace3fc8187,0,#FEFBEE
9d97491b09ace3fc8187,14, #CEC8BB
9d97491b09ace3fc8187,73, #E9E3D6
9d97491b09ace3fc8187,0, #787367
9d9dd59c3f6da4a51089,55,#F7F5EE
9d9dd59c3f6da4a51089,7, #615E54
9d9dd59c3f6da4a51089,15, #838176
9d9dd59c3f6da4a51089,12, #CAC5B8
9d9dd59c3f6da4a51089,6, #A7A395
9d9dd59c3f6da4a51089,2, #3B3830
9daacc1c7e019af58700,83,#271B0B
9daacc1c7e019af58700,0, #B6A170
9daacc1c7e019af58700,0, #CABD8C
9daacc1c7e019af58700,0, #A58852
9daacc1c7e019af58700,10, #613618
9daacc1c7e019af58700,4, #766139
9dad27b9bf857a72569b,1, #E3D49C
9dad27b9bf857a72569b,3, #AB9666
9dad27b9bf857a72569b,1, #0B0A04
9dad27b9bf857a72569b,17, #514030
9dad27b9bf857a72569b,7, #7A6743
9dad27b9bf857a72569b,3, #CCB581
9dad27b9bf857a72569b,64,#282110
9db11f7d2d2ab6d74e02,35,#F6F5EF
9db11f7d2d2ab6d74e02,15, #A39F91
9db11f7d2d2ab6d74e02,2, #3F3D35
9db11f7d2d2ab6d74e02,14, #696557
9db11f7d2d2ab6d74e02,6, #878272
9db11f7d2d2ab6d74e02,25, #CFCBBC
9dbde62e83f46e7ddada,20, #C2B89C
9dbde62e83f46e7ddada,15, #8E7952
9dbde62e83f46e7ddada,10, #645336
9dbde62e83f46e7ddada,14, #302615
9dbde62e83f46e7ddada,13,#9F9477
9dbde62e83f46e7ddada,25, #524021
9dc21978bf73bc9a9d00,14, #E1DBC9
9dc21978bf73bc9a9d00,17, #C2BBA9
9dc21978bf73bc9a9d00,16, #696758
9dc21978bf73bc9a9d00,1,#FBFAF6
9dc21978bf73bc9a9d00,11, #424339
9dc21978bf73bc9a9d00,37, #95917F
9dd1f6dd0f6ed57fafb7,54,#F6F4EA
9dd1f6dd0f6ed57fafb7,2, #2F2519
9dd1f6dd0f6ed57fafb7,0, #6C665A
9dd1f6dd0f6ed57fafb7,3, #584D3D
9dd1f6dd0f6ed57fafb7,3, #897F6A
9dd1f6dd0f6ed57fafb7,10, #A9A08D
9dd1f6dd0f6ed57fafb7,24, #D2CCB9
9dd8b84569aec1f2e366,19, #2A1D11
9dd8b84569aec1f2e366,44,#523621
9dd8b84569aec1f2e366,10, #5F5745
9dd8b84569aec1f2e366,0, #BBB194
9dd8b84569aec1f2e366,10, #887250
9dd8b84569aec1f2e366,2, #764B2D
9dd8b84569aec1f2e366,11, #A19071
9dd9dbaf2990775ad45e,0, #CAA967
9dd9dbaf2990775ad45e,13,#1A1812
9dd9dbaf2990775ad45e,4, #AA874A
9dd9dbaf2990775ad45e,60, #3B2E1E
9dd9dbaf2990775ad45e,3, #846539
9dd9dbaf2990775ad45e,17, #744D2A
9ddcc83c3cc06fce00c3,23, #CFC7B3
9ddcc83c3cc06fce00c3,6, #6E685A
9ddcc83c3cc06fce00c3,18, #B2AA99
9ddcc83c3cc06fce00c3,11, #4B473D
9ddcc83c3cc06fce00c3,15, #908979
9ddcc83c3cc06fce00c3,23,#F5F2E0
9de4cae3d2ba52b41284,20, #D5CCB5
9de4cae3d2ba52b41284,0,#FEFEFD
9de4cae3d2ba52b41284,20, #EBE6DC
9de4cae3d2ba52b41284,21, #7C7265
9de4cae3d2ba52b41284,25, #B1A589
9de4cae3d2ba52b41284,12, #575249
9de62aa147deec104c8b,30,#EFEDDD
9de62aa147deec104c8b,14, #797971
9de62aa147deec104c8b,36, #C9C6B9
9de62aa147deec104c8b,1, #373933
9de62aa147deec104c8b,8, #A09E95
9de62aa147deec104c8b,8, #575750
9de8d7a5f536a5ce0723,0, #C1B68F
9de8d7a5f536a5ce0723,1, #A69976
9de8d7a5f536a5ce0723,11, #78572E
9de8d7a5f536a5ce0723,0, #495E67
9de8d7a5f536a5ce0723,9, #1E2321
9de8d7a5f536a5ce0723,56,#3F3D34
9de8d7a5f536a5ce0723,19, #81785C
9dedc20e38ac74a967ad,45,#1C1A14
9dedc20e38ac74a967ad,1, #8C7C65
9dedc20e38ac74a967ad,2, #A5937A
9dedc20e38ac74a967ad,3, #BDAF98
9dedc20e38ac74a967ad,21, #362E21
9dedc20e38ac74a967ad,23, #504532
9dedc20e38ac74a967ad,2, #736755
9defd03444a524afebb5,12, #534129
9defd03444a524afebb5,17, #928262
9defd03444a524afebb5,13, #706448
9defd03444a524afebb5,18, #B8A77C
9defd03444a524afebb5,5, #211B14
9defd03444a524afebb5,27,#B8B7A6
9defd03444a524afebb5,4, #DAD4B5
9dfc136c7352b617ae2c,11, #6E6B63
9dfc136c7352b617ae2c,36, #F7F3EC
9dfc136c7352b617ae2c,6, #4C4A43
9dfc136c7352b617ae2c,24,#D5CEC5
9dfc136c7352b617ae2c,8, #8E8B83
9dfc136c7352b617ae2c,13, #B1A99D
9e0d9e705b93b2a4b1b0,1, #C7B68C
9e0d9e705b93b2a4b1b0,24, #65543A
9e0d9e705b93b2a4b1b0,2, #A49573
9e0d9e705b93b2a4b1b0,5, #8D7A55
9e0d9e705b93b2a4b1b0,0, #EDE3BC
9e0d9e705b93b2a4b1b0,66,#302D26
9e0f89995da6c1ddb027,17, #82786A
9e0f89995da6c1ddb027,1,#F2EED9
9e0f89995da6c1ddb027,8, #3F3C39
9e0f89995da6c1ddb027,37, #605A51
9e0f89995da6c1ddb027,7, #CEC4AD
9e0f89995da6c1ddb027,26, #A39883
9e1408a0a907748bc2b0,5, #413E34
9e1408a0a907748bc2b0,5, #736E60
9e1408a0a907748bc2b0,46, #D8D1BE
9e1408a0a907748bc2b0,29,#F6F3E8
9e1408a0a907748bc2b0,8, #B2AC9B
9e1408a0a907748bc2b0,5, #A38C6A
9e1fc46f8beb0bac7f37,2, #8F9689
9e1fc46f8beb0bac7f37,0, #406572
9e1fc46f8beb0bac7f37,0, #E8E5D4
9e1fc46f8beb0bac7f37,16, #736137
9e1fc46f8beb0bac7f37,0,#C3BDA6
9e1fc46f8beb0bac7f37,78, #171E20
9e20d2c05b42af276db9,31, #C4BDA2
9e20d2c05b42af276db9,16, #A69D89
9e20d2c05b42af276db9,2, #141611
9e20d2c05b42af276db9,20,#7A7763
9e20d2c05b42af276db9,10, #535246
9e20d2c05b42af276db9,18, #383733
9e2838a48abed23d4069,3,#F0ECE0
9e2838a48abed23d4069,43, #777260
9e2838a48abed23d4069,11, #29251B
9e2838a48abed23d4069,12, #585545
9e2838a48abed23d4069,3, #CEC5AE
9e2838a48abed23d4069,25, #A39A86
9e286cf3d1242c50d30d,5, #938D7F
9e286cf3d1242c50d30d,75,#F6F2E8
9e286cf3d1242c50d30d,6, #444037
9e286cf3d1242c50d30d,3, #B6AFA1
9e286cf3d1242c50d30d,5, #D9D2C1
9e286cf3d1242c50d30d,4, #6D6659
9e29a44ae60b83048ad4,27, #787260
9e29a44ae60b83048ad4,1, #E7E5D2
9e29a44ae60b83048ad4,8, #FAF9F4
9e29a44ae60b83048ad4,28,#B4AC92
9e29a44ae60b83048ad4,22, #948F7D
9e29a44ae60b83048ad4,1, #CFC8AE
9e29a44ae60b83048ad4,9, #514D41
9e3838bc885093ad7624,14, #737265
9e3838bc885093ad7624,10, #C3BFB0
9e3838bc885093ad7624,0,#FEFCEE
9e3838bc885093ad7624,54, #44443C
9e3838bc885093ad7624,11, #9A988A
9e3838bc885093ad7624,9, #E7E2D1
9e398e0d1bbc4e4a65eb,24, #A59A81
9e398e0d1bbc4e4a65eb,1, #4F341B
9e398e0d1bbc4e4a65eb,40, #CCC5AB
9e398e0d1bbc4e4a65eb,7, #6A5539
9e398e0d1bbc4e4a65eb,8, #7D7361
9e398e0d1bbc4e4a65eb,17,#F4F2E4
9e4c2136a0da904ebf08,46,#1D1915
9e4c2136a0da904ebf08,8, #E1DCC3
9e4c2136a0da904ebf08,15, #3C362D
9e4c2136a0da904ebf08,10, #B9B49D
9e4c2136a0da904ebf08,2, #FAF7EC
9e4c2136a0da904ebf08,9, #665E4E
9e4c2136a0da904ebf08,6, #8C8772
9e55321b3d1ca4e0d572,24, #797368
9e55321b3d1ca4e0d572,6, #C6C4AF
9e55321b3d1ca4e0d572,16, #E6E5D0
9e55321b3d1ca4e0d572,9, #938D80
9e55321b3d1ca4e0d572,0, #483F34
9e55321b3d1ca4e0d572,32,#60584F
9e55321b3d1ca4e0d572,9, #ACA898
9e56c1d6943af3573b0e,61, #37271D
9e56c1d6943af3573b0e,2, #B49D7F
9e56c1d6943af3573b0e,10, #7B432C
9e56c1d6943af3573b0e,4, #998369
9e56c1d6943af3573b0e,1, #CBBB9E
9e56c1d6943af3573b0e,19,#6F6250
9e5e913f061263c12469,17, #29211D
9e5e913f061263c12469,28, #68605F
9e5e913f061263c12469,2, #C4C4BA
9e5e913f061263c12469,21, #88827F
9e5e913f061263c12469,9, #A9A598
9e5e913f061263c12469,21,#4D4341
9e61417630ea342b1a82,3, #7B6A4E
9e61417630ea342b1a82,2, #52473C
9e61417630ea342b1a82,2, #6A5A45
9e61417630ea342b1a82,9, #948867
9e61417630ea342b1a82,44, #C9C4A8
9e61417630ea342b1a82,37,#B4AC8F
9e6313d88b73cae57977,19, #93836F
9e6313d88b73cae57977,16, #BBAC95
9e6313d88b73cae57977,12, #4E372B
9e6313d88b73cae57977,29, #E0D8C1
9e6313d88b73cae57977,21, #6F5947
9e6313d88b73cae57977,0,#FDFCEB
9e69df00fce7941ebe29,0, #DFD3A2
9e69df00fce7941ebe29,1, #B6A57C
9e69df00fce7941ebe29,8, #76503F
9e69df00fce7941ebe29,6, #3C3A41
9e69df00fce7941ebe29,2, #978162
9e69df00fce7941ebe29,79,#16121A
9e6db1b3ec93bb372b54,2, #676055
9e6db1b3ec93bb372b54,6, #D2CAB8
9e6db1b3ec93bb372b54,8, #878072
9e6db1b3ec93bb372b54,1, #413C33
9e6db1b3ec93bb372b54,70,#F2ECD6
9e6db1b3ec93bb372b54,11, #B0A999
9e73a89c244c9197dc48,38, #0A0A0A
9e73a89c244c9197dc48,0, #B6B0A4
9e73a89c244c9197dc48,39,#202020
9e73a89c244c9197dc48,1, #7C6A4B
9e73a89c244c9197dc48,2, #524F42
9e73a89c244c9197dc48,2, #99886A
9e73a89c244c9197dc48,15, #3A3930
9e7799e4fdbf13b491d7,1, #473725
9e7799e4fdbf13b491d7,9, #61553A
9e7799e4fdbf13b491d7,0,#5A6668
9e7799e4fdbf13b491d7,5, #7C7352
9e7799e4fdbf13b491d7,19, #999778
9e7799e4fdbf13b491d7,63, #ABB6B1
9e8028d8238e7de200f5,38, #C3C0AC
9e8028d8238e7de200f5,14, #75614E
9e8028d8238e7de200f5,15,#ECECDD
9e8028d8238e7de200f5,25, #8F8271
9e8028d8238e7de200f5,4, #503F33
9e8028d8238e7de200f5,1, #ADA491
9e804e96f0aa709320c0,11, #0D0B07
9e804e96f0aa709320c0,0, #FAF5E4
9e804e96f0aa709320c0,10, #978982
9e804e96f0aa709320c0,30, #70615B
9e804e96f0aa709320c0,8, #B69E9A
9e804e96f0aa709320c0,34,#3D3428
9e804e96f0aa709320c0,4, #DFC5BB
9e8ebb2dc732da2e74d5,22, #D5CEBF
9e8ebb2dc732da2e74d5,0,#F8F3E9
9e8ebb2dc732da2e74d5,27, #948C7D
9e8ebb2dc732da2e74d5,35, #B4AC9C
9e8ebb2dc732da2e74d5,1, #565046
9e8ebb2dc732da2e74d5,11, #787164
9e8fd77bc1a3e63831bc,21,#D3CFC2
9e8fd77bc1a3e63831bc,17, #B5B1A6
9e8fd77bc1a3e63831bc,9, #3D3B34
9e8fd77bc1a3e63831bc,9, #747169
9e8fd77bc1a3e63831bc,15, #8E8A81
9e8fd77bc1a3e63831bc,14, #F1EDE0
9e8fd77bc1a3e63831bc,12, #5F5B54
9e93205953fef71f8e10,25, #F5F2EC
9e93205953fef71f8e10,0,#59564E
9e93205953fef71f8e10,29, #B0ACA1
9e93205953fef71f8e10,6, #908B81
9e93205953fef71f8e10,1, #737067
9e93205953fef71f8e10,36, #D7D3C7
9e9a3125cd47c0fcff23,1, #D7D6C7
9e9a3125cd47c0fcff23,4, #A1A196
9e9a3125cd47c0fcff23,15, #686860
9e9a3125cd47c0fcff23,20, #85857D
9e9a3125cd47c0fcff23,1, #C0BFB1
9e9a3125cd47c0fcff23,56,#F2F1E0
9e9a99d26357afcaea7b,0, #BAA063
9e9a99d26357afcaea7b,37,#4B2D1D
9e9a99d26357afcaea7b,11, #6A583D
9e9a99d26357afcaea7b,23, #92988F
9e9a99d26357afcaea7b,15, #877A5B
9e9a99d26357afcaea7b,8, #100A05
9e9a99d26357afcaea7b,4, #BEBEB1
9e9d431c6acc8abdb71c,25,#F7F5E9
9e9d431c6acc8abdb71c,22, #706D60
9e9d431c6acc8abdb71c,7, #B9B4A2
9e9d431c6acc8abdb71c,10, #D6D2BF
9e9d431c6acc8abdb71c,16, #938F81
9e9d431c6acc8abdb71c,17, #4C4A40
9ea0b8aa83717155b50f,2, #FCFAF8
9ea0b8aa83717155b50f,12, #958172
9ea0b8aa83717155b50f,40,#AFA698
9ea0b8aa83717155b50f,13, #846558
9ea0b8aa83717155b50f,20, #CEC7B8
9ea0b8aa83717155b50f,0, #E5E0D7
9ea0b8aa83717155b50f,10, #4C4942
9ea50a42ac323d40a3d3,5, #837E6D
9ea50a42ac323d40a3d3,1, #433F34
9ea50a42ac323d40a3d3,65,#F9F6F0
9ea50a42ac323d40a3d3,3, #656050
9ea50a42ac323d40a3d3,18, #D1CABA
9ea50a42ac323d40a3d3,6, #A6A091
9ea76f8f46e0e57fe84d,12, #B7B0A9
9ea76f8f46e0e57fe84d,5, #D1CAC4
9ea76f8f46e0e57fe84d,21, #7B766E
9ea76f8f46e0e57fe84d,2, #58544D
9ea76f8f46e0e57fe84d,11, #9D968F
9ea76f8f46e0e57fe84d,46,#F2EBE6
9ea7f15ba9201b204c47,10, #5B4F3D
9ea7f15ba9201b204c47,33, #B0B4B0
9ea7f15ba9201b204c47,12, #95968F
9ea7f15ba9201b204c47,15,#CBD0CC
9ea7f15ba9201b204c47,6, #39271A
9ea7f15ba9201b204c47,22, #75736A
9ea809649c443aca954c,20, #444139
9ea809649c443aca954c,26,#AAA595
9ea809649c443aca954c,14, #847F71
9ea809649c443aca954c,6, #EBE6D4
9ea809649c443aca954c,0, #FEFDF6
9ea809649c443aca954c,13, #696558
9ea809649c443aca954c,18, #D2CBBA
9eaa07915c389acf0506,4, #B8A66E
9eaa07915c389acf0506,6, #787548
9eaa07915c389acf0506,3, #A18652
9eaa07915c389acf0506,3, #18130B
9eaa07915c389acf0506,1, #DAC586
9eaa07915c389acf0506,16, #7B552B
9eaa07915c389acf0506,64,#59361B
9eaf42700bc65090a52a,15, #BBB1A1
9eaf42700bc65090a52a,21, #565047
9eaf42700bc65090a52a,31, #98907F
9eaf42700bc65090a52a,8, #787063
9eaf42700bc65090a52a,6, #34302C
9eaf42700bc65090a52a,16,#F1E6D4
9eb33144656d640140d5,30,#423E24
9eb33144656d640140d5,5, #B5B08A
9eb33144656d640140d5,24, #787353
9eb33144656d640140d5,19, #999472
9eb33144656d640140d5,10, #655B3D
9eb33144656d640140d5,1, #CEC89E
9eb33144656d640140d5,7, #232110
9eb67d231d2875772412,13, #877956
9eb67d231d2875772412,22, #AA9F84
9eb67d231d2875772412,15,#F4F0E5
9eb67d231d2875772412,20, #615033
9eb67d231d2875772412,8, #CEC5AB
9eb67d231d2875772412,19, #382B1B
9ebb352b001f4795d78a,23, #8E8C8B
9ebb352b001f4795d78a,1, #3A2E28
9ebb352b001f4795d78a,52, #BBBAB4
9ebb352b001f4795d78a,4,#F2F0EA
9ebb352b001f4795d78a,0, #534844
9ebb352b001f4795d78a,17, #6D6867
9ebbea8c5bc24bfc105c,17,#D8CAB6
9ebbea8c5bc24bfc105c,6, #AB9C7C
9ebbea8c5bc24bfc105c,2, #C1B297
9ebbea8c5bc24bfc105c,1, #584F43
9ebbea8c5bc24bfc105c,9, #847962
9ebbea8c5bc24bfc105c,63, #F5E8DC
9ebf755afaa15d47bcaa,13, #E8E0C5
9ebf755afaa15d47bcaa,31,#8B816F
9ebf755afaa15d47bcaa,11, #CBBFA5
9ebf755afaa15d47bcaa,13, #B1A68E
9ebf755afaa15d47bcaa,1, #FEFBE0
9ebf755afaa15d47bcaa,24, #675E51
9ebf755afaa15d47bcaa,4, #423E36
9ec556aeb79ec9703aef,9, #6E675B
9ec556aeb79ec9703aef,28, #B2AA97
9ec556aeb79ec9703aef,10,#D0C7B2
9ec556aeb79ec9703aef,23, #918A7B
9ec556aeb79ec9703aef,0, #4B463E
9ec556aeb79ec9703aef,27, #F5F1E0
9ecdf3f4c6cd65625044,1, #BDB8A7
9ecdf3f4c6cd65625044,0, #4D4A3E
9ecdf3f4c6cd65625044,32,#D5CFBC
9ecdf3f4c6cd65625044,20, #9C9888
9ecdf3f4c6cd65625044,7, #767364
9ecdf3f4c6cd65625044,37, #EDE6D2
9ed111ade0c6b84d497b,45, #6C6150
9ed111ade0c6b84d497b,17, #9B8466
9ed111ade0c6b84d497b,0, #C7A27B
9ed111ade0c6b84d497b,0, #E3DDC6
9ed111ade0c6b84d497b,29, #3C382B
9ed111ade0c6b84d497b,7,#080806
9ed17d4f7c5de9a50ac3,0,#FEFEEF
9ed17d4f7c5de9a50ac3,31, #696757
9ed17d4f7c5de9a50ac3,6, #3F4039
9ed17d4f7c5de9a50ac3,29, #D9D8C4
9ed17d4f7c5de9a50ac3,15, #918D77
9ed17d4f7c5de9a50ac3,15, #B4AF95
9ed440a28d52715b807c,7, #E2D8B7
9ed440a28d52715b807c,4, #625A40
9ed440a28d52715b807c,7, #898269
9ed440a28d52715b807c,0, #F4EED4
9ed440a28d52715b807c,28, #353120
9ed440a28d52715b807c,45,#0E0C07
9ed440a28d52715b807c,7, #BBAE90
9eddb2a8777f8578bf66,35,#F9F7EF
9eddb2a8777f8578bf66,43, #E2DBC9
9eddb2a8777f8578bf66,4, #8B867D
9eddb2a8777f8578bf66,9, #C0B194
9eddb2a8777f8578bf66,2, #434039
9eddb2a8777f8578bf66,4, #6A655D
9ee526b585d8148345ce,9, #706E65
9ee526b585d8148345ce,21, #43372B
9ee526b585d8148345ce,21, #ACAFA7
9ee526b585d8148345ce,23, #89877B
9ee526b585d8148345ce,16, #625645
9ee526b585d8148345ce,6,#C2CAC9
9ee72a9d7967b7773aad,8, #C3BDA8
9ee72a9d7967b7773aad,16, #DAD4C1
9ee72a9d7967b7773aad,9, #484437
9ee72a9d7967b7773aad,8, #87806D
9ee72a9d7967b7773aad,6, #6F6957
9ee72a9d7967b7773aad,10, #A59F8C
9ee72a9d7967b7773aad,40,#F8F6ED
9ee7616e30f09d9d1632,45,#B9BEC1
9ee7616e30f09d9d1632,8, #2A3740
9ee7616e30f09d9d1632,2, #B1A58D
9ee7616e30f09d9d1632,8, #99854C
9ee7616e30f09d9d1632,15, #60614B
9ee7616e30f09d9d1632,17, #7885AD
9eed3f6799beeb3580df,6, #2E5A48
9eed3f6799beeb3580df,1, #77B494
9eed3f6799beeb3580df,0, #90CEA6
9eed3f6799beeb3580df,36, #183A29
9eed3f6799beeb3580df,0, #447761
9eed3f6799beeb3580df,0, #5A8F76
9eed3f6799beeb3580df,54,#050F09
9eedd4d6601044ff9fd4,3, #EBD69F
9eedd4d6601044ff9fd4,22, #181817
9eedd4d6601044ff9fd4,13, #CABD90
9eedd4d6601044ff9fd4,31,#826F4A
9eedd4d6601044ff9fd4,6, #AC9461
9eedd4d6601044ff9fd4,9, #50463C
9eedd4d6601044ff9fd4,13, #3E3329
9ef1b448200273367ed7,16,#F2EFE3
9ef1b448200273367ed7,7, #5A4A39
9ef1b448200273367ed7,13, #B4A98F
9ef1b448200273367ed7,25, #796C58
9ef1b448200273367ed7,27, #938D7D
9ef1b448200273367ed7,8, #D0C7AB
9ef28418a5f82fb34208,5, #AF9A75
9ef28418a5f82fb34208,58,#10120C
9ef28418a5f82fb34208,4, #897554
9ef28418a5f82fb34208,3, #5C4F38
9ef28418a5f82fb34208,25, #2A2722
9ef28418a5f82fb34208,2, #C7BD96
9ef47ac98c0573d560c7,0, #3A342A
9ef47ac98c0573d560c7,72, #F3EBD7
9ef47ac98c0573d560c7,17, #CEC6B4
9ef47ac98c0573d560c7,2, #817A6D
9ef47ac98c0573d560c7,6,#A9A292
9ef47ac98c0573d560c7,0, #544D42
9efaae0dba8c541531df,12, #525147
9efaae0dba8c541531df,46,#DAD5C3
9efaae0dba8c541531df,7, #727065
9efaae0dba8c541531df,15, #AFAB9D
9efaae0dba8c541531df,10, #908D80
9efaae0dba8c541531df,2, #37362E
9efaae0dba8c541531df,4, #F7F3E3
9efcd5a104f95dda94a5,24, #D1C8A2
9efcd5a104f95dda94a5,17, #73725A
9efcd5a104f95dda94a5,10, #96906D
9efcd5a104f95dda94a5,1, #363428
9efcd5a104f95dda94a5,31,#B4AF92
9efcd5a104f95dda94a5,15, #5E5132
9f0604877cdc51d2d4dc,27,#F3F2EB
9f0604877cdc51d2d4dc,10, #958C84
9f0604877cdc51d2d4dc,3, #DCD9CC
9f0604877cdc51d2d4dc,25, #54453D
9f0604877cdc51d2d4dc,11, #766962
9f0604877cdc51d2d4dc,9, #B8B2A7
9f0604877cdc51d2d4dc,12, #281B16
9f19e0a90db858976003,8, #685E51
9f19e0a90db858976003,17, #2D261F
9f19e0a90db858976003,5, #B3AA94
9f19e0a90db858976003,8, #4D4338
9f19e0a90db858976003,0, #0D0704
9f19e0a90db858976003,53,#E6E3CE
9f19e0a90db858976003,6, #897E6C
9f1c697309eb0bb77b44,7, #A19A8B
9f1c697309eb0bb77b44,41,#EFE7D1
9f1c697309eb0bb77b44,10, #403C38
9f1c697309eb0bb77b44,13, #6B665B
9f1c697309eb0bb77b44,0, #FEFEFA
9f1c697309eb0bb77b44,4, #898274
9f1c697309eb0bb77b44,20, #C8C0AB
9f1e79244351ad79022e,28,#F4F1E8
9f1e79244351ad79022e,13, #827D70
9f1e79244351ad79022e,9, #696457
9f1e79244351ad79022e,13, #A4A092
9f1e79244351ad79022e,21, #CDC8BB
9f1e79244351ad79022e,12, #4E4A3E
9f1e79244351ad79022e,0, #2F2B22
9f21b81965bed2070b49,3, #272822
9f21b81965bed2070b49,56, #CCC6BB
9f21b81965bed2070b49,11, #7D796F
9f21b81965bed2070b49,7,#F5F0E4
9f21b81965bed2070b49,7, #A29E92
9f21b81965bed2070b49,13, #4F4E44
9f2d40b0574a341e198f,4, #B7AF9E
9f2d40b0574a341e198f,18, #5C584F
9f2d40b0574a341e198f,29, #878275
9f2d40b0574a341e198f,22, #3A3933
9f2d40b0574a341e198f,21, #E1D5BD
9f2d40b0574a341e198f,2,#FCF7E8
9f3220832b172fba4c5d,26, #1C1A12
9f3220832b172fba4c5d,7, #504530
9f3220832b172fba4c5d,35,#D6C69D
9f3220832b172fba4c5d,16, #B9A475
9f3220832b172fba4c5d,1, #F8E2AE
9f3220832b172fba4c5d,6, #746142
9f3220832b172fba4c5d,5, #9E8558
9f34842c0b32a44b1816,36, #6A625E
9f34842c0b32a44b1816,20, #908981
9f34842c0b32a44b1816,0,#FDFBEB
9f34842c0b32a44b1816,7, #DFD3C5
9f34842c0b32a44b1816,20, #413C39
9f34842c0b32a44b1816,14, #B9B1A6
9f375e24453bd4b61e89,3, #7F7663
9f375e24453bd4b61e89,8, #A1947A
9f375e24453bd4b61e89,54,#F0EDE1
9f375e24453bd4b61e89,0, #18120A
9f375e24453bd4b61e89,2, #3C3123
9f375e24453bd4b61e89,25, #C4BAA3
9f375e24453bd4b61e89,4, #5B5344
9f3ab72663ba93ff9b71,17, #B2AFA1
9f3ab72663ba93ff9b71,24,#E7E2CF
9f3ab72663ba93ff9b71,4, #CECABA
9f3ab72663ba93ff9b71,11, #8D8A7E
9f3ab72663ba93ff9b71,19, #3C3A31
9f3ab72663ba93ff9b71,1, #FEFEEC
9f3ab72663ba93ff9b71,20, #636158
9f3c30aeeeefb40803d0,25, #DFDBC8
9f3c30aeeeefb40803d0,11, #8E8053
9f3c30aeeeefb40803d0,28,#C7C1A2
9f3c30aeeeefb40803d0,11, #B0A885
9f3c30aeeeefb40803d0,3, #958F78
9f3c30aeeeefb40803d0,0, #F7F3E0
9f3c30aeeeefb40803d0,18, #685936
9f3cc8cf575e0c036b7a,22,#F5F2E1
9f3cc8cf575e0c036b7a,19, #A29F8F
9f3cc8cf575e0c036b7a,40, #CBC7B7
9f3cc8cf575e0c036b7a,9, #888475
9f3cc8cf575e0c036b7a,8, #6D6A5A
9f3cc8cf575e0c036b7a,0, #4F4C3C
9f3de45824bed9c67b35,1, #747165
9f3de45824bed9c67b35,1, #5F574C
9f3de45824bed9c67b35,77,#E4DCCC
9f3de45824bed9c67b35,1, #996E54
9f3de45824bed9c67b35,11, #A8947C
9f3de45824bed9c67b35,5, #CCC5A5
9f3de45824bed9c67b35,0, #3F3D37
9f3eee436dc185cab78c,33, #C8B99E
9f3eee436dc185cab78c,4, #AA9D88
9f3eee436dc185cab78c,45,#E1D4B6
9f3eee436dc185cab78c,2, #362820
9f3eee436dc185cab78c,8, #827566
9f3eee436dc185cab78c,5, #5B4D41
9f41fc5889c816e245e8,4, #B0A180
9f41fc5889c816e245e8,5, #3E2E1E
9f41fc5889c816e245e8,8, #92866B
9f41fc5889c816e245e8,1, #C8BE9F
9f41fc5889c816e245e8,7, #72644B
9f41fc5889c816e245e8,6, #534430
9f41fc5889c816e245e8,65,#1E1710
9f437ee4e58b75651bfc,8, #777163
9f437ee4e58b75651bfc,18, #938D7F
9f437ee4e58b75651bfc,7, #FBFAF5
9f437ee4e58b75651bfc,6, #5C574B
9f437ee4e58b75651bfc,24, #E7E1CF
9f437ee4e58b75651bfc,3, #413D34
9f437ee4e58b75651bfc,30,#C2BAA9
9f45f9ee49639f120fef,3,#EFECE7
9f45f9ee49639f120fef,12, #463413
9f45f9ee49639f120fef,0, #DAD4C5
9f45f9ee49639f120fef,23, #6D6038
9f45f9ee49639f120fef,13, #C1B79C
9f45f9ee49639f120fef,44, #9E9167
9f4cbc5cf2cd9b0fded1,2, #8D856F
9f4cbc5cf2cd9b0fded1,62, #372A12
9f4cbc5cf2cd9b0fded1,6, #B1AA91
9f4cbc5cf2cd9b0fded1,16,#0C0801
9f4cbc5cf2cd9b0fded1,3, #CECABA
9f4cbc5cf2cd9b0fded1,8, #695A3E
9f4fa2ac68212743fc5f,51, #BBB5A3
9f4fa2ac68212743fc5f,30,#E9E3D0
9f4fa2ac68212743fc5f,9, #908A78
9f4fa2ac68212743fc5f,5, #777260
9f4fa2ac68212743fc5f,0, #3D3D34
9f4fa2ac68212743fc5f,3, #5A5648
9f4fc7f51519ac84ade4,1, #F7F3DA
9f4fc7f51519ac84ade4,7, #84765A
9f4fc7f51519ac84ade4,48,#0C0A06
9f4fc7f51519ac84ade4,8, #665B41
9f4fc7f51519ac84ade4,15, #2F3024
9f4fc7f51519ac84ade4,10, #CDB67D
9f4fc7f51519ac84ade4,6, #A59169
9f507ad222d469badd8a,27,#19170D
9f507ad222d469badd8a,6, #362D1D
9f507ad222d469badd8a,18, #797768
9f507ad222d469badd8a,9, #48412C
9f507ad222d469badd8a,15, #908C7C
9f507ad222d469badd8a,5, #5E5A44
9f507ad222d469badd8a,17, #ACAA9F
9f592f2d06671f0c3bec,3, #E2D8C6
9f592f2d06671f0c3bec,15, #44423C
9f592f2d06671f0c3bec,34, #686862
9f592f2d06671f0c3bec,9, #2C2820
9f592f2d06671f0c3bec,21,#A09684
9f592f2d06671f0c3bec,15, #CFC1AA
9f5d6be3d3c5edf1d9ae,20, #5F4936
9f5d6be3d3c5edf1d9ae,5, #BFB889
9f5d6be3d3c5edf1d9ae,36,#463629
9f5d6be3d3c5edf1d9ae,15, #857854
9f5d6be3d3c5edf1d9ae,2, #DCD5A6
9f5d6be3d3c5edf1d9ae,6, #A69E74
9f5d6be3d3c5edf1d9ae,13, #1D1A12
9f5f33e0fd6eb205720f,22, #91744D
9f5f33e0fd6eb205720f,4,#0B0701
9f5f33e0fd6eb205720f,67, #584829
9f5f33e0fd6eb205720f,2, #D3CDAB
9f5f33e0fd6eb205720f,0, #342811
9f5f33e0fd6eb205720f,2, #BAAF7C
9f5f45b9eb5ea0445dbc,33, #4B3F33
9f5f45b9eb5ea0445dbc,0, #C9CCB6
9f5f45b9eb5ea0445dbc,2, #A3936C
9f5f45b9eb5ea0445dbc,0, #AAAA90
9f5f45b9eb5ea0445dbc,57,#1B1613
9f5f45b9eb5ea0445dbc,3, #71654A
9f5f45b9eb5ea0445dbc,2, #8B7A57
9f62f6df02011c20af10,8, #615338
9f62f6df02011c20af10,44,#1B180F
9f62f6df02011c20af10,12, #989781
9f62f6df02011c20af10,19, #403925
9f62f6df02011c20af10,3, #B6B49C
9f62f6df02011c20af10,11, #7C7255
9f6329bb56301905c6dd,2, #968F7F
9f6329bb56301905c6dd,1, #665744
9f6329bb56301905c6dd,7, #B8B094
9f6329bb56301905c6dd,68,#E4E2D5
9f6329bb56301905c6dd,14, #CAC6B3
9f6329bb56301905c6dd,0, #413C34
9f6329bb56301905c6dd,4, #7C7567
9f65bfa621842bd25aa8,19, #BDB39B
9f65bfa621842bd25aa8,56,#F5F1DD
9f65bfa621842bd25aa8,4, #989586
9f65bfa621842bd25aa8,7, #DCD6C2
9f65bfa621842bd25aa8,4, #525249
9f65bfa621842bd25aa8,8, #777769
9f6e79952141d5c5d0bb,2, #7B7775
9f6e79952141d5c5d0bb,30, #DFD9CE
9f6e79952141d5c5d0bb,31,#FBFAF6
9f6e79952141d5c5d0bb,2, #999694
9f6e79952141d5c5d0bb,1, #C4BAA9
9f6e79952141d5c5d0bb,5, #5F5856
9f6e79952141d5c5d0bb,26, #352D27
9f6f8940756b7d338a47,12, #3B3A32
9f6f8940756b7d338a47,26, #636157
9f6f8940756b7d338a47,34, #D0CDBF
9f6f8940756b7d338a47,0,#FDFBEB
9f6f8940756b7d338a47,17, #848176
9f6f8940756b7d338a47,8, #A3A094
9f71b300bc01247cda52,4, #8E654A
9f71b300bc01247cda52,1,#EADCB7
9f71b300bc01247cda52,57, #362A1A
9f71b300bc01247cda52,22, #645236
9f71b300bc01247cda52,5, #CEB593
9f71b300bc01247cda52,9, #AA8B6C
9f71db4e928462ea22f2,32, #939393
9f71db4e928462ea22f2,2, #141414
9f71db4e928462ea22f2,12, #676767
9f71db4e928462ea22f2,8, #3F3F3F
9f71db4e928462ea22f2,24, #C4C4C4
9f71db4e928462ea22f2,18,#EEEEEE
9f72331ad2e51e3897d9,36, #554B33
9f72331ad2e51e3897d9,11, #1D1B17
9f72331ad2e51e3897d9,41, #34312B
9f72331ad2e51e3897d9,8, #79643D
9f72331ad2e51e3897d9,0,#957F55
9f72331ad2e51e3897d9,2, #683E1D
9f7675e70e559d544c41,2, #101B15
9f7675e70e559d544c41,18, #979889
9f7675e70e559d544c41,19,#F9F5E1
9f7675e70e559d544c41,31, #D6CBB2
9f7675e70e559d544c41,15, #666D62
9f7675e70e559d544c41,12, #364039
9f7a42a6ad7b329eb336,8, #38372E
9f7a42a6ad7b329eb336,19, #5C533F
9f7a42a6ad7b329eb336,16, #C1B487
9f7a42a6ad7b329eb336,31, #7D6E4E
9f7a42a6ad7b329eb336,19, #9C8D6B
9f7a42a6ad7b329eb336,3,#DBD4B1
9f86d7e8470826624a35,4, #D3BE91
9f86d7e8470826624a35,37,#685230
9f86d7e8470826624a35,19, #B09D70
9f86d7e8470826624a35,1, #272018
9f86d7e8470826624a35,32, #837F6F
9f86d7e8470826624a35,0, #ECD7A7
9f86d7e8470826624a35,3, #8E7542
9f8a5e24735822788e0c,39, #CCC3AB
9f8a5e24735822788e0c,21,#F5F2E5
9f8a5e24735822788e0c,0, #342F25
9f8a5e24735822788e0c,6, #544F42
9f8a5e24735822788e0c,16, #A49D8C
9f8a5e24735822788e0c,14, #7E7767
9f92910c317064731cac,14, #8D5E4D
9f92910c317064731cac,16, #D7A39E
9f92910c317064731cac,5, #513E2A
9f92910c317064731cac,8, #E5DBB1
9f92910c317064731cac,9, #F7F6E8
9f92910c317064731cac,43,#A79A73
9f92910c317064731cac,2, #B6646E
9f92ad57b58252878c2b,5, #D4C6A4
9f92ad57b58252878c2b,23, #413124
9f92ad57b58252878c2b,29, #895241
9f92ad57b58252878c2b,20, #968360
9f92ad57b58252878c2b,1, #9BA09A
9f92ad57b58252878c2b,19,#120F0D
9f95631a1024c8abd8ae,15, #B1AB94
9f95631a1024c8abd8ae,17, #8D897A
9f95631a1024c8abd8ae,10,#CEC7B1
9f95631a1024c8abd8ae,18, #676454
9f95631a1024c8abd8ae,25, #F3EFDD
9f95631a1024c8abd8ae,12, #413F32
9f9a6767d6602b68ff47,10, #74756F
9f9a6767d6602b68ff47,5, #D7DBD3
9f9a6767d6602b68ff47,0, #3B3B33
9f9a6767d6602b68ff47,46,#AAB1AD
9f9a6767d6602b68ff47,5, #8A8E8A
9f9a6767d6602b68ff47,32, #595953
9fa0043b893efffdcdff,5, #595B4F
9fa0043b893efffdcdff,3, #7C7966
9fa0043b893efffdcdff,6, #342E27
9fa0043b893efffdcdff,24, #D7D0B8
9fa0043b893efffdcdff,50,#F5F3E7
9fa0043b893efffdcdff,3, #A1967E
9fa0043b893efffdcdff,6, #B9AE94
9fa379cb4f67090f6910,10,#908A81
9fa379cb4f67090f6910,6, #B8B3AA
9fa379cb4f67090f6910,25, #433E39
9fa379cb4f67090f6910,27, #F8F6EC
9fa379cb4f67090f6910,19, #DCD7CB
9fa379cb4f67090f6910,10, #6B645D
9fa815396db49bc68307,39, #817667
9fa815396db49bc68307,24, #5F5348
9fa815396db49bc68307,6,#ECE7D2
9fa815396db49bc68307,0, #45372D
9fa815396db49bc68307,6, #C1BAA8
9fa815396db49bc68307,21, #9A9180
9fa912505b4b6b0e1859,29,#C8BEB0
9fa912505b4b6b0e1859,3, #2D2A29
9fa912505b4b6b0e1859,8, #91897F
9fa912505b4b6b0e1859,18, #EBE1CE
9fa912505b4b6b0e1859,15, #A99F95
9fa912505b4b6b0e1859,13, #514B48
9fa912505b4b6b0e1859,10, #777069
9fac8fefb9b80c65a3a8,5, #6C695C
9fac8fefb9b80c65a3a8,18, #DEDCD3
9fac8fefb9b80c65a3a8,10, #8C897D
9fac8fefb9b80c65a3a8,6, #CAC7BD
9fac8fefb9b80c65a3a8,46,#F4F2EA
9fac8fefb9b80c65a3a8,2, #4F4D44
9fac8fefb9b80c65a3a8,9, #AFACA2
9faf3af905257903f58a,78,#2D2719
9faf3af905257903f58a,1, #BEAE70
9faf3af905257903f58a,0, #D9C883
9faf3af905257903f58a,2, #9B8957
9faf3af905257903f58a,11, #4F432C
9faf3af905257903f58a,5, #725F3A
9fbb4d45884f7fda87cf,9, #F3F5DB
9fbb4d45884f7fda87cf,34,#C4C0A1
9fbb4d45884f7fda87cf,1, #575444
9fbb4d45884f7fda87cf,19, #E5E0B5
9fbb4d45884f7fda87cf,9, #97926E
9fbb4d45884f7fda87cf,9, #B8AE81
9fbb4d45884f7fda87cf,14, #777359
9fc81a1025465f6390f7,21, #4F453B
9fc81a1025465f6390f7,1,#C9B47C
9fc81a1025465f6390f7,19, #6A6550
9fc81a1025465f6390f7,15, #282022
9fc81a1025465f6390f7,19, #9E8C5F
9fc81a1025465f6390f7,23, #81513B
9fc85f2326dcf266c9e6,7, #ACA899
9fc85f2326dcf266c9e6,12, #69685C
9fc85f2326dcf266c9e6,32, #CCC7B8
9fc85f2326dcf266c9e6,16, #8A877A
9fc85f2326dcf266c9e6,8, #48483F
9fc85f2326dcf266c9e6,20,#F3EDDE
9fcadba1a6cc34625112,45, #CBC9CC
9fcadba1a6cc34625112,11, #6E6C6F
9fcadba1a6cc34625112,14,#F5F3F3
9fcadba1a6cc34625112,10, #2D2C2D
9fcadba1a6cc34625112,0, #C94F40
9fcadba1a6cc34625112,17, #9D9B9E
9fce0a5e7503dd4f2e51,2, #627882
9fce0a5e7503dd4f2e51,49,#F0EFE9
9fce0a5e7503dd4f2e51,2, #1F1313
9fce0a5e7503dd4f2e51,11, #57473D
9fce0a5e7503dd4f2e51,23, #8A7960
9fce0a5e7503dd4f2e51,3, #C6C7BE
9fce0a5e7503dd4f2e51,7, #A6A089
9fd283f09101d65f038d,14, #5A4C30
9fd283f09101d65f038d,21, #A79D76
9fd283f09101d65f038d,15, #988B64
9fd283f09101d65f038d,7, #807450
9fd283f09101d65f038d,2, #262117
9fd283f09101d65f038d,27,#423422
9fd283f09101d65f038d,10, #685C3A
9fe495b4f73b3e917ee6,8,#F5EEDB
9fe495b4f73b3e917ee6,11, #605C52
9fe495b4f73b3e917ee6,3, #403E37
9fe495b4f73b3e917ee6,23, #868074
9fe495b4f73b3e917ee6,11, #B1AA9B
9fe495b4f73b3e917ee6,41, #D2C9B7
9fecd4a7c52da014881a,1, #DAD5BE
9fecd4a7c52da014881a,1, #C4BA9D
9fecd4a7c52da014881a,9,#1F1309
9fecd4a7c52da014881a,20, #AA9A76
9fecd4a7c52da014881a,41, #55412D
9fecd4a7c52da014881a,24, #8F6C4B
9feded64d6c90b308854,30,#B3AE97
9feded64d6c90b308854,2, #D0CAAE
9feded64d6c90b308854,15, #7A7450
9feded64d6c90b308854,9, #5A5432
9feded64d6c90b308854,24, #999174
9feded64d6c90b308854,11, #27261B
9feded64d6c90b308854,7, #3F3E2A
9ffe7644dcb65fc4cc32,11, #A2957D
9ffe7644dcb65fc4cc32,10, #E5E0CF
9ffe7644dcb65fc4cc32,1,#FEFCEE
9ffe7644dcb65fc4cc32,37, #4E3925
9ffe7644dcb65fc4cc32,19, #7F6A4A
9ffe7644dcb65fc4cc32,20, #CABFA5
a001f984dc2160b21d1d,17, #746558
a001f984dc2160b21d1d,26, #C7BDA4
a001f984dc2160b21d1d,8, #2F201A
a001f984dc2160b21d1d,10,#F7F5E2
a001f984dc2160b21d1d,14, #968975
a001f984dc2160b21d1d,24, #544035
a0048a4ceb00d873202c,0, #6F7164
a0048a4ceb00d873202c,5, #C4C4BA
a0048a4ceb00d873202c,1, #909287
a0048a4ceb00d873202c,22, #DADACD
a0048a4ceb00d873202c,2, #ACACA2
a0048a4ceb00d873202c,67,#F6F6EC
a0187754ec9a95108a7a,64,#E6E0CB
a0187754ec9a95108a7a,3, #5E544D
a0187754ec9a95108a7a,7, #CABFA5
a0187754ec9a95108a7a,2, #40352E
a0187754ec9a95108a7a,3, #766D66
a0187754ec9a95108a7a,1, #FBF9F0
a0187754ec9a95108a7a,15, #9C9388
a0190a0684e066794b7f,19, #57472B
a0190a0684e066794b7f,42,#1B130C
a0190a0684e066794b7f,7, #AE9A73
a0190a0684e066794b7f,14, #93805B
a0190a0684e066794b7f,10, #766649
a0190a0684e066794b7f,4, #C6B592
a0190a0684e066794b7f,1, #E4DBCD
a01da3ffa524a3221319,5, #B6A696
a01da3ffa524a3221319,49, #D3CCC0
a01da3ffa524a3221319,9, #96867A
a01da3ffa524a3221319,1,#F2EDDF
a01da3ffa524a3221319,21, #42352E
a01da3ffa524a3221319,13, #776255
a022e4740e79cc616784,17, #575449
a022e4740e79cc616784,9, #BBB6A9
a022e4740e79cc616784,17, #3A3931
a022e4740e79cc616784,13, #9A968A
a022e4740e79cc616784,23,#DFDBC9
a022e4740e79cc616784,1, #FEFDE6
a022e4740e79cc616784,17, #777267
a029c9b7dec21ea19f9f,7, #32312B
a029c9b7dec21ea19f9f,14, #B5AFA4
a029c9b7dec21ea19f9f,13, #7C776B
a029c9b7dec21ea19f9f,7, #938E82
a029c9b7dec21ea19f9f,35,#545148
a029c9b7dec21ea19f9f,1, #F6F0E3
a029c9b7dec21ea19f9f,19, #DAD5C9
a032a0e8f636eda04c51,10, #A79A87
a032a0e8f636eda04c51,2, #C9BCA7
a032a0e8f636eda04c51,6,#F2EFE4
a032a0e8f636eda04c51,5, #DED6C5
a032a0e8f636eda04c51,31, #786B5B
a032a0e8f636eda04c51,43, #4B443C
a0365c1718b30aacf495,28, #2B2215
a0365c1718b30aacf495,7, #090704
a0365c1718b30aacf495,7, #8F846C
a0365c1718b30aacf495,2, #D7CCB5
a0365c1718b30aacf495,8, #ADA592
a0365c1718b30aacf495,10, #746B53
a0365c1718b30aacf495,34,#534835
a043c7dafafe957848c9,2, #8C7758
a043c7dafafe957848c9,8, #6A573A
a043c7dafafe957848c9,46,#5C391E
a043c7dafafe957848c9,12, #0E0F09
a043c7dafafe957848c9,27, #2A2018
a043c7dafafe957848c9,1, #B29F81
a043c7dafafe957848c9,0, #CFC8B0
a04449ee9d5ec4c0e8d4,1, #46443E
a04449ee9d5ec4c0e8d4,92,#D8D2BF
a04449ee9d5ec4c0e8d4,1, #B3AD9B
a04449ee9d5ec4c0e8d4,0, #878275
a04449ee9d5ec4c0e8d4,3, #F9F6EA
a04449ee9d5ec4c0e8d4,0, #656156
a048e74303a8b9365a8f,8, #453B30
a048e74303a8b9365a8f,3,#F2EFE6
a048e74303a8b9365a8f,2, #110F0D
a048e74303a8b9365a8f,19, #CCCBBF
a048e74303a8b9365a8f,11, #96948E
a048e74303a8b9365a8f,53, #665F57
a04e2247290ec0292e2e,0, #C3B99B
a04e2247290ec0292e2e,16, #9C915B
a04e2247290ec0292e2e,8, #221910
a04e2247290ec0292e2e,25, #41331E
a04e2247290ec0292e2e,9, #756E4F
a04e2247290ec0292e2e,30,#6B4E2F
a04e2247290ec0292e2e,9, #B4A982
a05a5285a96f6dff68fa,3, #363121
a05a5285a96f6dff68fa,18, #AD9E74
a05a5285a96f6dff68fa,20,#988E6D
a05a5285a96f6dff68fa,13, #4E4229
a05a5285a96f6dff68fa,11, #6B5937
a05a5285a96f6dff68fa,18, #897549
a05a5285a96f6dff68fa,15, #B7AB86
a0622f00853e0c051df4,12, #737266
a0622f00853e0c051df4,30, #DEDBD1
a0622f00853e0c051df4,9, #B8B2A2
a0622f00853e0c051df4,34,#F9F7EF
a0622f00853e0c051df4,5, #515046
a0622f00853e0c051df4,7, #949388
a06846bde4f6dc1025fc,8, #A39F94
a06846bde4f6dc1025fc,10, #7C796F
a06846bde4f6dc1025fc,9, #55534A
a06846bde4f6dc1025fc,4, #32312A
a06846bde4f6dc1025fc,11, #C6C2B5
a06846bde4f6dc1025fc,0, #FEFEFE
a06846bde4f6dc1025fc,54,#E9E6DA
a06b4dfade3d4216d886,28, #9C9280
a06b4dfade3d4216d886,0, #50484A
a06b4dfade3d4216d886,5, #F6F6EF
a06b4dfade3d4216d886,13, #7A6D5D
a06b4dfade3d4216d886,35,#BCAF96
a06b4dfade3d4216d886,15, #DFD7BF
a06b4dfade3d4216d886,0, #302513
a06d1871043e1f904bfe,6, #A6A299
a06d1871043e1f904bfe,30, #726659
a06d1871043e1f904bfe,4, #574738
a06d1871043e1f904bfe,11, #8D857A
a06d1871043e1f904bfe,12,#F5F5E8
a06d1871043e1f904bfe,34, #D0CEC5
a075097adc561754daa8,38,#8F8777
a075097adc561754daa8,9, #A8A498
a075097adc561754daa8,4, #716B5B
a075097adc561754daa8,14, #C2BDAF
a075097adc561754daa8,28, #E6E0CA
a075097adc561754daa8,3, #524E45
a075097adc561754daa8,0, #FEFDE9
a075bb7275f5f4d1b58a,19, #4D443E
a075bb7275f5f4d1b58a,10, #B4AF9A
a075bb7275f5f4d1b58a,0,#F3EED6
a075bb7275f5f4d1b58a,23, #716C62
a075bb7275f5f4d1b58a,26, #DAD4BB
a075bb7275f5f4d1b58a,18, #928E7F
a07ac6c71a355fbebdc3,32,#0D0F0E
a07ac6c71a355fbebdc3,1, #A88822
a07ac6c71a355fbebdc3,7, #6C6030
a07ac6c71a355fbebdc3,12, #A1926A
a07ac6c71a355fbebdc3,39, #483214
a07ac6c71a355fbebdc3,6, #C9C2B6
a07ae26afcc55af645a0,77,#F2EFE1
a07ae26afcc55af645a0,4, #8B7D69
a07ae26afcc55af645a0,4, #BFB69C
a07ae26afcc55af645a0,6, #D7CFB6
a07ae26afcc55af645a0,0, #3F3427
a07ae26afcc55af645a0,3, #5C5143
a07ae26afcc55af645a0,3, #A69C85
a08c6b68e548e73570b9,49, #D4D0C1
a08c6b68e548e73570b9,11, #97958A
a08c6b68e548e73570b9,2, #454740
a08c6b68e548e73570b9,0,#EEE7D4
a08c6b68e548e73570b9,15, #69695F
a08c6b68e548e73570b9,21, #B7B5A9
a09585fcdb60fe6d325e,7, #7E7E77
a09585fcdb60fe6d325e,13, #C0B9A4
a09585fcdb60fe6d325e,12,#F5F1E1
a09585fcdb60fe6d325e,20, #51514D
a09585fcdb60fe6d325e,23, #D8D5C0
a09585fcdb60fe6d325e,23, #A19B89
a09b48f373b3f0fa8cb4,12, #6B685A
a09b48f373b3f0fa8cb4,12, #918E7F
a09b48f373b3f0fa8cb4,5, #424037
a09b48f373b3f0fa8cb4,0, #161614
a09b48f373b3f0fa8cb4,52, #EAE5D4
a09b48f373b3f0fa8cb4,16,#B6B09D
a0a0526604c57d405851,15, #5C5755
a0a0526604c57d405851,31,#F5EEDD
a0a0526604c57d405851,10, #A29C94
a0a0526604c57d405851,4, #3A3738
a0a0526604c57d405851,22, #CCC4B7
a0a0526604c57d405851,15, #837D78
a0a12186e6dcddfd711f,11, #F9F7ED
a0a12186e6dcddfd711f,32,#E6DFCB
a0a12186e6dcddfd711f,25, #C7C0AC
a0a12186e6dcddfd711f,9, #666052
a0a12186e6dcddfd711f,4, #827B6B
a0a12186e6dcddfd711f,5, #48443C
a0a12186e6dcddfd711f,10, #A19A89
a0a359648212f4f88ab7,3, #C7B799
a0a359648212f4f88ab7,3, #E6DEC7
a0a359648212f4f88ab7,35, #897559
a0a359648212f4f88ab7,12, #A59881
a0a359648212f4f88ab7,34, #584636
a0a359648212f4f88ab7,9,#FBF9F4
a0a4bcf2d708fdc5cb6e,8, #A59679
a0a4bcf2d708fdc5cb6e,6, #8A7F67
a0a4bcf2d708fdc5cb6e,1, #E7E6D1
a0a4bcf2d708fdc5cb6e,42,#C6BFA2
a0a4bcf2d708fdc5cb6e,34, #D4D2BB
a0a4bcf2d708fdc5cb6e,6, #B8AB8C
a0a4bcf2d708fdc5cb6e,0, #75674E
a0a5f7eda8a2379083cf,29, #58514F
a0a5f7eda8a2379083cf,7, #CABFB2
a0a5f7eda8a2379083cf,18, #A8A095
a0a5f7eda8a2379083cf,35, #857D76
a0a5f7eda8a2379083cf,2,#F8F2E9
a0a5f7eda8a2379083cf,7, #393635
a0ae6493035cdbfc6574,63,#D7D1B3
a0ae6493035cdbfc6574,9, #9D9380
a0ae6493035cdbfc6574,0, #FCFAEF
a0ae6493035cdbfc6574,1, #61594A
a0ae6493035cdbfc6574,8, #E6E3D7
a0ae6493035cdbfc6574,10, #BCB295
a0ae6493035cdbfc6574,5, #817663
a0aed00762bb072a16c9,16, #634F2F
a0aed00762bb072a16c9,20, #3D301E
a0aed00762bb072a16c9,3, #A39776
a0aed00762bb072a16c9,44,#1A160E
a0aed00762bb072a16c9,15, #82714D
a0aed00762bb072a16c9,0, #BDB08E
a0b10a881b9ec0e754d0,18, #645236
a0b10a881b9ec0e754d0,6, #A8A8A8
a0b10a881b9ec0e754d0,2, #90908F
a0b10a881b9ec0e754d0,51,#322215
a0b10a881b9ec0e754d0,0, #76726B
a0b10a881b9ec0e754d0,18, #C3C3C3
a0b10a881b9ec0e754d0,0, #9A7F4B
a0b2e66b32067d558195,14, #C2B9A8
a0b2e66b32067d558195,17, #705B47
a0b2e66b32067d558195,9, #887969
a0b2e66b32067d558195,11, #503421
a0b2e66b32067d558195,14, #A1978A
a0b2e66b32067d558195,31,#E5E1D1
a0b32afbe0a1f759470b,5, #35312F
a0b32afbe0a1f759470b,26,#B9B2A7
a0b32afbe0a1f759470b,13, #706A66
a0b32afbe0a1f759470b,20, #958E86
a0b32afbe0a1f759470b,14, #514C49
a0b32afbe0a1f759470b,17, #DACFC4
a0b32afbe0a1f759470b,2, #F5EEE8
a0b4f3059b6c71c69169,2, #FAF7E7
a0b4f3059b6c71c69169,7, #3C3A34
a0b4f3059b6c71c69169,10, #888476
a0b4f3059b6c71c69169,26, #DEDAC8
a0b4f3059b6c71c69169,9, #BEBAAA
a0b4f3059b6c71c69169,33,#676459
a0b4f3059b6c71c69169,8, #A19D8E
a0c20fb6bb55e369a6f6,6, #7B6E61
a0c20fb6bb55e369a6f6,70,#E4DFCC
a0c20fb6bb55e369a6f6,4, #B9B19E
a0c20fb6bb55e369a6f6,7, #33221C
a0c20fb6bb55e369a6f6,2, #978E80
a0c20fb6bb55e369a6f6,7, #5D4E42
a0c59955a134e5ec0895,3, #D8D5CB
a0c59955a134e5ec0895,74,#F4F3E6
a0c59955a134e5ec0895,4, #686860
a0c59955a134e5ec0895,7, #B5B3A9
a0c59955a134e5ec0895,7, #8A8981
a0c59955a134e5ec0895,2, #494A43
a0ca730bb223b916e24b,4, #CDC4A4
a0ca730bb223b916e24b,9, #857B61
a0ca730bb223b916e24b,20, #AAA593
a0ca730bb223b916e24b,11, #28241C
a0ca730bb223b916e24b,9, #6E624A
a0ca730bb223b916e24b,27,#62482C
a0ca730bb223b916e24b,16, #99907A
a0cdd9138800c1dad708,41,#A9A596
a0cdd9138800c1dad708,4, #5A534B
a0cdd9138800c1dad708,32, #C6C4B6
a0cdd9138800c1dad708,14, #7F7B73
a0cdd9138800c1dad708,2, #E3E4E1
a0cdd9138800c1dad708,2, #40382E
a0cdd9138800c1dad708,1, #2B2116
a0cfda13e1fff8a6cd9f,71,#251C11
a0cfda13e1fff8a6cd9f,0, #B2A271
a0cfda13e1fff8a6cd9f,5, #6D562E
a0cfda13e1fff8a6cd9f,0, #847B56
a0cfda13e1fff8a6cd9f,16, #494028
a0cfda13e1fff8a6cd9f,4, #996B34
a0db8f302256fcdb578f,2, #FBF9F9
a0db8f302256fcdb578f,11, #797167
a0db8f302256fcdb578f,3, #D5CDBC
a0db8f302256fcdb578f,3, #BDB5A4
a0db8f302256fcdb578f,7, #585149
a0db8f302256fcdb578f,66,#E8E2D5
a0db8f302256fcdb578f,4, #9C9588
a0df50fb28660cdc1332,7,#F3F2ED
a0df50fb28660cdc1332,5, #8C9493
a0df50fb28660cdc1332,62, #C3C1A9
a0df50fb28660cdc1332,6, #42453E
a0df50fb28660cdc1332,0, #11100E
a0df50fb28660cdc1332,18, #707662
a0e09a4c2b87066ad035,23, #958975
a0e09a4c2b87066ad035,1, #544234
a0e09a4c2b87066ad035,8,#C4B595
a0e09a4c2b87066ad035,22, #F4F2E8
a0e09a4c2b87066ad035,4, #766653
a0e09a4c2b87066ad035,40, #DBD1B4
a0e44a175f4fd0eb3379,6, #4C4942
a0e44a175f4fd0eb3379,10, #706D64
a0e44a175f4fd0eb3379,27,#8A867B
a0e44a175f4fd0eb3379,8, #E1DBCA
a0e44a175f4fd0eb3379,25, #ABA698
a0e44a175f4fd0eb3379,19, #CAC3B5
a0e44a175f4fd0eb3379,2, #F9F5E2
a0ebaf58e54347301778,20, #8F897F
a0ebaf58e54347301778,5, #2C2B28
a0ebaf58e54347301778,34, #484441
a0ebaf58e54347301778,17, #68615C
a0ebaf58e54347301778,10, #C7BFAD
a0ebaf58e54347301778,10,#F4F0E4
a0efc8d737227881f96c,2, #5F5646
a0efc8d737227881f96c,10, #887D66
a0efc8d737227881f96c,0, #1C140C
a0efc8d737227881f96c,6, #B9AB8F
a0efc8d737227881f96c,9, #F6F4EA
a0efc8d737227881f96c,3, #453827
a0efc8d737227881f96c,67,#D4C6AA
a0f002d5849f95032ccb,1, #404037
a0f002d5849f95032ccb,11, #9B9786
a0f002d5849f95032ccb,8, #807C6A
a0f002d5849f95032ccb,16, #BEB8A8
a0f002d5849f95032ccb,7, #646253
a0f002d5849f95032ccb,53,#EEEADE
a0f3768029c837ab750d,27, #B7AF9E
a0f3768029c837ab750d,5,#8A867A
a0f3768029c837ab750d,5, #525148
a0f3768029c837ab750d,5, #32332D
a0f3768029c837ab750d,50, #E5DDCA
a0f3768029c837ab750d,5, #6C6A5F
a0f4a772e14c647d73c6,3, #B0ACA6
a0f4a772e14c647d73c6,2, #1C1915
a0f4a772e14c647d73c6,29, #63605C
a0f4a772e14c647d73c6,6, #F5F2EF
a0f4a772e14c647d73c6,7, #D7D2CC
a0f4a772e14c647d73c6,5, #898681
a0f4a772e14c647d73c6,46,#3A3633
a0f4ca59baf43570c60a,0, #91918E
a0f4ca59baf43570c60a,37,#C4BAA0
a0f4ca59baf43570c60a,4, #78664A
a0f4ca59baf43570c60a,1, #DAD8D0
a0f4ca59baf43570c60a,32, #AE9D7B
a0f4ca59baf43570c60a,9, #F7F7F3
a0f4ca59baf43570c60a,14, #978460
a0f80ad4ea87cd602050,6,#181717
a0f80ad4ea87cd602050,64, #484228
a0f80ad4ea87cd602050,0, #CEBF80
a0f80ad4ea87cd602050,26, #7F6E43
a0f80ad4ea87cd602050,0, #DED8AD
a0f80ad4ea87cd602050,2, #B49F5B
a101b2b6f00a51fddcb0,22, #3A3934
a101b2b6f00a51fddcb0,17, #E7E3D4
a101b2b6f00a51fddcb0,5,#FCFBF6
a101b2b6f00a51fddcb0,14, #C2BFB2
a101b2b6f00a51fddcb0,14, #6A6861
a101b2b6f00a51fddcb0,24, #9A978D
a10312bea5ec1130a3a6,7, #EDEAE1
a10312bea5ec1130a3a6,1, #6B5D46
a10312bea5ec1130a3a6,3, #827967
a10312bea5ec1130a3a6,5, #A59C82
a10312bea5ec1130a3a6,4, #D6D2C5
a10312bea5ec1130a3a6,0, #564632
a10312bea5ec1130a3a6,77,#BFBBA8
a1044f2a6639968cdf61,18, #9D927E
a1044f2a6639968cdf61,9, #C9BDA3
a1044f2a6639968cdf61,8,#FAF8EB
a1044f2a6639968cdf61,40, #4E4A3F
a1044f2a6639968cdf61,22, #766D5E
a1044f2a6639968cdf61,0, #E3DDC3
a1078e44db9bdcac2c10,14, #C0B9B1
a1078e44db9bdcac2c10,26, #7C786E
a1078e44db9bdcac2c10,9, #A29D93
a1078e44db9bdcac2c10,28, #E1D9D1
a1078e44db9bdcac2c10,17, #4C4A42
a1078e44db9bdcac2c10,4,#F7F2E9
a1164e46e92127e58d77,8,#302D1F
a1164e46e92127e58d77,7, #E6DC9A
a1164e46e92127e58d77,37, #6D593A
a1164e46e92127e58d77,19, #99925E
a1164e46e92127e58d77,0, #A86D4E
a1164e46e92127e58d77,25, #C4B97D
a122ef614d54b464d721,40,#EADDC8
a122ef614d54b464d721,34, #CDBFA6
a122ef614d54b464d721,1, #3D3932
a122ef614d54b464d721,10, #5D574C
a122ef614d54b464d721,5, #837B6D
a122ef614d54b464d721,6, #AAA08D
a122ef614d54b464d721,1, #FDFBF5
a127f36af87336621b81,0, #BDA97D
a127f36af87336621b81,61, #63562E
a127f36af87336621b81,4,#1F1A13
a127f36af87336621b81,27, #3C301E
a127f36af87336621b81,4, #8C764B
a127f36af87336621b81,1, #A59065
a136a6060e9e911423c6,8, #8A7A4D
a136a6060e9e911423c6,3, #2F1C0C
a136a6060e9e911423c6,16, #4A371A
a136a6060e9e911423c6,10, #6E6039
a136a6060e9e911423c6,44,#B8B186
a136a6060e9e911423c6,12, #A99968
a136a6060e9e911423c6,4, #E2D59C
a142e777618125b78d7a,4, #59544E
a142e777618125b78d7a,75,#ECE8DF
a142e777618125b78d7a,5, #7C7973
a142e777618125b78d7a,6, #A19D96
a142e777618125b78d7a,7, #C5C2B9
a142e777618125b78d7a,0, #37342D
a145bcfb1f25a085bc1d,20, #F9F7E9
a145bcfb1f25a085bc1d,10, #C0BBAC
a145bcfb1f25a085bc1d,26,#E0DBCA
a145bcfb1f25a085bc1d,11, #817C6E
a145bcfb1f25a085bc1d,19, #9B9688
a145bcfb1f25a085bc1d,1, #413E35
a145bcfb1f25a085bc1d,11, #666256
a148be4ff373fdda9340,4, #D5CB96
a148be4ff373fdda9340,21, #A09967
a148be4ff373fdda9340,7, #20160D
a148be4ff373fdda9340,28,#C1B77C
a148be4ff373fdda9340,12, #3F2F1A
a148be4ff373fdda9340,11, #786A3F
a148be4ff373fdda9340,14, #5D4C2A
a150f940595cd36988ec,17, #939080
a150f940595cd36988ec,26, #C8C0A9
a150f940595cd36988ec,0, #222422
a150f940595cd36988ec,4, #474841
a150f940595cd36988ec,43,#F7F2DE
a150f940595cd36988ec,6, #6D6D60
a15999f8e2e967fe5ff7,5, #88857A
a15999f8e2e967fe5ff7,0, #CFA56D
a15999f8e2e967fe5ff7,68,#F8F6E3
a15999f8e2e967fe5ff7,16, #D8D4BF
a15999f8e2e967fe5ff7,4, #504E45
a15999f8e2e967fe5ff7,4, #B2AFA1
a15ead81e17a8ba5e14b,3, #504B47
a15ead81e17a8ba5e14b,2, #322E2A
a15ead81e17a8ba5e14b,2, #F7F6F5
a15ead81e17a8ba5e14b,3, #ADA799
a15ead81e17a8ba5e14b,4, #8C867B
a15ead81e17a8ba5e14b,78,#D6D2C5
a15ead81e17a8ba5e14b,5, #6B645C
a1649aea90742e2b4959,8, #AA9869
a1649aea90742e2b4959,7, #40321C
a1649aea90742e2b4959,9, #8C7643
a1649aea90742e2b4959,55,#201A0E
a1649aea90742e2b4959,2, #C4BDA4
a1649aea90742e2b4959,16, #5E4F30
a1683375627ef34c5ed0,10, #77644D
a1683375627ef34c5ed0,20, #D8D3C0
a1683375627ef34c5ed0,11, #4E3E30
a1683375627ef34c5ed0,36,#EEEEE8
a1683375627ef34c5ed0,6, #8D8374
a1683375627ef34c5ed0,2, #2E2118
a1683375627ef34c5ed0,12, #B8A889
a16c465e2e6a12aa2e1b,38,#59352B
a16c465e2e6a12aa2e1b,2, #A1A399
a16c465e2e6a12aa2e1b,15, #2E1914
a16c465e2e6a12aa2e1b,6, #928561
a16c465e2e6a12aa2e1b,7, #75684C
a16c465e2e6a12aa2e1b,12, #DEDBBB
a16c465e2e6a12aa2e1b,15, #CCB576
a17b157a91a9a7d6f666,15, #BCB7A5
a17b157a91a9a7d6f666,3, #F9F5E2
a17b157a91a9a7d6f666,0, #36342C
a17b157a91a9a7d6f666,18, #747064
a17b157a91a9a7d6f666,24,#E1DAC4
a17b157a91a9a7d6f666,17, #948F81
a17b157a91a9a7d6f666,18, #535046
a17ddc919d212aead166,24, #C5C0AB
a17ddc919d212aead166,20, #545143
a17ddc919d212aead166,2, #38362A
a17ddc919d212aead166,8,#F5F1DD
a17ddc919d212aead166,14, #9B9684
a17ddc919d212aead166,29, #777261
a17e715e504e5f80ebf6,8, #5E5C4F
a17e715e504e5f80ebf6,26, #BEB8A7
a17e715e504e5f80ebf6,12, #9D998A
a17e715e504e5f80ebf6,22, #817E6F
a17e715e504e5f80ebf6,28,#F1ECD9
a17e715e504e5f80ebf6,1, #414036
a184df5d63d010f9780c,5,#0A0907
a184df5d63d010f9780c,17, #999895
a184df5d63d010f9780c,1, #403A34
a184df5d63d010f9780c,32, #7A7570
a184df5d63d010f9780c,0, #292621
a184df5d63d010f9780c,42, #56514F
a18d57a5f17f2b91f19f,0, #A48D4A
a18d57a5f17f2b91f19f,23, #1E160D
a18d57a5f17f2b91f19f,6, #897535
a18d57a5f17f2b91f19f,26, #685723
a18d57a5f17f2b91f19f,0, #BEAF71
a18d57a5f17f2b91f19f,0, #B29D5B
a18d57a5f17f2b91f19f,42,#4E3717
a19f934e9e7a8558b4d8,16, #E1DDCA
a19f934e9e7a8558b4d8,15, #BFBAA7
a19f934e9e7a8558b4d8,18, #9D9988
a19f934e9e7a8558b4d8,20, #4F4C3F
a19f934e9e7a8558b4d8,0,#FEFEF1
a19f934e9e7a8558b4d8,28, #787564
a1a021181d32669d5f96,19, #484740
a1a021181d32669d5f96,5, #BCB7AD
a1a021181d32669d5f96,29, #D8D1C8
a1a021181d32669d5f96,14, #69675F
a1a021181d32669d5f96,14, #918E85
a1a021181d32669d5f96,16,#F7F1E8
a1a4a9033065f01ebc6f,11, #A58F6F
a1a4a9033065f01ebc6f,0, #524C3F
a1a4a9033065f01ebc6f,30, #C1AB82
a1a4a9033065f01ebc6f,13,#F4E8C7
a1a4a9033065f01ebc6f,40, #D8CBA5
a1a4a9033065f01ebc6f,3, #85765D
a1afd27abc3af7f4bcec,10, #5F503C
a1afd27abc3af7f4bcec,8, #796C54
a1afd27abc3af7f4bcec,5, #E2DCC0
a1afd27abc3af7f4bcec,28,#C2B99A
a1afd27abc3af7f4bcec,19, #433529
a1afd27abc3af7f4bcec,8, #271E17
a1afd27abc3af7f4bcec,19, #9B8F72
a1b6046f30627190ea4c,3, #BFB760
a1b6046f30627190ea4c,19, #31240A
a1b6046f30627190ea4c,7, #EAECAA
a1b6046f30627190ea4c,28, #605323
a1b6046f30627190ea4c,7, #938640
a1b6046f30627190ea4c,3, #D8D67F
a1b6046f30627190ea4c,29,#130A02
a1b7db50383824f23e1a,1, #C4A05F
a1b7db50383824f23e1a,2, #DEBC76
a1b7db50383824f23e1a,1, #A48D55
a1b7db50383824f23e1a,8, #856635
a1b7db50383824f23e1a,1, #F4E19A
a1b7db50383824f23e1a,19, #574524
a1b7db50383824f23e1a,65,#282110
a1b82da88d2e4a85a624,5, #6C5630
a1b82da88d2e4a85a624,27, #1A190F
a1b82da88d2e4a85a624,4, #8F7140
a1b82da88d2e4a85a624,2, #AA8B4F
a1b82da88d2e4a85a624,0, #BEAD66
a1b82da88d2e4a85a624,17, #28271C
a1b82da88d2e4a85a624,42,#443B26
a1b96e96ee29a09647bd,46, #D0C5BA
a1b96e96ee29a09647bd,1,#FCEEDF
a1b96e96ee29a09647bd,19, #847D76
a1b96e96ee29a09647bd,3, #3D3837
a1b96e96ee29a09647bd,17, #ABA29A
a1b96e96ee29a09647bd,11, #5C5653
a1be3c6178ce09f7022c,0, #94784D
a1be3c6178ce09f7022c,0, #E0D4B0
a1be3c6178ce09f7022c,0, #5A4D3A
a1be3c6178ce09f7022c,16, #9A8867
a1be3c6178ce09f7022c,79,#B19D78
a1be3c6178ce09f7022c,2, #CEBD98
a1be3c6178ce09f7022c,1, #726C5B
a1c1a8dd14437d6c12dd,6, #BAB29C
a1c1a8dd14437d6c12dd,31, #594D44
a1c1a8dd14437d6c12dd,37, #7A7062
a1c1a8dd14437d6c12dd,3, #352922
a1c1a8dd14437d6c12dd,7,#EAE4CD
a1c1a8dd14437d6c12dd,13, #978D7D
a1c3055914ff5e09bd65,3, #5E584C
a1c3055914ff5e09bd65,28, #D0C7B9
a1c3055914ff5e09bd65,2, #766F61
a1c3055914ff5e09bd65,1, #3F3C33
a1c3055914ff5e09bd65,3, #8B8577
a1c3055914ff5e09bd65,53,#F4EBDE
a1c3055914ff5e09bd65,7, #A8A092
a1cbc20543ea3174b6eb,4,#F0E9D2
a1cbc20543ea3174b6eb,9, #AFA183
a1cbc20543ea3174b6eb,25, #6E5D44
a1cbc20543ea3174b6eb,11, #91856C
a1cbc20543ea3174b6eb,43, #CFC4A4
a1cbc20543ea3174b6eb,5, #473422
a1d2e0cc7f5074b50676,82,#F6F3E9
a1d2e0cc7f5074b50676,2, #59554C
a1d2e0cc7f5074b50676,4, #A8A396
a1d2e0cc7f5074b50676,3, #C7C2B4
a1d2e0cc7f5074b50676,3, #DFDACC
a1d2e0cc7f5074b50676,3, #807B6E
a1d563fd61a2ea2a7c6d,79,#2A1E19
a1d563fd61a2ea2a7c6d,14, #504732
a1d563fd61a2ea2a7c6d,0, #C3C0BC
a1d563fd61a2ea2a7c6d,2, #968663
a1d563fd61a2ea2a7c6d,2, #756D4D
a1d563fd61a2ea2a7c6d,0, #9A9795
a1d563fd61a2ea2a7c6d,0, #BEA773
a1df39b8c71eacfaf37b,7, #6C6652
a1df39b8c71eacfaf37b,6,#FBFBF6
a1df39b8c71eacfaf37b,43, #E5DCC0
a1df39b8c71eacfaf37b,20, #C1B89D
a1df39b8c71eacfaf37b,16, #97917C
a1df39b8c71eacfaf37b,5, #474435
a1e24fbdda8bf29f79f8,5, #857146
a1e24fbdda8bf29f79f8,6, #E2D099
a1e24fbdda8bf29f79f8,7, #B2915C
a1e24fbdda8bf29f79f8,5, #835336
a1e24fbdda8bf29f79f8,10, #C9AE78
a1e24fbdda8bf29f79f8,41,#1B1D13
a1e24fbdda8bf29f79f8,22, #3B3824
a1e2d96154bbacb7bacd,3, #373533
a1e2d96154bbacb7bacd,4, #53514E
a1e2d96154bbacb7bacd,11, #6D6A66
a1e2d96154bbacb7bacd,34, #EDE9DE
a1e2d96154bbacb7bacd,25,#94918B
a1e2d96154bbacb7bacd,21, #C1BCB3
a1eba96fc32b50a9278d,7, #837E6D
a1eba96fc32b50a9278d,44,#E2D8C1
a1eba96fc32b50a9278d,24, #C2B9A2
a1eba96fc32b50a9278d,12, #A09A86
a1eba96fc32b50a9278d,5, #6B6659
a1eba96fc32b50a9278d,5, #4B473F
a1f79d92cdafc0ede25f,29,#1C1C18
a1f79d92cdafc0ede25f,34, #424028
a1f79d92cdafc0ede25f,12, #686642
a1f79d92cdafc0ede25f,11, #C2C1A2
a1f79d92cdafc0ede25f,3, #A8A781
a1f79d92cdafc0ede25f,8, #86835B
a1fb1375d39ca67481f1,5, #C6BA9E
a1fb1375d39ca67481f1,19, #DDD5BB
a1fb1375d39ca67481f1,0, #322C21
a1fb1375d39ca67481f1,6, #9F9885
a1fb1375d39ca67481f1,2, #5A5547
a1fb1375d39ca67481f1,2, #7C7665
a1fb1375d39ca67481f1,63,#F7F5EB
a1fecb03c55ac13441fb,42,#63615A
a1fecb03c55ac13441fb,15, #EFECE2
a1fecb03c55ac13441fb,3, #C5C1B3
a1fecb03c55ac13441fb,3, #3E3B34
a1fecb03c55ac13441fb,27, #878374
a1fecb03c55ac13441fb,8, #A7A493
a200580b5e5805d13849,24, #978F88
a200580b5e5805d13849,20, #BFB6AE
a200580b5e5805d13849,28, #706863
a200580b5e5805d13849,2,#F6E7DD
a200580b5e5805d13849,19, #E0D3CA
a200580b5e5805d13849,3, #4E4845
a20b7a46e9d842edadbf,0, #A98F52
a20b7a46e9d842edadbf,25, #625C39
a20b7a46e9d842edadbf,0, #2B3232
a20b7a46e9d842edadbf,41,#563918
a20b7a46e9d842edadbf,1, #907943
a20b7a46e9d842edadbf,0, #7F5A22
a20b7a46e9d842edadbf,29, #231D13
a20d8314b23f185a725c,1, #7F765A
a20d8314b23f185a725c,0, #74331B
a20d8314b23f185a725c,29, #5D523C
a20d8314b23f185a725c,10,#8D8B83
a20d8314b23f185a725c,28, #3B1A12
a20d8314b23f185a725c,29, #A8A69E
a212c82df4588ccf8204,77, #F1E2C5
a212c82df4588ccf8204,1, #414034
a212c82df4588ccf8204,4, #7A7764
a212c82df4588ccf8204,5, #ABA38E
a212c82df4588ccf8204,7,#D4C5AA
a212c82df4588ccf8204,3, #5A5A49
a21a943284942d142d66,19, #A59C8B
a21a943284942d142d66,12, #8C8577
a21a943284942d142d66,0, #44403B
a21a943284942d142d66,12, #EFE5D4
a21a943284942d142d66,2, #56514A
a21a943284942d142d66,4, #6E685F
a21a943284942d142d66,47,#C2B59D
a21d4275ac97ba99550f,1, #F5F3EA
a21d4275ac97ba99550f,62,#B6AD96
a21d4275ac97ba99550f,1, #D2CDBB
a21d4275ac97ba99550f,13, #8B836E
a21d4275ac97ba99550f,5, #6C6658
a21d4275ac97ba99550f,14, #A29A82
a21d4275ac97ba99550f,0, #554E42
a21e5336eea3eadee642,9, #857853
a21e5336eea3eadee642,2, #060504
a21e5336eea3eadee642,48,#1C1912
a21e5336eea3eadee642,4, #70542B
a21e5336eea3eadee642,28, #49351D
a21e5336eea3eadee642,5, #A9A182
a21e5336eea3eadee642,1, #515341
a21fa0da0b36abb777f5,6, #7D6F51
a21fa0da0b36abb777f5,38,#130F09
a21fa0da0b36abb777f5,0, #C0AD80
a21fa0da0b36abb777f5,38, #382D1B
a21fa0da0b36abb777f5,1, #A7936C
a21fa0da0b36abb777f5,14, #614B2F
a2305792cd2bd6896b36,0, #76644B
a2305792cd2bd6896b36,15, #423729
a2305792cd2bd6896b36,0, #817C69
a2305792cd2bd6896b36,4, #5B4D3A
a2305792cd2bd6896b36,0, #958E76
a2305792cd2bd6896b36,0, #B5A679
a2305792cd2bd6896b36,78,#201A13
a2343392ad485de4df96,25, #CECBBA
a2343392ad485de4df96,8,#959284
a2343392ad485de4df96,3, #4E4B42
a2343392ad485de4df96,14, #AFAC9E
a2343392ad485de4df96,9, #79756A
a2343392ad485de4df96,39, #EFECDB
a23e62f8fa34aa5cf040,3, #DFDFD6
a23e62f8fa34aa5cf040,56, #BFBAAB
a23e62f8fa34aa5cf040,25, #655440
a23e62f8fa34aa5cf040,2, #9C978D
a23e62f8fa34aa5cf040,9, #897F6B
a23e62f8fa34aa5cf040,3,#F8F8F6
a241adc573ec87936540,50, #E6DECD
a241adc573ec87936540,6, #A49D8B
a241adc573ec87936540,3, #8B8473
a241adc573ec87936540,37, #C7BFAC
a241adc573ec87936540,1, #716A5A
a241adc573ec87936540,0,#5C5648
a249af341d1283edfbb9,3, #5B574A
a249af341d1283edfbb9,23, #F9F7EE
a249af341d1283edfbb9,8, #C7BEA7
a249af341d1283edfbb9,52,#E6DFCA
a249af341d1283edfbb9,4, #B2AA95
a249af341d1283edfbb9,4, #7E7968
a249af341d1283edfbb9,4, #9A9586
a24d6211ad17c2fd2fb8,1, #48463C
a24d6211ad17c2fd2fb8,11, #95907E
a24d6211ad17c2fd2fb8,11, #736F60
a24d6211ad17c2fd2fb8,16, #B6AC94
a24d6211ad17c2fd2fb8,36, #D3CDB3
a24d6211ad17c2fd2fb8,21,#F5F1D7
a24edda354ae0716e959,52, #D9D3BA
a24edda354ae0716e959,3, #36362B
a24edda354ae0716e959,5, #BBB5A0
a24edda354ae0716e959,12,#F3F1E5
a24edda354ae0716e959,12, #5A584A
a24edda354ae0716e959,13, #8B8775
a256fc1d00cc6c6a0f1d,10, #C5C1AB
a256fc1d00cc6c6a0f1d,16, #67665C
a256fc1d00cc6c6a0f1d,0, #FEFEEC
a256fc1d00cc6c6a0f1d,8, #8B887B
a256fc1d00cc6c6a0f1d,7, #A9A693
a256fc1d00cc6c6a0f1d,19, #42413B
a256fc1d00cc6c6a0f1d,35,#E2DEC9
a2636ee265f2f0e5d054,0, #CDC6B2
a2636ee265f2f0e5d054,1, #B0A88C
a2636ee265f2f0e5d054,6,#F3EAD8
a2636ee265f2f0e5d054,61, #3D3724
a2636ee265f2f0e5d054,20, #6F6746
a2636ee265f2f0e5d054,8, #958D70
a26ae15c6710f42709a9,15, #C1BBA9
a26ae15c6710f42709a9,5, #E1DCCD
a26ae15c6710f42709a9,27, #4A4A43
a26ae15c6710f42709a9,11, #A6A092
a26ae15c6710f42709a9,36, #7E7B6F
a26ae15c6710f42709a9,3,#FAF8F1
a26c223d050f874e2e04,8, #403D3A
a26c223d050f874e2e04,8, #706A62
a26c223d050f874e2e04,6,#F8F5E8
a26c223d050f874e2e04,23, #B0A89B
a26c223d050f874e2e04,40, #D6CDBF
a26c223d050f874e2e04,11, #938C81
a27169ab9e3db534c1fd,23, #BBB7AC
a27169ab9e3db534c1fd,8, #757065
a27169ab9e3db534c1fd,24, #E2DECC
a27169ab9e3db534c1fd,20,#8E897E
a27169ab9e3db534c1fd,16, #5C564B
a27169ab9e3db534c1fd,6, #453E31
a2804c40571dca2fb777,3, #FCFAF6
a2804c40571dca2fb777,2, #D1C9B7
a2804c40571dca2fb777,2, #787162
a2804c40571dca2fb777,2, #9C9586
a2804c40571dca2fb777,85,#E9E0D1
a2804c40571dca2fb777,2, #B6AE9B
a2804c40571dca2fb777,0, #534E47
a2ab371a5fec068a7fa9,24, #A0988F
a2ab371a5fec068a7fa9,32,#EBE0D0
a2ab371a5fec068a7fa9,3, #474341
a2ab371a5fec068a7fa9,12, #847C77
a2ab371a5fec068a7fa9,19, #C2B8AC
a2ab371a5fec068a7fa9,7, #655F5C
a2b41521b80024a29d1e,35, #A3A091
a2b41521b80024a29d1e,6,#F6F3E9
a2b41521b80024a29d1e,3, #E0DCC9
a2b41521b80024a29d1e,29, #7D7C6F
a2b41521b80024a29d1e,8, #C4C1AD
a2b41521b80024a29d1e,16, #515149
a2b8abdfde258c9c4dba,11, #736956
a2b8abdfde258c9c4dba,8, #3B3228
a2b8abdfde258c9c4dba,10, #C5BA9E
a2b8abdfde258c9c4dba,57, #DFDAC0
a2b8abdfde258c9c4dba,12, #A49882
a2b8abdfde258c9c4dba,0,#FCF9EC
a2bcef24fc5f48c501c9,0, #473F34
a2bcef24fc5f48c501c9,2, #6B5F4D
a2bcef24fc5f48c501c9,2, #9E8462
a2bcef24fc5f48c501c9,0,#FBF8F1
a2bcef24fc5f48c501c9,80, #DCD2BE
a2bcef24fc5f48c501c9,13, #AE9B85
a2c8cf0cb58e3f2efc5f,17, #696860
a2c8cf0cb58e3f2efc5f,12, #ABA89E
a2c8cf0cb58e3f2efc5f,9, #C6C4B8
a2c8cf0cb58e3f2efc5f,14, #8A887F
a2c8cf0cb58e3f2efc5f,33,#E7E5D9
a2c8cf0cb58e3f2efc5f,12, #3B3C36
a2ca0b42289603a11502,25, #49382A
a2ca0b42289603a11502,4, #F5EFD6
a2ca0b42289603a11502,2, #E6D090
a2ca0b42289603a11502,15, #0B0B0A
a2ca0b42289603a11502,11, #C8A96C
a2ca0b42289603a11502,40,#928871
a2ca0b42289603a11502,0, #C0BFBE
a2ce29c77ea69866ea29,13, #888179
a2ce29c77ea69866ea29,11, #A8A094
a2ce29c77ea69866ea29,36,#FBF7EE
a2ce29c77ea69866ea29,1, #413D3A
a2ce29c77ea69866ea29,32, #D5CCBB
a2ce29c77ea69866ea29,4, #6C6660
a2d6c0f94207a3b7097b,15, #7F7E72
a2d6c0f94207a3b7097b,39,#D0CEBF
a2d6c0f94207a3b7097b,3, #F4F3E6
a2d6c0f94207a3b7097b,14, #B2B0A2
a2d6c0f94207a3b7097b,3, #48483F
a2d6c0f94207a3b7097b,10, #9A998B
a2d6c0f94207a3b7097b,12, #66665A
a2d6e0040fa97c7f8fe3,12, #5F5A4E
a2d6e0040fa97c7f8fe3,52,#CEC7B3
a2d6e0040fa97c7f8fe3,11, #A69D88
a2d6e0040fa97c7f8fe3,0, #3F3321
a2d6e0040fa97c7f8fe3,9, #F2EDDE
a2d6e0040fa97c7f8fe3,0, #251B0C
a2d6e0040fa97c7f8fe3,13, #8A8270
a2e24714672961288687,38,#F4EFDA
a2e24714672961288687,43, #C2BBA8
a2e24714672961288687,10, #706A5E
a2e24714672961288687,0, #2C261E
a2e24714672961288687,5, #989283
a2e24714672961288687,0, #484338
a2e7f475e1a7450dad35,43, #DDD3C5
a2e7f475e1a7450dad35,21, #C0BDB5
a2e7f475e1a7450dad35,6, #7C7873
a2e7f475e1a7450dad35,15,#F5EADA
a2e7f475e1a7450dad35,11, #9E9B95
a2e7f475e1a7450dad35,1, #6B6057
a2e86a07195cbf551c37,12, #413323
a2e86a07195cbf551c37,2, #534430
a2e86a07195cbf551c37,62, #1F1308
a2e86a07195cbf551c37,0, #6D6453
a2e86a07195cbf551c37,0,#5D5543
a2e86a07195cbf551c37,22, #312415
a2ed8618822820ba5ad3,6, #8D6C5C
a2ed8618822820ba5ad3,43, #DFD7CA
a2ed8618822820ba5ad3,7, #C7AC98
a2ed8618822820ba5ad3,28,#F9F6F3
a2ed8618822820ba5ad3,4, #565246
a2ed8618822820ba5ad3,8, #AE8C79
a2f3ee98441755b9b35f,2, #736440
a2f3ee98441755b9b35f,83,#17130B
a2f3ee98441755b9b35f,1, #CEC398
a2f3ee98441755b9b35f,3, #C0AA74
a2f3ee98441755b9b35f,6, #45371E
a2f3ee98441755b9b35f,3, #A1864F
a30241216277a573e430,9,#F4F2E4
a30241216277a573e430,13, #5A5956
a30241216277a573e430,24, #7C7B77
a30241216277a573e430,20, #D5D3C6
a30241216277a573e430,22, #9B9C98
a30241216277a573e430,8, #B6B3A7
a3071b9b2c90871d36e8,14, #7C7A68
a3071b9b2c90871d36e8,13, #B1AD99
a3071b9b2c90871d36e8,14, #38392F
a3071b9b2c90871d36e8,9, #595849
a3071b9b2c90871d36e8,20, #DEDAC4
a3071b9b2c90871d36e8,28,#F9F9EE
a30bb4e15ead4ac0a8ee,58, #E1DED8
a30bb4e15ead4ac0a8ee,0,#FEFEFC
a30bb4e15ead4ac0a8ee,2, #C5C2BC
a30bb4e15ead4ac0a8ee,13, #4C4842
a30bb4e15ead4ac0a8ee,15, #9B9894
a30bb4e15ead4ac0a8ee,9, #716E65
a310881550a257c39f65,5, #939191
a310881550a257c39f65,5, #B4AFA7
a310881550a257c39f65,4, #DDD4BF
a310881550a257c39f65,44,#F9F7F3
a310881550a257c39f65,1, #27201A
a310881550a257c39f65,26, #514844
a310881550a257c39f65,11, #787272
a31179fcb9c3876cf6a5,16, #C6C1B1
a31179fcb9c3876cf6a5,11, #656054
a31179fcb9c3876cf6a5,15, #A49F91
a31179fcb9c3876cf6a5,10, #847E71
a31179fcb9c3876cf6a5,15, #3D3B32
a31179fcb9c3876cf6a5,20,#F7F4EA
a31179fcb9c3876cf6a5,10, #E1DCCC
a31422eb5c3b51462ab2,11, #55482A
a31422eb5c3b51462ab2,37,#C1BA93
a31422eb5c3b51462ab2,0, #D6CFA7
a31422eb5c3b51462ab2,18, #82744B
a31422eb5c3b51462ab2,3, #6D5C31
a31422eb5c3b51462ab2,8, #2F2613
a31422eb5c3b51462ab2,19, #A69259
a314c5b6bb49bfce837e,45, #362E20
a314c5b6bb49bfce837e,5, #827D5E
a314c5b6bb49bfce837e,11, #4A432E
a314c5b6bb49bfce837e,10, #5B563E
a314c5b6bb49bfce837e,8,#17150F
a314c5b6bb49bfce837e,19, #6C6549
a31613d557ccb9d01fa5,9, #A9A394
a31613d557ccb9d01fa5,2, #5B574D
a31613d557ccb9d01fa5,62, #F7F3E0
a31613d557ccb9d01fa5,6,#7F7B6F
a31613d557ccb9d01fa5,17, #D2CCBA
a31613d557ccb9d01fa5,0, #3E3B32
a316db9f7871e19987f0,3, #A9A478
a316db9f7871e19987f0,4, #635724
a316db9f7871e19987f0,4, #918455
a316db9f7871e19987f0,48,#131309
a316db9f7871e19987f0,4, #756E3E
a316db9f7871e19987f0,35, #403A22
a31aa0796ff5e19d131a,8, #9D9A8B
a31aa0796ff5e19d131a,31,#56514D
a31aa0796ff5e19d131a,10, #D3D5CB
a31aa0796ff5e19d131a,9, #793839
a31aa0796ff5e19d131a,17, #352A29
a31aa0796ff5e19d131a,9, #8E6C67
a31aa0796ff5e19d131a,12, #B6B5A3
a31d7c16b589d5464630,4, #5E5A4C
a31d7c16b589d5464630,66,#F5F1DB
a31d7c16b589d5464630,10, #878271
a31d7c16b589d5464630,7, #AFAA97
a31d7c16b589d5464630,1, #3B382F
a31d7c16b589d5464630,10, #D0CBB7
a3215d50ffb04d43ca23,4, #B8BBBE
a3215d50ffb04d43ca23,13, #9C9069
a3215d50ffb04d43ca23,21, #766C48
a3215d50ffb04d43ca23,26,#A2A4A7
a3215d50ffb04d43ca23,0, #82391A
a3215d50ffb04d43ca23,16, #171810
a3215d50ffb04d43ca23,16, #4A4122
a32beffe265f87be3d8b,3, #7D7253
a32beffe265f87be3d8b,62,#503723
a32beffe265f87be3d8b,16, #1F1911
a32beffe265f87be3d8b,12, #78502F
a32beffe265f87be3d8b,0, #C1AD6C
a32beffe265f87be3d8b,1, #A3884B
a32beffe265f87be3d8b,2, #565549
a330c06f59fe92fb55a0,6, #3C3E38
a330c06f59fe92fb55a0,21,#F6F4EC
a330c06f59fe92fb55a0,9, #5F6057
a330c06f59fe92fb55a0,13, #828278
a330c06f59fe92fb55a0,38, #D2CEC5
a330c06f59fe92fb55a0,9, #ADABA2
a333316e753563ec49f3,12, #7C7563
a333316e753563ec49f3,4, #B2AB8B
a333316e753563ec49f3,32,#5A574F
a333316e753563ec49f3,0, #FDFEF3
a333316e753563ec49f3,13, #98927B
a333316e753563ec49f3,14, #C5C0A3
a333316e753563ec49f3,21, #DFDDCC
a33b17ff02e8d43a2c60,14, #2E2420
a33b17ff02e8d43a2c60,40,#D1C7B4
a33b17ff02e8d43a2c60,11, #71655C
a33b17ff02e8d43a2c60,9, #9B8F81
a33b17ff02e8d43a2c60,6, #BBAE9D
a33b17ff02e8d43a2c60,8, #50443D
a33b17ff02e8d43a2c60,9, #ECE6D0
a3489dbcd5fc28c95b98,50, #F7F3E6
a3489dbcd5fc28c95b98,7,#DED4C0
a3489dbcd5fc28c95b98,10, #6E6760
a3489dbcd5fc28c95b98,6, #443F3B
a3489dbcd5fc28c95b98,12, #958F85
a3489dbcd5fc28c95b98,12, #BAB3A3
a353d026827a8789e7c6,13, #6A6459
a353d026827a8789e7c6,2, #292119
a353d026827a8789e7c6,0, #F0EFDB
a353d026827a8789e7c6,24,#DAD8C2
a353d026827a8789e7c6,18, #B6B2A0
a353d026827a8789e7c6,16, #8B8473
a353d026827a8789e7c6,22, #4F483D
a36282abec73fdf0b495,19, #87673E
a36282abec73fdf0b495,0, #DED5A3
a36282abec73fdf0b495,1, #ADA36E
a36282abec73fdf0b495,62,#221F11
a36282abec73fdf0b495,16, #474023
a36282abec73fdf0b495,0, #C8BE87
a370d332c5348ba3bbd7,1, #DDD29C
a370d332c5348ba3bbd7,50,#7A7868
a370d332c5348ba3bbd7,3, #BDB598
a370d332c5348ba3bbd7,6, #9B9273
a370d332c5348ba3bbd7,13, #60513D
a370d332c5348ba3bbd7,18, #E1E0D3
a370d332c5348ba3bbd7,5, #2F2F2F
a371816283eeb95ae394,5, #A09C98
a371816283eeb95ae394,12, #ECE8E5
a371816283eeb95ae394,66, #423E3D
a371816283eeb95ae394,4,#C4C0BB
a371816283eeb95ae394,2, #1D1B19
a371816283eeb95ae394,7, #706D69
a37410e1768488194342,0, #D2D4CB
a37410e1768488194342,0,#93968B
a37410e1768488194342,82, #332A2A
a37410e1768488194342,2, #B58A5F
a37410e1768488194342,1, #C6B89C
a37410e1768488194342,12, #6C6254
a37a59e87488a0c4050f,4,#1E1B14
a37a59e87488a0c4050f,9, #A18562
a37a59e87488a0c4050f,7, #B59675
a37a59e87488a0c4050f,12, #826E4D
a37a59e87488a0c4050f,38, #332D1E
a37a59e87488a0c4050f,27, #594C32
a39161f05dba5a54fc73,6, #ADA48C
a39161f05dba5a54fc73,4, #8E8775
a39161f05dba5a54fc73,82, #D4CDB6
a39161f05dba5a54fc73,2, #69614D
a39161f05dba5a54fc73,0, #3B3629
a39161f05dba5a54fc73,3,#F6F6EC
a3964859e617fb601743,23, #C1BAA9
a3964859e617fb601743,0, #484539
a3964859e617fb601743,2,#F7F1DD
a3964859e617fb601743,7, #676453
a3964859e617fb601743,12, #948F7F
a3964859e617fb601743,53, #E2DAC6
a39b72da6961ada5de19,14, #A7A197
a39b72da6961ada5de19,26,#F2E9D9
a39b72da6961ada5de19,1, #383733
a39b72da6961ada5de19,12, #837E75
a39b72da6961ada5de19,8, #67625C
a39b72da6961ada5de19,11, #504D48
a39b72da6961ada5de19,26, #D1C9BB
a39bb490263a3810b9b6,25, #D9C899
a39bb490263a3810b9b6,6,#0D0D0D
a39bb490263a3810b9b6,16, #5E4F37
a39bb490263a3810b9b6,31, #A38E61
a39bb490263a3810b9b6,13, #A07A3A
a39bb490263a3810b9b6,7, #3A3022
a3afb51df08ad17b7634,25, #49322A
a3afb51df08ad17b7634,9, #ACA378
a3afb51df08ad17b7634,14, #80795D
a3afb51df08ad17b7634,10, #E3E3E3
a3afb51df08ad17b7634,2, #BBBCBA
a3afb51df08ad17b7634,33,#0C0B0A
a3afb51df08ad17b7634,3, #D8CF85
a3b4bbd7cafa8da1040f,0, #3B3631
a3b4bbd7cafa8da1040f,5, #F0E6D4
a3b4bbd7cafa8da1040f,69,#DCCFBD
a3b4bbd7cafa8da1040f,6, #887E6D
a3b4bbd7cafa8da1040f,4, #A69C89
a3b4bbd7cafa8da1040f,12, #C1B196
a3b4bbd7cafa8da1040f,1, #5C564C
a3b81d584c27cd2d2cb9,25,#EFECDE
a3b81d584c27cd2d2cb9,17, #535044
a3b81d584c27cd2d2cb9,26, #C2BEAF
a3b81d584c27cd2d2cb9,4, #323129
a3b81d584c27cd2d2cb9,12, #7B7567
a3b81d584c27cd2d2cb9,13, #9A9587
a3bd337b87f37029bb69,57, #261911
a3bd337b87f37029bb69,0, #9E8556
a3bd337b87f37029bb69,0, #BFB5A7
a3bd337b87f37029bb69,34, #6E604B
a3bd337b87f37029bb69,2, #7E210E
a3bd337b87f37029bb69,3,#8A8E8B
a3bda0c510dcaff91761,10, #50462E
a3bda0c510dcaff91761,18, #D4C6A4
a3bda0c510dcaff91761,16, #EAE4CB
a3bda0c510dcaff91761,21,#B9AA83
a3bda0c510dcaff91761,12, #98907B
a3bda0c510dcaff91761,13, #74684C
a3bda0c510dcaff91761,6, #F9F8F0
a3c66ea2cfcd7116c306,8, #867659
a3c66ea2cfcd7116c306,20, #E9E5C7
a3c66ea2cfcd7116c306,13, #624F34
a3c66ea2cfcd7116c306,8, #9E9682
a3c66ea2cfcd7116c306,10, #371F0E
a3c66ea2cfcd7116c306,7, #FCFCF7
a3c66ea2cfcd7116c306,32,#CEC29A
a3c751dbccaf05460943,0,#CFB989
a3c751dbccaf05460943,33, #261F15
a3c751dbccaf05460943,32, #4E3C2B
a3c751dbccaf05460943,12, #AF9A6E
a3c751dbccaf05460943,14, #61533D
a3c751dbccaf05460943,6, #8B6F4E
a3cc9b8f4a2a8d6c7435,8, #898177
a3cc9b8f4a2a8d6c7435,34,#ABA295
a3cc9b8f4a2a8d6c7435,19, #68625A
a3cc9b8f4a2a8d6c7435,12, #413C37
a3cc9b8f4a2a8d6c7435,14, #CBC0B1
a3cc9b8f4a2a8d6c7435,10, #E3D7C8
a3cc9b8f4a2a8d6c7435,0, #FAF4EF
a3d60f9054488ea4c707,1, #8C8C85
a3d60f9054488ea4c707,0,#554F47
a3d60f9054488ea4c707,76, #F0E6D6
a3d60f9054488ea4c707,0, #746F66
a3d60f9054488ea4c707,5, #A6A398
a3d60f9054488ea4c707,16, #D1C4AF
a3da59e4c2fbf615b64b,6, #3A392A
a3da59e4c2fbf615b64b,16, #13130C
a3da59e4c2fbf615b64b,14, #66634E
a3da59e4c2fbf615b64b,10,#BFB597
a3da59e4c2fbf615b64b,23, #938E74
a3da59e4c2fbf615b64b,28, #F2E8CB
a3da5e560f62f456e8cc,9, #BEB7A3
a3da5e560f62f456e8cc,4, #757063
a3da5e560f62f456e8cc,2, #9B9687
a3da5e560f62f456e8cc,72, #E7E1CE
a3da5e560f62f456e8cc,0,#FEFEF7
a3da5e560f62f456e8cc,9, #45423B
a3dda428ee90663c3fdf,29,#DFDCC6
a3dda428ee90663c3fdf,12, #9C9988
a3dda428ee90663c3fdf,4, #34342D
a3dda428ee90663c3fdf,21, #7A7768
a3dda428ee90663c3fdf,14, #B6B3A0
a3dda428ee90663c3fdf,7, #F9F9F1
a3dda428ee90663c3fdf,8, #545248
a3e2586820dead8b1a8d,21, #8A887E
a3e2586820dead8b1a8d,3,#FAF9F2
a3e2586820dead8b1a8d,13, #E4E1D0
a3e2586820dead8b1a8d,27, #BAB7A9
a3e2586820dead8b1a8d,22, #605F58
a3e2586820dead8b1a8d,12, #33332F
a3e5581ef86f67654d35,8, #42423A
a3e5581ef86f67654d35,22, #6A695C
a3e5581ef86f67654d35,16, #8B887A
a3e5581ef86f67654d35,27, #B6B2A3
a3e5581ef86f67654d35,23, #DFDBCD
a3e5581ef86f67654d35,0,#FBF7E9
a3f139c47a8d07dc88ff,0, #423F32
a3f139c47a8d07dc88ff,3, #837E6C
a3f139c47a8d07dc88ff,3, #5E5B4B
a3f139c47a8d07dc88ff,5, #AAA592
a3f139c47a8d07dc88ff,85,#F2F0E5
a3f139c47a8d07dc88ff,1, #D3CEB6
a3f3797e5c2ec8f1d12f,52,#9F9A91
a3f3797e5c2ec8f1d12f,15, #B9B6AB
a3f3797e5c2ec8f1d12f,0, #CECDC6
a3f3797e5c2ec8f1d12f,6, #6D635B
a3f3797e5c2ec8f1d12f,12, #817A73
a3f3797e5c2ec8f1d12f,9, #574B41
a3f3797e5c2ec8f1d12f,3, #E8E8E6
a3f71c132f4286242732,12, #513E36
a3f71c132f4286242732,32,#C2BBAA
a3f71c132f4286242732,17, #E2DFD1
a3f71c132f4286242732,16, #9F958A
a3f71c132f4286242732,7, #85786D
a3f71c132f4286242732,13, #6B5D52
a3f71c132f4286242732,0, #3B281C
a3f88beb32a8598301ce,33, #211C11
a3f88beb32a8598301ce,1,#F3F3D2
a3f88beb32a8598301ce,9, #584A2A
a3f88beb32a8598301ce,5, #826F3A
a3f88beb32a8598301ce,42, #D4CFA6
a3f88beb32a8598301ce,6, #A8A06C
a40181c5441c336aa798,16, #ABA99B
a40181c5441c336aa798,15, #C5C3B3
a40181c5441c336aa798,1, #363833
a40181c5441c336aa798,11, #585951
a40181c5441c336aa798,26,#EAE7D5
a40181c5441c336aa798,28, #838377
a4060ffe099d383e2c7b,21, #9E9783
a4060ffe099d383e2c7b,6,#FBFAF2
a4060ffe099d383e2c7b,15, #736D5B
a4060ffe099d383e2c7b,18, #454137
a4060ffe099d383e2c7b,25, #E6DDC7
a4060ffe099d383e2c7b,12, #C4BBA5
a40f450649f55c355cfa,14, #7D8073
a40f450649f55c355cfa,2,#FDFDF7
a40f450649f55c355cfa,7, #9FA094
a40f450649f55c355cfa,52, #E4E3D8
a40f450649f55c355cfa,6, #4A4C44
a40f450649f55c355cfa,16, #BEBFB3
a41136e7f0b98d091bc9,0, #A6764A
a41136e7f0b98d091bc9,1, #BF9563
a41136e7f0b98d091bc9,9, #E2D9BF
a41136e7f0b98d091bc9,0, #8B5F3F
a41136e7f0b98d091bc9,0, #918E83
a41136e7f0b98d091bc9,84,#F7F6EB
a41136e7f0b98d091bc9,4, #BCAF95
a41c73ac3177270f9ba4,34, #B3AA7C
a41c73ac3177270f9ba4,7, #282419
a41c73ac3177270f9ba4,6, #867543
a41c73ac3177270f9ba4,8, #7A5E2A
a41c73ac3177270f9ba4,23,#9D9060
a41c73ac3177270f9ba4,19, #534123
a42189838ca6d58805f0,5, #B3ADA1
a42189838ca6d58805f0,5, #857F76
a42189838ca6d58805f0,3, #5E5A51
a42189838ca6d58805f0,0, #413D36
a42189838ca6d58805f0,75,#F8F5EB
a42189838ca6d58805f0,8, #DAD3C3
a42c8e975682a3635c4d,3, #939185
a42c8e975682a3635c4d,0, #CDC49E
a42c8e975682a3635c4d,20, #2A271C
a42c8e975682a3635c4d,0, #B0A886
a42c8e975682a3635c4d,41,#67503B
a42c8e975682a3635c4d,24, #797769
a42c8e975682a3635c4d,10, #52402D
a42ccdeb67146e9838cc,0, #D1BF77
a42ccdeb67146e9838cc,2, #B1954E
a42ccdeb67146e9838cc,6, #985E28
a42ccdeb67146e9838cc,29, #1F180D
a42ccdeb67146e9838cc,3, #F6F1C2
a42ccdeb67146e9838cc,4, #E2D796
a42ccdeb67146e9838cc,52,#6C3E16
a430b2ac6c6b8a1ff622,12, #E2D8C9
a430b2ac6c6b8a1ff622,4, #AFA797
a430b2ac6c6b8a1ff622,0, #585343
a430b2ac6c6b8a1ff622,73,#F8F0E3
a430b2ac6c6b8a1ff622,6, #CBC3B3
a430b2ac6c6b8a1ff622,0, #736D5D
a430b2ac6c6b8a1ff622,2, #8C8779
a432469ff001c0663f2b,4, #464438
a432469ff001c0663f2b,2,#FDFCF6
a432469ff001c0663f2b,8, #6F6C5C
a432469ff001c0663f2b,20, #BEBBAE
a432469ff001c0663f2b,14, #928F81
a432469ff001c0663f2b,49, #E6E2D9
a438702a45b063b005d9,0, #CABB96
a438702a45b063b005d9,29, #8C744B
a438702a45b063b005d9,44, #2D2018
a438702a45b063b005d9,9, #B09C6E
a438702a45b063b005d9,15, #694A22
a438702a45b063b005d9,0,#050503
a43e98b443ca6892bd1d,15, #686247
a43e98b443ca6892bd1d,14, #A39F82
a43e98b443ca6892bd1d,12, #8A8A5E
a43e98b443ca6892bd1d,28,#241F0F
a43e98b443ca6892bd1d,0, #884321
a43e98b443ca6892bd1d,7, #C5BB9E
a43e98b443ca6892bd1d,20, #4C4323
a44504c5cf13efe9d076,42, #A3947B
a44504c5cf13efe9d076,1,#0B0D10
a44504c5cf13efe9d076,21, #3B2C2B
a44504c5cf13efe9d076,8, #EDEEDC
a44504c5cf13efe9d076,18, #85633D
a44504c5cf13efe9d076,6, #D4D0BB
a44d3ed401ab9337afd0,3, #6C5E3D
a44d3ed401ab9337afd0,63, #BFBEA6
a44d3ed401ab9337afd0,17, #A39977
a44d3ed401ab9337afd0,1, #95A097
a44d3ed401ab9337afd0,0,#60675F
a44d3ed401ab9337afd0,14, #877A58
a45160c751fafc998143,48, #C9C0A9
a45160c751fafc998143,9, #4A483C
a45160c751fafc998143,2, #E7E2D1
a45160c751fafc998143,23, #9A937F
a45160c751fafc998143,15, #736E5C
a45160c751fafc998143,0,#FEFBE9
a4581d4f2e5d11b9e8fc,2, #A69371
a4581d4f2e5d11b9e8fc,1, #D8D7C3
a4581d4f2e5d11b9e8fc,29, #181716
a4581d4f2e5d11b9e8fc,4, #BDB69C
a4581d4f2e5d11b9e8fc,0, #EEEEDA
a4581d4f2e5d11b9e8fc,45,#3D392C
a4581d4f2e5d11b9e8fc,15, #6F644D
a459c2632fb5b9b6a569,2, #9D8E67
a459c2632fb5b9b6a569,83,#282515
a459c2632fb5b9b6a569,1, #827653
a459c2632fb5b9b6a569,3, #C1B082
a459c2632fb5b9b6a569,1, #E0D4A5
a459c2632fb5b9b6a569,7, #5D5031
a45b56b53c1c4ab0a796,0, #FCF9EE
a45b56b53c1c4ab0a796,17, #E2DCCA
a45b56b53c1c4ab0a796,9, #767367
a45b56b53c1c4ab0a796,22, #3A3932
a45b56b53c1c4ab0a796,22,#999487
a45b56b53c1c4ab0a796,21, #BEB8A9
a45b56b53c1c4ab0a796,6, #5B584F
a45c24d8fe81bc888537,2, #767068
a45c24d8fe81bc888537,2, #383633
a45c24d8fe81bc888537,13, #B9B2A4
a45c24d8fe81bc888537,35,#D7CFBF
a45c24d8fe81bc888537,32, #F8F5EA
a45c24d8fe81bc888537,9, #999286
a45c24d8fe81bc888537,3, #5A5650
a45ddabe1e908d3dbd7e,13, #989380
a45ddabe1e908d3dbd7e,18, #D4CFBA
a45ddabe1e908d3dbd7e,0, #FDFCF5
a45ddabe1e908d3dbd7e,21, #BAB399
a45ddabe1e908d3dbd7e,29,#5D5C56
a45ddabe1e908d3dbd7e,14, #7C7764
a45ddabe1e908d3dbd7e,2, #E8E6DD
a466881cc89da99275fe,42, #AA956F
a466881cc89da99275fe,18, #826849
a466881cc89da99275fe,8, #EFEFF0
a466881cc89da99275fe,10, #5F463B
a466881cc89da99275fe,3,#482723
a466881cc89da99275fe,15, #D9C99F
a46e5f5acb53d0986e95,15, #44423D
a46e5f5acb53d0986e95,7,#F5F2EB
a46e5f5acb53d0986e95,15, #979083
a46e5f5acb53d0986e95,19, #B2A999
a46e5f5acb53d0986e95,27, #6E6960
a46e5f5acb53d0986e95,14, #D4CCBC
a47607454447d205e99a,10, #7E756D
a47607454447d205e99a,25,#5B5049
a47607454447d205e99a,11, #F9F8F1
a47607454447d205e99a,16, #E0DECD
a47607454447d205e99a,11, #9C958C
a47607454447d205e99a,11, #C1BCAD
a47607454447d205e99a,13, #332A24
a47b0f8b70601fd48281,8, #A2A1A0
a47b0f8b70601fd48281,2, #746E60
a47b0f8b70601fd48281,20, #BEBEBE
a47b0f8b70601fd48281,7, #4D3D26
a47b0f8b70601fd48281,7, #605542
a47b0f8b70601fd48281,50,#1C1811
a47b0f8b70601fd48281,2, #928C77
a47c9a1670520cfd2f27,6, #9B7F4E
a47c9a1670520cfd2f27,37,#3B291A
a47c9a1670520cfd2f27,23, #AB9463
a47c9a1670520cfd2f27,4, #866839
a47c9a1670520cfd2f27,6, #1F1A12
a47c9a1670520cfd2f27,10, #533F26
a47c9a1670520cfd2f27,11, #635539
a482154db26bf51533e4,33, #9B9381
a482154db26bf51533e4,0, #FDFCF1
a482154db26bf51533e4,15, #EBE8DE
a482154db26bf51533e4,23, #CCC4A8
a482154db26bf51533e4,25, #B5AF9A
a482154db26bf51533e4,0,#2F3639
a484b15b18def78e0466,40,#1F1E15
a484b15b18def78e0466,16, #635F45
a484b15b18def78e0466,9, #A9976D
a484b15b18def78e0466,1, #D6C5A9
a484b15b18def78e0466,0, #B2AF9F
a484b15b18def78e0466,32, #50462B
a484bc0e53be3aa42e57,10, #625B4F
a484bc0e53be3aa42e57,74,#F0E6CB
a484bc0e53be3aa42e57,2, #B0A691
a484bc0e53be3aa42e57,1, #444038
a484bc0e53be3aa42e57,3, #7B7363
a484bc0e53be3aa42e57,2, #CEC3AA
a484bc0e53be3aa42e57,4, #968C79
a48b53377bcdb7842027,3, #B9B6A9
a48b53377bcdb7842027,19, #DCD7C4
a48b53377bcdb7842027,5, #737261
a48b53377bcdb7842027,6, #A19E91
a48b53377bcdb7842027,56,#F8F5EC
a48b53377bcdb7842027,4, #4A493B
a48b53377bcdb7842027,3, #898778
a493784f1477f430c4d1,1,#929186
a493784f1477f430c4d1,21, #524836
a493784f1477f430c4d1,26, #7C6F56
a493784f1477f430c4d1,37, #26201B
a493784f1477f430c4d1,6, #B6A98D
a493784f1477f430c4d1,6, #E6DCB6
a49a9d1c78b0e8deb705,3,#F1EDE0
a49a9d1c78b0e8deb705,5, #6D5D39
a49a9d1c78b0e8deb705,27, #CDC5AD
a49a9d1c78b0e8deb705,26, #B8AC8C
a49a9d1c78b0e8deb705,33, #958A6C
a49a9d1c78b0e8deb705,2, #392915
a4a05fd1df21f97ed163,3, #6F6459
a4a05fd1df21f97ed163,8, #53453C
a4a05fd1df21f97ed163,15, #30221C
a4a05fd1df21f97ed163,29, #D2CFC7
a4a05fd1df21f97ed163,4, #867F74
a4a05fd1df21f97ed163,38,#A9A598
a4a9612c676dd86fc943,18, #B2AA9A
a4a9612c676dd86fc943,15, #716960
a4a9612c676dd86fc943,12, #8D8579
a4a9612c676dd86fc943,7, #4F4740
a4a9612c676dd86fc943,38,#D9D0BE
a4a9612c676dd86fc943,0, #332B26
a4a9612c676dd86fc943,7, #FAF6E4
a4aa5aa662d144670bdc,2, #6C5824
a4aa5aa662d144670bdc,1, #937D55
a4aa5aa662d144670bdc,31, #272417
a4aa5aa662d144670bdc,1, #746A4D
a4aa5aa662d144670bdc,52,#0B0A08
a4aa5aa662d144670bdc,8, #443D26
a4aa5aa662d144670bdc,0, #575846
a4b0380b91aad4d68777,12, #75664E
a4b0380b91aad4d68777,7, #DFDCC7
a4b0380b91aad4d68777,1, #EEEDDA
a4b0380b91aad4d68777,49,#8D8169
a4b0380b91aad4d68777,13, #B6A789
a4b0380b91aad4d68777,7, #60523B
a4b0380b91aad4d68777,8, #CEC4A4
a4b0c429ceb3d279ee75,21,#F3F1E1
a4b0c429ceb3d279ee75,36, #ACA99C
a4b0c429ceb3d279ee75,7, #7F7C71
a4b0c429ceb3d279ee75,0, #3C392F
a4b0c429ceb3d279ee75,2, #59564B
a4b0c429ceb3d279ee75,31, #D7D5C5
a4bd06f8eb7f4d079ede,0, #453F37
a4bd06f8eb7f4d079ede,7, #A38D78
a4bd06f8eb7f4d079ede,1, #79634E
a4bd06f8eb7f4d079ede,20, #F4F0E1
a4bd06f8eb7f4d079ede,0, #2D2721
a4bd06f8eb7f4d079ede,1, #7C796E
a4bd06f8eb7f4d079ede,68,#CBC4B3
a4be86e26cf59b3b8149,1, #B4A478
a4be86e26cf59b3b8149,62,#1C1711
a4be86e26cf59b3b8149,8, #846D43
a4be86e26cf59b3b8149,0, #DEDDCB
a4be86e26cf59b3b8149,1, #C9C5AD
a4be86e26cf59b3b8149,1, #A38E60
a4be86e26cf59b3b8149,23, #483A24
a4bfedb7d25b11662e96,18, #5E4B2E
a4bfedb7d25b11662e96,2, #E4DFBC
a4bfedb7d25b11662e96,4, #B09874
a4bfedb7d25b11662e96,3, #CABE96
a4bfedb7d25b11662e96,66,#140F07
a4bfedb7d25b11662e96,0, #FDFDFB
a4bfedb7d25b11662e96,4, #8C7A58
a4c3051036be2fd65c6c,8, #76704A
a4c3051036be2fd65c6c,43,#94865A
a4c3051036be2fd65c6c,0, #503017
a4c3051036be2fd65c6c,10, #5D5331
a4c3051036be2fd65c6c,14, #403B25
a4c3051036be2fd65c6c,1, #9D9371
a4c3051036be2fd65c6c,22, #1A170E
a4e0d5798e624b60cae9,22,#120D08
a4e0d5798e624b60cae9,26, #562A13
a4e0d5798e624b60cae9,28, #804D29
a4e0d5798e624b60cae9,0, #D8CB9F
a4e0d5798e624b60cae9,21, #A78356
a4e0d5798e624b60cae9,0, #C4AD7E
a4e4aae91955752118df,45,#362F22
a4e4aae91955752118df,6, #A7A794
a4e4aae91955752118df,8, #8F7A4D
a4e4aae91955752118df,9, #77807D
a4e4aae91955752118df,23, #5B4B31
a4e4aae91955752118df,3, #C7B483
a4e4aae91955752118df,1, #A9966A
a4e7738dd6332e208e7e,14,#F1EFE7
a4e7738dd6332e208e7e,16, #939287
a4e7738dd6332e208e7e,10, #383933
a4e7738dd6332e208e7e,17, #67675D
a4e7738dd6332e208e7e,16, #C0B29A
a4e7738dd6332e208e7e,24, #CECBC1
a4ea2565bfa666e2d343,32, #A8B1B2
a4ea2565bfa666e2d343,23,#C9CDC9
a4ea2565bfa666e2d343,14, #767368
a4ea2565bfa666e2d343,3, #312017
a4ea2565bfa666e2d343,9, #55422D
a4ea2565bfa666e2d343,16, #94958D
a4f318ef4b628de13266,20, #8B8060
a4f318ef4b628de13266,28,#3D3624
a4f318ef4b628de13266,25, #151510
a4f318ef4b628de13266,4, #825338
a4f318ef4b628de13266,0, #D5D3BD
a4f318ef4b628de13266,19, #586056
a4f318ef4b628de13266,2, #B8A883
a4f4781529bb0fcac077,19, #CAB498
a4f4781529bb0fcac077,12, #9A968C
a4f4781529bb0fcac077,0,#FEFEED
a4f4781529bb0fcac077,31, #756E62
a4f4781529bb0fcac077,28, #E6DFCA
a4f4781529bb0fcac077,6, #40413D
a500bba1c6ae70edd604,6, #CFC9BD
a500bba1c6ae70edd604,2, #ADA89E
a500bba1c6ae70edd604,6, #625E54
a500bba1c6ae70edd604,4, #8B867C
a500bba1c6ae70edd604,2, #43413C
a500bba1c6ae70edd604,78,#F6F4F0
a50bfc7d590cbff94f86,21, #4C4A42
a50bfc7d590cbff94f86,38,#F1EBD8
a50bfc7d590cbff94f86,35, #6B685C
a50bfc7d590cbff94f86,0, #A49F91
a50bfc7d590cbff94f86,0, #C4BDAE
a50bfc7d590cbff94f86,3, #8D887C
a50d42c3508314527ea3,12, #BDB39D
a50d42c3508314527ea3,6,#FAF7ED
a50d42c3508314527ea3,28, #514D41
a50d42c3508314527ea3,23, #E1D7BF
a50d42c3508314527ea3,22, #807967
a50d42c3508314527ea3,7, #9F9887
a5111063603ba31a8181,2, #1C1912
a5111063603ba31a8181,15, #877C64
a5111063603ba31a8181,2, #AA9570
a5111063603ba31a8181,28,#726248
a5111063603ba31a8181,13, #352C1F
a5111063603ba31a8181,37, #594B2F
a51afc0748afcdd6abdc,21,#F2EADF
a51afc0748afcdd6abdc,8, #32302F
a51afc0748afcdd6abdc,27, #554F4D
a51afc0748afcdd6abdc,10, #C0B9B0
a51afc0748afcdd6abdc,13, #77716D
a51afc0748afcdd6abdc,17, #98928C
a51c1f8244049c29f968,20, #272522
a51c1f8244049c29f968,43,#D3CDC0
a51c1f8244049c29f968,7, #918876
a51c1f8244049c29f968,7, #7A6E55
a51c1f8244049c29f968,14, #B1A692
a51c1f8244049c29f968,4, #F6F3EC
a51c1f8244049c29f968,2, #534F49
a51de667213771b35470,0, #B48A59
a51de667213771b35470,80,#EFEBD6
a51de667213771b35470,2, #7E7969
a51de667213771b35470,7, #AA9E85
a51de667213771b35470,1, #585448
a51de667213771b35470,8, #D3C3A5
a51e0f7b0ebce57422e3,3, #6A6656
a51e0f7b0ebce57422e3,0, #4F4C3D
a51e0f7b0ebce57422e3,23, #F9F8F2
a51e0f7b0ebce57422e3,7, #D1CCB8
a51e0f7b0ebce57422e3,10, #B8AF98
a51e0f7b0ebce57422e3,8, #8E8876
a51e0f7b0ebce57422e3,45,#E5E1D0
a5248a03d5dea80825c5,23, #E2DFD1
a5248a03d5dea80825c5,2, #403E33
a5248a03d5dea80825c5,20, #656154
a5248a03d5dea80825c5,5, #F9F7EE
a5248a03d5dea80825c5,9, #CAC6B8
a5248a03d5dea80825c5,23,#ABA799
a5248a03d5dea80825c5,14, #8D887A
a5333ecac9143a953db6,23, #B8AE97
a5333ecac9143a953db6,29, #635F4E
a5333ecac9143a953db6,8, #303026
a5333ecac9143a953db6,16, #978E78
a5333ecac9143a953db6,2,#F6F3E7
a5333ecac9143a953db6,18, #DAD2BD
a539c580db27f546fcce,3, #B0A571
a539c580db27f546fcce,2, #8A8858
a539c580db27f546fcce,79,#1C1609
a539c580db27f546fcce,0, #D0B83A
a539c580db27f546fcce,5, #4D431A
a539c580db27f546fcce,6, #705C25
a539c580db27f546fcce,1, #AF942E
a549536dd9dcc007c7a3,29, #D9D5CA
a549536dd9dcc007c7a3,3,#F8F6F2
a549536dd9dcc007c7a3,16, #41433A
a549536dd9dcc007c7a3,13, #878679
a549536dd9dcc007c7a3,13, #66675B
a549536dd9dcc007c7a3,23, #B0ACA1
a54a8b3dbd8619ddbbf7,3, #786739
a54a8b3dbd8619ddbbf7,40, #482915
a54a8b3dbd8619ddbbf7,0, #BBB082
a54a8b3dbd8619ddbbf7,39,#1B140C
a54a8b3dbd8619ddbbf7,2, #A19063
a54a8b3dbd8619ddbbf7,14, #634C24
a54b34400b89dd5da4bc,11, #9D9985
a54b34400b89dd5da4bc,4, #CCC7B4
a54b34400b89dd5da4bc,57,#F4F1E2
a54b34400b89dd5da4bc,0, #433A2D
a54b34400b89dd5da4bc,0, #28190F
a54b34400b89dd5da4bc,25, #676659
a54d2d966ed1f8cea4c4,20, #B0ADA4
a54d2d966ed1f8cea4c4,4,#FAF9F4
a54d2d966ed1f8cea4c4,13, #383B30
a54d2d966ed1f8cea4c4,32, #E0DCCF
a54d2d966ed1f8cea4c4,13, #86877A
a54d2d966ed1f8cea4c4,16, #5E6253
a54edd868842f2f02cd5,0, #D7D2C7
a54edd868842f2f02cd5,0, #BDB7AD
a54edd868842f2f02cd5,32, #1F1C17
a54edd868842f2f02cd5,47, #A29A89
a54edd868842f2f02cd5,5,#F6F4ED
a54edd868842f2f02cd5,13, #766854
a5596762751e75153b7e,2, #494438
a5596762751e75153b7e,32, #DBD9C9
a5596762751e75153b7e,9, #777265
a5596762751e75153b7e,32, #BAB7A8
a5596762751e75153b7e,6,#F5F4E2
a5596762751e75153b7e,15, #969385
a55a1475709f59f1d9b0,47,#694C1F
a55a1475709f59f1d9b0,12, #7A5F38
a55a1475709f59f1d9b0,6, #98957B
a55a1475709f59f1d9b0,3, #24160A
a55a1475709f59f1d9b0,1, #968254
a55a1475709f59f1d9b0,15, #C0BA96
a55a1475709f59f1d9b0,12, #483216
a55afe1e7bfadeddc096,7, #9D9882
a55afe1e7bfadeddc096,29, #796844
a55afe1e7bfadeddc096,9, #BEBCA7
a55afe1e7bfadeddc096,4, #F4F2E5
a55afe1e7bfadeddc096,2, #DBD9C8
a55afe1e7bfadeddc096,5, #88806B
a55afe1e7bfadeddc096,40,#624822
a55da4d7502e21f853ad,31, #DBD5BE
a55da4d7502e21f853ad,14, #958669
a55da4d7502e21f853ad,0, #513D26
a55da4d7502e21f853ad,1, #69563C
a55da4d7502e21f853ad,52,#BEB49A
a55da4d7502e21f853ad,0, #1E170A
a55f5c373d5bc4a46c27,13, #868486
a55f5c373d5bc4a46c27,9,#B5B3B6
a55f5c373d5bc4a46c27,16, #141415
a55f5c373d5bc4a46c27,0, #C24E3C
a55f5c373d5bc4a46c27,32, #E7E6E6
a55f5c373d5bc4a46c27,27, #4B4A4A
a5624df76fafa6fbeb58,8, #5F6156
a5624df76fafa6fbeb58,9, #9F9C90
a5624df76fafa6fbeb58,38, #C6C2B5
a5624df76fafa6fbeb58,13,#F1EEE6
a5624df76fafa6fbeb58,12, #7F7E72
a5624df76fafa6fbeb58,17, #393B34
a572a2c4ba1f5e11582f,36, #2A2218
a572a2c4ba1f5e11582f,5,#927543
a572a2c4ba1f5e11582f,1, #B39E64
a572a2c4ba1f5e11582f,0, #E4D697
a572a2c4ba1f5e11582f,0, #D0BE7D
a572a2c4ba1f5e11582f,56, #61462A
a5771ff1934f550c53ee,36, #DED9C7
a5771ff1934f550c53ee,1, #514E40
a5771ff1934f550c53ee,47, #9A9686
a5771ff1934f550c53ee,4, #777464
a5771ff1934f550c53ee,8, #BDB8A6
a5771ff1934f550c53ee,1,#FCF8E3
a57d6ff78beaa43cd2f4,1, #9C8351
a57d6ff78beaa43cd2f4,0, #B1915C
a57d6ff78beaa43cd2f4,23, #544525
a57d6ff78beaa43cd2f4,2, #8D6E40
a57d6ff78beaa43cd2f4,68, #232115
a57d6ff78beaa43cd2f4,3,#735D37
a5808e2bf53d36832838,10, #39382F
a5808e2bf53d36832838,42, #B5AE96
a5808e2bf53d36832838,20, #837E6C
a5808e2bf53d36832838,12, #605D4E
a5808e2bf53d36832838,2,#FAF8EE
a5808e2bf53d36832838,11, #E5DDC2
a585e046bf4af5ec5309,0, #BE9763
a585e046bf4af5ec5309,51,#E8DCCA
a585e046bf4af5ec5309,4, #9D9481
a585e046bf4af5ec5309,0, #3E3A34
a585e046bf4af5ec5309,1, #635D53
a585e046bf4af5ec5309,8, #837C6E
a585e046bf4af5ec5309,34, #C0B094
a587512fa0772b69c632,0, #AFA862
a587512fa0772b69c632,29, #A4B1AF
a587512fa0772b69c632,2,#F8F6EE
a587512fa0772b69c632,18, #1C1E28
a587512fa0772b69c632,24, #4E525A
a587512fa0772b69c632,25, #6C8A97
a58d498961065470d792,9, #736E64
a58d498961065470d792,0, #3E3A32
a58d498961065470d792,22, #F9F6F0
a58d498961065470d792,30,#DCD5C7
a58d498961065470d792,2, #555047
a58d498961065470d792,20, #999389
a58d498961065470d792,14, #BDB7AD
a58e118e027ef9bf7f3e,2,#593920
a58e118e027ef9bf7f3e,14, #0B0B0A
a58e118e027ef9bf7f3e,1, #625738
a58e118e027ef9bf7f3e,77, #31241A
a58e118e027ef9bf7f3e,2, #857751
a58e118e027ef9bf7f3e,1, #A5905F
a592a665a8132ce2d35a,4, #C3BDAA
a592a665a8132ce2d35a,15, #494840
a592a665a8132ce2d35a,25,#69675B
a592a665a8132ce2d35a,5, #D9D4C1
a592a665a8132ce2d35a,5, #AAA798
a592a665a8132ce2d35a,20, #8B887A
a592a665a8132ce2d35a,24, #EFEAD9
a593cd0bee634bd06d2f,3, #222527
a593cd0bee634bd06d2f,43,#4C4532
a593cd0bee634bd06d2f,13, #C1B799
a593cd0bee634bd06d2f,9, #796A46
a593cd0bee634bd06d2f,24, #9D9883
a593cd0bee634bd06d2f,0, #71351D
a593cd0bee634bd06d2f,4, #938055
a59781b1d4d87bb637fa,0, #A9925E
a59781b1d4d87bb637fa,8, #7A582F
a59781b1d4d87bb637fa,87, #46331C
a59781b1d4d87bb637fa,1, #907846
a59781b1d4d87bb637fa,2,#19160C
a59781b1d4d87bb637fa,0, #5B5348
a59fc25dcdefae21a76d,0, #927D42
a59fc25dcdefae21a76d,43, #593D20
a59fc25dcdefae21a76d,14,#201C12
a59fc25dcdefae21a76d,0, #7C715F
a59fc25dcdefae21a76d,2, #7A6537
a59fc25dcdefae21a76d,39, #3D2F19
a5a27529a94433eed0aa,7, #908573
a5a27529a94433eed0aa,3, #796E61
a5a27529a94433eed0aa,2, #3B302B
a5a27529a94433eed0aa,12, #A79C89
a5a27529a94433eed0aa,31, #C6BEA7
a5a27529a94433eed0aa,5, #5B4F46
a5a27529a94433eed0aa,37,#E8DEC5
a5aad74a3765a59f0dde,9,#F2E6C9
a5aad74a3765a59f0dde,11, #968D76
a5aad74a3765a59f0dde,14, #B6AB92
a5aad74a3765a59f0dde,49, #D8CCB1
a5aad74a3765a59f0dde,13, #726B57
a5aad74a3765a59f0dde,1, #474336
a5b1df40c2cc77ffc91c,5, #4C5843
a5b1df40c2cc77ffc91c,4, #6A7557
a5b1df40c2cc77ffc91c,35,#663C26
a5b1df40c2cc77ffc91c,18, #7A653B
a5b1df40c2cc77ffc91c,9, #9B814F
a5b1df40c2cc77ffc91c,20, #2F2A1D
a5b1df40c2cc77ffc91c,5, #BAA774
a5b35ae1a6a72d8cc855,8,#EBE6CE
a5b35ae1a6a72d8cc855,24, #D3CBB1
a5b35ae1a6a72d8cc855,9, #998F78
a5b35ae1a6a72d8cc855,20, #B6AD94
a5b35ae1a6a72d8cc855,20, #635648
a5b35ae1a6a72d8cc855,15, #837865
a5b3ada09f71b8bebd2c,2, #9D8657
a5b3ada09f71b8bebd2c,1, #AF9667
a5b3ada09f71b8bebd2c,2, #8D774C
a5b3ada09f71b8bebd2c,3, #7A6642
a5b3ada09f71b8bebd2c,29, #5A4B33
a5b3ada09f71b8bebd2c,14, #231F11
a5b3ada09f71b8bebd2c,45,#442F1D
a5b73d7b83d43d8a07be,51, #D1C8AF
a5b73d7b83d43d8a07be,10,#F2ECDA
a5b73d7b83d43d8a07be,12, #908171
a5b73d7b83d43d8a07be,5, #25120C
a5b73d7b83d43d8a07be,10, #B1A58E
a5b73d7b83d43d8a07be,9, #604D43
a5b912a78b7f0e40a369,9, #9C8E6E
a5b912a78b7f0e40a369,16, #04080E
a5b912a78b7f0e40a369,0, #CDC7AE
a5b912a78b7f0e40a369,20, #5D493E
a5b912a78b7f0e40a369,3, #B5A88B
a5b912a78b7f0e40a369,39,#352623
a5b912a78b7f0e40a369,9, #7B6F59
a5c25fcab622a56cac3c,12, #4B4A41
a5c25fcab622a56cac3c,18, #939083
a5c25fcab622a56cac3c,10, #E6E2D1
a5c25fcab622a56cac3c,32, #767468
a5c25fcab622a56cac3c,24, #BDBAAC
a5c25fcab622a56cac3c,1,#FAF9F3
a5d21ea86e3718050685,10, #7E724D
a5d21ea86e3718050685,8, #B2A683
a5d21ea86e3718050685,12, #CDC9B6
a5d21ea86e3718050685,15, #978B67
a5d21ea86e3718050685,34,#574D31
a5d21ea86e3718050685,14, #212017
a5d21ea86e3718050685,4, #F7F5DF
a5d69bbdefe06f92d5ce,9, #9F9E8F
a5d69bbdefe06f92d5ce,12, #505147
a5d69bbdefe06f92d5ce,5, #7A7A6A
a5d69bbdefe06f92d5ce,4, #C8C5B4
a5d69bbdefe06f92d5ce,7,#FBFAF4
a5d69bbdefe06f92d5ce,60, #E5E2D2
a5ec0e2afbd6a1560162,2, #3F4040
a5ec0e2afbd6a1560162,6, #9A9B9B
a5ec0e2afbd6a1560162,4, #5A5B5B
a5ec0e2afbd6a1560162,7, #E8E9E4
a5ec0e2afbd6a1560162,69, #BCC2C2
a5ec0e2afbd6a1560162,9,#7C7D7D
a5f1dd854f69733fc905,23, #928957
a5f1dd854f69733fc905,0, #2F2C19
a5f1dd854f69733fc905,30,#A9A179
a5f1dd854f69733fc905,8, #7F7545
a5f1dd854f69733fc905,3, #BFB793
a5f1dd854f69733fc905,23, #696034
a5f1dd854f69733fc905,8, #494221
a5f8cb118c001d40757f,1, #29281F
a5f8cb118c001d40757f,20, #7D7B6C
a5f8cb118c001d40757f,20, #D9D7C5
a5f8cb118c001d40757f,13, #A3A191
a5f8cb118c001d40757f,13, #4C4B3E
a5f8cb118c001d40757f,8, #BEBBAB
a5f8cb118c001d40757f,21,#F5F1E1
a5fa5e527380caaada1f,8, #918E82
a5fa5e527380caaada1f,43,#F4F1ED
a5fa5e527380caaada1f,3, #525146
a5fa5e527380caaada1f,10, #CEC8BD
a5fa5e527380caaada1f,18, #747265
a5fa5e527380caaada1f,15, #AEA99D
a5fbec28e60b17210c61,0,#FEFDF5
a5fbec28e60b17210c61,10, #BCB6A2
a5fbec28e60b17210c61,8, #22231D
a5fbec28e60b17210c61,32, #5A584A
a5fbec28e60b17210c61,32, #E1DBCA
a5fbec28e60b17210c61,14, #979281
a5fc3115e4f3fbfb2274,21, #4E4D48
a5fc3115e4f3fbfb2274,7, #838278
a5fc3115e4f3fbfb2274,28, #F6F4E2
a5fc3115e4f3fbfb2274,9, #A19E8F
a5fc3115e4f3fbfb2274,14, #6A6961
a5fc3115e4f3fbfb2274,18,#C9C7B2
a5fef084d40e205ac1e2,0, #CFCAA9
a5fef084d40e205ac1e2,90, #202928
a5fef084d40e205ac1e2,1, #BAA573
a5fef084d40e205ac1e2,7,#635B3E
a5fef084d40e205ac1e2,0, #901811
a5fef084d40e205ac1e2,1, #9D7426
a60350075abe941cc79d,12, #7D7A6D
a60350075abe941cc79d,6, #58574B
a60350075abe941cc79d,30, #BEBAAB
a60350075abe941cc79d,7, #9C988A
a60350075abe941cc79d,42,#F2ECD9
a60350075abe941cc79d,1, #39382F
a609d51ed7650b0ba864,15, #7D7967
a609d51ed7650b0ba864,14, #393A31
a609d51ed7650b0ba864,8, #C4BBA2
a609d51ed7650b0ba864,13, #A69E88
a609d51ed7650b0ba864,7, #5C5B4D
a609d51ed7650b0ba864,39,#EBDFC0
a618dbb841061a7f31c4,1, #B29158
a618dbb841061a7f31c4,6, #8F8270
a618dbb841061a7f31c4,12, #C9BC9A
a618dbb841061a7f31c4,11, #211A14
a618dbb841061a7f31c4,45,#584A38
a618dbb841061a7f31c4,10, #7B6F5B
a618dbb841061a7f31c4,13, #A99D83
a620b422d5f1b90150c7,22, #605234
a620b422d5f1b90150c7,0, #C3B57D
a620b422d5f1b90150c7,41,#543C27
a620b422d5f1b90150c7,0, #B6A464
a620b422d5f1b90150c7,21, #2F2A21
a620b422d5f1b90150c7,5, #9E874D
a620b422d5f1b90150c7,8, #7F6A3B
a62be6b34e792400b62a,6, #43413B
a62be6b34e792400b62a,36,#F4F3EF
a62be6b34e792400b62a,26, #CECBC0
a62be6b34e792400b62a,16, #838179
a62be6b34e792400b62a,4, #615E57
a62be6b34e792400b62a,11, #A8A59C
a638537b4385145dd89d,33,#231C2E
a638537b4385145dd89d,8, #A39177
a638537b4385145dd89d,13, #8D7456
a638537b4385145dd89d,0, #DAD5D1
a638537b4385145dd89d,27, #52474C
a638537b4385145dd89d,7, #7F5236
a638537b4385145dd89d,9, #C2B5A2
a63ae74c2cf77536e566,10, #E2DCCA
a63ae74c2cf77536e566,0, #FCFAEE
a63ae74c2cf77536e566,23, #3B3A35
a63ae74c2cf77536e566,12, #65635C
a63ae74c2cf77536e566,10,#89857D
a63ae74c2cf77536e566,42, #B8B1A1
a63b3a9633863dda48ec,6, #2A2820
a63b3a9633863dda48ec,24, #CDBE9D
a63b3a9633863dda48ec,24,#F4F1E7
a63b3a9633863dda48ec,19, #7C7766
a63b3a9633863dda48ec,11, #A59D89
a63b3a9633863dda48ec,14, #514F41
a64bb104cadd790ac503,49,#2D2B2A
a64bb104cadd790ac503,7, #B2AE9F
a64bb104cadd790ac503,5, #624E3C
a64bb104cadd790ac503,3, #817461
a64bb104cadd790ac503,29, #0A0B0B
a64bb104cadd790ac503,5, #998D7B
a64be0388af58e5759a5,50, #827256
a64be0388af58e5759a5,12, #A0967F
a64be0388af58e5759a5,31, #625444
a64be0388af58e5759a5,2, #E2DBC7
a64be0388af58e5759a5,1,#CBBC9E
a64be0388af58e5759a5,2, #FBF9F0
a64f9d532a04883a5dd4,8, #CBBC8E
a64f9d532a04883a5dd4,59,#58492A
a64f9d532a04883a5dd4,4, #B49246
a64f9d532a04883a5dd4,10, #A1987C
a64f9d532a04883a5dd4,13, #1D180D
a64f9d532a04883a5dd4,0, #F7F1D0
a64f9d532a04883a5dd4,2, #7D7A6A
a64fe5cc8a23ec7a2f3c,5, #A9A190
a64fe5cc8a23ec7a2f3c,7,#D1C5AC
a64fe5cc8a23ec7a2f3c,38, #EDEAE1
a64fe5cc8a23ec7a2f3c,9, #211913
a64fe5cc8a23ec7a2f3c,24, #413933
a64fe5cc8a23ec7a2f3c,14, #726E68
a6544dd936805c90bdb6,7, #3D4039
a6544dd936805c90bdb6,14, #96978C
a6544dd936805c90bdb6,13, #D7D6CA
a6544dd936805c90bdb6,16, #B2B3A9
a6544dd936805c90bdb6,28, #6C7064
a6544dd936805c90bdb6,20,#F6F3E7
a6596463efbe629e700d,24, #716967
a6596463efbe629e700d,12, #8F8884
a6596463efbe629e700d,22, #45403F
a6596463efbe629e700d,24,#F2EAE1
a6596463efbe629e700d,11, #A8A29C
a6596463efbe629e700d,4, #C6BFB8
a65fc8353c46692c6c04,13, #797466
a65fc8353c46692c6c04,9, #BAB6A4
a65fc8353c46692c6c04,8, #4B473D
a65fc8353c46692c6c04,10,#FBFAF5
a65fc8353c46692c6c04,6, #9F9B8B
a65fc8353c46692c6c04,51, #E1DDCB
a66420e8bed79da57f29,8, #D4CBB6
a66420e8bed79da57f29,4, #ACA08F
a66420e8bed79da57f29,2, #847E74
a66420e8bed79da57f29,0, #735F52
a66420e8bed79da57f29,0, #3E3C38
a66420e8bed79da57f29,0, #AB7B63
a66420e8bed79da57f29,82,#F1EBD9
a664a14e9b9e44d9e6c6,6, #3B3F34
a664a14e9b9e44d9e6c6,22, #9B9E8D
a664a14e9b9e44d9e6c6,3, #252722
a664a14e9b9e44d9e6c6,44,#7F8574
a664a14e9b9e44d9e6c6,7, #525746
a664a14e9b9e44d9e6c6,0, #B3B19D
a664a14e9b9e44d9e6c6,15, #646A5B
a66b76ceac8c7edc838e,10, #BDBDA5
a66b76ceac8c7edc838e,11, #79765B
a66b76ceac8c7edc838e,46,#98997D
a66b76ceac8c7edc838e,0, #97834C
a66b76ceac8c7edc838e,5, #473E26
a66b76ceac8c7edc838e,7, #292315
a66b76ceac8c7edc838e,17, #635A3D
a66d6ad0cd1cd4fea840,1, #CCBEA1
a66d6ad0cd1cd4fea840,1, #B0A186
a66d6ad0cd1cd4fea840,10, #F0E8CD
a66d6ad0cd1cd4fea840,7, #73644E
a66d6ad0cd1cd4fea840,2,#948770
a66d6ad0cd1cd4fea840,77, #514839
a66eba3995f5e1ce9732,11, #5B524A
a66eba3995f5e1ce9732,14, #B8B2A1
a66eba3995f5e1ce9732,35,#39322B
a66eba3995f5e1ce9732,10, #F9F7ED
a66eba3995f5e1ce9732,6, #DBD6C1
a66eba3995f5e1ce9732,6, #948E82
a66eba3995f5e1ce9732,14, #766E64
a678084ca11f896baf66,14, #827D6F
a678084ca11f896baf66,55, #EBE7D6
a678084ca11f896baf66,12, #BDB7A8
a678084ca11f896baf66,1, #403D36
a678084ca11f896baf66,8,#9E998C
a678084ca11f896baf66,9, #5E5A4E
a67c6c74e7684482dc5c,72, #F8F7EF
a67c6c74e7684482dc5c,0, #424032
a67c6c74e7684482dc5c,1, #5F5C4F
a67c6c74e7684482dc5c,15, #DBD2BC
a67c6c74e7684482dc5c,2,#817B6A
a67c6c74e7684482dc5c,7, #A69F8D
a68b21bf5e0b2c88d8d2,38, #504529
a68b21bf5e0b2c88d8d2,4, #6D6247
a68b21bf5e0b2c88d8d2,2, #B7A176
a68b21bf5e0b2c88d8d2,1, #8B7F63
a68b21bf5e0b2c88d8d2,45,#221F12
a68b21bf5e0b2c88d8d2,6, #DBCDA3
a69291d7314a99dfbee6,13, #BFB78A
a69291d7314a99dfbee6,4, #8E917B
a69291d7314a99dfbee6,34, #60543B
a69291d7314a99dfbee6,24,#312E23
a69291d7314a99dfbee6,2, #D6D2AA
a69291d7314a99dfbee6,20, #906F4C
a69b509153d1bedd3e80,8, #FBF7E9
a69b509153d1bedd3e80,11, #9F988B
a69b509153d1bedd3e80,3, #5E5650
a69b509153d1bedd3e80,5, #7E766C
a69b509153d1bedd3e80,57,#E2DAC7
a69b509153d1bedd3e80,1, #3E3936
a69b509153d1bedd3e80,12, #C6BEAD
a6a3f85ce206f36502fe,11, #6C6A5C
a6a3f85ce206f36502fe,21, #444439
a6a3f85ce206f36502fe,14, #C4BEAB
a6a3f85ce206f36502fe,10,#868374
a6a3f85ce206f36502fe,7, #AAA694
a6a3f85ce206f36502fe,33, #EBE5D0
a6ad4f7bd8f5eb47c527,6, #7D5B22
a6ad4f7bd8f5eb47c527,33, #211C0E
a6ad4f7bd8f5eb47c527,5, #8B7241
a6ad4f7bd8f5eb47c527,1, #BAA064
a6ad4f7bd8f5eb47c527,3, #A68A50
a6ad4f7bd8f5eb47c527,49,#503E21
a6ad4f7bd8f5eb47c527,0, #A17820
a6b46e0634ab7f5cf8c3,13, #D4CEBF
a6b46e0634ab7f5cf8c3,17,#F0EDE3
a6b46e0634ab7f5cf8c3,2, #33312B
a6b46e0634ab7f5cf8c3,27, #575349
a6b46e0634ab7f5cf8c3,19, #8D8779
a6b46e0634ab7f5cf8c3,19, #B7B0A0
a6b5ae1ca5aaa1922c2d,70,#423222
a6b5ae1ca5aaa1922c2d,1, #BFAF82
a6b5ae1ca5aaa1922c2d,0, #4C5A52
a6b5ae1ca5aaa1922c2d,8, #79613A
a6b5ae1ca5aaa1922c2d,5, #9F8F65
a6b5ae1ca5aaa1922c2d,0, #6A7A79
a6b5ae1ca5aaa1922c2d,13, #1A1510
a6d4b88efaf4cd854e4c,19, #8C7A66
a6d4b88efaf4cd854e4c,20, #5D4832
a6d4b88efaf4cd854e4c,8, #CFC7BE
a6d4b88efaf4cd854e4c,6, #AE9F93
a6d4b88efaf4cd854e4c,43, #2B110D
a6d4b88efaf4cd854e4c,0,#EFE9DE
a6d4c97f796f7913270a,8, #2C2A26
a6d4c97f796f7913270a,9, #CFCABC
a6d4c97f796f7913270a,40, #5A5750
a6d4c97f796f7913270a,9,#F3F0E7
a6d4c97f796f7913270a,21, #8C877E
a6d4c97f796f7913270a,9, #B3AEA2
a6d5cce7dbfd327a3b5a,7, #766E5A
a6d5cce7dbfd327a3b5a,36,#CEC6AA
a6d5cce7dbfd327a3b5a,9, #B9AE92
a6d5cce7dbfd327a3b5a,5, #F3F4F1
a6d5cce7dbfd327a3b5a,0, #504D45
a6d5cce7dbfd327a3b5a,31, #9D957C
a6d5cce7dbfd327a3b5a,8, #DDDBCF
a6db4ea669d1d3bea539,7,#F7F7F3
a6db4ea669d1d3bea539,4, #453A30
a6db4ea669d1d3bea539,18, #B7AD92
a6db4ea669d1d3bea539,13, #625749
a6db4ea669d1d3bea539,31, #D7D3C0
a6db4ea669d1d3bea539,24, #877F6F
a6e2e696c267b49ce77c,29, #A89D86
a6e2e696c267b49ce77c,27, #76664E
a6e2e696c267b49ce77c,10, #C6BCA0
a6e2e696c267b49ce77c,7, #DFD9C4
a6e2e696c267b49ce77c,2,#FAF8F0
a6e2e696c267b49ce77c,22, #897B62
a6ee409bc17d9ef8fa26,6, #17120B
a6ee409bc17d9ef8fa26,34,#604F33
a6ee409bc17d9ef8fa26,6, #7B6A4C
a6ee409bc17d9ef8fa26,2, #C2B784
a6ee409bc17d9ef8fa26,8, #A38C54
a6ee409bc17d9ef8fa26,42, #3C2F1B
a6ef71708c635851fabe,4, #786F46
a6ef71708c635851fabe,9, #675E33
a6ef71708c635851fabe,7, #554A26
a6ef71708c635851fabe,5, #9C8C5B
a6ef71708c635851fabe,0, #B9AF7F
a6ef71708c635851fabe,12, #181209
a6ef71708c635851fabe,60,#39341C
a6f41584178a0c028d6a,16, #69665D
a6f41584178a0c028d6a,10, #B2ADA1
a6f41584178a0c028d6a,16, #E4DFD4
a6f41584178a0c028d6a,15, #959186
a6f41584178a0c028d6a,9, #3C3B34
a6f41584178a0c028d6a,24,#CCC7B9
a6f41584178a0c028d6a,7, #F8F7F4
a6fb704bb34227b50a3f,13, #CDCCC4
a6fb704bb34227b50a3f,4, #F4F4EF
a6fb704bb34227b50a3f,62,#4A4A45
a6fb704bb34227b50a3f,6, #22211D
a6fb704bb34227b50a3f,4, #86857E
a6fb704bb34227b50a3f,3, #696962
a6fb704bb34227b50a3f,4, #A7A69E
a6ff0671e07e89bdc1c1,70, #453C2E
a6ff0671e07e89bdc1c1,2, #C7A77A
a6ff0671e07e89bdc1c1,1, #E2D1A6
a6ff0671e07e89bdc1c1,1, #9D8157
a6ff0671e07e89bdc1c1,17,#1B1713
a6ff0671e07e89bdc1c1,7, #786344
a7033710a98e820ee500,2, #6B3D20
a7033710a98e820ee500,0, #A75429
a7033710a98e820ee500,5, #B7AF95
a7033710a98e820ee500,1, #F0EEDB
a7033710a98e820ee500,6, #98815C
a7033710a98e820ee500,6, #4C5C51
a7033710a98e820ee500,76,#28291C
a7034e764e9c00c0a7e5,0, #C5C5B5
a7034e764e9c00c0a7e5,3, #847550
a7034e764e9c00c0a7e5,1, #AB9C6D
a7034e764e9c00c0a7e5,1, #555A55
a7034e764e9c00c0a7e5,1, #AFAE9C
a7034e764e9c00c0a7e5,14, #18160E
a7034e764e9c00c0a7e5,77,#4B3B29
a70508ac72ce7bae9c79,13, #726C5F
a70508ac72ce7bae9c79,2, #504A40
a70508ac72ce7bae9c79,24, #90897B
a70508ac72ce7bae9c79,35, #DFD7C8
a70508ac72ce7bae9c79,23, #BEB7A7
a70508ac72ce7bae9c79,0,#FDF5E5
a70af4e62c782928e31d,26,#91835C
a70af4e62c782928e31d,7, #EDDFB6
a70af4e62c782928e31d,21, #503D35
a70af4e62c782928e31d,2, #BB9E56
a70af4e62c782928e31d,16, #1A1B20
a70af4e62c782928e31d,12, #676A59
a70af4e62c782928e31d,13, #CABA83
a70b3cb2332c24a5dd57,25, #14181A
a70b3cb2332c24a5dd57,2, #E4CBA8
a70b3cb2332c24a5dd57,1, #C6A385
a70b3cb2332c24a5dd57,18, #9F8A6C
a70b3cb2332c24a5dd57,8, #816149
a70b3cb2332c24a5dd57,0, #772E27
a70b3cb2332c24a5dd57,41,#453E2F
a70f5d990aa8476042f0,8, #88847B
a70f5d990aa8476042f0,10, #32322C
a70f5d990aa8476042f0,32, #5F5D55
a70f5d990aa8476042f0,10, #A8A299
a70f5d990aa8476042f0,27,#F3F0E8
a70f5d990aa8476042f0,11, #CBC5BB
a7144259c90ed58156d7,0, #AC9775
a7144259c90ed58156d7,2, #80754F
a7144259c90ed58156d7,32, #312B11
a7144259c90ed58156d7,8, #4E3E19
a7144259c90ed58156d7,3, #635838
a7144259c90ed58156d7,0, #958765
a7144259c90ed58156d7,51,#1B1306
a715b7619c76296ea0b6,30, #F8F9F5
a715b7619c76296ea0b6,4, #B1AC9D
a715b7619c76296ea0b6,45,#E8E7D9
a715b7619c76296ea0b6,3, #56544A
a715b7619c76296ea0b6,7, #D0CBB9
a715b7619c76296ea0b6,3, #747266
a715b7619c76296ea0b6,4, #918F84
a7197bb5fccd2bd0379a,26, #D9D5C8
a7197bb5fccd2bd0379a,4, #807D70
a7197bb5fccd2bd0379a,6, #43423B
a7197bb5fccd2bd0379a,39,#F6F3E8
a7197bb5fccd2bd0379a,7, #BAB7A9
a7197bb5fccd2bd0379a,5, #A3A093
a7197bb5fccd2bd0379a,9, #5B594E
a71a83e02bfa78459e8c,0, #F4D95D
a71a83e02bfa78459e8c,26, #655640
a71a83e02bfa78459e8c,6, #877653
a71a83e02bfa78459e8c,0, #A8A295
a71a83e02bfa78459e8c,10, #100F0C
a71a83e02bfa78459e8c,50,#372B1C
a71a83e02bfa78459e8c,5, #BC9F59
a71c90ee584b145cba77,17, #929491
a71c90ee584b145cba77,8, #474540
a71c90ee584b145cba77,20, #B2B8B9
a71c90ee584b145cba77,2,#D0D5D4
a71c90ee584b145cba77,29, #6B6A66
a71c90ee584b145cba77,21, #E9EBE8
a71dcbb6c64521f7deb3,1,#FCF8E3
a71dcbb6c64521f7deb3,15, #898879
a71dcbb6c64521f7deb3,26, #616155
a71dcbb6c64521f7deb3,6, #3A3A32
a71dcbb6c64521f7deb3,12, #AEAC9A
a71dcbb6c64521f7deb3,36, #D7D4C0
a722dc632eebb2d7b945,64, #13100D
a722dc632eebb2d7b945,8, #6D5828
a722dc632eebb2d7b945,16, #897F56
a722dc632eebb2d7b945,8, #3C3018
a722dc632eebb2d7b945,1, #BEB590
a722dc632eebb2d7b945,0,#C5AC32
a7243a8fcbf13a466350,7, #8A877B
a7243a8fcbf13a466350,0, #B7B19E
a7243a8fcbf13a466350,4, #DBD2B7
a7243a8fcbf13a466350,27, #4F4E48
a7243a8fcbf13a466350,40,#F4F1E4
a7243a8fcbf13a466350,18, #6B685E
a72ac5a1917ec6cfe9d7,3, #4D4839
a72ac5a1917ec6cfe9d7,2, #A08B6B
a72ac5a1917ec6cfe9d7,0, #B1B1A7
a72ac5a1917ec6cfe9d7,34, #302E26
a72ac5a1917ec6cfe9d7,0, #9E9D90
a72ac5a1917ec6cfe9d7,58,#111110
a72ac5a1917ec6cfe9d7,2, #6F6757
a72dae715c8abb5f2f9c,0, #722A16
a72dae715c8abb5f2f9c,5, #908877
a72dae715c8abb5f2f9c,14, #6C6050
a72dae715c8abb5f2f9c,46,#1F110B
a72dae715c8abb5f2f9c,27, #473426
a72dae715c8abb5f2f9c,2, #C9C5B6
a72dae715c8abb5f2f9c,3, #ABA698
a7340c1d184637a46e58,5, #7B6344
a7340c1d184637a46e58,10, #95876C
a7340c1d184637a46e58,10, #B8A882
a7340c1d184637a46e58,5,#F4F2E3
a7340c1d184637a46e58,3, #563B25
a7340c1d184637a46e58,64, #D6CBA9
a73d6fb28ef6b80c8dad,3, #F4F4F4
a73d6fb28ef6b80c8dad,15,#747474
a73d6fb28ef6b80c8dad,1, #131313
a73d6fb28ef6b80c8dad,21, #9D9D9D
a73d6fb28ef6b80c8dad,47, #C7C7C7
a73d6fb28ef6b80c8dad,9, #434343
a740b8b923c23ad28dc6,19, #565349
a740b8b923c23ad28dc6,15, #B1AB9C
a740b8b923c23ad28dc6,14, #746E62
a740b8b923c23ad28dc6,14, #E1DECF
a740b8b923c23ad28dc6,5, #FAF9F6
a740b8b923c23ad28dc6,23,#938E82
a740b8b923c23ad28dc6,6, #C6C1B1
a7437c7972c73f001965,26, #E0D6B8
a7437c7972c73f001965,6,#FAF6E8
a7437c7972c73f001965,27, #605B4D
a7437c7972c73f001965,1, #C0B89F
a7437c7972c73f001965,27, #86806E
a7437c7972c73f001965,11, #A49E8C
a748a2dbb65fe14894ef,13, #C7C2B6
a748a2dbb65fe14894ef,13, #605E53
a748a2dbb65fe14894ef,10,#8B887C
a748a2dbb65fe14894ef,9, #A8A498
a748a2dbb65fe14894ef,50, #F0E9DA
a748a2dbb65fe14894ef,2, #2F2F26
a748b5e5051566272dc9,2, #5B564C
a748b5e5051566272dc9,24, #9E978B
a748b5e5051566272dc9,10, #C0B8A9
a748b5e5051566272dc9,10,#F4EFE4
a748b5e5051566272dc9,12, #7B7569
a748b5e5051566272dc9,38, #D6CEBC
a74d0f595203d0da01f7,3, #C2BC97
a74d0f595203d0da01f7,11, #ACA079
a74d0f595203d0da01f7,4, #7B6D4E
a74d0f595203d0da01f7,8, #5D563D
a74d0f595203d0da01f7,36,#181717
a74d0f595203d0da01f7,27, #3B382A
a74d0f595203d0da01f7,7, #918562
a7546298c226a7f0f63c,3, #716450
a7546298c226a7f0f63c,14, #E6E1CF
a7546298c226a7f0f63c,3, #887D68
a7546298c226a7f0f63c,4, #F6F5EE
a7546298c226a7f0f63c,8, #AAA18B
a7546298c226a7f0f63c,63,#D1C8AF
a7546298c226a7f0f63c,2, #574634
a754aa8c469afd65772f,10, #382C28
a754aa8c469afd65772f,28,#615459
a754aa8c469afd65772f,0, #A79FAF
a754aa8c469afd65772f,7, #0A0707
a754aa8c469afd65772f,10, #BAA180
a754aa8c469afd65772f,24, #D8C7A5
a754aa8c469afd65772f,19, #958481
a770d4e1d3892aa769a1,14, #9E9B8D
a770d4e1d3892aa769a1,30, #D2CFC0
a770d4e1d3892aa769a1,16, #787669
a770d4e1d3892aa769a1,16, #525147
a770d4e1d3892aa769a1,19,#F7F6EC
a770d4e1d3892aa769a1,2, #383830
a77207ef178dbbb58d7c,16, #E2DAC1
a77207ef178dbbb58d7c,70,#F8F6EA
a77207ef178dbbb58d7c,1, #696D63
a77207ef178dbbb58d7c,3, #A99F8A
a77207ef178dbbb58d7c,2, #292826
a77207ef178dbbb58d7c,1, #4A4840
a77207ef178dbbb58d7c,4, #C6BEA8
a77fba29d7700053f598,8, #11120D
a77fba29d7700053f598,22, #6D6A57
a77fba29d7700053f598,18, #3E3D30
a77fba29d7700053f598,13, #E5D4B3
a77fba29d7700053f598,31, #AFA58B
a77fba29d7700053f598,5,#FCFAE4
a784230bc1997067ecd5,14, #968C7E
a784230bc1997067ecd5,17, #766D62
a784230bc1997067ecd5,24, #B3A898
a784230bc1997067ecd5,1, #F7E8D7
a784230bc1997067ecd5,0, #3F3933
a784230bc1997067ecd5,30,#D5C7B8
a784230bc1997067ecd5,11, #564F47
a785d23deb8892607766,1, #C9C4A5
a785d23deb8892607766,0, #B2AE92
a785d23deb8892607766,13, #7C755A
a785d23deb8892607766,1, #E1E1D4
a785d23deb8892607766,2, #FBFBF8
a785d23deb8892607766,77,#4C4B42
a785d23deb8892607766,3, #999683
a787416f3ca0d41a0d81,37, #574B26
a787416f3ca0d41a0d81,3, #70724A
a787416f3ca0d41a0d81,14, #BA8752
a787416f3ca0d41a0d81,2, #8C5229
a787416f3ca0d41a0d81,1, #C2AC7A
a787416f3ca0d41a0d81,1, #E0D09D
a787416f3ca0d41a0d81,37,#252211
a78a376942155c0f3ed0,8, #CAC6C2
a78a376942155c0f3ed0,20, #5D5149
a78a376942155c0f3ed0,13, #413331
a78a376942155c0f3ed0,17, #807369
a78a376942155c0f3ed0,1,#E7E5E4
a78a376942155c0f3ed0,38, #A89D8E
a794f0146102c261cb54,11, #65614F
a794f0146102c261cb54,61, #B8B091
a794f0146102c261cb54,10, #D6D3BC
a794f0146102c261cb54,2, #434135
a794f0146102c261cb54,12, #8E856B
a794f0146102c261cb54,0,#EDEAD6
a7989b1aa1e3bc0e7aa1,17, #2A2927
a7989b1aa1e3bc0e7aa1,31, #545352
a7989b1aa1e3bc0e7aa1,10, #ABAAAC
a7989b1aa1e3bc0e7aa1,11, #797878
a7989b1aa1e3bc0e7aa1,1,#FAF8F7
a7989b1aa1e3bc0e7aa1,26, #DBDADB
a79a570d74b60d4e0240,2, #957A46
a79a570d74b60d4e0240,69,#271D13
a79a570d74b60d4e0240,17, #5A3820
a79a570d74b60d4e0240,6, #625338
a79a570d74b60d4e0240,0, #D8CFAF
a79a570d74b60d4e0240,1, #C4B898
a79a570d74b60d4e0240,2, #A9936A
a79aaae93572dfe790ba,6, #BEB8A8
a79aaae93572dfe790ba,14, #676258
a79aaae93572dfe790ba,10, #424039
a79aaae93572dfe790ba,53, #E5DFCC
a79aaae93572dfe790ba,14, #908B7D
a79aaae93572dfe790ba,0,#FEFEF1
a7a4311d996d29f22257,10, #7D746B
a7a4311d996d29f22257,18, #564C42
a7a4311d996d29f22257,28,#F3EEDC
a7a4311d996d29f22257,9, #28201A
a7a4311d996d29f22257,15, #CDC0AD
a7a4311d996d29f22257,17, #A39787
a7aee9eaa3fc2fa01bd8,5, #C6BFA4
a7aee9eaa3fc2fa01bd8,3, #514E40
a7aee9eaa3fc2fa01bd8,65,#F5F4EA
a7aee9eaa3fc2fa01bd8,12, #9D9A89
a7aee9eaa3fc2fa01bd8,1, #36342A
a7aee9eaa3fc2fa01bd8,11, #777463
a7b2c983df936395fb2b,66,#F1EBE2
a7b2c983df936395fb2b,1, #403E37
a7b2c983df936395fb2b,13, #BEB8AE
a7b2c983df936395fb2b,6, #777468
a7b2c983df936395fb2b,10, #9A968B
a7b2c983df936395fb2b,3, #5A584D
a7baa24cb908e5781a80,25, #58261E
a7baa24cb908e5781a80,0, #7A6231
a7baa24cb908e5781a80,53,#1B110C
a7baa24cb908e5781a80,6, #7B7766
a7baa24cb908e5781a80,2, #C7BA9D
a7baa24cb908e5781a80,7, #4E4F43
a7baa24cb908e5781a80,4, #9D9682
a7bfd29af382f1e7950e,16, #76806F
a7bfd29af382f1e7950e,20, #64614A
a7bfd29af382f1e7950e,37,#B0AD92
a7bfd29af382f1e7950e,2, #1F1C15
a7bfd29af382f1e7950e,18, #D7D3BA
a7bfd29af382f1e7950e,4, #373B30
a7bfd29af382f1e7950e,0, #9E824E
a7c4bde1f994ee69ea70,12, #F6F1D7
a7c4bde1f994ee69ea70,11, #DED9C2
a7c4bde1f994ee69ea70,22,#858273
a7c4bde1f994ee69ea70,13, #C2BEAA
a7c4bde1f994ee69ea70,4, #444439
a7c4bde1f994ee69ea70,13, #A5A28F
a7c4bde1f994ee69ea70,21, #605F51
a7cae5691aacfc0ec760,33, #573B24
a7cae5691aacfc0ec760,48, #2A2016
a7cae5691aacfc0ec760,3, #928055
a7cae5691aacfc0ec760,10,#6B5935
a7cae5691aacfc0ec760,0, #A4956A
a7cae5691aacfc0ec760,3, #7E6D46
a7d2581d1016ecb6212f,20, #EDE7D6
a7d2581d1016ecb6212f,24,#A4A092
a7d2581d1016ecb6212f,23, #7A766A
a7d2581d1016ecb6212f,14, #5B594F
a7d2581d1016ecb6212f,0, #FEFCEF
a7d2581d1016ecb6212f,4, #3C3A33
a7d2581d1016ecb6212f,12, #CBC7B7
a7dad6d5daca137fa844,3, #50392B
a7dad6d5daca137fa844,25,#A09481
a7dad6d5daca137fa844,15, #E7E4D6
a7dad6d5daca137fa844,16, #D5CFB8
a7dad6d5daca137fa844,6, #F9F9F6
a7dad6d5daca137fa844,16, #BFB49C
a7dad6d5daca137fa844,14, #7A6753
a7dbf28245fe4de95809,4, #C7B66E
a7dbf28245fe4de95809,0, #D7CA8F
a7dbf28245fe4de95809,8,#7A6835
a7dbf28245fe4de95809,25, #4A3C1E
a7dbf28245fe4de95809,5, #AB9551
a7dbf28245fe4de95809,56, #1B1408
a7e48f9b7d81695a4795,0, #ECF0CF
a7e48f9b7d81695a4795,4, #BAB989
a7e48f9b7d81695a4795,63,#18161D
a7e48f9b7d81695a4795,8, #958361
a7e48f9b7d81695a4795,17, #853F33
a7e48f9b7d81695a4795,4, #D6D7AB
a7e4ff169bc907ba580d,0,#FEFEEF
a7e4ff169bc907ba580d,2, #474339
a7e4ff169bc907ba580d,61, #DED8C3
a7e4ff169bc907ba580d,6, #625E51
a7e4ff169bc907ba580d,14, #877D6A
a7e4ff169bc907ba580d,15, #B2A891
a7e61a2f067e99570f81,5, #BBAC95
a7e61a2f067e99570f81,15, #9D8E7A
a7e61a2f067e99570f81,9, #625643
a7e61a2f067e99570f81,34,#1A1913
a7e61a2f067e99570f81,28, #443523
a7e61a2f067e99570f81,6, #846D52
a7e802f3047321a2d357,3, #B8A467
a7e802f3047321a2d357,0, #F8E29B
a7e802f3047321a2d357,22, #13181A
a7e802f3047321a2d357,15, #8E7F4C
a7e802f3047321a2d357,26, #5C4F30
a7e802f3047321a2d357,28,#30332F
a7e802f3047321a2d357,1, #E7C980
a7f673d65fec1de0eb0c,0, #DACDBB
a7f673d65fec1de0eb0c,53, #080C0C
a7f673d65fec1de0eb0c,0, #E6E6EC
a7f673d65fec1de0eb0c,10, #806C58
a7f673d65fec1de0eb0c,25,#35302D
a7f673d65fec1de0eb0c,9, #B4A48F
a7fd44f44d013cecbf98,0, #D8D8C2
a7fd44f44d013cecbf98,22, #2C2A1B
a7fd44f44d013cecbf98,3, #B3AC98
a7fd44f44d013cecbf98,0, #F8F9EF
a7fd44f44d013cecbf98,26, #514C39
a7fd44f44d013cecbf98,29,#7D7A63
a7fd44f44d013cecbf98,15, #070603
a7fe5c95f75d21f89807,9, #413718
a7fe5c95f75d21f89807,0, #D7BE7D
a7fe5c95f75d21f89807,7, #55492D
a7fe5c95f75d21f89807,7, #71613C
a7fe5c95f75d21f89807,66,#181612
a7fe5c95f75d21f89807,2, #B2A374
a7fe5c95f75d21f89807,6, #938255
a808f6a9f04f35544a18,5, #969075
a808f6a9f04f35544a18,1, #BBAF8F
a808f6a9f04f35544a18,15, #776D55
a808f6a9f04f35544a18,1, #A38059
a808f6a9f04f35544a18,21, #1C1A17
a808f6a9f04f35544a18,11, #624B34
a808f6a9f04f35544a18,42,#4F3422
a80f8cef9a73412bed77,29, #4F4038
a80f8cef9a73412bed77,18, #F2EEE2
a80f8cef9a73412bed77,7, #9B928A
a80f8cef9a73412bed77,37, #31251F
a80f8cef9a73412bed77,3,#C5BEB4
a80f8cef9a73412bed77,3, #72675F
a81276566e2c0f091e9d,24, #423419
a81276566e2c0f091e9d,1, #CDCEA8
a81276566e2c0f091e9d,3, #AB9565
a81276566e2c0f091e9d,37,#ABAD87
a81276566e2c0f091e9d,21, #847549
a81276566e2c0f091e9d,3, #20180B
a81276566e2c0f091e9d,8, #625026
a8152a0adeb2e222dce5,7, #49473F
a8152a0adeb2e222dce5,22,#F7F3E7
a8152a0adeb2e222dce5,10, #B4AFA2
a8152a0adeb2e222dce5,23, #737064
a8152a0adeb2e222dce5,24, #D8CDB6
a8152a0adeb2e222dce5,11, #9B9689
a81891231fb92935662d,62,#F4F3E8
a81891231fb92935662d,18, #CFCDC4
a81891231fb92935662d,5, #82817A
a81891231fb92935662d,9, #A4A29B
a81891231fb92935662d,2, #696860
a81891231fb92935662d,2, #424039
a8211cc2a085f73fe554,48, #2D1F12
a8211cc2a085f73fe554,2, #B4AB81
a8211cc2a085f73fe554,5, #9C8F64
a8211cc2a085f73fe554,14,#786744
a8211cc2a085f73fe554,0, #C5C0A2
a8211cc2a085f73fe554,28, #504934
a835cf3fdf35321d916a,8, #B3A894
a835cf3fdf35321d916a,1, #3F3936
a835cf3fdf35321d916a,7, #8E867C
a835cf3fdf35321d916a,15,#D6CAB3
a835cf3fdf35321d916a,62, #F4F0E5
a835cf3fdf35321d916a,4, #685F59
a84456103aa7b84e6e41,48,#ECEBE6
a84456103aa7b84e6e41,2, #B1A28B
a84456103aa7b84e6e41,28, #D0C8B5
a84456103aa7b84e6e41,4, #604A3B
a84456103aa7b84e6e41,3, #95846B
a84456103aa7b84e6e41,2, #7B674F
a84456103aa7b84e6e41,8, #302521
a84fa25383b91958f06e,8, #BBB9B1
a84fa25383b91958f06e,7, #8E8C84
a84fa25383b91958f06e,24, #E8E6D9
a84fa25383b91958f06e,44, #504D42
a84fa25383b91958f06e,0,#FEFEFE
a84fa25383b91958f06e,14, #757368
a854fa3c7b5b6edc225e,19, #403B2A
a854fa3c7b5b6edc225e,14, #B0A683
a854fa3c7b5b6edc225e,0, #EEEBD6
a854fa3c7b5b6edc225e,36, #8D815E
a854fa3c7b5b6edc225e,6, #D3CBA8
a854fa3c7b5b6edc225e,22,#695E42
a85818e9e3575d2e7942,0, #3F3C33
a85818e9e3575d2e7942,9, #DDD9C7
a85818e9e3575d2e7942,6, #C2BDAB
a85818e9e3575d2e7942,4, #9E9989
a85818e9e3575d2e7942,1, #5B594E
a85818e9e3575d2e7942,75,#F7F5EA
a85818e9e3575d2e7942,2, #78756A
a85bfdc365e78c0c8288,9, #D4D3C6
a85bfdc365e78c0c8288,34,#654215
a85bfdc365e78c0c8288,18, #1A1308
a85bfdc365e78c0c8288,0, #67675B
a85bfdc365e78c0c8288,30, #B8B6A2
a85bfdc365e78c0c8288,4, #95823F
a85bfdc365e78c0c8288,2, #B1A56A
a86e705a6d08377de872,29, #6F6D5C
a86e705a6d08377de872,8, #BCB7A4
a86e705a6d08377de872,16, #9C9886
a86e705a6d08377de872,15, #3A3B2E
a86e705a6d08377de872,25, #DCD6C1
a86e705a6d08377de872,5,#F9F6ED
a87005f2441cc366dd43,60,#604532
a87005f2441cc366dd43,5, #7B6148
a87005f2441cc366dd43,1, #998D75
a87005f2441cc366dd43,3, #887960
a87005f2441cc366dd43,28, #2E2522
a87005f2441cc366dd43,0, #A79E87
a87005f2441cc366dd43,0, #141313
a870e0da1fcfdae9697f,7, #9D9988
a870e0da1fcfdae9697f,1, #6C6957
a870e0da1fcfdae9697f,6, #7F7C69
a870e0da1fcfdae9697f,1, #575645
a870e0da1fcfdae9697f,6, #E0D8C2
a870e0da1fcfdae9697f,5, #BFBAA9
a870e0da1fcfdae9697f,71,#F8F1DB
a871197b543dd607335c,9, #8F8671
a871197b543dd607335c,53,#EAE8D4
a871197b543dd607335c,1, #676857
a871197b543dd607335c,0, #47453D
a871197b543dd607335c,17, #DCD3B4
a871197b543dd607335c,8, #FBFAF3
a871197b543dd607335c,9, #BFB79C
a87823071ec390ea2616,1, #947C4D
a87823071ec390ea2616,1, #B59B58
a87823071ec390ea2616,0, #E4D4A6
a87823071ec390ea2616,13, #634D38
a87823071ec390ea2616,0, #CCB887
a87823071ec390ea2616,45,#28252A
a87823071ec390ea2616,36, #060810
a8794ea7238cb7e3693c,0,#56513B
a8794ea7238cb7e3693c,35, #9F9167
a8794ea7238cb7e3693c,0, #80807F
a8794ea7238cb7e3693c,32, #82713E
a8794ea7238cb7e3693c,3, #DFDFDD
a8794ea7238cb7e3693c,28, #B3AE9E
a880736b233b15240833,28, #000000
a880736b233b15240833,7, #B1A589
a880736b233b15240833,10, #928461
a880736b233b15240833,11, #2C2511
a880736b233b15240833,33,#595339
a880736b233b15240833,6, #D5C692
a880736b233b15240833,1, #F5F1DA
a89519d05ff92b45a94a,91,#F6F5F0
a89519d05ff92b45a94a,1, #938F82
a89519d05ff92b45a94a,1, #D5D1C3
a89519d05ff92b45a94a,1, #B0AC9D
a89519d05ff92b45a94a,2, #6E6A5D
a89519d05ff92b45a94a,1, #444239
a8970d7609678018e223,11, #DFC780
a8970d7609678018e223,7, #28211D
a8970d7609678018e223,4, #9E9A93
a8970d7609678018e223,1, #C8C7C4
a8970d7609678018e223,9, #F7F4CF
a8970d7609678018e223,13, #AE8251
a8970d7609678018e223,52,#695752
a89f7a13f68c03d94705,16, #B1AB9D
a89f7a13f68c03d94705,0,#F4ECD7
a89f7a13f68c03d94705,3, #787369
a89f7a13f68c03d94705,2, #989286
a89f7a13f68c03d94705,72, #D4CEBF
a89f7a13f68c03d94705,5, #4F4C44
a8a1c48e5cb622113c43,10, #9F8B67
a8a1c48e5cb622113c43,2, #FDFBF5
a8a1c48e5cb622113c43,1, #544F42
a8a1c48e5cb622113c43,21, #A99F87
a8a1c48e5cb622113c43,18, #EEE6D2
a8a1c48e5cb622113c43,30,#D1C7AD
a8a1c48e5cb622113c43,15, #736C5A
a8ac9b2cb56993771dd8,21, #E5E0CB
a8ac9b2cb56993771dd8,19, #444137
a8ac9b2cb56993771dd8,14,#FAF8EA
a8ac9b2cb56993771dd8,17, #C7C0AA
a8ac9b2cb56993771dd8,13, #6E6A5B
a8ac9b2cb56993771dd8,13, #97917F
a8b8a876f5c7361658b8,10, #C5B790
a8b8a876f5c7361658b8,26, #61473D
a8b8a876f5c7361658b8,4, #E5E5D9
a8b8a876f5c7361658b8,35, #88755B
a8b8a876f5c7361658b8,22,#451E1E
a8b8a876f5c7361658b8,0, #EFE3A9
a8bafa917248e324f6bb,2, #33312A
a8bafa917248e324f6bb,19, #B9B2A5
a8bafa917248e324f6bb,13, #DCD5C5
a8bafa917248e324f6bb,17, #706B61
a8bafa917248e324f6bb,17, #4E4B43
a8bafa917248e324f6bb,0, #F5EEDE
a8bafa917248e324f6bb,29,#948F84
a8c12cb7455f16eadc18,9,#F7F4EE
a8c12cb7455f16eadc18,26, #66635B
a8c12cb7455f16eadc18,11, #B7B2A9
a8c12cb7455f16eadc18,13, #949087
a8c12cb7455f16eadc18,5, #36352F
a8c12cb7455f16eadc18,34, #D8D2C8
a8c1e41f39ef5a7dab5d,19, #4D4831
a8c1e41f39ef5a7dab5d,10,#CCD0D6
a8c1e41f39ef5a7dab5d,16, #706741
a8c1e41f39ef5a7dab5d,25, #26231A
a8c1e41f39ef5a7dab5d,15, #928C65
a8c1e41f39ef5a7dab5d,13, #A9A998
a8c402fb6bb74d95c55d,2, #DEBD73
a8c402fb6bb74d95c55d,0, #F90706
a8c402fb6bb74d95c55d,6, #22211B
a8c402fb6bb74d95c55d,31, #A7986F
a8c402fb6bb74d95c55d,5, #797B63
a8c402fb6bb74d95c55d,54,#6E4A39
a8c402fb6bb74d95c55d,0, #D43735
a8c810629135ca676c1f,0, #3B3121
a8c810629135ca676c1f,6, #C1B8A2
a8c810629135ca676c1f,2, #686250
a8c810629135ca676c1f,17, #D8D2BF
a8c810629135ca676c1f,66, #F3F0E4
a8c810629135ca676c1f,6,#9F9784
a8cb1f5c751932bc7747,8, #BDB096
a8cb1f5c751932bc7747,0, #483626
a8cb1f5c751932bc7747,72,#F3F1E6
a8cb1f5c751932bc7747,4, #988D7B
a8cb1f5c751932bc7747,1, #75644C
a8cb1f5c751932bc7747,13, #D6CDB5
a8cb86748189ca062b3a,11, #978767
a8cb86748189ca062b3a,13, #A89F8A
a8cb86748189ca062b3a,7, #C5BBA5
a8cb86748189ca062b3a,56,#D9CFBC
a8cb86748189ca062b3a,6, #7C7360
a8cb86748189ca062b3a,5, #725939
a8d4a8a5516f2e2aaa69,9, #6F6253
a8d4a8a5516f2e2aaa69,14, #A59A83
a8d4a8a5516f2e2aaa69,46, #E2D9BB
a8d4a8a5516f2e2aaa69,13,#F8F5E3
a8d4a8a5516f2e2aaa69,6, #CEC0A2
a8d4a8a5516f2e2aaa69,8, #45392F
a8d77e53c982087f439c,42,#2F2A20
a8d77e53c982087f439c,19, #66593F
a8d77e53c982087f439c,9, #9D8865
a8d77e53c982087f439c,4, #8E2C19
a8d77e53c982087f439c,2, #55150E
a8d77e53c982087f439c,15, #100F0C
a8d77e53c982087f439c,5, #BBA88B
a8df570d66cbdb0a894b,22, #DDD4BE
a8df570d66cbdb0a894b,4, #424038
a8df570d66cbdb0a894b,8, #605D52
a8df570d66cbdb0a894b,4,#827E71
a8df570d66cbdb0a894b,43, #F9F7EE
a8df570d66cbdb0a894b,16, #ADA591
a8e49e89fb633ced9cfc,24,#847766
a8e49e89fb633ced9cfc,12, #68574B
a8e49e89fb633ced9cfc,13, #513E34
a8e49e89fb633ced9cfc,22, #C4BDA6
a8e49e89fb633ced9cfc,9, #A39783
a8e49e89fb633ced9cfc,11, #34221B
a8e49e89fb633ced9cfc,7, #E9E3CD
a8e6ac346f9604735f05,1, #D8D3C7
a8e6ac346f9604735f05,15, #786648
a8e6ac346f9604735f05,20, #342617
a8e6ac346f9604735f05,12, #57452D
a8e6ac346f9604735f05,5, #F7F6EF
a8e6ac346f9604735f05,3, #C3B79E
a8e6ac346f9604735f05,41,#998D75
a8f4b378b554e5994649,17,#F6ECCF
a8f4b378b554e5994649,9, #423E2B
a8f4b378b554e5994649,5, #1C1A0D
a8f4b378b554e5994649,38, #D0C29E
a8f4b378b554e5994649,16, #978F73
a8f4b378b554e5994649,11, #635F48
a8f7f2d928d3cde65f13,5, #E8E6DC
a8f7f2d928d3cde65f13,7, #786D66
a8f7f2d928d3cde65f13,10, #8E857D
a8f7f2d928d3cde65f13,42,#B4A997
a8f7f2d928d3cde65f13,0, #FDFCF7
a8f7f2d928d3cde65f13,5, #524846
a8f7f2d928d3cde65f13,27, #D5D0B9
a8fdfbb68027c087ce06,31, #131510
a8fdfbb68027c087ce06,0, #EFDDB1
a8fdfbb68027c087ce06,0, #B45828
a8fdfbb68027c087ce06,3,#6A6D5A
a8fdfbb68027c087ce06,56, #583D26
a8fdfbb68027c087ce06,7, #A69160
a8fead5ad3d00ce4b73b,1,#F2EFE5
a8fead5ad3d00ce4b73b,10, #74654C
a8fead5ad3d00ce4b73b,55, #BBB498
a8fead5ad3d00ce4b73b,17, #938971
a8fead5ad3d00ce4b73b,6, #564632
a8fead5ad3d00ce4b73b,7, #D7CFAD
a900d4c2376f18e2967d,12, #DFDAB4
a900d4c2376f18e2967d,19, #919075
a900d4c2376f18e2967d,16, #5D573F
a900d4c2376f18e2967d,35,#ADAC95
a900d4c2376f18e2967d,8, #373528
a900d4c2376f18e2967d,6, #7E7758
a900d4c2376f18e2967d,1, #1F1E1A
a905b2714e5c4147e30a,5, #E9E6D3
a905b2714e5c4147e30a,2,#F9F8E6
a905b2714e5c4147e30a,22, #A4A190
a905b2714e5c4147e30a,11, #CBC8B6
a905b2714e5c4147e30a,41, #626058
a905b2714e5c4147e30a,16, #868478
a90659229d8fb1aee73a,28, #5C503B
a90659229d8fb1aee73a,8,#83774D
a90659229d8fb1aee73a,1, #A4965E
a90659229d8fb1aee73a,0, #CDBB69
a90659229d8fb1aee73a,25, #372C22
a90659229d8fb1aee73a,36, #14100D
a912f9c746393a719269,9,#F9F7F2
a912f9c746393a719269,23, #C1B9A5
a912f9c746393a719269,46, #E6DDC7
a912f9c746393a719269,4, #514E42
a912f9c746393a719269,8, #9C9789
a912f9c746393a719269,8, #7E7969
a915194620546af57a3f,27, #F8F7F1
a915194620546af57a3f,16, #A19D8D
a915194620546af57a3f,27,#E3DFCD
a915194620546af57a3f,17, #C9C4AF
a915194620546af57a3f,1, #585446
a915194620546af57a3f,8, #7C7764
a91c0dc0cd4919c89d2b,3, #DAD6D3
a91c0dc0cd4919c89d2b,4, #ABA9A9
a91c0dc0cd4919c89d2b,29,#FBF9F5
a91c0dc0cd4919c89d2b,4, #888686
a91c0dc0cd4919c89d2b,13, #5D5C5D
a91c0dc0cd4919c89d2b,44, #292526
a91f88ec7decd8a1c97b,6, #464337
a91f88ec7decd8a1c97b,12, #CBC5B1
a91f88ec7decd8a1c97b,20, #625F50
a91f88ec7decd8a1c97b,13, #A9A491
a91f88ec7decd8a1c97b,28, #807B6B
a91f88ec7decd8a1c97b,19,#EEE8D1
a92148f014fb3196ffdc,33, #3F3A15
a92148f014fb3196ffdc,22, #1B1602
a92148f014fb3196ffdc,23, #5B5A32
a92148f014fb3196ffdc,11, #88875F
a92148f014fb3196ffdc,5,#C4C7A1
a92148f014fb3196ffdc,3, #99A584
a92f3a22891d12b1baaf,12, #B5A37F
a92f3a22891d12b1baaf,9, #99856A
a92f3a22891d12b1baaf,1, #624735
a92f3a22891d12b1baaf,35,#DCCFAD
a92f3a22891d12b1baaf,29, #C9BA94
a92f3a22891d12b1baaf,10, #7E694E
a92f3a22891d12b1baaf,0, #282110
a92f70da8af0ef6bbbe3,9,#878174
a92f70da8af0ef6bbbe3,3, #49463F
a92f70da8af0ef6bbbe3,7, #A69F90
a92f70da8af0ef6bbbe3,14, #69645A
a92f70da8af0ef6bbbe3,27, #F3ECDD
a92f70da8af0ef6bbbe3,36, #CAC1AF
a93aca79f201854b6559,4, #554935
a93aca79f201854b6559,1, #A59776
a93aca79f201854b6559,37,#27261C
a93aca79f201854b6559,21, #15150E
a93aca79f201854b6559,23, #38362C
a93aca79f201854b6559,4, #8A7D60
a93aca79f201854b6559,6, #706149
a94324d6bda31b217b16,4, #DFD0B7
a94324d6bda31b217b16,0, #816045
a94324d6bda31b217b16,89, #F6EFDB
a94324d6bda31b217b16,0,#98795B
a94324d6bda31b217b16,2, #AB967D
a94324d6bda31b217b16,4, #CCB99F
a95e2907cd69828e0e06,13, #97948B
a95e2907cd69828e0e06,6, #DBD6C6
a95e2907cd69828e0e06,16, #53514A
a95e2907cd69828e0e06,21, #B9B7A9
a95e2907cd69828e0e06,31,#F6F4EE
a95e2907cd69828e0e06,9, #79786F
a96095db97e954dd7ecb,39,#B1AA93
a96095db97e954dd7ecb,14, #837351
a96095db97e954dd7ecb,11, #675437
a96095db97e954dd7ecb,10, #D6CBAC
a96095db97e954dd7ecb,13, #9A8B68
a96095db97e954dd7ecb,4, #292017
a96095db97e954dd7ecb,6, #443827
a965c061df68ad93f61d,2,#C0B28A
a965c061df68ad93f61d,27, #A08E68
a965c061df68ad93f61d,23, #4D442E
a965c061df68ad93f61d,16, #79573C
a965c061df68ad93f61d,9, #2B281A
a965c061df68ad93f61d,20, #877854
a967d4f37972706312b4,44, #534B42
a967d4f37972706312b4,5,#FAFAF5
a967d4f37972706312b4,22, #C7B89E
a967d4f37972706312b4,14, #9B9386
a967d4f37972706312b4,0, #E3DDCD
a967d4f37972706312b4,12, #837663
a96e5ff8b3f96d06a382,4, #9D8D65
a96e5ff8b3f96d06a382,28, #64492B
a96e5ff8b3f96d06a382,53, #412F20
a96e5ff8b3f96d06a382,10, #8B7549
a96e5ff8b3f96d06a382,2, #BDAD85
a96e5ff8b3f96d06a382,1,#1D1C16
a975fe7f3d30a18c9942,0, #4C4B41
a975fe7f3d30a18c9942,6, #6E6C60
a975fe7f3d30a18c9942,13, #9A978B
a975fe7f3d30a18c9942,6, #C9BBA0
a975fe7f3d30a18c9942,65,#F5F2E6
a975fe7f3d30a18c9942,6, #D9D5CA
a97afdeb84a18bae79d0,26, #C2C0B5
a97afdeb84a18bae79d0,7, #7F7D74
a97afdeb84a18bae79d0,41, #E3DFD4
a97afdeb84a18bae79d0,0, #54524A
a97afdeb84a18bae79d0,23, #A2A098
a97afdeb84a18bae79d0,0,#FEFEF5
a98be8ecf16a8befd2a9,2, #706B64
a98be8ecf16a8befd2a9,18, #D0C8BC
a98be8ecf16a8befd2a9,2, #A99B82
a98be8ecf16a8befd2a9,67,#EBE3D5
a98be8ecf16a8befd2a9,4, #B6AFA4
a98be8ecf16a8befd2a9,1, #504D48
a98be8ecf16a8befd2a9,2, #8A857C
a98c562bffc4188ffde1,4, #B7B49C
a98c562bffc4188ffde1,67, #34342B
a98c562bffc4188ffde1,20,#828477
a98c562bffc4188ffde1,0, #AD9251
a98c562bffc4188ffde1,6, #7B673E
a98c562bffc4188ffde1,0, #49616D
a98c57cceb79b9858bc6,4, #CEC0A1
a98c57cceb79b9858bc6,56, #40372F
a98c57cceb79b9858bc6,6, #E1D9C1
a98c57cceb79b9858bc6,10, #6E5E4B
a98c57cceb79b9858bc6,12, #A69980
a98c57cceb79b9858bc6,8,#F9F7F1
a992440156d7aadbebf2,5, #8E8775
a992440156d7aadbebf2,1, #251B0F
a992440156d7aadbebf2,41,#F6F3E8
a992440156d7aadbebf2,3, #716754
a992440156d7aadbebf2,3, #4B3E31
a992440156d7aadbebf2,12, #B2A68E
a992440156d7aadbebf2,32, #D1C9B7
a995771b786fb8ed9607,3, #847554
a995771b786fb8ed9607,9,#433016
a995771b786fb8ed9607,66, #0F0B05
a995771b786fb8ed9607,6, #9A8E68
a995771b786fb8ed9607,6, #1D2F31
a995771b786fb8ed9607,7, #4E4E3D
a998d6022acb346d2d1b,8, #7D7251
a998d6022acb346d2d1b,25, #504235
a998d6022acb346d2d1b,0, #ABAC97
a998d6022acb346d2d1b,63, #2D261D
a998d6022acb346d2d1b,1, #938F75
a998d6022acb346d2d1b,0,#0F0E0A
a999eb09561b93c987c5,7, #626743
a999eb09561b93c987c5,11, #1B2624
a999eb09561b93c987c5,21,#ABA890
a999eb09561b93c987c5,14, #304142
a999eb09561b93c987c5,24, #D6D2BF
a999eb09561b93c987c5,19, #808678
a9a5ad0c71bdfa1140a9,19, #998865
a9a5ad0c71bdfa1140a9,8, #AE9F7D
a9a5ad0c71bdfa1140a9,22, #2D2721
a9a5ad0c71bdfa1140a9,12, #5B4C36
a9a5ad0c71bdfa1140a9,30, #827148
a9a5ad0c71bdfa1140a9,6,#CDC096
a9a6e580198887f058f2,7, #4D4B46
a9a6e580198887f058f2,39,#F5F2EC
a9a6e580198887f058f2,13, #A8A39A
a9a6e580198887f058f2,11, #848079
a9a6e580198887f058f2,10, #D1CCC2
a9a6e580198887f058f2,16, #696660
a9a7eead9d284ecfc762,6, #958F7E
a9a7eead9d284ecfc762,9, #777163
a9a7eead9d284ecfc762,20, #D4CCB2
a9a7eead9d284ecfc762,33,#F7F7F1
a9a7eead9d284ecfc762,6, #B1A991
a9a7eead9d284ecfc762,8, #5C584D
a9a7eead9d284ecfc762,15, #403F39
a9aaf27096e1063533ac,13, #625438
a9aaf27096e1063533ac,1, #C9B785
a9aaf27096e1063533ac,36, #90805D
a9aaf27096e1063533ac,36, #433223
a9aaf27096e1063533ac,0,#16110E
a9aaf27096e1063533ac,11, #B7A476
a9afe8b0777216a5b762,14, #958F80
a9afe8b0777216a5b762,10, #333329
a9afe8b0777216a5b762,10, #555146
a9afe8b0777216a5b762,13,#B5AE9C
a9afe8b0777216a5b762,43, #E1D7C0
a9afe8b0777216a5b762,8, #757163
a9b2d26a6ac8293bf6c9,15, #A1A297
a9b2d26a6ac8293bf6c9,1, #2F3633
a9b2d26a6ac8293bf6c9,8, #737870
a9b2d26a6ac8293bf6c9,4, #505652
a9b2d26a6ac8293bf6c9,19,#D1CDBC
a9b2d26a6ac8293bf6c9,49, #F3EEDC
a9b6f624d230450334f5,8, #B1ADA0
a9b6f624d230450334f5,7, #726E62
a9b6f624d230450334f5,44,#EFEDDA
a9b6f624d230450334f5,20, #C9C5B7
a9b6f624d230450334f5,13, #948F83
a9b6f624d230450334f5,5, #454138
a9b6f658e74588824e36,24, #5D5D57
a9b6f658e74588824e36,31, #ABB2AE
a9b6f658e74588824e36,7, #D9DCD2
a9b6f658e74588824e36,0,#3B3C32
a9b6f658e74588824e36,33, #797A73
a9b6f658e74588824e36,2, #8C908D
a9b7bd9043be65fdc8ee,0, #6C6442
a9b7bd9043be65fdc8ee,64,#472D18
a9b7bd9043be65fdc8ee,1, #8C6834
a9b7bd9043be65fdc8ee,1, #A4804D
a9b7bd9043be65fdc8ee,2, #634E29
a9b7bd9043be65fdc8ee,29, #090A04
a9b7bd9043be65fdc8ee,0, #817957
a9c1722327f1ad272e35,23, #C2BBAC
a9c1722327f1ad272e35,5, #211F1B
a9c1722327f1ad272e35,21,#47443B
a9c1722327f1ad272e35,4, #EAE4D4
a9c1722327f1ad272e35,27, #958F81
a9c1722327f1ad272e35,18, #6E6A5F
a9c1b59a3dd8238f1563,4, #A79669
a9c1b59a3dd8238f1563,19,#24221A
a9c1b59a3dd8238f1563,68, #574D38
a9c1b59a3dd8238f1563,0, #C6B788
a9c1b59a3dd8238f1563,6, #91724E
a9c1b59a3dd8238f1563,0, #E2D8AB
a9c434c12ef6c63846f2,12, #867F73
a9c434c12ef6c63846f2,40,#D1C9B9
a9c434c12ef6c63846f2,13, #A59E8F
a9c434c12ef6c63846f2,9, #BAB2A2
a9c434c12ef6c63846f2,2, #48443D
a9c434c12ef6c63846f2,5, #6A645A
a9c434c12ef6c63846f2,15, #EFE6D5
a9d2b3affe5f8636e3f9,9, #D1C18B
a9d2b3affe5f8636e3f9,2,#616152
a9d2b3affe5f8636e3f9,18, #5C4823
a9d2b3affe5f8636e3f9,4, #86703B
a9d2b3affe5f8636e3f9,31, #251D0D
a9d2b3affe5f8636e3f9,32, #A7A589
a9d56ed83c284f539cb2,7, #8C887A
a9d56ed83c284f539cb2,18, #4A483E
a9d56ed83c284f539cb2,42,#F6F3E1
a9d56ed83c284f539cb2,11, #D5CEB7
a9d56ed83c284f539cb2,13, #6E6A5D
a9d56ed83c284f539cb2,6, #ADA897
a9d870595373975cc3a1,3, #786251
a9d870595373975cc3a1,0, #4E432E
a9d870595373975cc3a1,0, #2F2311
a9d870595373975cc3a1,17, #CAC1A8
a9d870595373975cc3a1,4,#9B8F78
a9d870595373975cc3a1,74, #F5F3E9
a9dab51f8f215064f661,19, #C1AA75
a9dab51f8f215064f661,21, #683F27
a9dab51f8f215064f661,3,#262219
a9dab51f8f215064f661,6, #CDBE98
a9dab51f8f215064f661,29, #998155
a9dab51f8f215064f661,20, #6F5D3F
a9df2a2b29501e0c05e7,10, #635448
a9df2a2b29501e0c05e7,27, #362823
a9df2a2b29501e0c05e7,2, #E0DFD1
a9df2a2b29501e0c05e7,2,#F9F8EF
a9df2a2b29501e0c05e7,18, #93897C
a9df2a2b29501e0c05e7,37, #C0BAAA
a9e21fb84fdd985e2e66,18, #EFEBE1
a9e21fb84fdd985e2e66,2, #302D28
a9e21fb84fdd985e2e66,24, #514D47
a9e21fb84fdd985e2e66,11,#9D988D
a9e21fb84fdd985e2e66,22, #7C776D
a9e21fb84fdd985e2e66,20, #C0BBAD
a9e50155750101e6d475,48, #F0EBD9
a9e50155750101e6d475,7,#424A42
a9e50155750101e6d475,24, #BAB7A6
a9e50155750101e6d475,5, #6B7066
a9e50155750101e6d475,12, #8B8D82
a9e50155750101e6d475,1, #1C2722
a9ef8e16b12043032007,11,#18160C
a9ef8e16b12043032007,9, #575634
a9ef8e16b12043032007,48, #312D17
a9ef8e16b12043032007,0, #908F7D
a9ef8e16b12043032007,0, #7A7852
a9ef8e16b12043032007,29, #424423
a9fa822ec40d53e66cbc,14, #C6AB60
a9fa822ec40d53e66cbc,3, #DCD6AB
a9fa822ec40d53e66cbc,6, #2E241F
a9fa822ec40d53e66cbc,4, #A3A195
a9fa822ec40d53e66cbc,31, #7C6C5B
a9fa822ec40d53e66cbc,34,#603A2C
a9fa822ec40d53e66cbc,5, #F3F2D7
aa0050de241a1b5fd837,7, #8F693D
aa0050de241a1b5fd837,0, #D5C99F
aa0050de241a1b5fd837,41,#1C160F
aa0050de241a1b5fd837,6, #C0B07F
aa0050de241a1b5fd837,26, #46361F
aa0050de241a1b5fd837,7, #724B2C
aa0050de241a1b5fd837,9, #A38D5C
aa07d20f16378061966e,12,#F5F3EE
aa07d20f16378061966e,5, #B6AC92
aa07d20f16378061966e,68, #D8D2C0
aa07d20f16378061966e,10, #8E8474
aa07d20f16378061966e,2, #715F4D
aa07d20f16378061966e,1, #5B4837
aa082e70c869a532e976,4, #B0AD9C
aa082e70c869a532e976,2, #797668
aa082e70c869a532e976,40, #DAD7C0
aa082e70c869a532e976,2, #939183
aa082e70c869a532e976,1, #4C4A3E
aa082e70c869a532e976,47,#F7F7ED
aa094be54cf152393916,1, #9A8D7A
aa094be54cf152393916,0, #817058
aa094be54cf152393916,74, #F3F0E6
aa094be54cf152393916,16, #D7CFB5
aa094be54cf152393916,7, #B6AE99
aa094be54cf152393916,0,#63503A
aa2aa032747de1c98061,2, #D0C49B
aa2aa032747de1c98061,13, #171209
aa2aa032747de1c98061,24, #52452A
aa2aa032747de1c98061,32,#3A2615
aa2aa032747de1c98061,8, #7A301D
aa2aa032747de1c98061,12, #836A49
aa2aa032747de1c98061,6, #B3A479
aa2cb7f56c2014ce1e2e,25, #968E75
aa2cb7f56c2014ce1e2e,2, #1D180C
aa2cb7f56c2014ce1e2e,3, #9A7B54
aa2cb7f56c2014ce1e2e,34,#756950
aa2cb7f56c2014ce1e2e,5, #C6BB9C
aa2cb7f56c2014ce1e2e,10, #554429
aa2cb7f56c2014ce1e2e,18, #362B16
aa4653d784dbc9dbe204,27,#9C8D70
aa4653d784dbc9dbe204,19, #7A6E55
aa4653d784dbc9dbe204,10, #FAF8E5
aa4653d784dbc9dbe204,16, #4C493C
aa4653d784dbc9dbe204,0, #E2DABE
aa4653d784dbc9dbe204,9, #CEBC9A
aa4653d784dbc9dbe204,16, #BDA47B
aa4922a7e05c8400bbbf,0, #9E9889
aa4922a7e05c8400bbbf,0, #857E6E
aa4922a7e05c8400bbbf,1, #B5AD99
aa4922a7e05c8400bbbf,5, #D1C6B2
aa4922a7e05c8400bbbf,0, #FEFEF4
aa4922a7e05c8400bbbf,0, #625B49
aa4922a7e05c8400bbbf,92,#EDE4D0
aa4d8db54944fc5c7ff2,21,#D3D1C1
aa4d8db54944fc5c7ff2,17, #F7F7F1
aa4d8db54944fc5c7ff2,1, #514030
aa4d8db54944fc5c7ff2,33, #A99F8A
aa4d8db54944fc5c7ff2,4, #6D5C48
aa4d8db54944fc5c7ff2,22, #847764
aa4e6bc95d14c304a0f9,3,#F3F1ED
aa4e6bc95d14c304a0f9,7, #5D4D3E
aa4e6bc95d14c304a0f9,58, #D1D2C6
aa4e6bc95d14c304a0f9,22, #AAA195
aa4e6bc95d14c304a0f9,5, #7A6E5E
aa4e6bc95d14c304a0f9,3, #3E3023
aa4e6f88ea3b3892649b,29, #B1A081
aa4e6f88ea3b3892649b,4,#F6F4F1
aa4e6f88ea3b3892649b,58, #817059
aa4e6f88ea3b3892649b,1, #D9D4CD
aa4e6f88ea3b3892649b,4, #5B4635
aa4e6f88ea3b3892649b,0, #C3BAAD
aa5a5be5596a8e445461,0, #5A5950
aa5a5be5596a8e445461,84,#150D0A
aa5a5be5596a8e445461,0, #8C8F8B
aa5a5be5596a8e445461,0, #6D6C66
aa5a5be5596a8e445461,1, #9C7C57
aa5a5be5596a8e445461,3, #7D5D38
aa5a5be5596a8e445461,10, #463B2C
aa5c8c78086ae33b4262,4, #F4F6EF
aa5c8c78086ae33b4262,0, #3A231C
aa5c8c78086ae33b4262,10, #6B5A53
aa5c8c78086ae33b4262,6, #B3ADA3
aa5c8c78086ae33b4262,14, #523C35
aa5c8c78086ae33b4262,14, #897D76
aa5c8c78086ae33b4262,49,#D5D9C7
aa5d5ea1688873b4fca2,7, #625F53
aa5d5ea1688873b4fca2,2, #403F3A
aa5d5ea1688873b4fca2,26, #D5CEB1
aa5d5ea1688873b4fca2,6, #827F6E
aa5d5ea1688873b4fca2,41,#F4F1E3
aa5d5ea1688873b4fca2,15, #A8A38F
aa681a53b9481032ac5d,26, #4C443D
aa681a53b9481032ac5d,23, #C2BDA7
aa681a53b9481032ac5d,0, #8B8D9D
aa681a53b9481032ac5d,29,#251919
aa681a53b9481032ac5d,3, #EBE6C8
aa681a53b9481032ac5d,5, #7D725C
aa681a53b9481032ac5d,12, #A8976F
aa70697dab0431a81114,4,#433A2F
aa70697dab0431a81114,1, #1C1B14
aa70697dab0431a81114,71, #F1EDE0
aa70697dab0431a81114,2, #685D50
aa70697dab0431a81114,5, #908065
aa70697dab0431a81114,14, #C1B9A8
aa7541290190aa335896,74,#DDD8C7
aa7541290190aa335896,3, #BBB9B3
aa7541290190aa335896,4, #6D707D
aa7541290190aa335896,0, #F7F3E4
aa7541290190aa335896,0, #43517F
aa7541290190aa335896,2, #908F92
aa7541290190aa335896,14, #423D3B
aa784fa76026ed303e3a,4, #9B8E7B
aa784fa76026ed303e3a,8, #5D4C3F
aa784fa76026ed303e3a,11, #BBAE94
aa784fa76026ed303e3a,64,#E6D4AE
aa784fa76026ed303e3a,8, #7F7261
aa784fa76026ed303e3a,2, #3A281D
aa788140e45b3801b3cc,2, #474035
aa788140e45b3801b3cc,9, #837761
aa788140e45b3801b3cc,21, #D7D0BC
aa788140e45b3801b3cc,7, #F0E6D0
aa788140e45b3801b3cc,31,#C2BCAB
aa788140e45b3801b3cc,6, #685F4E
aa788140e45b3801b3cc,21, #9C937D
aa7b960fef9a9706a9c8,0, #8C3D1A
aa7b960fef9a9706a9c8,0, #B5A98A
aa7b960fef9a9706a9c8,0, #D8CAA6
aa7b960fef9a9706a9c8,3, #8A7C56
aa7b960fef9a9706a9c8,46, #4A4335
aa7b960fef9a9706a9c8,49,#131413
aa7f95e887300ed55329,38, #C0B9A1
aa7f95e887300ed55329,11,#E8E3CD
aa7f95e887300ed55329,12, #62564C
aa7f95e887300ed55329,12, #372A23
aa7f95e887300ed55329,5, #787067
aa7f95e887300ed55329,19, #A09680
aa81820b00a65a316006,6, #423E37
aa81820b00a65a316006,25, #666057
aa81820b00a65a316006,29, #C6BDAD
aa81820b00a65a316006,8,#F3EFE4
aa81820b00a65a316006,20, #A19A8D
aa81820b00a65a316006,10, #888176
aa81d6abf8c0b79c6ff6,19, #BBB2A4
aa81d6abf8c0b79c6ff6,19, #6F6964
aa81d6abf8c0b79c6ff6,26, #DAD0BD
aa81d6abf8c0b79c6ff6,3,#F6ECD6
aa81d6abf8c0b79c6ff6,6, #4A4644
aa81d6abf8c0b79c6ff6,23, #999187
aa954d6b9e056ebc3da1,4, #645F54
aa954d6b9e056ebc3da1,12, #888378
aa954d6b9e056ebc3da1,2, #454137
aa954d6b9e056ebc3da1,49,#F6F3EA
aa954d6b9e056ebc3da1,10, #ABA69B
aa954d6b9e056ebc3da1,12, #DFD7C5
aa954d6b9e056ebc3da1,9, #C5BFB4
aa9f2085c528ea57e80f,19, #EDE8D9
aa9f2085c528ea57e80f,4, #4C4340
aa9f2085c528ea57e80f,10, #2C2623
aa9f2085c528ea57e80f,3, #665E59
aa9f2085c528ea57e80f,49,#BFBCB2
aa9f2085c528ea57e80f,11, #81838B
aa9f2085c528ea57e80f,0, #465685
aa9f695fb9c88063fcd3,15, #B9B09A
aa9f695fb9c88063fcd3,11, #7A705A
aa9f695fb9c88063fcd3,5, #99917E
aa9f695fb9c88063fcd3,25, #DFDAC9
aa9f695fb9c88063fcd3,0,#FFFEF3
aa9f695fb9c88063fcd3,39, #594F3D
aaa39afe757fc3a9155f,6, #2A1D17
aaa39afe757fc3a9155f,6, #696161
aaa39afe757fc3a9155f,7, #938D84
aaa39afe757fc3a9155f,7, #4B403F
aaa39afe757fc3a9155f,6, #D3D3CE
aaa39afe757fc3a9155f,65,#BCB7A8
aab1457867a4132ae321,1, #B6ADA2
aab1457867a4132ae321,10, #988F85
aab1457867a4132ae321,5, #665852
aab1457867a4132ae321,5, #483A35
aab1457867a4132ae321,7, #DBD1B8
aab1457867a4132ae321,58,#F8F6EF
aab1457867a4132ae321,10, #7E716B
aab5c52301a93cc25b6e,26, #443427
aab5c52301a93cc25b6e,3, #AC987B
aab5c52301a93cc25b6e,0, #CABEA4
aab5c52301a93cc25b6e,0, #D2D1C3
aab5c52301a93cc25b6e,10, #625340
aab5c52301a93cc25b6e,12, #796E5B
aab5c52301a93cc25b6e,45,#160F0D
aab8bc3ef753202a4d29,7, #57544D
aab8bc3ef753202a4d29,1, #292725
aab8bc3ef753202a4d29,58, #C7C3B2
aab8bc3ef753202a4d29,5, #A9A597
aab8bc3ef753202a4d29,19, #EFEBD6
aab8bc3ef753202a4d29,7,#878479
aabacac8d16c105eed48,14, #543C0A
aabacac8d16c105eed48,2, #D3C170
aabacac8d16c105eed48,74,#1A1306
aabacac8d16c105eed48,1, #BAA653
aabacac8d16c105eed48,3, #9D8738
aabacac8d16c105eed48,3, #7F6920
aabc41ddf1091829eba1,16, #C9C4B2
aabc41ddf1091829eba1,2, #101009
aabc41ddf1091829eba1,6, #857E71
aabc41ddf1091829eba1,3, #322E23
aabc41ddf1091829eba1,53,#EEEDE0
aabc41ddf1091829eba1,5, #5A5447
aabc41ddf1091829eba1,11, #AAA393
aac4209e55ca7ce4dc43,22, #C2BAAB
aac4209e55ca7ce4dc43,1,#FBFAF5
aac4209e55ca7ce4dc43,23, #A6A092
aac4209e55ca7ce4dc43,11, #615D54
aac4209e55ca7ce4dc43,26, #E0D9C8
aac4209e55ca7ce4dc43,13, #868075
aac6ce09b310b53aa1c4,25,#8D7D59
aac6ce09b310b53aa1c4,19, #DED0B3
aac6ce09b310b53aa1c4,11, #2E2716
aac6ce09b310b53aa1c4,11, #090702
aac6ce09b310b53aa1c4,8, #B4A786
aac6ce09b310b53aa1c4,7, #4A3F25
aac6ce09b310b53aa1c4,15, #635737
aac9338fa5d53af43fd6,10, #ACA795
aac9338fa5d53af43fd6,0, #FCF8EA
aac9338fa5d53af43fd6,18, #C8C2AF
aac9338fa5d53af43fd6,17, #E7E0CB
aac9338fa5d53af43fd6,24,#767264
aac9338fa5d53af43fd6,17, #4C4A41
aac9338fa5d53af43fd6,11, #949080
aacd49cb2489cef8c14d,4, #88676D
aacd49cb2489cef8c14d,1, #45423D
aacd49cb2489cef8c14d,11, #5A5560
aacd49cb2489cef8c14d,32, #DAD6CF
aacd49cb2489cef8c14d,37,#C7BF9F
aacd49cb2489cef8c14d,2, #9E927D
aacd49cb2489cef8c14d,10, #FAF7E5
aad5c690f22fa3c6c891,47,#E0D0BE
aad5c690f22fa3c6c891,7, #47423D
aad5c690f22fa3c6c891,15, #C9B29E
aad5c690f22fa3c6c891,11, #70685E
aad5c690f22fa3c6c891,3, #F8F2E6
aad5c690f22fa3c6c891,14, #958A7C
aad5c690f22fa3c6c891,0, #C9876D
aada106a72d510303603,2, #33271A
aada106a72d510303603,49,#F6F3E6
aada106a72d510303603,15, #B3A994
aada106a72d510303603,24, #D8CEB8
aada106a72d510303603,1, #554838
aada106a72d510303603,1, #6C6555
aada106a72d510303603,4, #8D8068
aae92e790b3e8d4581f8,7, #B4B2A0
aae92e790b3e8d4581f8,1, #C8C6B3
aae92e790b3e8d4581f8,0, #483A20
aae92e790b3e8d4581f8,33, #958967
aae92e790b3e8d4581f8,45,#A89E85
aae92e790b3e8d4581f8,10, #7C7653
aae92e790b3e8d4581f8,1, #5B4F30
aae9c0afd6101c59d2fd,4, #33322B
aae9c0afd6101c59d2fd,6, #D9D5C2
aae9c0afd6101c59d2fd,5, #C0BCAB
aae9c0afd6101c59d2fd,21, #545247
aae9c0afd6101c59d2fd,14, #7B7769
aae9c0afd6101c59d2fd,35,#F7F5EE
aae9c0afd6101c59d2fd,12, #A29D8F
aaf9e29d55136ba7dfea,5, #554635
aaf9e29d55136ba7dfea,4, #716452
aaf9e29d55136ba7dfea,7, #8A7E6A
aaf9e29d55136ba7dfea,30, #E6DBBA
aaf9e29d55136ba7dfea,6, #A49881
aaf9e29d55136ba7dfea,46,#C5B89C
aaf9e29d55136ba7dfea,0, #3E2F1F
ab05886b2b56b316349b,0, #807043
ab05886b2b56b316349b,2, #51442B
ab05886b2b56b316349b,31, #312617
ab05886b2b56b316349b,0, #9F8D5E
ab05886b2b56b316349b,0, #B6AB86
ab05886b2b56b316349b,66,#0A0A07
ab1d872c095b7cef9943,2, #A48F6F
ab1d872c095b7cef9943,26, #41392A
ab1d872c095b7cef9943,9, #816B4F
ab1d872c095b7cef9943,0, #C8B79A
ab1d872c095b7cef9943,48,#1E1B17
ab1d872c095b7cef9943,12, #7A4D30
ab2719c7f951d0f086a2,20, #343332
ab2719c7f951d0f086a2,5, #100F0F
ab2719c7f951d0f086a2,22, #6F6D6C
ab2719c7f951d0f086a2,35, #D0CECF
ab2719c7f951d0f086a2,3,#F9F7F5
ab2719c7f951d0f086a2,12, #A5A4A4
ab2f627d753bfc965b31,11, #C4BE90
ab2f627d753bfc965b31,13, #958C65
ab2f627d753bfc965b31,8, #666145
ab2f627d753bfc965b31,40,#2C2918
ab2f627d753bfc965b31,4, #E8E1AA
ab2f627d753bfc965b31,8, #83794F
ab2f627d753bfc965b31,13, #564D2E
ab3714b08ec7329dd310,18, #989589
ab3714b08ec7329dd310,44, #CFCABD
ab3714b08ec7329dd310,6, #2B2D27
ab3714b08ec7329dd310,3,#F5F1E9
ab3714b08ec7329dd310,14, #474840
ab3714b08ec7329dd310,12, #6B6B60
ab4833ff5b5688c903cc,13, #4F4634
ab4833ff5b5688c903cc,10, #BDAA7D
ab4833ff5b5688c903cc,8, #C1BCA7
ab4833ff5b5688c903cc,13, #6B5F47
ab4833ff5b5688c903cc,29,#DED4AD
ab4833ff5b5688c903cc,2, #2E2A1C
ab4833ff5b5688c903cc,21, #978460
ab4ecbaae91588c5b17a,2,#F8F6F1
ab4ecbaae91588c5b17a,39, #D2CEC3
ab4ecbaae91588c5b17a,9, #78786D
ab4ecbaae91588c5b17a,8, #595A51
ab4ecbaae91588c5b17a,14, #393A35
ab4ecbaae91588c5b17a,24, #A5A298
ab50a723b3de143263c3,4, #7A6947
ab50a723b3de143263c3,1, #A39F82
ab50a723b3de143263c3,0, #783D28
ab50a723b3de143263c3,40,#1F1510
ab50a723b3de143263c3,1, #918966
ab50a723b3de143263c3,22, #594B33
ab50a723b3de143263c3,28, #4B281B
ab5114d711777bc9eb5d,7,#ECE9D9
ab5114d711777bc9eb5d,9, #8E8A7B
ab5114d711777bc9eb5d,5, #ABA796
ab5114d711777bc9eb5d,60, #CCC8B5
ab5114d711777bc9eb5d,8, #6E6B5D
ab5114d711777bc9eb5d,9, #464439
ab5a202cc376b436c322,3, #BA9E5D
ab5a202cc376b436c322,2, #746335
ab5a202cc376b436c322,53, #1A1705
ab5a202cc376b436c322,0, #E0BE6C
ab5a202cc376b436c322,0, #937C45
ab5a202cc376b436c322,39,#473E21
ab5d3d8d04712ec596ce,35,#F2E9D6
ab5d3d8d04712ec596ce,10, #4E4A3E
ab5d3d8d04712ec596ce,24, #716B5C
ab5d3d8d04712ec596ce,5, #A09786
ab5d3d8d04712ec596ce,14, #D6CDBB
ab5d3d8d04712ec596ce,9, #BDB4A2
ab5ee74a78a399e3a4eb,15, #F9F7F2
ab5ee74a78a399e3a4eb,39,#D8D0BC
ab5ee74a78a399e3a4eb,14, #746F5F
ab5ee74a78a399e3a4eb,9, #969080
ab5ee74a78a399e3a4eb,14, #B3AB98
ab5ee74a78a399e3a4eb,1, #333028
ab5ee74a78a399e3a4eb,5, #4E4A3E
ab62230dd0e3d3ca313c,8, #49463B
ab62230dd0e3d3ca313c,7, #645F51
ab62230dd0e3d3ca313c,8, #817A69
ab62230dd0e3d3ca313c,0, #FEFEFD
ab62230dd0e3d3ca313c,52,#E4DDCA
ab62230dd0e3d3ca313c,13, #BCB4A0
ab62230dd0e3d3ca313c,8, #9A9586
ab65c336a200964fc617,22, #F5F1E3
ab65c336a200964fc617,3,#C0B6A1
ab65c336a200964fc617,2, #A19685
ab65c336a200964fc617,69, #DED5C0
ab65c336a200964fc617,0, #6E5F51
ab65c336a200964fc617,2, #847767
ab6f69a3dadad3f18db9,1, #8E8B7E
ab6f69a3dadad3f18db9,0, #5F5D51
ab6f69a3dadad3f18db9,0, #BAB7A9
ab6f69a3dadad3f18db9,25, #DAD5C2
ab6f69a3dadad3f18db9,71,#F7F4E9
ab6f69a3dadad3f18db9,0, #39392E
ab723971c946f3d84b2e,9, #9F9485
ab723971c946f3d84b2e,1,#F9F7F0
ab723971c946f3d84b2e,57, #EADFC4
ab723971c946f3d84b2e,13, #74665B
ab723971c946f3d84b2e,8, #CBBFA7
ab723971c946f3d84b2e,9, #493A33
ab7ce26e7b1be01b8fe1,2, #CDBC9A
ab7ce26e7b1be01b8fe1,0, #DED4BB
ab7ce26e7b1be01b8fe1,14, #695033
ab7ce26e7b1be01b8fe1,58, #B9A37B
ab7ce26e7b1be01b8fe1,2,#F5F2E8
ab7ce26e7b1be01b8fe1,22, #968974
ab8673a6f4477bd459b9,1, #D3C7AC
ab8673a6f4477bd459b9,46, #867E46
ab8673a6f4477bd459b9,45, #495049
ab8673a6f4477bd459b9,3, #372D1C
ab8673a6f4477bd459b9,1,#F6EDCF
ab8673a6f4477bd459b9,0, #ABA489
ab8e9ea707b01ca57134,7, #9D9579
ab8e9ea707b01ca57134,4, #564E44
ab8e9ea707b01ca57134,39,#B6B090
ab8e9ea707b01ca57134,7, #7C7362
ab8e9ea707b01ca57134,20, #CDCAAE
ab8e9ea707b01ca57134,3, #3B372F
ab8e9ea707b01ca57134,18, #ECEDDD
ab91affa6927e22e08a7,5,#24200C
ab91affa6927e22e08a7,22, #5F5429
ab91affa6927e22e08a7,20, #C8BC8D
ab91affa6927e22e08a7,7, #AA9856
ab91affa6927e22e08a7,30, #40381B
ab91affa6927e22e08a7,12, #7A7149
ab91c88a12f16dce6b29,10, #9E998B
ab91c88a12f16dce6b29,51, #DFD9C8
ab91c88a12f16dce6b29,9, #4E4A41
ab91c88a12f16dce6b29,12, #BEB8A9
ab91c88a12f16dce6b29,10, #7D776B
ab91c88a12f16dce6b29,6,#F9F7EB
ab94627a7345497fcedd,13,#857E6E
ab94627a7345497fcedd,4, #4D4130
ab94627a7345497fcedd,16, #A2977F
ab94627a7345497fcedd,3, #302C22
ab94627a7345497fcedd,42, #B4AFA0
ab94627a7345497fcedd,19, #6F5F48
ab96695b9e143935b700,7, #5F6156
ab96695b9e143935b700,6, #868677
ab96695b9e143935b700,8, #2E342A
ab96695b9e143935b700,8, #A9A693
ab96695b9e143935b700,30,#F8F4E1
ab96695b9e143935b700,38, #D1C9B0
ab98da7db3d7f97ae1d6,21, #7F775D
ab98da7db3d7f97ae1d6,0,#191913
ab98da7db3d7f97ae1d6,30, #675D3E
ab98da7db3d7f97ae1d6,33, #47412C
ab98da7db3d7f97ae1d6,2, #968F73
ab98da7db3d7f97ae1d6,12, #2C291D
ab99e91073632c6a8042,11, #7B6C59
ab99e91073632c6a8042,23, #5D4A3A
ab99e91073632c6a8042,0,#F6EFD5
ab99e91073632c6a8042,15, #9E9177
ab99e91073632c6a8042,39, #CEC5A7
ab99e91073632c6a8042,9, #3B281F
aba5fd18a7c4bb326a0d,1, #91633D
aba5fd18a7c4bb326a0d,10, #656D60
aba5fd18a7c4bb326a0d,7,#768388
aba5fd18a7c4bb326a0d,17, #5F4B35
aba5fd18a7c4bb326a0d,29, #A59A80
aba5fd18a7c4bb326a0d,33, #382C24
abaad68fb793f32bc3d6,54,#E4E0D2
abaad68fb793f32bc3d6,21, #B9B3A6
abaad68fb793f32bc3d6,0, #3D382E
abaad68fb793f32bc3d6,2, #5B5549
abaad68fb793f32bc3d6,13, #938D80
abaad68fb793f32bc3d6,7, #766F62
abae6043117a12929c78,0,#9B9376
abae6043117a12929c78,68, #20201A
abae6043117a12929c78,1, #897C61
abae6043117a12929c78,2, #776049
abae6043117a12929c78,4, #625439
abae6043117a12929c78,22, #584126
abb8edd37c01d3246175,7, #7D5C37
abb8edd37c01d3246175,34,#DBCB93
abb8edd37c01d3246175,9, #928C64
abb8edd37c01d3246175,1, #1F1D13
abb8edd37c01d3246175,11, #483D24
abb8edd37c01d3246175,33, #B4A680
abb8edd37c01d3246175,1, #B96E4B
abb95d72fd04ee15a301,13, #8C725A
abb95d72fd04ee15a301,13, #C4B7A4
abb95d72fd04ee15a301,3, #403A35
abb95d72fd04ee15a301,14, #E1D5C5
abb95d72fd04ee15a301,4, #F9F6EC
abb95d72fd04ee15a301,24, #61584E
abb95d72fd04ee15a301,25,#A49685
abbc6de188725b0e4b79,25, #372C23
abbc6de188725b0e4b79,47, #D8D3BE
abbc6de188725b0e4b79,8, #675D50
abbc6de188725b0e4b79,8, #837A6C
abbc6de188725b0e4b79,0,#FEFAEB
abbc6de188725b0e4b79,9, #AAA291
abc03a2a05fcc7225774,11, #5A5547
abc03a2a05fcc7225774,4, #403C34
abc03a2a05fcc7225774,18, #F7F3E8
abc03a2a05fcc7225774,22,#B8AF9A
abc03a2a05fcc7225774,16, #807867
abc03a2a05fcc7225774,15, #DAD0BA
abc03a2a05fcc7225774,10, #989182
abcbcdfc7c3560029786,20, #8F7935
abcbcdfc7c3560029786,6, #22170B
abcbcdfc7c3560029786,12, #D4C67E
abcbcdfc7c3560029786,31, #705420
abcbcdfc7c3560029786,15, #4E3110
abcbcdfc7c3560029786,13,#AD9850
abcd39a6e7851fc6d803,22,#F8F3E2
abcd39a6e7851fc6d803,16, #69685B
abcd39a6e7851fc6d803,13, #49493F
abcd39a6e7851fc6d803,11, #D6CFBC
abcd39a6e7851fc6d803,12, #9D9B8B
abcd39a6e7851fc6d803,7, #BAB5A2
abcd39a6e7851fc6d803,16, #848274
abcdb8af32f20a8e1c00,5, #5E5348
abcdb8af32f20a8e1c00,20, #7E7369
abcdb8af32f20a8e1c00,1, #3F3527
abcdb8af32f20a8e1c00,5, #F6F4F3
abcdb8af32f20a8e1c00,0, #21170C
abcdb8af32f20a8e1c00,20, #D2CCBB
abcdb8af32f20a8e1c00,46,#A29A8C
abcee45b1da3be712928,10, #B7B19E
abcee45b1da3be712928,7, #928E7E
abcee45b1da3be712928,41, #F7F3E0
abcee45b1da3be712928,19, #3A3A33
abcee45b1da3be712928,12, #6E6C60
abcee45b1da3be712928,9,#DDD7C0
abd1710a11b57c37e64c,21, #F4F2E0
abd1710a11b57c37e64c,34, #C7C0A7
abd1710a11b57c37e64c,12, #AFA68A
abd1710a11b57c37e64c,2, #453B2E
abd1710a11b57c37e64c,21, #93876B
abd1710a11b57c37e64c,8,#6D634E
abd878591af1dc4a4b6f,22, #CEC5B2
abd878591af1dc4a4b6f,3, #6E665F
abd878591af1dc4a4b6f,27, #EEE3CE
abd878591af1dc4a4b6f,13, #837C72
abd878591af1dc4a4b6f,0, #FEFCE7
abd878591af1dc4a4b6f,29,#A89F91
abd878591af1dc4a4b6f,2, #57504B
abe46fdf97b0343ebb96,26, #706A42
abe46fdf97b0343ebb96,3, #27241C
abe46fdf97b0343ebb96,5, #A99B63
abe46fdf97b0343ebb96,0, #D4C999
abe46fdf97b0343ebb96,26, #46412B
abe46fdf97b0343ebb96,31,#B1AD93
abe46fdf97b0343ebb96,5, #887D52
abe4986ec4bdaeaf4ea7,12,#1A1208
abe4986ec4bdaeaf4ea7,4, #A18C49
abe4986ec4bdaeaf4ea7,2, #637644
abe4986ec4bdaeaf4ea7,35, #835323
abe4986ec4bdaeaf4ea7,44, #463F1F
abe4986ec4bdaeaf4ea7,0, #D0BB69
abea0e0c68dac13d26df,8, #8A7852
abea0e0c68dac13d26df,28, #4F3D2B
abea0e0c68dac13d26df,22, #8A4D3C
abea0e0c68dac13d26df,29,#28231A
abea0e0c68dac13d26df,3, #D6C48E
abea0e0c68dac13d26df,3, #B8A775
abea0e0c68dac13d26df,5, #9C9165
abed6ffa00ee5558c9fd,9, #998396
abed6ffa00ee5558c9fd,13, #BDB5A1
abed6ffa00ee5558c9fd,4, #736888
abed6ffa00ee5558c9fd,38, #382926
abed6ffa00ee5558c9fd,8,#140C09
abed6ffa00ee5558c9fd,26, #65414E
abee297893d5a17628ea,0, #AA8A4E
abee297893d5a17628ea,0, #81857B
abee297893d5a17628ea,14, #654925
abee297893d5a17628ea,20, #846E4A
abee297893d5a17628ea,44,#16140E
abee297893d5a17628ea,18, #40301D
abee297893d5a17628ea,1, #B1A27F
abf2b753ac13f3496afb,11, #807B77
abf2b753ac13f3496afb,20, #C4BEB6
abf2b753ac13f3496afb,18, #F0EBE2
abf2b753ac13f3496afb,15, #353231
abf2b753ac13f3496afb,5,#A19C96
abf2b753ac13f3496afb,27, #5B5754
abf8ce7df6d7dc7862da,13, #BAAC8E
abf8ce7df6d7dc7862da,3,#FAF6EE
abf8ce7df6d7dc7862da,13, #968F7D
abf8ce7df6d7dc7862da,31, #5A5448
abf8ce7df6d7dc7862da,24, #7F7766
abf8ce7df6d7dc7862da,12, #E3D6B5
abf9d0d339f9cb8f00b7,31, #655343
abf9d0d339f9cb8f00b7,8, #A69987
abf9d0d339f9cb8f00b7,29, #81715D
abf9d0d339f9cb8f00b7,5, #493B33
abf9d0d339f9cb8f00b7,13,#E7E3D1
abf9d0d339f9cb8f00b7,11, #C7BFAF
abfb485410c3d96d39bd,0, #B2A387
abfb485410c3d96d39bd,0, #D5D0BA
abfb485410c3d96d39bd,58, #16130C
abfb485410c3d96d39bd,21, #745133
abfb485410c3d96d39bd,16, #432F1C
abfb485410c3d96d39bd,1,#8B7759
abfe31885bc5826cc8ad,1, #798898
abfe31885bc5826cc8ad,12, #9F873E
abfe31885bc5826cc8ad,58, #56513F
abfe31885bc5826cc8ad,4, #B6B197
abfe31885bc5826cc8ad,0, #D9D7C7
abfe31885bc5826cc8ad,22,#221A0D
ac0327a5934154608fbc,3, #F7F6EF
ac0327a5934154608fbc,21, #615F54
ac0327a5934154608fbc,25, #989588
ac0327a5934154608fbc,29,#BDB9AA
ac0327a5934154608fbc,14, #807D71
ac0327a5934154608fbc,0, #403E36
ac0327a5934154608fbc,5, #E0DCCB
ac0416efe94cf30f1ee0,10, #F3EFE5
ac0416efe94cf30f1ee0,10, #B1A58D
ac0416efe94cf30f1ee0,4, #494030
ac0416efe94cf30f1ee0,38,#D2CBB5
ac0416efe94cf30f1ee0,29, #756D5B
ac0416efe94cf30f1ee0,0, #251C0D
ac0416efe94cf30f1ee0,5, #998E77
ac052772514b6239239c,10, #AFACA0
ac052772514b6239239c,11, #45433C
ac052772514b6239239c,40, #DCD7C6
ac052772514b6239239c,7,#FBF9F3
ac052772514b6239239c,20, #6B6961
ac052772514b6239239c,10, #8A8880
ac06f094bbf0f3416995,13, #F8F6EF
ac06f094bbf0f3416995,50, #C6B697
ac06f094bbf0f3416995,0,#93928D
ac06f094bbf0f3416995,9, #DFD5BF
ac06f094bbf0f3416995,21, #A49066
ac06f094bbf0f3416995,3, #836F44
ac0a3201d250e1ac2570,6, #C1AE94
ac0a3201d250e1ac2570,2, #A18F79
ac0a3201d250e1ac2570,23,#F7EFD8
ac0a3201d250e1ac2570,64, #E0D1B8
ac0a3201d250e1ac2570,0, #72553F
ac0a3201d250e1ac2570,1, #8A6F57
ac126f07d65c3cb474d7,8, #DCDAD1
ac126f07d65c3cb474d7,45,#515047
ac126f07d65c3cb474d7,5, #292721
ac126f07d65c3cb474d7,9, #A5A195
ac126f07d65c3cb474d7,3, #C4C0B5
ac126f07d65c3cb474d7,12, #F5F4F2
ac126f07d65c3cb474d7,15, #76746D
ac17672a3920743577fa,76, #494135
ac17672a3920743577fa,9, #DAD1BD
ac17672a3920743577fa,0, #161612
ac17672a3920743577fa,7, #80796B
ac17672a3920743577fa,2,#FBFAF6
ac17672a3920743577fa,3, #AEA898
ac1f40d7d02d42b58bed,25,#E5DBC4
ac1f40d7d02d42b58bed,9, #4F4A42
ac1f40d7d02d42b58bed,6, #F9F6EE
ac1f40d7d02d42b58bed,8, #B2A894
ac1f40d7d02d42b58bed,23, #908878
ac1f40d7d02d42b58bed,14, #6C6559
ac1f40d7d02d42b58bed,10, #D0C5AE
ac20f9b61b44e5b44821,8, #46452F
ac20f9b61b44e5b44821,0, #DDCD97
ac20f9b61b44e5b44821,23, #6F7256
ac20f9b61b44e5b44821,12, #B8BFAC
ac20f9b61b44e5b44821,24, #B7A670
ac20f9b61b44e5b44821,28,#D9E1D5
ac20f9b61b44e5b44821,2, #26261A
ac2cd70f62d2e1f8ff1c,4, #D7CEA8
ac2cd70f62d2e1f8ff1c,1, #F8F5E2
ac2cd70f62d2e1f8ff1c,15, #3F3016
ac2cd70f62d2e1f8ff1c,20, #61583A
ac2cd70f62d2e1f8ff1c,14, #918767
ac2cd70f62d2e1f8ff1c,35,#100804
ac2cd70f62d2e1f8ff1c,8, #B0A583
ac48b35be8d99f7965a6,83, #210D0C
ac48b35be8d99f7965a6,10,#524829
ac48b35be8d99f7965a6,1, #AF9F75
ac48b35be8d99f7965a6,0, #D9CCA8
ac48b35be8d99f7965a6,0, #712717
ac48b35be8d99f7965a6,3, #877A4E
ac499f8af37142f7bb31,2, #9B895E
ac499f8af37142f7bb31,1,#1A1812
ac499f8af37142f7bb31,32, #6B462B
ac499f8af37142f7bb31,40, #4A2D1D
ac499f8af37142f7bb31,0, #B6A777
ac499f8af37142f7bb31,22, #856B46
ac4e51519b58b703d2e4,0, #9F7E53
ac4e51519b58b703d2e4,65, #2F271F
ac4e51519b58b703d2e4,21,#171610
ac4e51519b58b703d2e4,3, #5A4C3A
ac4e51519b58b703d2e4,6, #41372A
ac4e51519b58b703d2e4,1, #836946
ac51218aa72fa2ce7ed7,17, #97927F
ac51218aa72fa2ce7ed7,18, #454338
ac51218aa72fa2ce7ed7,8, #BAB39E
ac51218aa72fa2ce7ed7,14, #736E5E
ac51218aa72fa2ce7ed7,22,#F3ECD3
ac51218aa72fa2ce7ed7,17, #D3CBB4
ac57493460a21854e946,12, #514E46
ac57493460a21854e946,2, #37352F
ac57493460a21854e946,21,#9D998F
ac57493460a21854e946,15, #D4CFC4
ac57493460a21854e946,16, #F0EDE2
ac57493460a21854e946,20, #757268
ac57493460a21854e946,10, #B9B5AA
ac5b1b0a2c59138db699,0, #EBEAE4
ac5b1b0a2c59138db699,7, #766D5F
ac5b1b0a2c59138db699,7, #554B3E
ac5b1b0a2c59138db699,0, #322619
ac5b1b0a2c59138db699,73,#ADA48D
ac5b1b0a2c59138db699,2, #D0CEC7
ac5b1b0a2c59138db699,7, #8D8575
ac734757eb07f4fd472a,4, #BAB6AB
ac734757eb07f4fd472a,1, #DCD9CE
ac734757eb07f4fd472a,17, #7A7468
ac734757eb07f4fd472a,9, #989388
ac734757eb07f4fd472a,40,#F7F6EF
ac734757eb07f4fd472a,27, #4C483C
ac7924f7e2f1c07f4ca5,6, #D6CCB7
ac7924f7e2f1c07f4ca5,26, #8D7B6A
ac7924f7e2f1c07f4ca5,35, #5E493D
ac7924f7e2f1c07f4ca5,9, #BBAE9A
ac7924f7e2f1c07f4ca5,10, #3C271E
ac7924f7e2f1c07f4ca5,11,#F2EAD7
ac8192be315f2ebb2e3e,3, #958457
ac8192be315f2ebb2e3e,0, #EADBA5
ac8192be315f2ebb2e3e,5, #B2A277
ac8192be315f2ebb2e3e,1, #C9BC91
ac8192be315f2ebb2e3e,46,#6D5832
ac8192be315f2ebb2e3e,22, #40331F
ac8192be315f2ebb2e3e,20, #20190E
ac82b41b58f13423bebd,4, #716750
ac82b41b58f13423bebd,14, #56402B
ac82b41b58f13423bebd,40, #3C2415
ac82b41b58f13423bebd,3, #9C9975
ac82b41b58f13423bebd,37,#12100A
ac82b41b58f13423bebd,0, #BABC9D
ac82fb8a99362f347dae,75,#171817
ac82fb8a99362f347dae,13, #503B2A
ac82fb8a99362f347dae,0, #E8D7A4
ac82fb8a99362f347dae,5, #A69362
ac82fb8a99362f347dae,0, #D3BD83
ac82fb8a99362f347dae,4, #955937
ac894721ebd02c73c949,6,#F8F6EF
ac894721ebd02c73c949,8, #3E2F24
ac894721ebd02c73c949,25, #847767
ac894721ebd02c73c949,18, #5E4C3C
ac894721ebd02c73c949,29, #D3CBBA
ac894721ebd02c73c949,11, #A79E8F
ac8b4bf4bc9f8d39a0dd,6, #7A667F
ac8b4bf4bc9f8d39a0dd,48,#E2E1D3
ac8b4bf4bc9f8d39a0dd,10, #AA9B93
ac8b4bf4bc9f8d39a0dd,27, #C5BFAF
ac8b4bf4bc9f8d39a0dd,4, #5E4332
ac8b4bf4bc9f8d39a0dd,2, #392216
ac8e3b5317536901aef0,18, #515048
ac8e3b5317536901aef0,5, #9B9B8F
ac8e3b5317536901aef0,29, #E0DED2
ac8e3b5317536901aef0,10, #7D7D72
ac8e3b5317536901aef0,29,#302F28
ac8e3b5317536901aef0,0, #FEFEF7
ac8e3b5317536901aef0,7, #B8B8AC
ac93ff27c58d03c910b1,8, #544F46
ac93ff27c58d03c910b1,30,#CBC2AF
ac93ff27c58d03c910b1,9, #ABA391
ac93ff27c58d03c910b1,6, #989080
ac93ff27c58d03c910b1,15, #7F786A
ac93ff27c58d03c910b1,29, #EFE7D2
ac93ff27c58d03c910b1,0, #34312C
ac9aa515a7259395b1e7,3, #827B6E
ac9aa515a7259395b1e7,10, #C7C1B0
ac9aa515a7259395b1e7,2, #665F53
ac9aa515a7259395b1e7,6, #9E9789
ac9aa515a7259395b1e7,0, #464037
ac9aa515a7259395b1e7,76,#F1EAD7
ac9ccb37bf37b311298f,4, #C1B59C
ac9ccb37bf37b311298f,1, #423826
ac9ccb37bf37b311298f,2, #6C5E44
ac9ccb37bf37b311298f,1, #9E937D
ac9ccb37bf37b311298f,1, #8A7858
ac9ccb37bf37b311298f,87,#F4F0E0
aca12fd776686b7d7d34,1, #D2BA6F
aca12fd776686b7d7d34,3, #A98D44
aca12fd776686b7d7d34,48, #2F220F
aca12fd776686b7d7d34,4, #7F6F4A
aca12fd776686b7d7d34,42, #57492E
aca12fd776686b7d7d34,0,#9B988D
acb82b71e92bc23b8753,15, #69665A
acb82b71e92bc23b8753,0, #403F36
acb82b71e92bc23b8753,47, #C2BBAC
acb82b71e92bc23b8753,32, #9C9689
acb82b71e92bc23b8753,0, #E5DFD0
acb82b71e92bc23b8753,3,#FBF8F1
acc1c0944ca1374ff61e,15, #4F4D47
acc1c0944ca1374ff61e,15, #32312C
acc1c0944ca1374ff61e,35, #9F9A8D
acc1c0944ca1374ff61e,18, #716D66
acc1c0944ca1374ff61e,9, #CFC5AF
acc1c0944ca1374ff61e,5,#F0EDE0
acc45d18d784e9c4f12f,5, #9A9276
acc45d18d784e9c4f12f,0, #4A3719
acc45d18d784e9c4f12f,0, #71623B
acc45d18d784e9c4f12f,82, #CECBBC
acc45d18d784e9c4f12f,7, #B4AD91
acc45d18d784e9c4f12f,3,#F5F1E6
accc29793930a15fc3b3,2, #565449
accc29793930a15fc3b3,1, #2A2927
accc29793930a15fc3b3,29, #F2EED5
accc29793930a15fc3b3,16, #A09F86
accc29793930a15fc3b3,19, #7C7864
accc29793930a15fc3b3,0, #B26A50
accc29793930a15fc3b3,30,#C2C2AD
acd1b5565049e548091a,3, #958E6C
acd1b5565049e548091a,5,#5F5537
acd1b5565049e548091a,1, #7D7654
acd1b5565049e548091a,2, #C4BC98
acd1b5565049e548091a,2, #ADA785
acd1b5565049e548091a,84, #271F13
acd1c0a15e97b66c01df,20, #A9A598
acd1c0a15e97b66c01df,20, #514F47
acd1c0a15e97b66c01df,21, #CDC9B9
acd1c0a15e97b66c01df,1, #31312A
acd1c0a15e97b66c01df,30, #7A776D
acd1c0a15e97b66c01df,5,#F1EFE3
acdb00fa24a31e9b80af,6, #45433A
acdb00fa24a31e9b80af,14, #DBD7C8
acdb00fa24a31e9b80af,15, #9E9C8D
acdb00fa24a31e9b80af,29,#C1BDAD
acdb00fa24a31e9b80af,13, #827F6F
acdb00fa24a31e9b80af,4, #6A6759
acdb00fa24a31e9b80af,16, #F5F4EB
ace1d9b6bb90c6b42053,8, #736440
ace1d9b6bb90c6b42053,49,#211C0E
ace1d9b6bb90c6b42053,2, #92805A
ace1d9b6bb90c6b42053,0, #EBEAE0
ace1d9b6bb90c6b42053,1, #AD9B75
ace1d9b6bb90c6b42053,3, #C7B78C
ace1d9b6bb90c6b42053,33, #594820
acef0a89d63d1a47cf66,14, #8C897D
acef0a89d63d1a47cf66,11, #BAB5A8
acef0a89d63d1a47cf66,5, #636157
acef0a89d63d1a47cf66,46, #D7D1C2
acef0a89d63d1a47cf66,4, #3A3931
acef0a89d63d1a47cf66,17,#F6F2E2
acf59f587676b9324649,7, #EBDFCF
acf59f587676b9324649,12, #79716B
acf59f587676b9324649,27, #574F4D
acf59f587676b9324649,23, #948C84
acf59f587676b9324649,6, #34312F
acf59f587676b9324649,22,#BCB4A8
acf6b5c2b751cada7b5d,4, #32312A
acf6b5c2b751cada7b5d,0, #AAA685
acf6b5c2b751cada7b5d,8, #EFEACC
acf6b5c2b751cada7b5d,14, #CECCAF
acf6b5c2b751cada7b5d,15, #4B4738
acf6b5c2b751cada7b5d,35,#8F8B69
acf6b5c2b751cada7b5d,20, #6A6346
acfb1be526811828f5d8,14, #898784
acfb1be526811828f5d8,7, #A7A49E
acfb1be526811828f5d8,43, #EEEBE3
acfb1be526811828f5d8,26, #C2BDB3
acfb1be526811828f5d8,5,#686663
acfb1be526811828f5d8,2, #3C3B3A
acfccf69071e6c045ada,19, #7F7A71
acfccf69071e6c045ada,6, #CBC4B9
acfccf69071e6c045ada,5, #B8AB96
acfccf69071e6c045ada,9, #36332D
acfccf69071e6c045ada,10, #9C978D
acfccf69071e6c045ada,7, #E5DED0
acfccf69071e6c045ada,40,#5C584F
acff86097ba77b921742,2, #352822
acff86097ba77b921742,9, #AFA69D
acff86097ba77b921742,7, #63564F
acff86097ba77b921742,14, #8E847C
acff86097ba77b921742,38,#F1EFDC
acff86097ba77b921742,27, #CEC5B3
ad024630cd62815d0a0e,25,#5B5A47
ad024630cd62815d0a0e,3, #BABEBA
ad024630cd62815d0a0e,13, #0F0F06
ad024630cd62815d0a0e,15, #93978E
ad024630cd62815d0a0e,20, #393926
ad024630cd62815d0a0e,22, #777A6B
ad0897cfe7a2667ed899,2, #C1B087
ad0897cfe7a2667ed899,28, #5E4827
ad0897cfe7a2667ed899,12, #856F45
ad0897cfe7a2667ed899,5, #9A8A65
ad0897cfe7a2667ed899,20, #392812
ad0897cfe7a2667ed899,30,#191306
ad0897cfe7a2667ed899,0, #DCD2AD
ad0fb7217f8082b2c1ea,3, #393B33
ad0fb7217f8082b2c1ea,30, #BAB6AA
ad0fb7217f8082b2c1ea,12, #97958A
ad0fb7217f8082b2c1ea,0,#F7F2E2
ad0fb7217f8082b2c1ea,5, #6A6A5F
ad0fb7217f8082b2c1ea,47, #DDD7CB
ad10d06eb91b2bb574b4,33, #A29A85
ad10d06eb91b2bb574b4,11, #393730
ad10d06eb91b2bb574b4,11,#5D584D
ad10d06eb91b2bb574b4,22, #BDB49D
ad10d06eb91b2bb574b4,4, #D4CAB2
ad10d06eb91b2bb574b4,16, #7D7767
ad134264f07690f44ac2,11, #776850
ad134264f07690f44ac2,19, #998E77
ad134264f07690f44ac2,14,#F2F1E9
ad134264f07690f44ac2,12, #4F4737
ad134264f07690f44ac2,8, #2A2823
ad134264f07690f44ac2,33, #C1BBA4
ad1a495e846bb2b2f3a6,25, #ACA08B
ad1a495e846bb2b2f3a6,0, #3F342B
ad1a495e846bb2b2f3a6,4,#F6F4E7
ad1a495e846bb2b2f3a6,1, #D7CEBA
ad1a495e846bb2b2f3a6,49, #87744F
ad1a495e846bb2b2f3a6,19, #645134
ad1c43189dd07ea18a86,4, #747769
ad1c43189dd07ea18a86,0, #9DA19D
ad1c43189dd07ea18a86,0, #EDDB86
ad1c43189dd07ea18a86,58,#4B4737
ad1c43189dd07ea18a86,27, #131618
ad1c43189dd07ea18a86,5, #C4A452
ad1c43189dd07ea18a86,3, #8F6D2D
ad1e0843feb034bc2f13,24, #D1CBB8
ad1e0843feb034bc2f13,15, #605E53
ad1e0843feb034bc2f13,26,#AFAB9D
ad1e0843feb034bc2f13,14, #F0EBDC
ad1e0843feb034bc2f13,2, #393931
ad1e0843feb034bc2f13,17, #9D8668
ad202c04266ee35e442a,4, #4B4B40
ad202c04266ee35e442a,6, #A39F8F
ad202c04266ee35e442a,36,#F2EEDD
ad202c04266ee35e442a,11, #666556
ad202c04266ee35e442a,16, #838070
ad202c04266ee35e442a,1, #2F2F27
ad202c04266ee35e442a,23, #C8C3B3
ad28d42ef26f5327c7dd,25, #D8D8C0
ad28d42ef26f5327c7dd,23, #51331F
ad28d42ef26f5327c7dd,21, #9DA495
ad28d42ef26f5327c7dd,11, #100E0A
ad28d42ef26f5327c7dd,5,#596663
ad28d42ef26f5327c7dd,12, #A66A3E
ad2f52d3fc5d8c838ba0,31,#E0DCC8
ad2f52d3fc5d8c838ba0,11, #BAB7A7
ad2f52d3fc5d8c838ba0,12, #3F3E35
ad2f52d3fc5d8c838ba0,15, #616055
ad2f52d3fc5d8c838ba0,17, #807F72
ad2f52d3fc5d8c838ba0,1, #FEFDEA
ad2f52d3fc5d8c838ba0,9, #9F9D8E
ad32fe6b1ebdf18011cd,48,#F4F2E8
ad32fe6b1ebdf18011cd,8, #49483F
ad32fe6b1ebdf18011cd,10, #D2CEBA
ad32fe6b1ebdf18011cd,5, #ACA898
ad32fe6b1ebdf18011cd,22, #6E6B5E
ad32fe6b1ebdf18011cd,4, #8F8B7D
ad4b4796731455fb8be6,15, #8C8A7B
ad4b4796731455fb8be6,21, #ADAA9C
ad4b4796731455fb8be6,36, #DBD9CB
ad4b4796731455fb8be6,9, #3B3A2E
ad4b4796731455fb8be6,12, #6A6A5A
ad4b4796731455fb8be6,5,#F9F8F0
ad4f5226b34635dbb598,3, #1B1910
ad4f5226b34635dbb598,15,#5E5B4E
ad4f5226b34635dbb598,37, #7A7766
ad4f5226b34635dbb598,2, #CBC5AB
ad4f5226b34635dbb598,18, #A29C83
ad4f5226b34635dbb598,23, #423726
ad52c5825489e1ce0000,21, #8C8574
ad52c5825489e1ce0000,3, #444140
ad52c5825489e1ce0000,13, #686358
ad52c5825489e1ce0000,26, #D8D7CE
ad52c5825489e1ce0000,2,#EEEFEC
ad52c5825489e1ce0000,33, #B4AFA1
ad5d53abbebb68b6f1b8,27, #878078
ad5d53abbebb68b6f1b8,8, #6D655C
ad5d53abbebb68b6f1b8,0, #FBF8F6
ad5d53abbebb68b6f1b8,3, #D8D6CE
ad5d53abbebb68b6f1b8,2, #433B2F
ad5d53abbebb68b6f1b8,53,#A7A08F
ad5d53abbebb68b6f1b8,2, #C1BBAC
ad64bae2da8a9ce1faae,38,#E2DFC9
ad64bae2da8a9ce1faae,19, #5A5249
ad64bae2da8a9ce1faae,30, #231D17
ad64bae2da8a9ce1faae,7, #837866
ad64bae2da8a9ce1faae,1, #BCB7A4
ad64bae2da8a9ce1faae,1, #A49A84
ad64bae2da8a9ce1faae,0, #FBFAE6
ad682d18aec9d37adbe2,8, #CBBEA2
ad682d18aec9d37adbe2,69, #E7DEC4
ad682d18aec9d37adbe2,5, #AB9E8A
ad682d18aec9d37adbe2,3, #8D7E6B
ad682d18aec9d37adbe2,5,#F8F6F0
ad682d18aec9d37adbe2,8, #595148
ad6b49a2a683734291a8,12, #706C5E
ad6b49a2a683734291a8,11, #46443A
ad6b49a2a683734291a8,21,#8A8677
ad6b49a2a683734291a8,39, #D4CEBD
ad6b49a2a683734291a8,14, #AAA494
ad6b49a2a683734291a8,0, #F9F4E7
ad6bea1322d0fe3e9be3,2, #393537
ad6bea1322d0fe3e9be3,15, #575250
ad6bea1322d0fe3e9be3,28, #A8A197
ad6bea1322d0fe3e9be3,17, #DCD3C3
ad6bea1322d0fe3e9be3,13, #7D7771
ad6bea1322d0fe3e9be3,21,#FAF6E5
ad742ad62411423e9682,7, #52472D
ad742ad62411423e9682,0, #BCB88E
ad742ad62411423e9682,63,#2E2217
ad742ad62411423e9682,1, #7A6D45
ad742ad62411423e9682,3, #98865A
ad742ad62411423e9682,3, #AEA478
ad742ad62411423e9682,19, #0A0909
ad74365c8f17068628f7,28,#C4BAA3
ad74365c8f17068628f7,4, #3A3731
ad74365c8f17068628f7,8, #F8F6EA
ad74365c8f17068628f7,23, #DED6BE
ad74365c8f17068628f7,11, #544F45
ad74365c8f17068628f7,12, #7A7566
ad74365c8f17068628f7,9, #A59D8A
ad74bdd9648332cb6851,0, #F3DEB4
ad74bdd9648332cb6851,42,#CDBE9D
ad74bdd9648332cb6851,1, #413326
ad74bdd9648332cb6851,5, #574A3A
ad74bdd9648332cb6851,22, #91856F
ad74bdd9648332cb6851,16, #AFA287
ad74bdd9648332cb6851,9, #6D6150
ad77d34de4c9b3b8b23d,18, #38342B
ad77d34de4c9b3b8b23d,2,#736045
ad77d34de4c9b3b8b23d,3, #94866D
ad77d34de4c9b3b8b23d,0, #AFAEA4
ad77d34de4c9b3b8b23d,74, #13120F
ad77d34de4c9b3b8b23d,0, #DED1B0
ad788713d3553f12de2d,7, #ACAFA1
ad788713d3553f12de2d,16, #595D4D
ad788713d3553f12de2d,0, #CECEBD
ad788713d3553f12de2d,8,#070603
ad788713d3553f12de2d,7, #858B77
ad788713d3553f12de2d,58, #302C1D
ad7a407a120c9c627107,2, #5F5645
ad7a407a120c9c627107,4, #807761
ad7a407a120c9c627107,3, #3B3022
ad7a407a120c9c627107,0, #0D0905
ad7a407a120c9c627107,6, #AA9E85
ad7a407a120c9c627107,1, #F8F7F1
ad7a407a120c9c627107,82,#D4CCB6
ad7f74c7f71944376c92,0, #969590
ad7f74c7f71944376c92,5, #C1AC87
ad7f74c7f71944376c92,29, #705A40
ad7f74c7f71944376c92,4, #DACDAF
ad7f74c7f71944376c92,57,#988565
ad7f74c7f71944376c92,0, #EFEBD9
ad7f74c7f71944376c92,2, #FCFCF7
ad8c71609f2c79eb6715,10, #0B0806
ad8c71609f2c79eb6715,7, #7E7C62
ad8c71609f2c79eb6715,30, #595543
ad8c71609f2c79eb6715,0,#B4B3B2
ad8c71609f2c79eb6715,50, #312C1E
ad8c71609f2c79eb6715,1, #9F9D7F
ad9586b071c2a5abb9ca,6,#EAE6D5
ad9586b071c2a5abb9ca,19, #A29775
ad9586b071c2a5abb9ca,19, #625A49
ad9586b071c2a5abb9ca,28, #B4AB90
ad9586b071c2a5abb9ca,12, #857D66
ad9586b071c2a5abb9ca,13, #CCC6B3
ad988e2917990feea6a7,46,#CFCBB6
ad988e2917990feea6a7,3, #5E5047
ad988e2917990feea6a7,16, #EFEEE5
ad988e2917990feea6a7,13, #A9A697
ad988e2917990feea6a7,3, #75685D
ad988e2917990feea6a7,9, #908577
ad988e2917990feea6a7,6, #43352E
ad9b05155611727cdf44,0,#FEFEF4
ad9b05155611727cdf44,18, #A09B8A
ad9b05155611727cdf44,31, #E3DEC8
ad9b05155611727cdf44,12, #504D45
ad9b05155611727cdf44,19, #7B7668
ad9b05155611727cdf44,17, #C0BCA9
ad9b86cb78adb03e9b5d,2, #4A473D
ad9b86cb78adb03e9b5d,8, #D5CFBF
ad9b86cb78adb03e9b5d,3, #666356
ad9b86cb78adb03e9b5d,14, #B3AEA1
ad9b86cb78adb03e9b5d,10, #7A766A
ad9b86cb78adb03e9b5d,50,#F1EDDD
ad9b86cb78adb03e9b5d,10, #928E81
ad9f106a22f75f8be75b,6, #6F6543
ad9f106a22f75f8be75b,13,#908D7D
ad9f106a22f75f8be75b,0, #CBC6BE
ad9f106a22f75f8be75b,27, #131418
ad9f106a22f75f8be75b,42, #3B342B
ad9f106a22f75f8be75b,9, #ABAAA6
adb141794e2da9142aa5,0, #B9A68F
adb141794e2da9142aa5,3, #916251
adb141794e2da9142aa5,86,#EAE0CC
adb141794e2da9142aa5,0, #CCBEA6
adb141794e2da9142aa5,3, #9F8370
adb141794e2da9142aa5,1, #3A3837
adb141794e2da9142aa5,4, #52514C
adbbc5563d3f00388b7c,9, #3C2011
adbbc5563d3f00388b7c,16, #716B5F
adbbc5563d3f00388b7c,9, #A4A295
adbbc5563d3f00388b7c,38, #5F4933
adbbc5563d3f00388b7c,7,#8B8679
adbbc5563d3f00388b7c,18, #C6C8C0
adc854b923b62ad38fc6,15, #CCC3AC
adc854b923b62ad38fc6,0, #E1DFD5
adc854b923b62ad38fc6,18, #817569
adc854b923b62ad38fc6,3, #F7F7F2
adc854b923b62ad38fc6,19, #574C44
adc854b923b62ad38fc6,39,#A2998A
adc854b923b62ad38fc6,2, #281F1C
add38bb68a98d38ab90d,9, #4B4B42
add38bb68a98d38ab90d,16, #CAC3AC
add38bb68a98d38ab90d,18, #716F60
add38bb68a98d38ab90d,21, #95907D
add38bb68a98d38ab90d,9, #B2AC97
add38bb68a98d38ab90d,23,#EDE5CA
addb62856803bcfa03a9,24, #E0DBCE
addb62856803bcfa03a9,6, #4B4941
addb62856803bcfa03a9,8, #817E71
addb62856803bcfa03a9,0, #20190D
addb62856803bcfa03a9,11, #A99F87
addb62856803bcfa03a9,40,#C5BEAA
addb62856803bcfa03a9,8, #656054
ade4695b939520620f89,12, #9B885D
ade4695b939520620f89,16, #795D45
ade4695b939520620f89,48, #3F372C
ade4695b939520620f89,1, #ECE2B8
ade4695b939520620f89,11, #BEB388
ade4695b939520620f89,9,#0F100F
ade679073f6ec5b9a206,63,#755123
ade679073f6ec5b9a206,8, #1B1D0E
ade679073f6ec5b9a206,5, #B8A670
ade679073f6ec5b9a206,10, #7F7442
ade679073f6ec5b9a206,4, #DACE9C
ade679073f6ec5b9a206,6, #9E8C53
ade679073f6ec5b9a206,1, #F1E5B6
adec9fb2cc786349fef3,8, #8F7E62
adec9fb2cc786349fef3,0,#241B0A
adec9fb2cc786349fef3,3, #655B45
adec9fb2cc786349fef3,12, #B7A987
adec9fb2cc786349fef3,23, #DDD4B0
adec9fb2cc786349fef3,52, #CCC19D
adefa62b98db503d9f28,11, #898475
adefa62b98db503d9f28,20, #B4AF9D
adefa62b98db503d9f28,32, #D5D0BD
adefa62b98db503d9f28,4, #36332B
adefa62b98db503d9f28,13,#F5F2E5
adefa62b98db503d9f28,16, #615D50
adf77e66a40152936419,6,#F2F1E5
adf77e66a40152936419,37, #AFAB95
adf77e66a40152936419,7, #858173
adf77e66a40152936419,14, #26221E
adf77e66a40152936419,12, #5D5A4F
adf77e66a40152936419,21, #D3D1BD
ae00415e9b7596ed24ef,14, #938B75
ae00415e9b7596ed24ef,8, #656452
ae00415e9b7596ed24ef,42, #D7CDB7
ae00415e9b7596ed24ef,11, #F5EED6
ae00415e9b7596ed24ef,11, #414134
ae00415e9b7596ed24ef,11,#B6AF9C
ae02435ed79c4f690821,1, #724E2C
ae02435ed79c4f690821,9, #211D14
ae02435ed79c4f690821,12, #676144
ae02435ed79c4f690821,17, #55472D
ae02435ed79c4f690821,25,#3E3726
ae02435ed79c4f690821,18, #A08D60
ae02435ed79c4f690821,13, #7E6F48
ae032ba5024cb414836e,9, #806A56
ae032ba5024cb414836e,8, #695342
ae032ba5024cb414836e,24, #B9A790
ae032ba5024cb414836e,20,#EDE4D1
ae032ba5024cb414836e,15, #D4C7B3
ae032ba5024cb414836e,21, #908374
ae0792ef759a350c8b2d,6, #C3BFB9
ae0792ef759a350c8b2d,15, #F8F7F5
ae0792ef759a350c8b2d,14, #554D4D
ae0792ef759a350c8b2d,18, #A09B98
ae0792ef759a350c8b2d,28,#E2E0D6
ae0792ef759a350c8b2d,2, #30292A
ae0792ef759a350c8b2d,15, #777070
ae0bf1ff862c7af9b3e3,0,#31342F
ae0bf1ff862c7af9b3e3,5, #C5C3B5
ae0bf1ff862c7af9b3e3,58, #5A5A52
ae0bf1ff862c7af9b3e3,11, #A3A197
ae0bf1ff862c7af9b3e3,10, #DDDBCC
ae0bf1ff862c7af9b3e3,13, #817F76
ae0d0a8a4032e283aebd,0,#FDF6D6
ae0d0a8a4032e283aebd,2, #8D846C
ae0d0a8a4032e283aebd,19, #E7DEBC
ae0d0a8a4032e283aebd,5, #AA9C77
ae0d0a8a4032e283aebd,57, #D1C7A6
ae0d0a8a4032e283aebd,14, #C2B38D
ae129851ef72fbca4b1c,1, #484539
ae129851ef72fbca4b1c,5, #8A8675
ae129851ef72fbca4b1c,19,#F7F3E4
ae129851ef72fbca4b1c,3, #696454
ae129851ef72fbca4b1c,7, #B0A893
ae129851ef72fbca4b1c,62, #D4CEBE
ae12f71436f3ed943c58,9, #CCC3BA
ae12f71436f3ed943c58,44,#ECE1D5
ae12f71436f3ed943c58,7, #53504B
ae12f71436f3ed943c58,16, #B6AD9E
ae12f71436f3ed943c58,2, #3B3935
ae12f71436f3ed943c58,8, #726D66
ae12f71436f3ed943c58,11, #938D84
ae12fe49a294be24b83c,26, #EFE8E1
ae12fe49a294be24b83c,4, #322B28
ae12fe49a294be24b83c,5, #5E564F
ae12fe49a294be24b83c,41, #C3B7A9
ae12fe49a294be24b83c,6,#7F766C
ae12fe49a294be24b83c,14, #A0968A
ae285bdd70a87f9dd8b7,38, #DFD9CC
ae285bdd70a87f9dd8b7,20, #5E5C51
ae285bdd70a87f9dd8b7,7, #3C3B32
ae285bdd70a87f9dd8b7,0,#FEFBEE
ae285bdd70a87f9dd8b7,11, #BBB6AA
ae285bdd70a87f9dd8b7,21, #8F8C7F
ae2cb4184b441055bc8e,17, #AFA798
ae2cb4184b441055bc8e,53, #D6CEBE
ae2cb4184b441055bc8e,1,#F9F6F2
ae2cb4184b441055bc8e,15, #878176
ae2cb4184b441055bc8e,5, #393530
ae2cb4184b441055bc8e,6, #645E54
ae2d1c5ad9b23558fd5e,3, #A0967F
ae2d1c5ad9b23558fd5e,4, #8C7651
ae2d1c5ad9b23558fd5e,31, #1D1A15
ae2d1c5ad9b23558fd5e,0,#B6B6B2
ae2d1c5ad9b23558fd5e,27, #6D5639
ae2d1c5ad9b23558fd5e,33, #4A3624
ae2d551878d33f73cfaf,20, #D3C9AD
ae2d551878d33f73cfaf,17, #7D6D5B
ae2d551878d33f73cfaf,10, #F3F1E0
ae2d551878d33f73cfaf,9, #593F2D
ae2d551878d33f73cfaf,27, #BDB299
ae2d551878d33f73cfaf,13,#A8977C
ae3edb3eb9a1da70c25f,9, #7E7162
ae3edb3eb9a1da70c25f,40,#A3988A
ae3edb3eb9a1da70c25f,30, #D5D0BC
ae3edb3eb9a1da70c25f,6, #060503
ae3edb3eb9a1da70c25f,10, #504C3F
ae3edb3eb9a1da70c25f,0, #FAFAF3
ae3edb3eb9a1da70c25f,2, #27241A
ae4c1ee26b387222ecc3,8, #827F6E
ae4c1ee26b387222ecc3,18,#F1EFE0
ae4c1ee26b387222ecc3,27, #C7C2AC
ae4c1ee26b387222ecc3,12, #626054
ae4c1ee26b387222ecc3,11, #A29E8C
ae4c1ee26b387222ecc3,20, #3A3933
ae54c0f6343d515536e6,8, #645E52
ae54c0f6343d515536e6,36, #B4AC9C
ae54c0f6343d515536e6,21, #878071
ae54c0f6343d515536e6,0, #474238
ae54c0f6343d515536e6,0,#F9F1DE
ae54c0f6343d515536e6,32, #DED6C6
ae592d390bbff3bd4ae0,0, #A89E75
ae592d390bbff3bd4ae0,2, #886F3D
ae592d390bbff3bd4ae0,52, #070704
ae592d390bbff3bd4ae0,0, #CABB8A
ae592d390bbff3bd4ae0,5, #5C4D2B
ae592d390bbff3bd4ae0,38,#2C2312
ae5b7a0ad05e16936ea6,4, #9E8963
ae5b7a0ad05e16936ea6,1, #C8BA92
ae5b7a0ad05e16936ea6,0, #92542A
ae5b7a0ad05e16936ea6,4, #635D50
ae5b7a0ad05e16936ea6,13, #4D3E2D
ae5b7a0ad05e16936ea6,74,#231C12
ae5f048c6e2bdb3ddc65,23,#B8AF99
ae5f048c6e2bdb3ddc65,16, #E2DCC6
ae5f048c6e2bdb3ddc65,8, #958F7F
ae5f048c6e2bdb3ddc65,10, #706B5E
ae5f048c6e2bdb3ddc65,20, #F9F8F2
ae5f048c6e2bdb3ddc65,9, #3A3935
ae5f048c6e2bdb3ddc65,11, #514E47
ae6098e086f62c1f652b,6, #B1AA9B
ae6098e086f62c1f652b,56, #DED9C7
ae6098e086f62c1f652b,13, #423325
ae6098e086f62c1f652b,14, #615241
ae6098e086f62c1f652b,0,#FEFAE7
ae6098e086f62c1f652b,7, #817767
ae646cd0195e58582c62,46, #735A3B
ae646cd0195e58582c62,50, #4A4330
ae646cd0195e58582c62,0,#2B2619
ae646cd0195e58582c62,0, #E3CC78
ae646cd0195e58582c62,2, #967B55
ae646cd0195e58582c62,0, #B49E5E
ae66454f4a4e109a6dfe,39,#F3F0E4
ae66454f4a4e109a6dfe,2, #5E5E55
ae66454f4a4e109a6dfe,10, #817F76
ae66454f4a4e109a6dfe,35, #C5C2B8
ae66454f4a4e109a6dfe,0, #494841
ae66454f4a4e109a6dfe,12, #A4A299
ae684ddd8eed823af9c5,18, #57482F
ae684ddd8eed823af9c5,26, #766240
ae684ddd8eed823af9c5,8, #382E20
ae684ddd8eed823af9c5,12, #AB9669
ae684ddd8eed823af9c5,4, #BBA577
ae684ddd8eed823af9c5,0, #C7B385
ae684ddd8eed823af9c5,29,#907B56
ae6c1c0bc7904a016bd2,18, #898472
ae6c1c0bc7904a016bd2,18, #6E6A5A
ae6c1c0bc7904a016bd2,25,#C7C1AE
ae6c1c0bc7904a016bd2,4, #3B3930
ae6c1c0bc7904a016bd2,17, #A39E8D
ae6c1c0bc7904a016bd2,3, #F2F1E6
ae6c1c0bc7904a016bd2,12, #545144
ae6fe4c85fd91add6a22,3, #716F62
ae6fe4c85fd91add6a22,5, #A7A394
ae6fe4c85fd91add6a22,40,#F8F5E4
ae6fe4c85fd91add6a22,8, #57564B
ae6fe4c85fd91add6a22,3, #3A3A31
ae6fe4c85fd91add6a22,32, #D0C9B6
ae6fe4c85fd91add6a22,5, #888578
ae72f8a51273f04e45ae,38, #B9B09D
ae72f8a51273f04e45ae,15, #5F4226
ae72f8a51273f04e45ae,11, #816639
ae72f8a51273f04e45ae,21, #8E835D
ae72f8a51273f04e45ae,13, #A19375
ae72f8a51273f04e45ae,0,#372517
ae7f79eed9c823b2e636,1, #6F562D
ae7f79eed9c823b2e636,0, #8D8268
ae7f79eed9c823b2e636,0, #9D7F41
ae7f79eed9c823b2e636,16, #47473F
ae7f79eed9c823b2e636,74,#452D19
ae7f79eed9c823b2e636,7, #19110A
ae7f79eed9c823b2e636,0, #7D6E53
ae81a3c55886d7497b75,22, #B0A99C
ae81a3c55886d7497b75,17, #55534E
ae81a3c55886d7497b75,9, #8B867C
ae81a3c55886d7497b75,7, #DAD1C2
ae81a3c55886d7497b75,35,#323230
ae81a3c55886d7497b75,5, #726F66
ae81a3c55886d7497b75,2, #F9F6F1
ae84c8236f3bcecaeef0,3, #766737
ae84c8236f3bcecaeef0,1, #917F47
ae84c8236f3bcecaeef0,3, #AD9553
ae84c8236f3bcecaeef0,76, #51391B
ae84c8236f3bcecaeef0,14,#131108
ae84c8236f3bcecaeef0,0, #C5AD67
ae8bb2e8e4d657a5b113,8, #8B8477
ae8bb2e8e4d657a5b113,63, #E2D8C4
ae8bb2e8e4d657a5b113,6,#FBFAF4
ae8bb2e8e4d657a5b113,0, #3E3833
ae8bb2e8e4d657a5b113,17, #BAAE98
ae8bb2e8e4d657a5b113,2, #665D54
ae90be03fa3de9fb8436,4, #3B2C1D
ae90be03fa3de9fb8436,35, #B0A690
ae90be03fa3de9fb8436,8, #604E37
ae90be03fa3de9fb8436,10,#F2EFE2
ae90be03fa3de9fb8436,19, #D7CFB8
ae90be03fa3de9fb8436,21, #837359
ae91f288bee444423600,12, #EFEEF1
ae91f288bee444423600,45,#191816
ae91f288bee444423600,19, #9E9E9F
ae91f288bee444423600,2, #323130
ae91f288bee444423600,8, #CACACD
ae91f288bee444423600,7, #747374
ae91f288bee444423600,4, #4E4D4D
ae9b4e678b75b972c270,23, #3F3C34
ae9b4e678b75b972c270,32, #777267
ae9b4e678b75b972c270,0,#F6EFDE
ae9b4e678b75b972c270,10, #DDD6C7
ae9b4e678b75b972c270,17, #BEB6A9
ae9b4e678b75b972c270,14, #9F998D
ae9d80a001630ec5b77c,7, #DDDBBA
ae9d80a001630ec5b77c,11, #869C8F
ae9d80a001630ec5b77c,19, #7A7851
ae9d80a001630ec5b77c,13, #575C39
ae9d80a001630ec5b77c,35,#B4BB9D
ae9d80a001630ec5b77c,8, #312F1F
ae9d80a001630ec5b77c,4, #AA9C67
aeb3124554d6e473670d,20, #9B978B
aeb3124554d6e473670d,20, #747065
aeb3124554d6e473670d,8, #4D493E
aeb3124554d6e473670d,19, #D7D1C1
aeb3124554d6e473670d,9, #BBB6A8
aeb3124554d6e473670d,0, #2E2A21
aeb3124554d6e473670d,20,#F4EFDD
aeb73624468b6dbbeeb6,16, #835537
aeb73624468b6dbbeeb6,0, #E0CCA4
aeb73624468b6dbbeeb6,18, #4A3E2D
aeb73624468b6dbbeeb6,48,#23211C
aeb73624468b6dbbeeb6,0, #B16845
aeb73624468b6dbbeeb6,6, #94845D
aeb73624468b6dbbeeb6,8, #BAAD84
aeb9b69bd170cd8a2e7e,51, #504222
aeb9b69bd170cd8a2e7e,2,#5F6445
aeb9b69bd170cd8a2e7e,0, #C5B882
aeb9b69bd170cd8a2e7e,19, #8B752A
aeb9b69bd170cd8a2e7e,9, #8F8655
aeb9b69bd170cd8a2e7e,16, #221E0F
aeba47b00deb0d92783b,2, #A8A18C
aeba47b00deb0d92783b,5, #463F33
aeba47b00deb0d92783b,2, #6E4127
aeba47b00deb0d92783b,0, #552B14
aeba47b00deb0d92783b,80,#1C110B
aeba47b00deb0d92783b,3, #938064
aeba47b00deb0d92783b,4, #72604A
aec393d743be293d656b,17, #978276
aec393d743be293d656b,28, #4A3A30
aec393d743be293d656b,5, #B5A093
aec393d743be293d656b,3,#0E0B07
aec393d743be293d656b,18, #CFC3B2
aec393d743be293d656b,26, #7C6355
aec3c06df8082f40f67a,29,#F6F4E9
aec3c06df8082f40f67a,22, #9C988C
aec3c06df8082f40f67a,12, #BEBAAD
aec3c06df8082f40f67a,1, #423F35
aec3c06df8082f40f67a,10, #767366
aec3c06df8082f40f67a,20, #D6D2C5
aec3c06df8082f40f67a,3, #5C594D
aec6d33d3ba761597e1c,13, #315180
aec6d33d3ba761597e1c,14, #5B6D7E
aec6d33d3ba761597e1c,15, #85959E
aec6d33d3ba761597e1c,39, #E4E3D7
aec6d33d3ba761597e1c,0,#4A473B
aec6d33d3ba761597e1c,16, #AFB7B4
aec980636f687eb52947,1, #6B5E42
aec980636f687eb52947,1, #57482F
aec980636f687eb52947,0, #A39E85
aec980636f687eb52947,1, #8D805E
aec980636f687eb52947,38, #312B22
aec980636f687eb52947,57,#171510
aec980636f687eb52947,0, #B6B195
aeed10fc52373d25eb41,1, #3F3C32
aeed10fc52373d25eb41,11,#F4EFDB
aeed10fc52373d25eb41,8, #7C7767
aeed10fc52373d25eb41,27, #A59F8F
aeed10fc52373d25eb41,2, #5C594B
aeed10fc52373d25eb41,46, #D3CDBB
aeed51e64a810a94a5de,7, #A2957F
aeed51e64a810a94a5de,0, #2A2520
aeed51e64a810a94a5de,8, #FAF8F2
aeed51e64a810a94a5de,62,#DCD4C3
aeed51e64a810a94a5de,6, #B7AC9B
aeed51e64a810a94a5de,4, #504840
aeed51e64a810a94a5de,10, #817360
aef7ebb26a738e15b292,16, #D2CDBA
aef7ebb26a738e15b292,18, #7A7668
aef7ebb26a738e15b292,8, #B8B3A1
aef7ebb26a738e15b292,20,#F4F3E6
aef7ebb26a738e15b292,5, #3A382F
aef7ebb26a738e15b292,14, #9E998A
aef7ebb26a738e15b292,16, #575449
aefb0501bafcabbe4618,24, #C7B6A5
aefb0501bafcabbe4618,0, #423631
aefb0501bafcabbe4618,3, #6A5548
aefb0501bafcabbe4618,60, #E6D8C6
aefb0501bafcabbe4618,9, #958274
aefb0501bafcabbe4618,0,#FAF8EF
aefd2e746b73eba2d15b,23, #83622F
aefd2e746b73eba2d15b,33,#1D160F
aefd2e746b73eba2d15b,15, #917B4B
aefd2e746b73eba2d15b,5, #694E25
aefd2e746b73eba2d15b,0, #7D3D0F
aefd2e746b73eba2d15b,13, #342B1D
aefd2e746b73eba2d15b,6, #533919
af00dbc5ecd101834cc4,2, #867A60
af00dbc5ecd101834cc4,2, #A59878
af00dbc5ecd101834cc4,51,#1B1108
af00dbc5ecd101834cc4,9, #512415
af00dbc5ecd101834cc4,0, #C8C5B5
af00dbc5ecd101834cc4,31, #614F38
af00dbc5ecd101834cc4,2, #6A6C67
af03f8c839e046348e37,45, #3A2C20
af03f8c839e046348e37,10, #987F4E
af03f8c839e046348e37,2,#0B0B0B
af03f8c839e046348e37,2, #B7A276
af03f8c839e046348e37,25, #594936
af03f8c839e046348e37,12, #7C6032
af05ae0bc8fd7469b437,16, #B0AA98
af05ae0bc8fd7469b437,17, #626051
af05ae0bc8fd7469b437,46, #E0D8C3
af05ae0bc8fd7469b437,10, #36362B
af05ae0bc8fd7469b437,8, #868272
af05ae0bc8fd7469b437,1,#FAF6EF
af0a2000d0cba27ea952,1, #A6A597
af0a2000d0cba27ea952,5, #897E67
af0a2000d0cba27ea952,3, #6E6047
af0a2000d0cba27ea952,41,#0F0F0F
af0a2000d0cba27ea952,35, #2D2B24
af0a2000d0cba27ea952,0, #BABAAF
af0a2000d0cba27ea952,13, #474437
af0f7c3baed36e20f9a6,28,#F3F3EB
af0f7c3baed36e20f9a6,2, #323028
af0f7c3baed36e20f9a6,17, #6F6856
af0f7c3baed36e20f9a6,20, #D0C4AA
af0f7c3baed36e20f9a6,7, #4A473A
af0f7c3baed36e20f9a6,9, #B4A68D
af0f7c3baed36e20f9a6,12, #988F7D
af119418ad6fe3b6fc68,0, #4C4843
af119418ad6fe3b6fc68,1, #655F55
af119418ad6fe3b6fc68,7, #8F7E6D
af119418ad6fe3b6fc68,19, #D8D1BF
af119418ad6fe3b6fc68,59,#F6F4F0
af119418ad6fe3b6fc68,10, #B6A793
af142bb56b4ced6946b2,7, #A8A390
af142bb56b4ced6946b2,40, #EAE3D1
af142bb56b4ced6946b2,21, #C5BFAC
af142bb56b4ced6946b2,0,#FEFEEE
af142bb56b4ced6946b2,17, #868070
af142bb56b4ced6946b2,12, #585448
af2453e9a501d82b32fc,8, #9D988B
af2453e9a501d82b32fc,11, #7B776B
af2453e9a501d82b32fc,57,#D2CCBC
af2453e9a501d82b32fc,2, #423F36
af2453e9a501d82b32fc,5, #F3EDDA
af2453e9a501d82b32fc,9, #B5B1A2
af2453e9a501d82b32fc,4, #5E5B50
af32b0e0a63293277bb6,6, #3C3B34
af32b0e0a63293277bb6,12, #BEB8A3
af32b0e0a63293277bb6,34,#F8F6E6
af32b0e0a63293277bb6,25, #646155
af32b0e0a63293277bb6,11, #96907F
af32b0e0a63293277bb6,9, #DFDAC7
af46d2581abba8cfe1a1,9,#F6F5F0
af46d2581abba8cfe1a1,4, #C1B8A4
af46d2581abba8cfe1a1,6, #7F705F
af46d2581abba8cfe1a1,0, #5D4B40
af46d2581abba8cfe1a1,7, #A39986
af46d2581abba8cfe1a1,70, #D7D2C0
af48a2eff439f8bafca0,8, #4D483F
af48a2eff439f8bafca0,13, #BDB5A2
af48a2eff439f8bafca0,30,#F2EDDB
af48a2eff439f8bafca0,26, #DAD3BF
af48a2eff439f8bafca0,10, #958E7C
af48a2eff439f8bafca0,9, #736C5C
af48a2eff439f8bafca0,0, #FFFEFC
af5380db92e154149765,56,#F2EBDC
af5380db92e154149765,8, #B0AA9D
af5380db92e154149765,1, #48473B
af5380db92e154149765,11, #C9C3B5
af5380db92e154149765,12, #918D80
af5380db92e154149765,9, #69675A
af5588f251c445b1ba08,12,#808881
af5588f251c445b1ba08,25, #26251D
af5588f251c445b1ba08,43, #4E4533
af5588f251c445b1ba08,0, #907F53
af5588f251c445b1ba08,13, #636555
af5588f251c445b1ba08,3, #B0AB91
af60b5aab1dfd613d701,25, #0A0909
af60b5aab1dfd613d701,18, #534731
af60b5aab1dfd613d701,0, #C3B99F
af60b5aab1dfd613d701,4, #967A58
af60b5aab1dfd613d701,3, #746446
af60b5aab1dfd613d701,1, #B4A280
af60b5aab1dfd613d701,45,#232118
af65e4be9c73b6961a4e,12, #B2A58E
af65e4be9c73b6961a4e,3, #D8D1BE
af65e4be9c73b6961a4e,33,#EAE6DB
af65e4be9c73b6961a4e,20, #9A8A70
af65e4be9c73b6961a4e,8, #5D482F
af65e4be9c73b6961a4e,4, #C6BAA2
af65e4be9c73b6961a4e,16, #816C4E
af6c59c31c60d2b4f05d,7, #C9B892
af6c59c31c60d2b4f05d,7, #817D60
af6c59c31c60d2b4f05d,11,#2C2919
af6c59c31c60d2b4f05d,1, #E0D0AB
af6c59c31c60d2b4f05d,66, #555034
af6c59c31c60d2b4f05d,6, #AD9D72
af6e98c3ef094371d8b9,8, #B4B198
af6e98c3ef094371d8b9,12, #6F685B
af6e98c3ef094371d8b9,4, #D8D8CC
af6e98c3ef094371d8b9,51,#C7C6B3
af6e98c3ef094371d8b9,11, #918E77
af6e98c3ef094371d8b9,0, #EEF0E6
af6e98c3ef094371d8b9,10, #4A453F
af705e99fb3e3e6b57b9,35, #4A3623
af705e99fb3e3e6b57b9,20, #72502A
af705e99fb3e3e6b57b9,5, #8F8369
af705e99fb3e3e6b57b9,12, #2E2117
af705e99fb3e3e6b57b9,12,#564C38
af705e99fb3e3e6b57b9,14, #73664A
af7d86d02122884aeafe,80, #E9DECA
af7d86d02122884aeafe,3, #666259
af7d86d02122884aeafe,0,#FDF9EE
af7d86d02122884aeafe,3, #C39173
af7d86d02122884aeafe,4, #947863
af7d86d02122884aeafe,7, #D3B89F
af7ed0363d5882e91f4a,3, #402821
af7ed0363d5882e91f4a,7, #716058
af7ed0363d5882e91f4a,7, #8E847C
af7ed0363d5882e91f4a,5, #543E35
af7ed0363d5882e91f4a,42,#CECBC3
af7ed0363d5882e91f4a,16, #B7B1A6
af7ed0363d5882e91f4a,16, #EBEAE6
af8022f15e7a7eda1dd4,2, #C79E5B
af8022f15e7a7eda1dd4,2, #BFB998
af8022f15e7a7eda1dd4,38,#403425
af8022f15e7a7eda1dd4,40, #141413
af8022f15e7a7eda1dd4,6, #9C8257
af8022f15e7a7eda1dd4,9, #74674D
af81342aefb029755f12,3, #938454
af81342aefb029755f12,9, #56381B
af81342aefb029755f12,38,#1B1209
af81342aefb029755f12,0, #A69765
af81342aefb029755f12,27, #2F2719
af81342aefb029755f12,2, #3F473B
af81342aefb029755f12,18, #685E3E
af830285afc57fc146de,3,#F4F0E4
af830285afc57fc146de,10, #827454
af830285afc57fc146de,6, #614E31
af830285afc57fc146de,45, #D0C6B0
af830285afc57fc146de,16, #382212
af830285afc57fc146de,17, #A2977E
af868a62de17c00653f2,21, #ABA7A0
af868a62de17c00653f2,27, #7E7B74
af868a62de17c00653f2,24, #D3D1C5
af868a62de17c00653f2,4,#F4F3EA
af868a62de17c00653f2,19, #514F49
af868a62de17c00653f2,1, #31302A
af882a4fd9f154fab9b5,44, #463F34
af882a4fd9f154fab9b5,13, #A7A78E
af882a4fd9f154fab9b5,19,#131313
af882a4fd9f154fab9b5,0, #DDD3B0
af882a4fd9f154fab9b5,18, #8A6C3F
af882a4fd9f154fab9b5,4, #A99160
af902dffbb4078d7cbe2,45,#F8F6E6
af902dffbb4078d7cbe2,18, #DCD7C5
af902dffbb4078d7cbe2,11, #9D9A89
af902dffbb4078d7cbe2,6, #7A7767
af902dffbb4078d7cbe2,1, #585548
af902dffbb4078d7cbe2,16, #BEBAA7
af98d1f40c1f7a290d1a,18, #EAEAEA
af98d1f40c1f7a290d1a,12, #A1A1A1
af98d1f40c1f7a290d1a,7, #0D0D0D
af98d1f40c1f7a290d1a,22,#6F6F6F
af98d1f40c1f7a290d1a,26, #323232
af98d1f40c1f7a290d1a,12, #C6C6C6
af9b2909e41f5348dfa6,0, #631263
af9b2909e41f5348dfa6,15, #775A41
af9b2909e41f5348dfa6,0, #D8D9DA
af9b2909e41f5348dfa6,2, #9E9A8F
af9b2909e41f5348dfa6,80,#1F1C17
af9b2909e41f5348dfa6,0, #C5C739
af9c19fd1be882a9f8de,1, #9A6D2D
af9c19fd1be882a9f8de,1, #483B24
af9c19fd1be882a9f8de,1, #6F5625
af9c19fd1be882a9f8de,67,#0A0803
af9c19fd1be882a9f8de,4, #542B04
af9c19fd1be882a9f8de,24, #2B1E0A
af9c19fd1be882a9f8de,0, #B58C4A
af9d97c265e23cbd7fd9,12, #69675F
af9d97c265e23cbd7fd9,7, #ACA89D
af9d97c265e23cbd7fd9,11, #504F47
af9d97c265e23cbd7fd9,39,#F8F5E6
af9d97c265e23cbd7fd9,13, #D9D4C8
af9d97c265e23cbd7fd9,16, #827E74
afa6a16b63aabda244cf,9,#EFECD8
afa6a16b63aabda244cf,21, #393933
afa6a16b63aabda244cf,12, #918D79
afa6a16b63aabda244cf,35, #C3BA9C
afa6a16b63aabda244cf,8, #75715F
afa6a16b63aabda244cf,13, #575448
afb1a5da8397b31dcaa8,14, #7A7465
afb1a5da8397b31dcaa8,21, #9E9582
afb1a5da8397b31dcaa8,19, #45433D
afb1a5da8397b31dcaa8,17, #5F5C51
afb1a5da8397b31dcaa8,0,#F1E4CF
afb1a5da8397b31dcaa8,26, #D1C2AA
afb5783fae38fb9f60b9,13, #706652
afb5783fae38fb9f60b9,28, #AEA590
afb5783fae38fb9f60b9,22, #413C30
afb5783fae38fb9f60b9,0,#2A1F0E
afb5783fae38fb9f60b9,21, #D8D3BC
afb5783fae38fb9f60b9,13, #8E856F
afb5db646ff17ba0225b,11, #837966
afb5db646ff17ba0225b,35, #F5F4EA
afb5db646ff17ba0225b,3, #534F43
afb5db646ff17ba0225b,0, #271F13
afb5db646ff17ba0225b,39,#D7D3C0
afb5db646ff17ba0225b,2, #3F3527
afb5db646ff17ba0225b,6, #B2AE9F
afb92f78eb2133b6ef92,5, #E1DDB8
afb92f78eb2133b6ef92,8, #332514
afb92f78eb2133b6ef92,4, #4C4136
afb92f78eb2133b6ef92,4, #928471
afb92f78eb2133b6ef92,62,#0F0904
afb92f78eb2133b6ef92,4, #B6AB92
afb92f78eb2133b6ef92,9, #74654D
afbbac9e675e4cffa9c7,0, #36342F
afbbac9e675e4cffa9c7,10, #6C685F
afbbac9e675e4cffa9c7,10, #F2EEE1
afbbac9e675e4cffa9c7,33,#A39D91
afbbac9e675e4cffa9c7,15, #857F75
afbbac9e675e4cffa9c7,19, #C7C0B1
afbbac9e675e4cffa9c7,10, #514E47
afbf0ca2080646b8bebd,16, #A4A386
afbf0ca2080646b8bebd,28, #C6C2A0
afbf0ca2080646b8bebd,2, #48513F
afbf0ca2080646b8bebd,16, #7E806A
afbf0ca2080646b8bebd,28,#E9E5C5
afbf0ca2080646b8bebd,6, #616552
afcb7773bcbe291d8b7d,9, #FBFAF3
afcb7773bcbe291d8b7d,8, #D2CDBD
afcb7773bcbe291d8b7d,7, #6A6658
afcb7773bcbe291d8b7d,12, #AFAA9B
afcb7773bcbe291d8b7d,9, #8B8678
afcb7773bcbe291d8b7d,50,#E7E3D2
afcb7773bcbe291d8b7d,2, #46433A
afcbad7d3b6daeeffccd,39, #564C38
afcbad7d3b6daeeffccd,15, #796E54
afcbad7d3b6daeeffccd,0, #E9DAC3
afcbad7d3b6daeeffccd,16,#20190F
afcbad7d3b6daeeffccd,15, #A09475
afcbad7d3b6daeeffccd,11, #CDBD9C
afce2cf218919321b4ee,7, #847D6D
afce2cf218919321b4ee,10, #A19A89
afce2cf218919321b4ee,13, #434139
afce2cf218919321b4ee,19, #6A6558
afce2cf218919321b4ee,12,#F3ECD7
afce2cf218919321b4ee,36, #CBC0A8
afce740f2f87b68586e7,18, #8B8A7F
afce740f2f87b68586e7,7, #41423C
afce740f2f87b68586e7,22, #BEBCB2
afce740f2f87b68586e7,9, #69695F
afce740f2f87b68586e7,32,#E9E7DB
afce740f2f87b68586e7,9, #A5A498
afce8fe3c6e403295641,23, #E0DAC4
afce8fe3c6e403295641,25,#F9F7EB
afce8fe3c6e403295641,10, #7D7768
afce8fe3c6e403295641,19, #BFB7A3
afce8fe3c6e403295641,12, #4D4A41
afce8fe3c6e403295641,8, #9F9888
afd134791f410d694568,18, #2F2510
afd134791f410d694568,13, #8B8350
afd134791f410d694568,17, #6B5923
afd134791f410d694568,29,#DAD99B
afd134791f410d694568,5, #AAA365
afd134791f410d694568,14, #BFBF8D
afd39e6bfe8b20769852,12, #BDB696
afd39e6bfe8b20769852,1, #FAF9E9
afd39e6bfe8b20769852,11, #332E20
afd39e6bfe8b20769852,15, #5C583F
afd39e6bfe8b20769852,14, #8C8360
afd39e6bfe8b20769852,40,#0A0908
afd39e6bfe8b20769852,3, #E5DEBB
afd3f60a05a70f1b01ec,75,#1D2324
afd3f60a05a70f1b01ec,3, #A29B73
afd3f60a05a70f1b01ec,4, #71693B
afd3f60a05a70f1b01ec,0, #CECCA6
afd3f60a05a70f1b01ec,2, #BCB58B
afd3f60a05a70f1b01ec,10, #444E3B
afd3f60a05a70f1b01ec,2, #88845E
afd7e7f8b1b870d4ffd1,14, #C1BBAB
afd7e7f8b1b870d4ffd1,2, #545245
afd7e7f8b1b870d4ffd1,11, #A7A291
afd7e7f8b1b870d4ffd1,6, #7D7968
afd7e7f8b1b870d4ffd1,23,#F5F0DD
afd7e7f8b1b870d4ffd1,42, #DAD4C2
afebe2b5b7fed631ce46,9, #B7A49A
afebe2b5b7fed631ce46,2, #6E1119
afebe2b5b7fed631ce46,31,#2C2522
afebe2b5b7fed631ce46,3, #F4F4E7
afebe2b5b7fed631ce46,14, #987973
afebe2b5b7fed631ce46,14, #CECFC1
afebe2b5b7fed631ce46,24, #71504D
aff496fbb31aa4b51b22,21, #59574B
aff496fbb31aa4b51b22,9, #3B3A33
aff496fbb31aa4b51b22,24, #797769
aff496fbb31aa4b51b22,17, #BFB7A1
aff496fbb31aa4b51b22,12, #9D9A89
aff496fbb31aa4b51b22,16,#EFEBD8
b00a70344c4d8ed12018,4, #F6F4EB
b00a70344c4d8ed12018,16, #AEADA4
b00a70344c4d8ed12018,3, #0C0908
b00a70344c4d8ed12018,1, #8A867D
b00a70344c4d8ed12018,22, #463B31
b00a70344c4d8ed12018,4, #D8D6C6
b00a70344c4d8ed12018,47,#71685D
b00cd4031d37e113633a,21, #948870
b00cd4031d37e113633a,25, #DDD6BA
b00cd4031d37e113633a,18, #6A6455
b00cd4031d37e113633a,6, #47443B
b00cd4031d37e113633a,14, #B9AE92
b00cd4031d37e113633a,13,#F9F7E2
b00eafcf1420e1d1801a,25, #ECE9DB
b00eafcf1420e1d1801a,34, #C6BDA2
b00eafcf1420e1d1801a,2,#242421
b00eafcf1420e1d1801a,14, #80745F
b00eafcf1420e1d1801a,10, #A19985
b00eafcf1420e1d1801a,12, #514B42
b010e1aec399a117f99c,3, #9D9689
b010e1aec399a117f99c,12, #766D63
b010e1aec399a117f99c,32,#E8E6D5
b010e1aec399a117f99c,24, #C5BFAA
b010e1aec399a117f99c,24, #49413A
b010e1aec399a117f99c,3, #15110D
b01e40618b1f924e81d2,26,#BCAE96
b01e40618b1f924e81d2,14, #8D7F6D
b01e40618b1f924e81d2,17, #D3C7AC
b01e40618b1f924e81d2,1, #5D4838
b01e40618b1f924e81d2,24, #A49681
b01e40618b1f924e81d2,6, #EFE6CB
b01e40618b1f924e81d2,8, #786655
b021f31ecdf0305a7bbb,8, #E7DEB5
b021f31ecdf0305a7bbb,35,#C5AE6D
b021f31ecdf0305a7bbb,4, #392E16
b021f31ecdf0305a7bbb,7, #1A1206
b021f31ecdf0305a7bbb,31, #8C783C
b021f31ecdf0305a7bbb,12, #5B4825
b021f31ecdf0305a7bbb,0, #898673
b0244ed42eca3214bce0,8, #837E6E
b0244ed42eca3214bce0,3,#CCC7B8
b0244ed42eca3214bce0,14, #43413A
b0244ed42eca3214bce0,24, #635E50
b0244ed42eca3214bce0,41, #F2EEE3
b0244ed42eca3214bce0,7, #A6A295
b02479f6b85d711e527b,10, #C3BEB1
b02479f6b85d711e527b,36,#E1DCCE
b02479f6b85d711e527b,9, #F8F5EB
b02479f6b85d711e527b,7, #312E25
b02479f6b85d711e527b,12, #5A574B
b02479f6b85d711e527b,15, #827E71
b02479f6b85d711e527b,8, #A6A195
b027ec9d7534d9cc6d41,5, #776E57
b027ec9d7534d9cc6d41,15, #B6AD91
b027ec9d7534d9cc6d41,4,#F7F5E0
b027ec9d7534d9cc6d41,63, #E6D5A3
b027ec9d7534d9cc6d41,4, #989076
b027ec9d7534d9cc6d41,7, #544F44
b02d6f4707d798de2162,14, #A59F8F
b02d6f4707d798de2162,20, #686256
b02d6f4707d798de2162,12, #BEB9A8
b02d6f4707d798de2162,2, #48453D
b02d6f4707d798de2162,20, #D5CFBE
b02d6f4707d798de2162,28,#888273
b02d6f4707d798de2162,1, #E7E2CE
b02f81e289ea0c3ab1a7,6, #DEDAC6
b02f81e289ea0c3ab1a7,9, #A19E8C
b02f81e289ea0c3ab1a7,6, #C0BCAA
b02f81e289ea0c3ab1a7,25, #726F5F
b02f81e289ea0c3ab1a7,10, #868270
b02f81e289ea0c3ab1a7,14, #F9F7E2
b02f81e289ea0c3ab1a7,26,#514E40
b032de71ec3bf5876e9c,11, #EED9B5
b032de71ec3bf5876e9c,25, #898471
b032de71ec3bf5876e9c,23, #4F5448
b032de71ec3bf5876e9c,19, #19221C
b032de71ec3bf5876e9c,16, #BFAF94
b032de71ec3bf5876e9c,3,#FCFADF
b033ed2ecbb6fde0b84d,18, #A39E91
b033ed2ecbb6fde0b84d,0, #403B34
b033ed2ecbb6fde0b84d,8,#C9C5B7
b033ed2ecbb6fde0b84d,26, #EFEDE6
b033ed2ecbb6fde0b84d,25, #5D584D
b033ed2ecbb6fde0b84d,20, #857F70
b03b80a480b23b508717,11, #837E6D
b03b80a480b23b508717,5, #A09A88
b03b80a480b23b508717,6, #585649
b03b80a480b23b508717,42, #D9D0B9
b03b80a480b23b508717,5, #B7B19D
b03b80a480b23b508717,28,#F9F5E0
b03e595cd6b14214147f,11, #B9AC95
b03e595cd6b14214147f,10, #575244
b03e595cd6b14214147f,53,#E2D6BE
b03e595cd6b14214147f,7, #F9F8F4
b03e595cd6b14214147f,7, #7C7565
b03e595cd6b14214147f,5, #968F7F
b03e595cd6b14214147f,2, #302E25
b03f22180352858fff9f,38, #CCC9BE
b03f22180352858fff9f,6,#F4F1EA
b03f22180352858fff9f,16, #79776D
b03f22180352858fff9f,13, #32322C
b03f22180352858fff9f,12, #A29F95
b03f22180352858fff9f,12, #55544B
b0444121c755d2865da9,3, #312822
b0444121c755d2865da9,17, #827A70
b0444121c755d2865da9,16,#F4F3E8
b0444121c755d2865da9,27, #CAC5B2
b0444121c755d2865da9,23, #534A41
b0444121c755d2865da9,11, #A59F93
b062ecdd7f6fdbd9b49a,17, #7F715A
b062ecdd7f6fdbd9b49a,14, #AFA38A
b062ecdd7f6fdbd9b49a,11, #93846C
b062ecdd7f6fdbd9b49a,14, #3C2A1A
b062ecdd7f6fdbd9b49a,8, #CBBFA3
b062ecdd7f6fdbd9b49a,29,#61503B
b062ecdd7f6fdbd9b49a,4, #E2D6B7
b0724666099fcd3cf501,3, #CECBBA
b0724666099fcd3cf501,4, #47483D
b0724666099fcd3cf501,8, #878576
b0724666099fcd3cf501,7, #676758
b0724666099fcd3cf501,2, #AAA797
b0724666099fcd3cf501,73,#F3F0DF
b0751844572f29d8080e,3, #B29D69
b0751844572f29d8080e,24, #211E14
b0751844572f29d8080e,13, #7F5138
b0751844572f29d8080e,2, #CFC69F
b0751844572f29d8080e,33, #887852
b0751844572f29d8080e,23,#423825
b07d54a299ca0de9f821,0,#575649
b07d54a299ca0de9f821,0, #6A6859
b07d54a299ca0de9f821,68, #F8F3E2
b07d54a299ca0de9f821,1, #838170
b07d54a299ca0de9f821,24, #D0C7AE
b07d54a299ca0de9f821,5, #A5A292
b081594a997bc3a4aacb,9,#E2DAB9
b081594a997bc3a4aacb,24, #AEA990
b081594a997bc3a4aacb,28, #FAF9E7
b081594a997bc3a4aacb,11, #7A7862
b081594a997bc3a4aacb,12, #505140
b081594a997bc3a4aacb,12, #1F2318
b084e81fb0b036283569,19, #989180
b084e81fb0b036283569,5,#F3EFE2
b084e81fb0b036283569,25, #CAC0A8
b084e81fb0b036283569,26, #585447
b084e81fb0b036283569,5, #3B3930
b084e81fb0b036283569,18, #787262
b08850870f729d487232,3, #A99E6B
b08850870f729d487232,10, #81774A
b08850870f729d487232,5, #5D4C23
b08850870f729d487232,21, #3A3117
b08850870f729d487232,9, #CACCAB
b08850870f729d487232,26,#17140A
b08850870f729d487232,22, #B6B695
b091e9c91d8ad3335588,9, #676860
b091e9c91d8ad3335588,10, #828379
b091e9c91d8ad3335588,42,#F5F4E8
b091e9c91d8ad3335588,3, #484A44
b091e9c91d8ad3335588,17, #D2D0C5
b091e9c91d8ad3335588,17, #A7A69B
b0a0e4d8cf4905e3df41,6, #867E5A
b0a0e4d8cf4905e3df41,13,#211B0C
b0a0e4d8cf4905e3df41,11, #A69E6F
b0a0e4d8cf4905e3df41,24, #655E40
b0a0e4d8cf4905e3df41,42, #44381F
b0a0e4d8cf4905e3df41,2, #ACAF99
b0a3d3d146a514bbd8d6,25, #17130C
b0a3d3d146a514bbd8d6,3, #433525
b0a3d3d146a514bbd8d6,2, #564A32
b0a3d3d146a514bbd8d6,50, #060402
b0a3d3d146a514bbd8d6,9, #241E13
b0a3d3d146a514bbd8d6,9,#332A19
b0b95f5ec52f415bc171,10,#F1F0EB
b0b95f5ec52f415bc171,15, #A79DA3
b0b95f5ec52f415bc171,2, #847461
b0b95f5ec52f415bc171,3, #4A3328
b0b95f5ec52f415bc171,4, #695648
b0b95f5ec52f415bc171,63, #D2D1C1
b0c76a8d203e11e5231b,4, #464241
b0c76a8d203e11e5231b,0, #AF6947
b0c76a8d203e11e5231b,30, #C2A58F
b0c76a8d203e11e5231b,23, #7C756E
b0c76a8d203e11e5231b,0,#FCF7E9
b0c76a8d203e11e5231b,40, #E1D7C6
b0d42da09346fc3b33a3,22, #B9B3A5
b0d42da09346fc3b33a3,7, #F7F0E2
b0d42da09346fc3b33a3,3, #403D35
b0d42da09346fc3b33a3,6, #666054
b0d42da09346fc3b33a3,30,#DFD6C7
b0d42da09346fc3b33a3,13, #9A9387
b0d42da09346fc3b33a3,14, #827B6F
b0d67c35a33089609f0c,16, #D6D1C0
b0d67c35a33089609f0c,9, #31332D
b0d67c35a33089609f0c,13, #ACA89B
b0d67c35a33089609f0c,12,#F7F3E9
b0d67c35a33089609f0c,17, #52534A
b0d67c35a33089609f0c,30, #7E7D71
b0dce84b886232b1bbcf,15,#C2C099
b0dce84b886232b1bbcf,12, #82764E
b0dce84b886232b1bbcf,14, #A29667
b0dce84b886232b1bbcf,35, #3A3222
b0dce84b886232b1bbcf,16, #615638
b0dce84b886232b1bbcf,5, #EADE9F
b0de0f05d1b194f318b7,53, #D3CBB5
b0de0f05d1b194f318b7,15, #676358
b0de0f05d1b194f318b7,11, #A7A08E
b0de0f05d1b194f318b7,7, #878072
b0de0f05d1b194f318b7,6,#F7F5E9
b0de0f05d1b194f318b7,4, #44423A
b0e02301818ee5e9f68b,24, #8F8477
b0e02301818ee5e9f68b,18, #D0C9B7
b0e02301818ee5e9f68b,4, #C2B7A2
b0e02301818ee5e9f68b,47, #E8E3D9
b0e02301818ee5e9f68b,4, #B3A58F
b0e02301818ee5e9f68b,0,#FDFBF3
b0e37f00810346fda530,1, #AD4D35
b0e37f00810346fda530,6, #794A24
b0e37f00810346fda530,1, #B88651
b0e37f00810346fda530,0, #94763E
b0e37f00810346fda530,2, #CAC595
b0e37f00810346fda530,84,#26180C
b0e37f00810346fda530,2, #BFAF68
b0e778d75114a7b0e50b,8, #64543A
b0e778d75114a7b0e50b,13, #A79F88
b0e778d75114a7b0e50b,61, #D9D5BD
b0e778d75114a7b0e50b,2,#F8F8F1
b0e778d75114a7b0e50b,6, #7F745F
b0e778d75114a7b0e50b,6, #3C2B19
b1050550916142a717f0,78,#F3F0DE
b1050550916142a717f0,4, #B8B4A7
b1050550916142a717f0,2, #736F65
b1050550916142a717f0,7, #D1CDBD
b1050550916142a717f0,0, #4C483F
b1050550916142a717f0,7, #9E9A8E
b1061f9c56c99f8d5fb5,7, #BFA882
b1061f9c56c99f8d5fb5,7, #958F7C
b1061f9c56c99f8d5fb5,21, #706858
b1061f9c56c99f8d5fb5,3, #E2D4A9
b1061f9c56c99f8d5fb5,22, #463F2F
b1061f9c56c99f8d5fb5,37,#1F1C14
b10bedf264cdc2b8479a,6, #727066
b10bedf264cdc2b8479a,12, #D3D0C3
b10bedf264cdc2b8479a,4, #55544C
b10bedf264cdc2b8479a,13, #AFACA0
b10bedf264cdc2b8479a,10, #8B897F
b10bedf264cdc2b8479a,0, #3A3731
b10bedf264cdc2b8479a,53,#F3F1E8
b11c31912588c5a84e5e,35, #686456
b11c31912588c5a84e5e,14, #928D7B
b11c31912588c5a84e5e,5, #AFA894
b11c31912588c5a84e5e,9, #CFC7B1
b11c31912588c5a84e5e,19, #414038
b11c31912588c5a84e5e,15,#F3EBD1
b1231c3473fb91456ea2,14, #AEA894
b1231c3473fb91456ea2,12, #49473D
b1231c3473fb91456ea2,17, #868070
b1231c3473fb91456ea2,26, #DBD5BD
b1231c3473fb91456ea2,11,#F9F7E2
b1231c3473fb91456ea2,17, #656153
b127e25edc85fb34b614,12, #4B4A43
b127e25edc85fb34b614,13,#F4F1E9
b127e25edc85fb34b614,22, #737167
b127e25edc85fb34b614,19, #AEAA9F
b127e25edc85fb34b614,20, #D2CCBD
b127e25edc85fb34b614,11, #949187
b1282191b52af540acb3,17, #3D3B31
b1282191b52af540acb3,11, #827E70
b1282191b52af540acb3,18, #C0BBAA
b1282191b52af540acb3,6,#9B9687
b1282191b52af540acb3,27, #615E51
b1282191b52af540acb3,18, #EFEBDD
b130535f3bf277e78fea,2, #968872
b130535f3bf277e78fea,4, #4F4636
b130535f3bf277e78fea,0, #DDCAA0
b130535f3bf277e78fea,66,#131210
b130535f3bf277e78fea,23, #2F2E26
b130535f3bf277e78fea,2, #776F5D
b130535f3bf277e78fea,1, #AAA08E
b13452976b718f4fce0e,14, #D1CBB5
b13452976b718f4fce0e,10, #3A3933
b13452976b718f4fce0e,5, #ACA693
b13452976b718f4fce0e,11, #878273
b13452976b718f4fce0e,29, #5F5D51
b13452976b718f4fce0e,27,#F8F6E6
b1384a811b5588b93d59,6, #53422C
b1384a811b5588b93d59,6, #9A8E71
b1384a811b5588b93d59,40,#D2CAA1
b1384a811b5588b93d59,33, #F2ECD1
b1384a811b5588b93d59,4, #B6A983
b1384a811b5588b93d59,4, #6E5F41
b1384a811b5588b93d59,4, #817353
b14985784979d95ca90c,5, #3B362A
b14985784979d95ca90c,20, #847958
b14985784979d95ca90c,13, #A1926A
b14985784979d95ca90c,11, #D0CAAF
b14985784979d95ca90c,26,#B3AD94
b14985784979d95ca90c,23, #605941
b14f51e29bb858391c7e,0, #B49D5D
b14f51e29bb858391c7e,5, #69512B
b14f51e29bb858391c7e,1, #C5B36E
b14f51e29bb858391c7e,4, #9E824A
b14f51e29bb858391c7e,9, #453A21
b14f51e29bb858391c7e,4, #816837
b14f51e29bb858391c7e,73,#231F10
b15869f79b120ed2b62e,0, #413D32
b15869f79b120ed2b62e,3, #9B9586
b15869f79b120ed2b62e,3, #7D7769
b15869f79b120ed2b62e,4, #BBB3A6
b15869f79b120ed2b62e,12, #DAD0C1
b15869f79b120ed2b62e,0, #5B5548
b15869f79b120ed2b62e,74,#F4ECDD
b1603b6aa6205d9aad79,13, #847661
b1603b6aa6205d9aad79,42,#1E1D18
b1603b6aa6205d9aad79,5, #DBD6C6
b1603b6aa6205d9aad79,11, #C6B499
b1603b6aa6205d9aad79,18, #744A35
b1603b6aa6205d9aad79,9, #A99A81
b16f0866a0780757ab9e,1, #846B35
b16f0866a0780757ab9e,9, #11120A
b16f0866a0780757ab9e,74,#302719
b16f0866a0780757ab9e,1, #B19E73
b16f0866a0780757ab9e,6, #554324
b16f0866a0780757ab9e,4, #6D562D
b16f0866a0780757ab9e,1, #988258
b17f91cd27287fc6fa0c,7, #A89F90
b17f91cd27287fc6fa0c,0, #FEFDF7
b17f91cd27287fc6fa0c,44,#EBE8DD
b17f91cd27287fc6fa0c,5, #705F52
b17f91cd27287fc6fa0c,3, #C0B7A6
b17f91cd27287fc6fa0c,25, #D6CFBE
b17f91cd27287fc6fa0c,13, #8A8075
b18b7578955aa64ad3f2,4, #D4CCB1
b18b7578955aa64ad3f2,2, #C1AF89
b18b7578955aa64ad3f2,11, #927C5E
b18b7578955aa64ad3f2,19, #352817
b18b7578955aa64ad3f2,7, #AD9671
b18b7578955aa64ad3f2,24, #7F6643
b18b7578955aa64ad3f2,30,#5D4F35
b1ab94779ba638ca84d8,1, #766A3C
b1ab94779ba638ca84d8,0, #D6D0A1
b1ab94779ba638ca84d8,55,#524628
b1ab94779ba638ca84d8,0, #887E4E
b1ab94779ba638ca84d8,2, #9F9663
b1ab94779ba638ca84d8,37, #181209
b1ab94779ba638ca84d8,1, #BEB583
b1b1ceefaa73937d7f70,27, #57482C
b1b1ceefaa73937d7f70,5, #7D7C6E
b1b1ceefaa73937d7f70,2, #A6A591
b1b1ceefaa73937d7f70,7,#445668
b1b1ceefaa73937d7f70,55, #22190D
b1b1ceefaa73937d7f70,2, #CBD0C5
b1b7599c1d96611f0480,1, #7C7766
b1b7599c1d96611f0480,18, #0A0A09
b1b7599c1d96611f0480,0, #A8977C
b1b7599c1d96611f0480,5, #76664B
b1b7599c1d96611f0480,0, #B9AA90
b1b7599c1d96611f0480,0, #96856A
b1b7599c1d96611f0480,74,#473426
b1b8f70a7c0385280e6f,40, #C4BEAB
b1b8f70a7c0385280e6f,1,#F5F4E1
b1b8f70a7c0385280e6f,26, #36302C
b1b8f70a7c0385280e6f,17, #645C55
b1b8f70a7c0385280e6f,11, #8F877D
b1b8f70a7c0385280e6f,2, #13100D
b1c084a5fc120fe6f52f,16, #27231B
b1c084a5fc120fe6f52f,2, #C1BDB1
b1c084a5fc120fe6f52f,21, #6A614A
b1c084a5fc120fe6f52f,5, #A8A69D
b1c084a5fc120fe6f52f,9, #7C786C
b1c084a5fc120fe6f52f,37,#4B4538
b1c084a5fc120fe6f52f,7, #97948A
b1c12da9c65b0e2d8a72,2, #F2EDE5
b1c12da9c65b0e2d8a72,19, #38332B
b1c12da9c65b0e2d8a72,13,#8A847A
b1c12da9c65b0e2d8a72,22, #DAD3C8
b1c12da9c65b0e2d8a72,25, #5F594F
b1c12da9c65b0e2d8a72,16, #CABA9E
b1c5f7eb7d900a5b0a2b,30, #5D4F34
b1c5f7eb7d900a5b0a2b,13,#9B9470
b1c5f7eb7d900a5b0a2b,2, #B8AE82
b1c5f7eb7d900a5b0a2b,7, #342E21
b1c5f7eb7d900a5b0a2b,24, #837C5E
b1c5f7eb7d900a5b0a2b,20, #756B4C
b1cc7bcd2534c56d657d,19, #A7A08E
b1cc7bcd2534c56d657d,10, #5A5549
b1cc7bcd2534c56d657d,20, #C3BBA7
b1cc7bcd2534c56d657d,1,#FDFAEF
b1cc7bcd2534c56d657d,23, #E4D9C3
b1cc7bcd2534c56d657d,24, #85806F
b1cf26ae8d4ea52836e1,14, #6B7169
b1cf26ae8d4ea52836e1,15,#15130C
b1cf26ae8d4ea52836e1,20, #8D9183
b1cf26ae8d4ea52836e1,5, #ABAD9C
b1cf26ae8d4ea52836e1,26, #3C3B30
b1cf26ae8d4ea52836e1,18, #565949
b1e67a3143299aa9340c,6, #B8B19C
b1e67a3143299aa9340c,2,#FBF9F1
b1e67a3143299aa9340c,67, #E1DAC3
b1e67a3143299aa9340c,7, #37392A
b1e67a3143299aa9340c,10, #6B6956
b1e67a3143299aa9340c,6, #918D7A
b1ecdc8865374d064e73,0,#FEF7E3
b1ecdc8865374d064e73,53, #E7D9BE
b1ecdc8865374d064e73,5, #6F5D45
b1ecdc8865374d064e73,33, #C8B892
b1ecdc8865374d064e73,4, #8D7D63
b1ecdc8865374d064e73,2, #B29F79
b1f29111fe5e27c86f03,12, #4C4430
b1f29111fe5e27c86f03,9, #352F20
b1f29111fe5e27c86f03,4, #BBB59D
b1f29111fe5e27c86f03,1, #A59B7D
b1f29111fe5e27c86f03,18, #635B40
b1f29111fe5e27c86f03,4, #857D64
b1f29111fe5e27c86f03,49,#D4D1C2
b1f63bb875f4586fe016,6, #6C5B31
b1f63bb875f4586fe016,0, #BB8D44
b1f63bb875f4586fe016,47,#443921
b1f63bb875f4586fe016,1, #92875A
b1f63bb875f4586fe016,0, #704C0A
b1f63bb875f4586fe016,2, #A07B33
b1f63bb875f4586fe016,40, #21211B
b1fadb0b52d1a1442739,6, #9A9792
b1fadb0b52d1a1442739,6, #372E25
b1fadb0b52d1a1442739,8, #F1EFE4
b1fadb0b52d1a1442739,4, #82785B
b1fadb0b52d1a1442739,67,#594E41
b1fadb0b52d1a1442739,2, #130F0E
b1fadb0b52d1a1442739,5, #C2C0B5
b1ff0779df78423701b9,3, #827B6B
b1ff0779df78423701b9,2, #FAF8EE
b1ff0779df78423701b9,6, #A29C8C
b1ff0779df78423701b9,9, #D6D0BE
b1ff0779df78423701b9,3, #C0BAA8
b1ff0779df78423701b9,72,#E9E3D1
b1ff0779df78423701b9,1, #615A4D
b2007e40a025255ce45f,8, #4C4941
b2007e40a025255ce45f,21,#F3F0E7
b2007e40a025255ce45f,12, #C4C0B8
b2007e40a025255ce45f,14, #A6A299
b2007e40a025255ce45f,10, #6D6A61
b2007e40a025255ce45f,12, #DBD7CD
b2007e40a025255ce45f,17, #858278
b200cd1a41d955636a1f,9, #736C60
b200cd1a41d955636a1f,26,#E3DCCA
b200cd1a41d955636a1f,5, #8D8679
b200cd1a41d955636a1f,9, #9F998C
b200cd1a41d955636a1f,9, #4A473F
b200cd1a41d955636a1f,19, #BFB9A8
b200cd1a41d955636a1f,19, #F9F6EB
b2038909cc909c5e6a69,9, #8C826A
b2038909cc909c5e6a69,35, #78715D
b2038909cc909c5e6a69,12,#4D4635
b2038909cc909c5e6a69,29, #68604B
b2038909cc909c5e6a69,12, #2D281F
b2038909cc909c5e6a69,0, #A29679
b20577909131b376fff2,17, #6A553E
b20577909131b376fff2,35, #19160E
b20577909131b376fff2,1, #908268
b20577909131b376fff2,0, #C8C5AA
b20577909131b376fff2,44,#433220
b20577909131b376fff2,0, #B4A482
b20c2296f932e17ed27d,12, #605B40
b20c2296f932e17ed27d,10,#ECECEC
b20c2296f932e17ed27d,7, #B5B6A9
b20c2296f932e17ed27d,1, #DBCC7F
b20c2296f932e17ed27d,50, #A4965C
b20c2296f932e17ed27d,17, #262622
b21576cf6796d0d4cb67,0, #9B7835
b21576cf6796d0d4cb67,21, #23170A
b21576cf6796d0d4cb67,18, #755C31
b21576cf6796d0d4cb67,8, #A69C7A
b21576cf6796d0d4cb67,47,#503A1A
b21576cf6796d0d4cb67,2, #8F7E56
b21576cf6796d0d4cb67,1, #B1AC92
b21a9c9ec55991badcba,9, #626060
b21a9c9ec55991badcba,15, #1B1A1A
b21a9c9ec55991badcba,24,#ECE9E7
b21a9c9ec55991badcba,12, #B2B1B3
b21a9c9ec55991badcba,31, #3C3B3A
b21a9c9ec55991badcba,6, #888687
b21d3a131bd09a771ce6,19, #A49F8E
b21d3a131bd09a771ce6,0, #FEFEF8
b21d3a131bd09a771ce6,4, #414036
b21d3a131bd09a771ce6,9, #605D50
b21d3a131bd09a771ce6,34,#E8E2D1
b21d3a131bd09a771ce6,13, #7E7B6A
b21d3a131bd09a771ce6,17, #C7C1AE
b21d8d5cc713f38b0b71,0, #3D271F
b21d8d5cc713f38b0b71,6,#F9F8F7
b21d8d5cc713f38b0b71,7, #82757C
b21d8d5cc713f38b0b71,2, #5D483D
b21d8d5cc713f38b0b71,64, #D3D0BC
b21d8d5cc713f38b0b71,18, #ACA189
b230549be8a8b97576ef,15, #A19784
b230549be8a8b97576ef,9, #534438
b230549be8a8b97576ef,20, #6B5F51
b230549be8a8b97576ef,37, #83796A
b230549be8a8b97576ef,8, #E2DCC5
b230549be8a8b97576ef,7,#BCB49D
b23313f0e533141ddeb3,8, #BBAC98
b23313f0e533141ddeb3,31, #716251
b23313f0e533141ddeb3,1,#FBF8F2
b23313f0e533141ddeb3,14, #958675
b23313f0e533141ddeb3,7, #DBCFBE
b23313f0e533141ddeb3,36, #433A33
b2346523765cddabc081,10, #C8C4B7
b2346523765cddabc081,13, #666564
b2346523765cddabc081,7, #AAA7A0
b2346523765cddabc081,0,#FBF9F1
b2346523765cddabc081,10, #888682
b2346523765cddabc081,56, #E7E2D2
b2370ca33a3855fc6612,10, #534336
b2370ca33a3855fc6612,36, #BFB89F
b2370ca33a3855fc6612,24, #DBD9C7
b2370ca33a3855fc6612,12, #9D9687
b2370ca33a3855fc6612,5,#F6F6F2
b2370ca33a3855fc6612,10, #7B7062
b23df7c619b73a2675d9,17, #A7A190
b23df7c619b73a2675d9,21, #F2ECD7
b23df7c619b73a2675d9,5,#898375
b23df7c619b73a2675d9,11, #656156
b23df7c619b73a2675d9,35, #CAC2AF
b23df7c619b73a2675d9,7, #3F3D35
b23fa62da5f7948b2af5,87,#BAB39D
b23fa62da5f7948b2af5,0, #7A6E5E
b23fa62da5f7948b2af5,0, #2E221D
b23fa62da5f7948b2af5,1, #DFDDCC
b23fa62da5f7948b2af5,2, #978D7B
b23fa62da5f7948b2af5,0, #56483D
b23fa62da5f7948b2af5,7, #F9F7EF
b243ea9f6b8f97dcf676,10, #817A72
b243ea9f6b8f97dcf676,7, #BAB2A6
b243ea9f6b8f97dcf676,6, #F9F8F6
b243ea9f6b8f97dcf676,1, #413F3B
b243ea9f6b8f97dcf676,47,#E1D9CD
b243ea9f6b8f97dcf676,11, #9A948A
b243ea9f6b8f97dcf676,13, #5F5B54
b24738eecc41c5215bd8,8, #E4DFD2
b24738eecc41c5215bd8,41,#D2CBB8
b24738eecc41c5215bd8,32, #BCAF8F
b24738eecc41c5215bd8,12, #A38F70
b24738eecc41c5215bd8,0, #898680
b24738eecc41c5215bd8,4, #8F785E
b24738eecc41c5215bd8,0, #F7F3E6
b247b376025351a5a101,22, #DCD9CA
b247b376025351a5a101,9, #6A675A
b247b376025351a5a101,15, #C5C1B3
b247b376025351a5a101,17, #8C897D
b247b376025351a5a101,24,#F7F5E7
b247b376025351a5a101,2, #444137
b247b376025351a5a101,6, #AEAA9D
b24943cd3e49dae5913f,14, #6A5F55
b24943cd3e49dae5913f,5, #897E70
b24943cd3e49dae5913f,9, #A09586
b24943cd3e49dae5913f,30, #F5F1E4
b24943cd3e49dae5913f,2, #423E3B
b24943cd3e49dae5913f,30,#E1D8C7
b24943cd3e49dae5913f,7, #C3B6A2
b2570cdf428ea3072e3a,1, #312824
b2570cdf428ea3072e3a,2, #C5BEAC
b2570cdf428ea3072e3a,7, #4C423B
b2570cdf428ea3072e3a,3, #87827F
b2570cdf428ea3072e3a,73,#E4DECA
b2570cdf428ea3072e3a,9, #62616F
b2570cdf428ea3072e3a,1, #A9A49A
b2576c686e0b7c25454a,37, #423A30
b2576c686e0b7c25454a,38,#221F1A
b2576c686e0b7c25454a,4, #767973
b2576c686e0b7c25454a,11, #595A53
b2576c686e0b7c25454a,4, #8F938D
b2576c686e0b7c25454a,3, #BDBAA4
b258cd0cfb41f6f0edb7,26, #483724
b258cd0cfb41f6f0edb7,2, #8A724A
b258cd0cfb41f6f0edb7,31, #232018
b258cd0cfb41f6f0edb7,5, #A89168
b258cd0cfb41f6f0edb7,12, #72552D
b258cd0cfb41f6f0edb7,21,#070705
b2641c5c618ef5b8a823,8, #52433C
b2641c5c618ef5b8a823,9, #E9E3CD
b2641c5c618ef5b8a823,16, #AD9E8D
b2641c5c618ef5b8a823,24, #726358
b2641c5c618ef5b8a823,4, #332722
b2641c5c618ef5b8a823,10, #CABDAB
b2641c5c618ef5b8a823,26,#928577
b26e8434614f12c3d14c,10, #312F2A
b26e8434614f12c3d14c,1, #CDB879
b26e8434614f12c3d14c,48, #846946
b26e8434614f12c3d14c,32,#554734
b26e8434614f12c3d14c,0, #DCD2A9
b26e8434614f12c3d14c,5, #A99563
b279f15989a50a818d6f,0,#FEFEFC
b279f15989a50a818d6f,34, #8B897F
b279f15989a50a818d6f,7, #D7D3C7
b279f15989a50a818d6f,20, #615E58
b279f15989a50a818d6f,31, #AAA79A
b279f15989a50a818d6f,5, #3B3631
b286aa7ca33b9240f2fb,2, #865633
b286aa7ca33b9240f2fb,1, #9A834A
b286aa7ca33b9240f2fb,0, #BEBBA9
b286aa7ca33b9240f2fb,2, #9D9673
b286aa7ca33b9240f2fb,64,#1A160A
b286aa7ca33b9240f2fb,0, #74705B
b286aa7ca33b9240f2fb,28, #564835
b28b69434b313914b865,36, #605C50
b28b69434b313914b865,6,#F2EEDF
b28b69434b313914b865,20, #888374
b28b69434b313914b865,2, #403D33
b28b69434b313914b865,16, #CAC4B1
b28b69434b313914b865,18, #A7A192
b28df907266706115189,5, #DAD7C9
b28df907266706115189,58,#726851
b28df907266706115189,18, #413931
b28df907266706115189,7, #908F87
b28df907266706115189,6, #B2B1A4
b28df907266706115189,0, #F9F6EC
b28df907266706115189,1, #120F0E
b293823e28e61db5f144,11, #C7C2AF
b293823e28e61db5f144,62,#F0ECD7
b293823e28e61db5f144,9, #3B3D33
b293823e28e61db5f144,4, #656558
b293823e28e61db5f144,5, #A19E8D
b293823e28e61db5f144,7, #848273
b2982a102c0f929957f5,12, #6F6D58
b2982a102c0f929957f5,31, #AAA07F
b2982a102c0f929957f5,19, #5C4827
b2982a102c0f929957f5,6, #805B31
b2982a102c0f929957f5,23,#292312
b2982a102c0f929957f5,6, #C5BA96
b29aae099c5e1cba477d,18, #62593F
b29aae099c5e1cba477d,8, #28251F
b29aae099c5e1cba477d,22, #493F2B
b29aae099c5e1cba477d,36,#837B64
b29aae099c5e1cba477d,6, #978B6E
b29aae099c5e1cba477d,5, #776947
b29aae099c5e1cba477d,1, #6A6C5E
b2a1d75f8e2768167d43,3, #7C7869
b2a1d75f8e2768167d43,88,#F1EBDB
b2a1d75f8e2768167d43,2, #A9A291
b2a1d75f8e2768167d43,2, #DAD1BF
b2a1d75f8e2768167d43,0, #5D5A4E
b2a1d75f8e2768167d43,1, #C4BDAB
b2a4a453e0bdc0657c52,0,#FEF5DD
b2a4a453e0bdc0657c52,39, #D2C9B4
b2a4a453e0bdc0657c52,21, #A8A28F
b2a4a453e0bdc0657c52,11, #5A584A
b2a4a453e0bdc0657c52,5, #3A392F
b2a4a453e0bdc0657c52,20, #807C6B
b2a81291a89fb8f2a903,6, #504E40
b2a81291a89fb8f2a903,5, #CFC9B8
b2a81291a89fb8f2a903,9, #B7B1A0
b2a81291a89fb8f2a903,10, #74705F
b2a81291a89fb8f2a903,18, #978E7A
b2a81291a89fb8f2a903,48,#EFE9D9
b2c2ade5835fb9a24db3,3,#151313
b2c2ade5835fb9a24db3,28, #453325
b2c2ade5835fb9a24db3,5, #DDD2B1
b2c2ade5835fb9a24db3,1, #F8F7DD
b2c2ade5835fb9a24db3,27, #7E6F57
b2c2ade5835fb9a24db3,33, #B4A686
b2cde1b57684bc529004,8, #AEAA99
b2cde1b57684bc529004,3,#747263
b2cde1b57684bc529004,52, #D8CFBA
b2cde1b57684bc529004,9, #8E8C7A
b2cde1b57684bc529004,3, #4C4B40
b2cde1b57684bc529004,22, #F9F3E1
b2cf426b300269e5e72c,23, #33211A
b2cf426b300269e5e72c,12,#F4F1E2
b2cf426b300269e5e72c,7, #A89E91
b2cf426b300269e5e72c,18, #827468
b2cf426b300269e5e72c,15, #CCC4B2
b2cf426b300269e5e72c,22, #5D4C42
b2d97aa64033f1d35937,13, #ABA48F
b2d97aa64033f1d35937,8,#C5BCA9
b2d97aa64033f1d35937,60, #E9DFCC
b2d97aa64033f1d35937,11, #86826D
b2d97aa64033f1d35937,4, #65634F
b2d97aa64033f1d35937,1, #464535
b2e466287068427ff607,33, #E1D9BF
b2e466287068427ff607,8, #444339
b2e466287068427ff607,9, #696757
b2e466287068427ff607,1,#FBF5DB
b2e466287068427ff607,28, #B9B49D
b2e466287068427ff607,18, #8B8774
b2e58c6fc076ed322ec9,4, #CAC1B2
b2e58c6fc076ed322ec9,5, #A8A092
b2e58c6fc076ed322ec9,3, #888173
b2e58c6fc076ed322ec9,83,#E8DFD2
b2e58c6fc076ed322ec9,0, #534D40
b2e58c6fc076ed322ec9,0, #FEFDF5
b2e58c6fc076ed322ec9,1, #726C5D
b2e805168d1d85d90bd4,49, #D9D1BB
b2e805168d1d85d90bd4,6,#F9F6E4
b2e805168d1d85d90bd4,2, #464239
b2e805168d1d85d90bd4,13, #878070
b2e805168d1d85d90bd4,15, #AAA290
b2e805168d1d85d90bd4,12, #645F52
b2e95426171f03e0d497,69, #F3EBD8
b2e95426171f03e0d497,8,#918E84
b2e95426171f03e0d497,14, #B9B6AA
b2e95426171f03e0d497,3, #6C6960
b2e95426171f03e0d497,2, #535147
b2e95426171f03e0d497,0, #3B392F
b309b08f6134cadd76de,9, #A19C89
b309b08f6134cadd76de,16, #5F5C4E
b309b08f6134cadd76de,32,#EAE4CD
b309b08f6134cadd76de,2, #424037
b309b08f6134cadd76de,21, #7F7B69
b309b08f6134cadd76de,17, #BBB6A0
b30c0a5fb25995da54e6,11, #BAB5A3
b30c0a5fb25995da54e6,21, #464638
b30c0a5fb25995da54e6,0, #1E2014
b30c0a5fb25995da54e6,40,#EDE9DC
b30c0a5fb25995da54e6,13, #94917F
b30c0a5fb25995da54e6,11, #6F6E5C
b327fbe52685ce6a997e,5, #968872
b327fbe52685ce6a997e,4, #84745B
b327fbe52685ce6a997e,6, #D4CFBA
b327fbe52685ce6a997e,56,#ACA289
b327fbe52685ce6a997e,15, #C5C0AA
b327fbe52685ce6a997e,5, #5F462D
b327fbe52685ce6a997e,5, #6C5E49
b329390919ab001dd48c,16, #B0AEA8
b329390919ab001dd48c,30,#D6D3CA
b329390919ab001dd48c,1, #FBF8EF
b329390919ab001dd48c,14, #5A5953
b329390919ab001dd48c,3, #41413C
b329390919ab001dd48c,14, #94938D
b329390919ab001dd48c,18, #797772
b32e70499deb3db9b7c4,36, #F4F0E4
b32e70499deb3db9b7c4,18, #D2CDC2
b32e70499deb3db9b7c4,11, #AEAA9F
b32e70499deb3db9b7c4,10,#8E8C80
b32e70499deb3db9b7c4,11, #4A483E
b32e70499deb3db9b7c4,11, #726F64
b32ec44d113719c32241,3,#F8F4E8
b32ec44d113719c32241,38, #5C5952
b32ec44d113719c32241,43, #89857B
b32ec44d113719c32241,0, #DAD2C3
b32ec44d113719c32241,1, #BAB4A5
b32ec44d113719c32241,12, #37332C
b331307d1763d93982a4,4, #98968C
b331307d1763d93982a4,4, #615E53
b331307d1763d93982a4,2, #7B796E
b331307d1763d93982a4,1, #403F37
b331307d1763d93982a4,74,#F4F3EF
b331307d1763d93982a4,12, #CAC8BF
b33c184fcbe502734489,20, #8C826E
b33c184fcbe502734489,21,#F4EBC6
b33c184fcbe502734489,19, #171513
b33c184fcbe502734489,6, #D2C5AB
b33c184fcbe502734489,12, #605740
b33c184fcbe502734489,7, #3D3726
b33c184fcbe502734489,11, #BCA67F
b33f5e2d23b7248866e7,16, #CBC3B6
b33f5e2d23b7248866e7,4, #AAA191
b33f5e2d23b7248866e7,11, #867F75
b33f5e2d23b7248866e7,7, #241B18
b33f5e2d23b7248866e7,11, #413C39
b33f5e2d23b7248866e7,7, #615A4C
b33f5e2d23b7248866e7,40,#F9F7F0
b343d5808533038f0e7d,10, #171711
b343d5808533038f0e7d,40, #EAD9B5
b343d5808533038f0e7d,6,#FCFAE8
b343d5808533038f0e7d,9, #464435
b343d5808533038f0e7d,14, #716D57
b343d5808533038f0e7d,18, #AEA58B
b345ee39289404652211,21, #9F9A8B
b345ee39289404652211,15, #736F62
b345ee39289404652211,2,#F7F4EA
b345ee39289404652211,38, #D4D0BF
b345ee39289404652211,2, #3A3830
b345ee39289404652211,19, #555348
b34fdf4b7c8f49135a5b,15, #5A5744
b34fdf4b7c8f49135a5b,14, #A29871
b34fdf4b7c8f49135a5b,3, #748481
b34fdf4b7c8f49135a5b,5, #BCB48E
b34fdf4b7c8f49135a5b,16, #403828
b34fdf4b7c8f49135a5b,0, #1F1B14
b34fdf4b7c8f49135a5b,43,#7E7452
b350f3413222577669d1,2, #E5E2D1
b350f3413222577669d1,37, #211E16
b350f3413222577669d1,0,#706D50
b350f3413222577669d1,3, #AB9752
b350f3413222577669d1,5, #C2B398
b350f3413222577669d1,51, #724E26
b35a87a27d6a603d02c6,34,#6D6860
b35a87a27d6a603d02c6,14, #4A473F
b35a87a27d6a603d02c6,13, #AFAA9F
b35a87a27d6a603d02c6,4, #34312A
b35a87a27d6a603d02c6,10, #D2C9B9
b35a87a27d6a603d02c6,19, #8F8A80
b35a87a27d6a603d02c6,4, #ECE6D7
b35cd491901370b545ff,46, #7A6647
b35cd491901370b545ff,11, #BAAA86
b35cd491901370b545ff,3,#FAF8F1
b35cd491901370b545ff,13, #9B927C
b35cd491901370b545ff,14, #927E59
b35cd491901370b545ff,10, #DBCFB0
b35f7f9ae638c10ffadc,20, #716C60
b35f7f9ae638c10ffadc,2, #E8DBBD
b35f7f9ae638c10ffadc,1, #C1B8A3
b35f7f9ae638c10ffadc,3, #A39C8D
b35f7f9ae638c10ffadc,9, #898476
b35f7f9ae638c10ffadc,18, #3A3834
b35f7f9ae638c10ffadc,44,#535048
b36f8fa30b2c20ce2f32,0, #BD953F
b36f8fa30b2c20ce2f32,0, #6782B6
b36f8fa30b2c20ce2f32,0, #3F5C87
b36f8fa30b2c20ce2f32,4, #BDA785
b36f8fa30b2c20ce2f32,67,#404047
b36f8fa30b2c20ce2f32,1, #E4D1AE
b36f8fa30b2c20ce2f32,25, #857457
b373bee6fc958e74f284,17, #69432F
b373bee6fc958e74f284,7, #DBCBAD
b373bee6fc958e74f284,20,#131007
b373bee6fc958e74f284,16, #462919
b373bee6fc958e74f284,13, #C4A28C
b373bee6fc958e74f284,8, #B17F6A
b373bee6fc958e74f284,15, #8D6049
b381592f4cfe5099df07,3, #F9F5E6
b381592f4cfe5099df07,9, #626056
b381592f4cfe5099df07,17, #888579
b381592f4cfe5099df07,44,#E1DCCD
b381592f4cfe5099df07,8, #C6C1B5
b381592f4cfe5099df07,16, #ABA69B
b381592f4cfe5099df07,0, #46443B
b38b39cf1ee5d240f426,3, #716A62
b38b39cf1ee5d240f426,29, #C9C2AF
b38b39cf1ee5d240f426,2, #554E49
b38b39cf1ee5d240f426,0, #37312E
b38b39cf1ee5d240f426,7, #8D867C
b38b39cf1ee5d240f426,3, #AEA799
b38b39cf1ee5d240f426,52,#EFE9D7
b39ff7f9481bc219e7c4,26, #454844
b39ff7f9481bc219e7c4,15, #816A49
b39ff7f9481bc219e7c4,4, #958568
b39ff7f9481bc219e7c4,42,#241710
b39ff7f9481bc219e7c4,1, #CCBA90
b39ff7f9481bc219e7c4,2, #B5A07E
b39ff7f9481bc219e7c4,7, #784325
b3a1bb8b7e06869b05af,10, #8C8A80
b3a1bb8b7e06869b05af,12, #64635A
b3a1bb8b7e06869b05af,1, #404039
b3a1bb8b7e06869b05af,38, #B7B3A8
b3a1bb8b7e06869b05af,36, #DEDACC
b3a1bb8b7e06869b05af,0,#FDFAEA
b3a47dd85fa34ddbdffe,3, #332E2C
b3a47dd85fa34ddbdffe,74,#EFE7D9
b3a47dd85fa34ddbdffe,10, #BDB4A7
b3a47dd85fa34ddbdffe,3, #958E85
b3a47dd85fa34ddbdffe,2, #5C5550
b3a47dd85fa34ddbdffe,5, #787068
b3a845ca3afdd71d153c,22, #CEC5AA
b3a845ca3afdd71d153c,12, #77644C
b3a845ca3afdd71d153c,19,#E7E5DE
b3a845ca3afdd71d153c,19, #41352A
b3a845ca3afdd71d153c,19, #AB9876
b3a845ca3afdd71d153c,6, #0F0E0C
b3b93a1fb7180878c43c,52,#F6F6F1
b3b93a1fb7180878c43c,16, #96938C
b3b93a1fb7180878c43c,7, #BAB8B1
b3b93a1fb7180878c43c,11, #716F67
b3b93a1fb7180878c43c,9, #D7D5CE
b3b93a1fb7180878c43c,2, #504F49
b3ba3636850523ae73af,26, #C1B7A4
b3ba3636850523ae73af,15, #666056
b3ba3636850523ae73af,2,#DCD8CF
b3ba3636850523ae73af,8, #4C473E
b3ba3636850523ae73af,14, #7F7A71
b3ba3636850523ae73af,31, #A2998B
b3cc0f64b63b269a265d,53,#D5D093
b3cc0f64b63b269a265d,2, #362F1D
b3cc0f64b63b269a265d,4, #6E663A
b3cc0f64b63b269a265d,21, #B6AE71
b3cc0f64b63b269a265d,6, #A09558
b3cc0f64b63b269a265d,6, #827D4F
b3cc0f64b63b269a265d,5, #574E2B
b3cc789bf4b349f3fe3c,10, #A29C8A
b3cc789bf4b349f3fe3c,29,#F9F8F5
b3cc789bf4b349f3fe3c,17, #C7BFA6
b3cc789bf4b349f3fe3c,13, #6B6659
b3cc789bf4b349f3fe3c,5, #E6E1CD
b3cc789bf4b349f3fe3c,16, #46443C
b3cc789bf4b349f3fe3c,8, #878170
b3deb3f47ca5cfc16c16,7, #898577
b3deb3f47ca5cfc16c16,25, #AFAB9B
b3deb3f47ca5cfc16c16,7, #3B392F
b3deb3f47ca5cfc16c16,4, #6B685B
b3deb3f47ca5cfc16c16,16,#D3CFBD
b3deb3f47ca5cfc16c16,38, #F4F2E6
b40225c88252c977e5bd,17,#D8D4CA
b40225c88252c977e5bd,15, #8B8A7F
b40225c88252c977e5bd,13, #525348
b40225c88252c977e5bd,16, #B9B5AC
b40225c88252c977e5bd,0, #272921
b40225c88252c977e5bd,36, #F8F5F1
b402424b578e6f2389eb,3, #32332D
b402424b578e6f2389eb,49, #F2EFE5
b402424b578e6f2389eb,8,#818075
b402424b578e6f2389eb,12, #5A5A51
b402424b578e6f2389eb,12, #A7A59B
b402424b578e6f2389eb,13, #CDCABF
b4181c21845cc464c20d,33,#191812
b4181c21845cc464c20d,0, #D2C89C
b4181c21845cc464c20d,7, #5F543E
b4181c21845cc464c20d,3, #8C7B57
b4181c21845cc464c20d,1, #AEA179
b4181c21845cc464c20d,53, #383327
b41a0786aa966bff25f0,15, #0F100A
b41a0786aa966bff25f0,5, #C4B690
b41a0786aa966bff25f0,18,#807352
b41a0786aa966bff25f0,53, #4A3E2B
b41a0786aa966bff25f0,1, #F0E8C3
b41a0786aa966bff25f0,5, #9E9376
b41ab1b9e8e600eaf8f4,6, #F4F0E4
b41ab1b9e8e600eaf8f4,2, #180D07
b41ab1b9e8e600eaf8f4,11, #453924
b41ab1b9e8e600eaf8f4,13, #71654A
b41ab1b9e8e600eaf8f4,2, #C8C0A9
b41ab1b9e8e600eaf8f4,52,#92835E
b41ab1b9e8e600eaf8f4,11, #9E998B
b41f7fecf40a69242840,18, #9C968C
b41f7fecf40a69242840,17, #5E5A50
b41f7fecf40a69242840,1, #F6EFDF
b41f7fecf40a69242840,10, #36332D
b41f7fecf40a69242840,15, #C0BAAF
b41f7fecf40a69242840,25,#777269
b41f7fecf40a69242840,11, #DED8CB
b42b756b74a3df491853,0, #433D34
b42b756b74a3df491853,76,#A29E95
b42b756b74a3df491853,0, #20170F
b42b756b74a3df491853,9, #7E7871
b42b756b74a3df491853,4, #F2F2F1
b42b756b74a3df491853,1, #5D574F
b42b756b74a3df491853,7, #CFCDC2
b433689656820516c8aa,2,#CCC69B
b433689656820516c8aa,18, #504928
b433689656820516c8aa,0, #2F2D19
b433689656820516c8aa,37, #B0A981
b433689656820516c8aa,37, #766F45
b433689656820516c8aa,3, #918B60
b437cb311fe5646eec26,24, #B2BDB5
b437cb311fe5646eec26,0,#5F6560
b437cb311fe5646eec26,6, #161509
b437cb311fe5646eec26,9, #7B7346
b437cb311fe5646eec26,37, #A3A282
b437cb311fe5646eec26,21, #4C471C
b4392e0e326f7fed508b,8,#9A8E78
b4392e0e326f7fed508b,61, #DECFAD
b4392e0e326f7fed508b,0, #2F1F14
b4392e0e326f7fed508b,9, #B5A98F
b4392e0e326f7fed508b,8, #7A6D59
b4392e0e326f7fed508b,10, #514131
b445d0b15166f32d2ef2,64, #CCC8B2
b445d0b15166f32d2ef2,3, #635343
b445d0b15166f32d2ef2,11, #B3A78B
b445d0b15166f32d2ef2,5,#F0EEEB
b445d0b15166f32d2ef2,15, #887D7C
b445d0b15166f32d2ef2,0, #36291F
b4496decd00e8fccef8c,14, #D9D6C4
b4496decd00e8fccef8c,10,#6F6254
b4496decd00e8fccef8c,15, #412C20
b4496decd00e8fccef8c,11, #8B8072
b4496decd00e8fccef8c,18, #5D4B3C
b4496decd00e8fccef8c,29, #B7AE9C
b44cda75644e74faa81f,1, #4A493F
b44cda75644e74faa81f,16, #D0CDC4
b44cda75644e74faa81f,8, #B0AEA4
b44cda75644e74faa81f,10, #6D6C61
b44cda75644e74faa81f,49, #F6F4F0
b44cda75644e74faa81f,14,#939187
b450e304cf69aaa1c52d,21, #3D3C34
b450e304cf69aaa1c52d,15, #817D70
b450e304cf69aaa1c52d,25,#EDE7D7
b450e304cf69aaa1c52d,5, #C4BEAF
b450e304cf69aaa1c52d,11, #A39E90
b450e304cf69aaa1c52d,20, #625F54
b45558e67267cbed5236,22, #7A7A79
b45558e67267cbed5236,10, #47362C
b45558e67267cbed5236,30, #9BA0A1
b45558e67267cbed5236,20,#B5C1C6
b45558e67267cbed5236,11, #605248
b45558e67267cbed5236,5, #271915
b456a4f0ec4207dab5e5,4, #3B3A32
b456a4f0ec4207dab5e5,8, #5D594E
b456a4f0ec4207dab5e5,22, #7C776A
b456a4f0ec4207dab5e5,6,#FAF8E6
b456a4f0ec4207dab5e5,27, #A29D8D
b456a4f0ec4207dab5e5,30, #D3CDBB
b4581981e83c55c98872,0, #DFDAA1
b4581981e83c55c98872,3, #937E3E
b4581981e83c55c98872,4, #D1C16E
b4581981e83c55c98872,3, #B1A057
b4581981e83c55c98872,32, #231B0F
b4581981e83c55c98872,48,#453B22
b4581981e83c55c98872,6, #726537
b45ddcdab24b523a6df3,12, #655B39
b45ddcdab24b523a6df3,1, #A2986F
b45ddcdab24b523a6df3,23, #403015
b45ddcdab24b523a6df3,1, #8F865A
b45ddcdab24b523a6df3,15, #B8B093
b45ddcdab24b523a6df3,35,#15161A
b45ddcdab24b523a6df3,9, #D5D5D0
b462bffd2c9abba1a0d2,5, #524728
b462bffd2c9abba1a0d2,25, #AD9C6D
b462bffd2c9abba1a0d2,8, #110E08
b462bffd2c9abba1a0d2,16, #907E52
b462bffd2c9abba1a0d2,10, #6B5F3C
b462bffd2c9abba1a0d2,6, #A5AC9A
b462bffd2c9abba1a0d2,25,#352B16
b46b87832ea17d384597,4, #382A1E
b46b87832ea17d384597,6, #D9CEAD
b46b87832ea17d384597,20, #51402F
b46b87832ea17d384597,17, #AA9466
b46b87832ea17d384597,5,#C1B086
b46b87832ea17d384597,45, #806640
b46da456edc0d8cd44cd,3, #211F12
b46da456edc0d8cd44cd,36,#777466
b46da456edc0d8cd44cd,16, #685D44
b46da456edc0d8cd44cd,7, #38362B
b46da456edc0d8cd44cd,7, #060401
b46da456edc0d8cd44cd,19, #9C9C82
b46da456edc0d8cd44cd,9, #48473F
b4709e5be9f2a5a742a1,5, #907E69
b4709e5be9f2a5a742a1,80,#DCD0B9
b4709e5be9f2a5a742a1,1, #725E4C
b4709e5be9f2a5a742a1,4, #F4F1EA
b4709e5be9f2a5a742a1,2, #A69B88
b4709e5be9f2a5a742a1,3, #563E30
b4709e5be9f2a5a742a1,2, #C4B59B
b47257c1f080a3406448,48, #E3DFCF
b47257c1f080a3406448,7,#F9F8F1
b47257c1f080a3406448,13, #89857A
b47257c1f080a3406448,10, #B9B4A6
b47257c1f080a3406448,12, #636056
b47257c1f080a3406448,7, #46443E
b47504f3adbd8fba40d0,11, #7A7A6B
b47504f3adbd8fba40d0,0, #28261B
b47504f3adbd8fba40d0,3,#080805
b47504f3adbd8fba40d0,9, #D4D1BF
b47504f3adbd8fba40d0,67, #A5A393
b47504f3adbd8fba40d0,6, #515144
b4787d0eb67dcd300347,31, #362F24
b4787d0eb67dcd300347,2, #9A825D
b4787d0eb67dcd300347,9, #64523B
b4787d0eb67dcd300347,3, #836643
b4787d0eb67dcd300347,0, #B2A585
b4787d0eb67dcd300347,52,#121311
b47fac3c527e4138eb35,14, #7C755A
b47fac3c527e4138eb35,3, #E8E9E0
b47fac3c527e4138eb35,0, #FDFDF5
b47fac3c527e4138eb35,21, #B1A989
b47fac3c527e4138eb35,29,#CBC6AB
b47fac3c527e4138eb35,23, #4E4C43
b47fac3c527e4138eb35,6, #96927E
b48107fbf4864ed48b19,7, #0C0A08
b48107fbf4864ed48b19,0, #B2B0A2
b48107fbf4864ed48b19,16, #6D6C5C
b48107fbf4864ed48b19,0, #D7D6D3
b48107fbf4864ed48b19,47,#2D2820
b48107fbf4864ed48b19,1, #9A977E
b48107fbf4864ed48b19,26, #4A4636
b4899bd3ddd8e9c2ba22,10, #9C978B
b4899bd3ddd8e9c2ba22,8, #BBB7AB
b4899bd3ddd8e9c2ba22,32, #D9D5C9
b4899bd3ddd8e9c2ba22,41,#F7F4EB
b4899bd3ddd8e9c2ba22,3, #7F7A6F
b4899bd3ddd8e9c2ba22,1, #48443A
b4899bd3ddd8e9c2ba22,2, #686358
b489fb1ab6ed0372b177,1,#FBF9EF
b489fb1ab6ed0372b177,5, #4E4742
b489fb1ab6ed0372b177,3, #AA9C8B
b489fb1ab6ed0372b177,13, #CBBEA9
b489fb1ab6ed0372b177,71, #E4DBC9
b489fb1ab6ed0372b177,4, #847D72
b48b3e8d58474bcc7086,29, #BAAD8F
b48b3e8d58474bcc7086,2, #424038
b48b3e8d58474bcc7086,13, #918772
b48b3e8d58474bcc7086,0, #FEFCDD
b48b3e8d58474bcc7086,5, #5C574A
b48b3e8d58474bcc7086,40,#DED4B8
b48b3e8d58474bcc7086,6, #756E5C
b492cab4becc6da16fe6,0, #9C741D
b492cab4becc6da16fe6,76, #0D0B09
b492cab4becc6da16fe6,7, #44371C
b492cab4becc6da16fe6,7,#281F0E
b492cab4becc6da16fe6,0, #836E3E
b492cab4becc6da16fe6,7, #695124
b49c803fcfcada2bafb7,6, #ACA89A
b49c803fcfcada2bafb7,66, #CEC8BA
b49c803fcfcada2bafb7,11,#8E8A7D
b49c803fcfcada2bafb7,5, #F4EEDB
b49c803fcfcada2bafb7,2, #4D4B3F
b49c803fcfcada2bafb7,6, #706D60
b49ea5bac5511c0d821e,20, #76726E
b49ea5bac5511c0d821e,41,#595150
b49ea5bac5511c0d821e,0, #D2D0C5
b49ea5bac5511c0d821e,3, #F5F4EA
b49ea5bac5511c0d821e,3, #AAA79F
b49ea5bac5511c0d821e,21, #8A8882
b49ea5bac5511c0d821e,9, #3A3232
b49ea613c58917370bc3,11, #656155
b49ea613c58917370bc3,30,#B5B09F
b49ea613c58917370bc3,0, #F7F2DE
b49ea613c58917370bc3,11, #817C6D
b49ea613c58917370bc3,13, #979282
b49ea613c58917370bc3,29, #D8D3C1
b49ea613c58917370bc3,2, #49463F
b4a0fdfc81a4e82b3e4d,12, #584430
b4a0fdfc81a4e82b3e4d,27,#979C99
b4a0fdfc81a4e82b3e4d,2, #C7C3AE
b4a0fdfc81a4e82b3e4d,14, #5C594D
b4a0fdfc81a4e82b3e4d,36, #7C7B6E
b4a0fdfc81a4e82b3e4d,5, #28261B
b4a1fae2cee3c8c2dccd,25, #B3AF99
b4a1fae2cee3c8c2dccd,16, #F3F2E3
b4a1fae2cee3c8c2dccd,0, #484334
b4a1fae2cee3c8c2dccd,39,#D0CEB8
b4a1fae2cee3c8c2dccd,8, #9D9A87
b4a1fae2cee3c8c2dccd,4, #6A6553
b4a1fae2cee3c8c2dccd,5, #898471
b4a3be2fd25f91092e92,14, #9F978D
b4a3be2fd25f91092e92,12, #5F5850
b4a3be2fd25f91092e92,9, #3F3A34
b4a3be2fd25f91092e92,12, #C3B9AC
b4a3be2fd25f91092e92,23, #80786E
b4a3be2fd25f91092e92,28,#F2EAE2
b4a69599bdc261f8f85e,7, #4C4A3E
b4a69599bdc261f8f85e,76, #E0D7C2
b4a69599bdc261f8f85e,1, #C2BBA8
b4a69599bdc261f8f85e,1,#FCF6DD
b4a69599bdc261f8f85e,9, #7F7A69
b4a69599bdc261f8f85e,4, #A6A18F
b4a701a6490e3f956c6b,11, #80694D
b4a701a6490e3f956c6b,7, #393734
b4a701a6490e3f956c6b,22, #D6BE97
b4a701a6490e3f956c6b,9, #998467
b4a701a6490e3f956c6b,26,#B69F7A
b4a701a6490e3f956c6b,5, #584D3F
b4a701a6490e3f956c6b,17, #F4E7D1
b4a9aca23f083a5255b2,11, #D6D6CA
b4a9aca23f083a5255b2,15, #41383A
b4a9aca23f083a5255b2,10, #261F1E
b4a9aca23f083a5255b2,18,#6A6161
b4a9aca23f083a5255b2,16, #928C89
b4a9aca23f083a5255b2,17, #B9B7B0
b4a9aca23f083a5255b2,9, #F3F0E1
b4ad6fe26951b4828901,12, #A59586
b4ad6fe26951b4828901,12,#EEEEEC
b4ad6fe26951b4828901,13, #CDBEB2
b4ad6fe26951b4828901,40, #5F2E2D
b4ad6fe26951b4828901,1, #828ACE
b4ad6fe26951b4828901,19, #6C637F
b4ae94be97081faebdac,2, #B29D65
b4ae94be97081faebdac,6,#686047
b4ae94be97081faebdac,26, #423D27
b4ae94be97081faebdac,27, #857B62
b4ae94be97081faebdac,34, #1C1B13
b4ae94be97081faebdac,2, #DDCD8C
b4bcb25ddabb88683874,35, #12100B
b4bcb25ddabb88683874,2, #7C351B
b4bcb25ddabb88683874,3, #A39273
b4bcb25ddabb88683874,5, #8B7A5E
b4bcb25ddabb88683874,16, #62523C
b4bcb25ddabb88683874,36,#44291D
b4bcb25ddabb88683874,1, #BAAD90
b4d539864d895f482b64,27, #7E5B25
b4d539864d895f482b64,0, #B65432
b4d539864d895f482b64,1,#CAB275
b4d539864d895f482b64,26, #483C17
b4d539864d895f482b64,18, #B08A50
b4d539864d895f482b64,25, #1E170D
b4d7a2712f5cbb7df979,13, #5E5750
b4d7a2712f5cbb7df979,19, #3D3835
b4d7a2712f5cbb7df979,7, #1D1A17
b4d7a2712f5cbb7df979,44,#F2EDE1
b4d7a2712f5cbb7df979,5, #857D72
b4d7a2712f5cbb7df979,8, #B5AE9E
b4d9f3d70ba385f51694,74,#E5E1D3
b4d9f3d70ba385f51694,6, #A6A298
b4d9f3d70ba385f51694,1, #5F5B51
b4d9f3d70ba385f51694,1, #817D72
b4d9f3d70ba385f51694,9, #FAF7EB
b4d9f3d70ba385f51694,0, #444237
b4d9f3d70ba385f51694,7, #CAC6BB
b4db41ca5bf468dd070d,0, #BCB3A0
b4db41ca5bf468dd070d,1, #9C968C
b4db41ca5bf468dd070d,1, #79736D
b4db41ca5bf468dd070d,0, #534E49
b4db41ca5bf468dd070d,1, #2F2B28
b4db41ca5bf468dd070d,19, #CDCABD
b4db41ca5bf468dd070d,75,#F4F4F1
b4dd096f7cfc59e69b88,28, #584534
b4dd096f7cfc59e69b88,9, #6B5F4C
b4dd096f7cfc59e69b88,4, #AAA697
b4dd096f7cfc59e69b88,0, #C4C4B9
b4dd096f7cfc59e69b88,4, #8F846D
b4dd096f7cfc59e69b88,52,#262018
b4de0256e64393ceb94c,37, #484033
b4de0256e64393ceb94c,11, #1D1713
b4de0256e64393ceb94c,9, #D9D5C4
b4de0256e64393ceb94c,7, #D5BC7A
b4de0256e64393ceb94c,23, #7F6C4D
b4de0256e64393ceb94c,10,#A5A28E
b4e0ed779d52e0104602,17, #9C8966
b4e0ed779d52e0104602,3,#BFB7A6
b4e0ed779d52e0104602,15, #736B60
b4e0ed779d52e0104602,23, #423326
b4e0ed779d52e0104602,8, #D4CCB8
b4e0ed779d52e0104602,30, #A29A8B
b4ebaa6dc6ec439e0382,17, #796744
b4ebaa6dc6ec439e0382,18, #B8A56B
b4ebaa6dc6ec439e0382,14, #36312D
b4ebaa6dc6ec439e0382,31, #584A38
b4ebaa6dc6ec439e0382,11, #8D815C
b4ebaa6dc6ec439e0382,7,#17191F
b4ef57ec95ee23b894e4,18, #454241
b4ef57ec95ee23b894e4,13, #89827C
b4ef57ec95ee23b894e4,9, #6D6864
b4ef57ec95ee23b894e4,2,#FBF6F4
b4ef57ec95ee23b894e4,46, #B5ADA3
b4ef57ec95ee23b894e4,10, #E1D7CD
b4f8546ab4cf01b842cc,34, #20150F
b4f8546ab4cf01b842cc,0, #B19759
b4f8546ab4cf01b842cc,1, #AFA68D
b4f8546ab4cf01b842cc,15, #585040
b4f8546ab4cf01b842cc,1, #9A9077
b4f8546ab4cf01b842cc,8, #816843
b4f8546ab4cf01b842cc,38,#55331D
b501bfb46e88ae40e234,1, #E0D5AD
b501bfb46e88ae40e234,21, #72623F
b501bfb46e88ae40e234,14, #948563
b501bfb46e88ae40e234,18, #4F3E26
b501bfb46e88ae40e234,38,#1A180F
b501bfb46e88ae40e234,0, #F9F5D6
b501bfb46e88ae40e234,5, #BFB089
b5094f1d73c6678ddc10,4,#4E4E43
b5094f1d73c6678ddc10,5, #89713F
b5094f1d73c6678ddc10,1, #69695D
b5094f1d73c6678ddc10,8, #989176
b5094f1d73c6678ddc10,23, #45351C
b5094f1d73c6678ddc10,55, #1B0F08
b50970a5cdcaaa48b07a,25, #3D392D
b50970a5cdcaaa48b07a,15, #F2EBD1
b50970a5cdcaaa48b07a,15, #78725F
b50970a5cdcaaa48b07a,14, #9B9580
b50970a5cdcaaa48b07a,17,#CCC5AD
b50970a5cdcaaa48b07a,11, #605A48
b5124777829bd2458ac7,18, #847F6F
b5124777829bd2458ac7,9, #F7F3E6
b5124777829bd2458ac7,36, #AFA996
b5124777829bd2458ac7,5,#656053
b5124777829bd2458ac7,0, #4A463C
b5124777829bd2458ac7,29, #D8D0B9
b53390ec65187fbe6e1a,10, #889592
b53390ec65187fbe6e1a,17, #847F60
b53390ec65187fbe6e1a,1, #B0B3A7
b53390ec65187fbe6e1a,43,#594A38
b53390ec65187fbe6e1a,23, #392016
b53390ec65187fbe6e1a,0, #D9CE98
b53390ec65187fbe6e1a,3, #BAAC75
b5381d96403b85e77694,12, #84837B
b5381d96403b85e77694,0,#FEFBEC
b5381d96403b85e77694,49, #DDDBC9
b5381d96403b85e77694,11, #9C9C91
b5381d96403b85e77694,14, #B7B6A8
b5381d96403b85e77694,10, #676761
b53cc7dee3e5bc553dc5,7, #524A43
b53cc7dee3e5bc553dc5,4, #7B6F62
b53cc7dee3e5bc553dc5,1, #F8F5E9
b53cc7dee3e5bc553dc5,8, #312B25
b53cc7dee3e5bc553dc5,63,#DFD8C6
b53cc7dee3e5bc553dc5,6, #CDC2AC
b53cc7dee3e5bc553dc5,7, #AA9B83
b543ffec585b28063ac7,14,#A0A091
b543ffec585b28063ac7,10, #4D544C
b543ffec585b28063ac7,23, #F5F1E0
b543ffec585b28063ac7,24, #C4C0AE
b543ffec585b28063ac7,8, #18221B
b543ffec585b28063ac7,18, #767A6F
b548b3cc8a956c1a3557,2, #43403C
b548b3cc8a956c1a3557,5, #9F947D
b548b3cc8a956c1a3557,22, #BDAF93
b548b3cc8a956c1a3557,6, #5C574E
b548b3cc8a956c1a3557,9, #807765
b548b3cc8a956c1a3557,53,#E8DCC4
b54ae8dc68d358f4aa68,4, #A89C70
b54ae8dc68d358f4aa68,14,#090908
b54ae8dc68d358f4aa68,13, #615A45
b54ae8dc68d358f4aa68,0, #B1B1B5
b54ae8dc68d358f4aa68,66, #2A281B
b54ae8dc68d358f4aa68,1, #CFC894
b54fbe04710a842debc4,1,#FEFCDE
b54fbe04710a842debc4,0, #453021
b54fbe04710a842debc4,59, #EADFB7
b54fbe04710a842debc4,16, #C4B593
b54fbe04710a842debc4,16, #95856A
b54fbe04710a842debc4,5, #654F3A
b5520cdf855561db9ca7,1, #FAF6E6
b5520cdf855561db9ca7,5, #423F35
b5520cdf855561db9ca7,26,#DED9CB
b5520cdf855561db9ca7,12, #BAB5A7
b5520cdf855561db9ca7,19, #817E70
b5520cdf855561db9ca7,23, #605E51
b5520cdf855561db9ca7,11, #9C988A
b552cceb0a044ba82463,3, #3A382F
b552cceb0a044ba82463,4, #777261
b552cceb0a044ba82463,10,#F6F5E3
b552cceb0a044ba82463,11, #575347
b552cceb0a044ba82463,11, #9F9A84
b552cceb0a044ba82463,58, #CEC8AB
b556262365f667b5f9c6,33, #D7CFC0
b556262365f667b5f9c6,16, #6A635A
b556262365f667b5f9c6,0,#FDF9E5
b556262365f667b5f9c6,9, #AFA79E
b556262365f667b5f9c6,12, #908980
b556262365f667b5f9c6,26, #2E2922
b559691cfcf896e1cec1,2, #3E3221
b559691cfcf896e1cec1,0, #FEFEF3
b559691cfcf896e1cec1,77,#DCD3BB
b559691cfcf896e1cec1,0, #171109
b559691cfcf896e1cec1,2, #5D5344
b559691cfcf896e1cec1,7, #8D8068
b559691cfcf896e1cec1,8, #B1A386
b559cc0a23b82d16c690,4, #514D43
b559cc0a23b82d16c690,3,#DACFB8
b559cc0a23b82d16c690,5, #797161
b559cc0a23b82d16c690,10, #BBB09A
b559cc0a23b82d16c690,69, #EFE6D0
b559cc0a23b82d16c690,6, #998F7D
b55c26446982d28073d2,77,#17170D
b55c26446982d28073d2,4, #6B6447
b55c26446982d28073d2,5, #483C27
b55c26446982d28073d2,1, #BEBEA7
b55c26446982d28073d2,2, #ACA583
b55c26446982d28073d2,8, #9B8F64
b5633fe90b166b965e3f,1, #7C6C5B
b5633fe90b166b965e3f,0, #595447
b5633fe90b166b965e3f,57,#F5F4EB
b5633fe90b166b965e3f,26, #E3DABC
b5633fe90b166b965e3f,3, #C8BCA2
b5633fe90b166b965e3f,0, #3E3D32
b5633fe90b166b965e3f,9, #A99781
b56427e4f501047933c5,5, #6F6255
b56427e4f501047933c5,3, #948874
b56427e4f501047933c5,10,#3A302A
b56427e4f501047933c5,28, #D3CBB5
b56427e4f501047933c5,41, #F4F2E8
b56427e4f501047933c5,9, #B3A895
b56da7f6bf22f5ad3d3e,14, #786749
b56da7f6bf22f5ad3d3e,4, #624E31
b56da7f6bf22f5ad3d3e,8, #928770
b56da7f6bf22f5ad3d3e,12,#F7F5EF
b56da7f6bf22f5ad3d3e,6, #BEB08E
b56da7f6bf22f5ad3d3e,53, #E7D9B1
b56ece899fcb94dd8a74,0, #62605D
b56ece899fcb94dd8a74,4, #C6C6C2
b56ece899fcb94dd8a74,0, #34322D
b56ece899fcb94dd8a74,95, #EDEDED
b56ece899fcb94dd8a74,0,#A3A4A0
b56ece899fcb94dd8a74,0, #888884
b583a07321d4a6ff9eac,12, #4E4822
b583a07321d4a6ff9eac,23, #85877E
b583a07321d4a6ff9eac,10, #AFA993
b583a07321d4a6ff9eac,26,#352F0E
b583a07321d4a6ff9eac,6, #75662E
b583a07321d4a6ff9eac,5, #D4D1C2
b583a07321d4a6ff9eac,14, #141105
b58c37113e69c06fa30c,20, #857A5B
b58c37113e69c06fa30c,2, #D7D2B4
b58c37113e69c06fa30c,10, #1B1710
b58c37113e69c06fa30c,13, #AFA578
b58c37113e69c06fa30c,6, #F7F5D9
b58c37113e69c06fa30c,24,#3D3625
b58c37113e69c06fa30c,22, #635537
b58df89ea4da09f0d1ae,7, #B0A87C
b58df89ea4da09f0d1ae,16, #645D3D
b58df89ea4da09f0d1ae,6, #8C8258
b58df89ea4da09f0d1ae,7, #868E85
b58df89ea4da09f0d1ae,30,#241E13
b58df89ea4da09f0d1ae,29, #40341D
b58df89ea4da09f0d1ae,0, #CBBD87
b590386edce2104e5202,0, #A87B3E
b590386edce2104e5202,0, #868258
b590386edce2104e5202,14, #705E2B
b590386edce2104e5202,21, #1D1505
b590386edce2104e5202,0, #BAB595
b590386edce2104e5202,62,#413417
b590386edce2104e5202,0, #9A9673
b5a1f1327aa3423a8285,7, #393737
b5a1f1327aa3423a8285,31, #625D5B
b5a1f1327aa3423a8285,16, #8B8580
b5a1f1327aa3423a8285,26, #A7A099
b5a1f1327aa3423a8285,1,#FBF6EE
b5a1f1327aa3423a8285,17, #D7CCC0
b5a862a3aec4adb66476,1, #C2B480
b5a862a3aec4adb66476,0,#5A5955
b5a862a3aec4adb66476,0, #8C8876
b5a862a3aec4adb66476,94, #E3DFC9
b5a862a3aec4adb66476,0, #A39E8A
b5a862a3aec4adb66476,3, #FBFAF2
b5ae274b14b1a33adae6,35, #F5EEDE
b5ae274b14b1a33adae6,16, #DDD5C5
b5ae274b14b1a33adae6,16, #615F54
b5ae274b14b1a33adae6,9,#89867A
b5ae274b14b1a33adae6,1, #39392F
b5ae274b14b1a33adae6,20, #B0AA9B
b5b2548c01af7b913e81,7, #918172
b5b2548c01af7b913e81,17, #B4A698
b5b2548c01af7b913e81,12, #7C6252
b5b2548c01af7b913e81,2,#F1ECE1
b5b2548c01af7b913e81,7, #533D32
b5b2548c01af7b913e81,52, #D4CABC
b5b50dfaca14b2d669b4,26, #EDEBEC
b5b50dfaca14b2d669b4,25, #131213
b5b50dfaca14b2d669b4,0, #C4493A
b5b50dfaca14b2d669b4,17, #78767A
b5b50dfaca14b2d669b4,11,#B4B3B7
b5b50dfaca14b2d669b4,18, #393739
b5b9d2ec737e6f6e6f00,12,#9C9993
b5b9d2ec737e6f6e6f00,12, #827F7A
b5b9d2ec737e6f6e6f00,26, #BFBBB4
b5b9d2ec737e6f6e6f00,1, #373534
b5b9d2ec737e6f6e6f00,6, #5E5B58
b5b9d2ec737e6f6e6f00,41, #EBE7DD
b5d812e3168f888d7636,4, #9C9587
b5d812e3168f888d7636,50,#E2D9C6
b5d812e3168f888d7636,31, #FAF4E0
b5d812e3168f888d7636,8, #BFB7A7
b5d812e3168f888d7636,3, #777063
b5d812e3168f888d7636,1, #4E483E
b5d812e3168f888d7636,0, #2F2921
b5e05821dc8b2e3fe885,0, #686B72
b5e05821dc8b2e3fe885,29, #514141
b5e05821dc8b2e3fe885,14, #CBB68A
b5e05821dc8b2e3fe885,8, #9E7F63
b5e05821dc8b2e3fe885,0, #E9DABD
b5e05821dc8b2e3fe885,33,#14141D
b5e05821dc8b2e3fe885,12, #7F5B48
b5e1271f574d3a11fb91,11, #D9D3C3
b5e1271f574d3a11fb91,8, #B1ACA0
b5e1271f574d3a11fb91,57, #383734
b5e1271f574d3a11fb91,7, #86837A
b5e1271f574d3a11fb91,3,#F9F7EE
b5e1271f574d3a11fb91,9, #67665E
b5e15fdf1833df59d92e,52, #E0DBC8
b5e15fdf1833df59d92e,4,#F9F6E3
b5e15fdf1833df59d92e,13, #6A6759
b5e15fdf1833df59d92e,11, #BEB9A8
b5e15fdf1833df59d92e,15, #918D7D
b5e15fdf1833df59d92e,2, #46433A
b5e6d014d792672eee8d,11, #A18267
b5e6d014d792672eee8d,3, #3A372E
b5e6d014d792672eee8d,9, #BFAB8C
b5e6d014d792672eee8d,5, #7E6E54
b5e6d014d792672eee8d,65,#E1D9BC
b5e6d014d792672eee8d,2, #655842
b5e6d014d792672eee8d,0, #FEF8DE
b5e8e0a916bd8ee5caad,20, #908E80
b5e8e0a916bd8ee5caad,9,#B4B1A3
b5e8e0a916bd8ee5caad,21, #F0EEDD
b5e8e0a916bd8ee5caad,7, #3C3B33
b5e8e0a916bd8ee5caad,16, #CECABB
b5e8e0a916bd8ee5caad,24, #626256
b5ea38248858840b9388,7, #908C7E
b5ea38248858840b9388,53, #D4CBB7
b5ea38248858840b9388,9,#F2EFE3
b5ea38248858840b9388,6, #636057
b5ea38248858840b9388,8, #3D3C37
b5ea38248858840b9388,15, #BBB29E
b5eaf5cf081f2d84ca39,4,#F5F1E5
b5eaf5cf081f2d84ca39,25, #31302A
b5eaf5cf081f2d84ca39,19, #89857D
b5eaf5cf081f2d84ca39,24, #5C5A53
b5eaf5cf081f2d84ca39,17, #D8D2C2
b5eaf5cf081f2d84ca39,9, #B4AFA2
b5ebb8f344076e3b12a4,9, #77705F
b5ebb8f344076e3b12a4,5,#FAFAF7
b5ebb8f344076e3b12a4,6, #434039
b5ebb8f344076e3b12a4,23, #A9A08C
b5ebb8f344076e3b12a4,14, #D2C7AD
b5ebb8f344076e3b12a4,40, #E9E2CD
b5eee41de57e5ad608fc,2, #4E4A3E
b5eee41de57e5ad608fc,18, #928E82
b5eee41de57e5ad608fc,21, #D4CFBA
b5eee41de57e5ad608fc,49, #6D695E
b5eee41de57e5ad608fc,1,#F5F3E9
b5eee41de57e5ad608fc,6, #B4B1A0
b5ef231b0aec99a40f4a,42, #DBD0B5
b5ef231b0aec99a40f4a,16,#B9AB8F
b5ef231b0aec99a40f4a,2, #5E5342
b5ef231b0aec99a40f4a,8, #8C8067
b5ef231b0aec99a40f4a,26, #F6F3E3
b5ef231b0aec99a40f4a,2, #2A2114
b5ef34298935ea196c92,3, #918C7B
b5ef34298935ea196c92,1, #4D493A
b5ef34298935ea196c92,70,#FAF8E8
b5ef34298935ea196c92,3, #AFAA96
b5ef34298935ea196c92,6, #6E6A59
b5ef34298935ea196c92,14, #D8D2BA
b5f9ec11a5e09ad71adb,2, #AAA791
b5f9ec11a5e09ad71adb,9, #4A4B3E
b5f9ec11a5e09ad71adb,12, #DDDAC2
b5f9ec11a5e09ad71adb,5, #92907D
b5f9ec11a5e09ad71adb,10, #70705F
b5f9ec11a5e09ad71adb,56,#F9F8EE
b5f9ec11a5e09ad71adb,3, #BDBAA3
b5fd2c743923a48b624f,15, #090401
b5fd2c743923a48b624f,1, #947A54
b5fd2c743923a48b624f,18, #2D1A0D
b5fd2c743923a48b624f,0, #AA9972
b5fd2c743923a48b624f,31,#745B40
b5fd2c743923a48b624f,1, #700A0A
b5fd2c743923a48b624f,30, #664024
b5ff6c4d73d6af9a079e,13, #C4BEB2
b5ff6c4d73d6af9a079e,18, #E0DACE
b5ff6c4d73d6af9a079e,4, #4C473F
b5ff6c4d73d6af9a079e,22, #A7A196
b5ff6c4d73d6af9a079e,19,#F8F4EC
b5ff6c4d73d6af9a079e,22, #787368
b609719e345af1d84ac8,4, #A4A286
b609719e345af1d84ac8,14, #787458
b609719e345af1d84ac8,35, #413F2B
b609719e345af1d84ac8,8,#1A1812
b609719e345af1d84ac8,9, #928B68
b609719e345af1d84ac8,27, #5A593F
b609e8f3e45318774b4e,13, #D5CDB4
b609e8f3e45318774b4e,29, #969585
b609e8f3e45318774b4e,21, #3A3F35
b609e8f3e45318774b4e,5,#F8F6E2
b609e8f3e45318774b4e,1, #192015
b609e8f3e45318774b4e,28, #5E6256
b611786605b6a19a9626,39, #5F5741
b611786605b6a19a9626,0, #333024
b611786605b6a19a9626,0, #CC4D3E
b611786605b6a19a9626,44,#989074
b611786605b6a19a9626,0, #F90706
b611786605b6a19a9626,14, #CBBC90
b611786605b6a19a9626,0, #8A130F
b62291331686d0216eb8,7, #CBBCA4
b62291331686d0216eb8,81,#F1E8D9
b62291331686d0216eb8,5, #847162
b62291331686d0216eb8,0, #383433
b62291331686d0216eb8,0, #895845
b62291331686d0216eb8,2, #AE9F8A
b62291331686d0216eb8,1, #544F4A
b62368138c4d26cca7d0,20, #B3AB9D
b62368138c4d26cca7d0,6,#F5EEE1
b62368138c4d26cca7d0,24, #918A80
b62368138c4d26cca7d0,13, #D8CFBD
b62368138c4d26cca7d0,31, #6F6761
b62368138c4d26cca7d0,4, #504946
b62a105081030b60583d,4, #6D6B5C
b62a105081030b60583d,80,#211A12
b62a105081030b60583d,10, #4C4135
b62a105081030b60583d,3, #AFA78A
b62a105081030b60583d,0, #E3E4D0
b62a105081030b60583d,0, #798D8F
b62a105081030b60583d,1, #C8C6AF
b637c9773e8980422fa8,10, #6A655B
b637c9773e8980422fa8,25,#F9F6EA
b637c9773e8980422fa8,7, #A9A292
b637c9773e8980422fa8,25, #D3CAB6
b637c9773e8980422fa8,9, #8A8377
b637c9773e8980422fa8,21, #403D38
b63855cd8982044f09e9,28,#201A12
b63855cd8982044f09e9,12, #763A1F
b63855cd8982044f09e9,9, #685831
b63855cd8982044f09e9,19, #896632
b63855cd8982044f09e9,24, #51311E
b63855cd8982044f09e9,5, #A98F55
b63855cd8982044f09e9,0, #BDA670
b63bcf8e6050d50faa6d,33, #574D48
b63bcf8e6050d50faa6d,21, #D7D0B8
b63bcf8e6050d50faa6d,3,#F8F6E1
b63bcf8e6050d50faa6d,11, #AEA696
b63bcf8e6050d50faa6d,12, #201916
b63bcf8e6050d50faa6d,17, #817970
b644449c4748d603a686,7, #D4D0B5
b644449c4748d603a686,17, #6F674E
b644449c4748d603a686,50,#403C34
b644449c4748d603a686,13, #989175
b644449c4748d603a686,8, #B9B391
b644449c4748d603a686,0, #FEFEF5
b644449c4748d603a686,2, #E8E7DD
b64e8560f9d36074a086,6, #3F3421
b64e8560f9d36074a086,32,#8A8468
b64e8560f9d36074a086,8, #221D13
b64e8560f9d36074a086,3, #BAB499
b64e8560f9d36074a086,7, #A29D83
b64e8560f9d36074a086,28, #7C6643
b64e8560f9d36074a086,12, #574C34
b650056bbf4b090bead3,0, #CA5242
b650056bbf4b090bead3,20, #2F2D2D
b650056bbf4b090bead3,19, #C2C0C3
b650056bbf4b090bead3,6, #5F5E5E
b650056bbf4b090bead3,16, #8D8B8D
b650056bbf4b090bead3,36,#F1EEEC
b652ede73a019fd95d35,12, #57482A
b652ede73a019fd95d35,83, #1D180D
b652ede73a019fd95d35,0,#7C7B78
b652ede73a019fd95d35,0, #605E5B
b652ede73a019fd95d35,0, #989791
b652ede73a019fd95d35,3, #8C7A48
b65394a224d6f5e5df48,12, #E3DBC8
b65394a224d6f5e5df48,14, #CAC2AE
b65394a224d6f5e5df48,4, #665D4A
b65394a224d6f5e5df48,8, #908674
b65394a224d6f5e5df48,42,#F9F7EC
b65394a224d6f5e5df48,15, #AEA390
b65394a224d6f5e5df48,1, #242116
b6542d5984631705fcae,4, #B8B7AC
b6542d5984631705fcae,7,#F6F5EC
b6542d5984631705fcae,10, #DAD8C8
b6542d5984631705fcae,43, #3E3D36
b6542d5984631705fcae,20, #6A6A61
b6542d5984631705fcae,14, #909086
b6556248eae6783d8d14,7, #989383
b6556248eae6783d8d14,45,#C4C1B0
b6556248eae6783d8d14,2, #716D60
b6556248eae6783d8d14,0, #565246
b6556248eae6783d8d14,0, #3C3930
b6556248eae6783d8d14,42, #F0EEE0
b66b2b158f7302fa4517,9, #9A8D81
b66b2b158f7302fa4517,16, #817368
b66b2b158f7302fa4517,14, #584842
b66b2b158f7302fa4517,30, #D0C5B3
b66b2b158f7302fa4517,16,#ECE6D0
b66b2b158f7302fa4517,12, #B3A594
b6734c49ce90d124276e,24, #EDEBE1
b6734c49ce90d124276e,28,#23221C
b6734c49ce90d124276e,0, #A6A29A
b6734c49ce90d124276e,17, #49463B
b6734c49ce90d124276e,16, #625E51
b6734c49ce90d124276e,2, #C9C6B9
b6734c49ce90d124276e,9, #827E6E
b6741d5a6e981ce7bed6,4, #F4D48C
b6741d5a6e981ce7bed6,6, #746530
b6741d5a6e981ce7bed6,13, #958547
b6741d5a6e981ce7bed6,17, #17160D
b6741d5a6e981ce7bed6,27, #4C3D1F
b6741d5a6e981ce7bed6,30,#C8A051
b6741d5a6e981ce7bed6,0, #A66D29
b676b33b9c253bbe4228,5, #3A362D
b676b33b9c253bbe4228,18, #AC9B7F
b676b33b9c253bbe4228,1, #F7F4EA
b676b33b9c253bbe4228,0, #202317
b676b33b9c253bbe4228,9, #80715B
b676b33b9c253bbe4228,61,#D9D0BD
b676b33b9c253bbe4228,2, #564C41
b6797670ed181ea964a2,8, #4F4F4A
b6797670ed181ea964a2,20, #ABA997
b6797670ed181ea964a2,46, #D6D0B8
b6797670ed181ea964a2,7,#F8F6E5
b6797670ed181ea964a2,1, #202020
b6797670ed181ea964a2,17, #828377
b67fdd37b22092841b62,25, #594A33
b67fdd37b22092841b62,16, #978F7A
b67fdd37b22092841b62,5, #DBDBD8
b67fdd37b22092841b62,3, #BCB5A6
b67fdd37b22092841b62,4, #F2F2F0
b67fdd37b22092841b62,10, #83724B
b67fdd37b22092841b62,33,#371C0B
b68b7fc9d725db3ca7b1,0, #604F3A
b68b7fc9d725db3ca7b1,7, #A69E85
b68b7fc9d725db3ca7b1,1, #817359
b68b7fc9d725db3ca7b1,9, #C6BFA7
b68b7fc9d725db3ca7b1,46,#FAF9F5
b68b7fc9d725db3ca7b1,35, #E2DEC8
b69b5426162ccf7cecc7,7, #312F27
b69b5426162ccf7cecc7,8, #575253
b69b5426162ccf7cecc7,12, #7C7772
b69b5426162ccf7cecc7,15,#F0EDDA
b69b5426162ccf7cecc7,17, #A39F8E
b69b5426162ccf7cecc7,37, #CDCAB8
b6a94de9201b225be649,7, #403E35
b6a94de9201b225be649,12, #CFC5AB
b6a94de9201b225be649,17, #888371
b6a94de9201b225be649,9, #ABA28B
b6a94de9201b225be649,26, #615C4F
b6a94de9201b225be649,26,#EFEBD7
b6af44f39c168c927394,4, #A8A198
b6af44f39c168c927394,4, #857F76
b6af44f39c168c927394,58,#FAF8EE
b6af44f39c168c927394,1, #49463F
b6af44f39c168c927394,28, #D8D2C3
b6af44f39c168c927394,2, #656058
b6b469d4cd1cb30e3f1a,1, #B5A87C
b6b469d4cd1cb30e3f1a,40, #231E14
b6b469d4cd1cb30e3f1a,3,#968C69
b6b469d4cd1cb30e3f1a,25, #786B48
b6b469d4cd1cb30e3f1a,0, #D2C797
b6b469d4cd1cb30e3f1a,27, #49412D
b6b54a88c70722180d40,15, #7B776A
b6b54a88c70722180d40,12, #A29E8F
b6b54a88c70722180d40,15, #58574D
b6b54a88c70722180d40,6, #E5E1D2
b6b54a88c70722180d40,15, #F9F9F6
b6b54a88c70722180d40,5, #3A3A34
b6b54a88c70722180d40,28,#C7C2B0
b6b93db14827d30cb035,17, #7D7970
b6b93db14827d30cb035,4, #B4B0A7
b6b93db14827d30cb035,41,#F7F5EF
b6b93db14827d30cb035,5, #9C978F
b6b93db14827d30cb035,3, #D0CDC3
b6b93db14827d30cb035,26, #57544D
b6bbfd3345eef7b05c73,0,#F9F5EC
b6bbfd3345eef7b05c73,8, #989283
b6bbfd3345eef7b05c73,0, #0E0D0B
b6bbfd3345eef7b05c73,76, #3C352C
b6bbfd3345eef7b05c73,10, #D5CCB6
b6bbfd3345eef7b05c73,3, #645D4F
b6c07c3ce9993324027e,1, #4F6465
b6c07c3ce9993324027e,1, #7C765F
b6c07c3ce9993324027e,14, #665835
b6c07c3ce9993324027e,2, #A69274
b6c07c3ce9993324027e,41,#363A34
b6c07c3ce9993324027e,0, #CEC6A7
b6c07c3ce9993324027e,38, #191711
b6c0ddc7a91eaf40662c,6, #887D6A
b6c0ddc7a91eaf40662c,0, #FDF6E2
b6c0ddc7a91eaf40662c,7, #A69B8A
b6c0ddc7a91eaf40662c,23, #E6E1D0
b6c0ddc7a91eaf40662c,2, #60503E
b6c0ddc7a91eaf40662c,57,#C8C0AB
b6c0ddc7a91eaf40662c,3, #736652
b6c868ca861c143297f7,10,#1E2016
b6c868ca861c143297f7,0, #9C9270
b6c868ca861c143297f7,0, #BAAD84
b6c868ca861c143297f7,46, #333822
b6c868ca861c143297f7,1, #817A5B
b6c868ca861c143297f7,41, #5B5932
b6c8dc3deb3513bc804f,4, #535046
b6c8dc3deb3513bc804f,0, #FDF5DF
b6c8dc3deb3513bc804f,7, #A6A094
b6c8dc3deb3513bc804f,10, #C0BAAC
b6c8dc3deb3513bc804f,8, #797469
b6c8dc3deb3513bc804f,6, #918B7F
b6c8dc3deb3513bc804f,61,#E0D8C8
b6ceaecc6ebfc3a72330,17, #A89F90
b6ceaecc6ebfc3a72330,21,#CCBFAD
b6ceaecc6ebfc3a72330,0, #564E46
b6ceaecc6ebfc3a72330,47, #ECDDC7
b6ceaecc6ebfc3a72330,5, #6F665C
b6ceaecc6ebfc3a72330,8, #8C8376
b6cfa40db411242c84a1,31, #D6CEB2
b6cfa40db411242c84a1,6,#F6F5EC
b6cfa40db411242c84a1,7, #86816F
b6cfa40db411242c84a1,26, #3C3B37
b6cfa40db411242c84a1,13, #B1AA91
b6cfa40db411242c84a1,15, #636055
b6de0ca859db63ec6ade,6, #42352F
b6de0ca859db63ec6ade,39, #CDC5B5
b6de0ca859db63ec6ade,2, #231914
b6de0ca859db63ec6ade,0,#F9F6E2
b6de0ca859db63ec6ade,16, #9C9289
b6de0ca859db63ec6ade,33, #695D56
b6e15d93e07e25a4b962,50, #C4BBAB
b6e15d93e07e25a4b962,2, #665F59
b6e15d93e07e25a4b962,7,#90887E
b6e15d93e07e25a4b962,37, #F7F1DF
b6e15d93e07e25a4b962,0, #231F21
b6e15d93e07e25a4b962,1, #433D3B
b6e3a2f0e4ffdc5f9102,0, #25201A
b6e3a2f0e4ffdc5f9102,4, #928E82
b6e3a2f0e4ffdc5f9102,0, #433F36
b6e3a2f0e4ffdc5f9102,83,#DBD8CC
b6e3a2f0e4ffdc5f9102,9, #B2AFA3
b6e3a2f0e4ffdc5f9102,0, #6D695D
b6e3a2f0e4ffdc5f9102,1, #FEFEF4
b6e67b50205b014944a8,6, #0F0F0F
b6e67b50205b014944a8,30,#BA9E66
b6e67b50205b014944a8,13, #DACB9D
b6e67b50205b014944a8,25, #907748
b6e67b50205b014944a8,13, #605D4C
b6e67b50205b014944a8,11, #453826
b6ea27a4141762813fb8,15, #9A8B6F
b6ea27a4141762813fb8,14, #BBAC90
b6ea27a4141762813fb8,7, #645C4D
b6ea27a4141762813fb8,30,#F5F2E7
b6ea27a4141762813fb8,0, #291E12
b6ea27a4141762813fb8,4, #43382B
b6ea27a4141762813fb8,26, #D9CDB2
b6eebe0d100c97d20a51,18, #716C5D
b6eebe0d100c97d20a51,3, #F6EED5
b6eebe0d100c97d20a51,5, #3A3730
b6eebe0d100c97d20a51,32,#DFD7BE
b6eebe0d100c97d20a51,9, #C3BBA4
b6eebe0d100c97d20a51,13, #9D9684
b6eebe0d100c97d20a51,18, #504C42
b6ef837e893c2564b6c0,19, #716751
b6ef837e893c2564b6c0,5, #979481
b6ef837e893c2564b6c0,12, #794327
b6ef837e893c2564b6c0,59,#412E20
b6ef837e893c2564b6c0,2, #B2B2A1
b6ef837e893c2564b6c0,0, #D3CFBB
b6fc6cb7034db7624560,12, #453219
b6fc6cb7034db7624560,3, #AE9154
b6fc6cb7034db7624560,70,#1B180D
b6fc6cb7034db7624560,3, #614B25
b6fc6cb7034db7624560,1, #BFAD70
b6fc6cb7034db7624560,9, #8A6E39
b7010a2098cc1ea5ca72,3, #413F38
b7010a2098cc1ea5ca72,11, #D1C9B5
b7010a2098cc1ea5ca72,47,#F5F2E2
b7010a2098cc1ea5ca72,11, #B4AF9E
b7010a2098cc1ea5ca72,11, #969182
b7010a2098cc1ea5ca72,15, #6E6A5E
b701de5d34f3b20cd72c,2, #E5D7A2
b701de5d34f3b20cd72c,16, #79775F
b701de5d34f3b20cd72c,2, #C9B986
b701de5d34f3b20cd72c,17, #A09672
b701de5d34f3b20cd72c,54,#49483A
b701de5d34f3b20cd72c,6, #282721
b701de5d34f3b20cd72c,0, #915C3C
b7028ef64073d74a743e,0, #F7F0DE
b7028ef64073d74a743e,9, #D9D3C6
b7028ef64073d74a743e,6, #32302A
b7028ef64073d74a743e,20, #969085
b7028ef64073d74a743e,7, #BFB8AD
b7028ef64073d74a743e,35,#4D4A41
b7028ef64073d74a743e,19, #736E63
b714b4cb1ae0a2be7df3,0, #B6A97D
b714b4cb1ae0a2be7df3,0, #877956
b714b4cb1ae0a2be7df3,76,#19150C
b714b4cb1ae0a2be7df3,22, #4E301A
b714b4cb1ae0a2be7df3,0, #9D9169
b714b4cb1ae0a2be7df3,1, #7E602D
b71ba0b8849425adb185,78, #F6F4E3
b71ba0b8849425adb185,6,#D9D5BF
b71ba0b8849425adb185,1, #413F36
b71ba0b8849425adb185,6, #928F83
b71ba0b8849425adb185,4, #BAB7A8
b71ba0b8849425adb185,2, #626055
b7202b74f3ca1969585d,5, #9F9582
b7202b74f3ca1969585d,3, #3E3527
b7202b74f3ca1969585d,10, #5E584C
b7202b74f3ca1969585d,6, #BFB7A3
b7202b74f3ca1969585d,4, #837B6C
b7202b74f3ca1969585d,18, #D9D3BF
b7202b74f3ca1969585d,51,#F5F4EC
b722b10d914e21bdf342,5,#FAF7EC
b722b10d914e21bdf342,11, #BEBAAF
b722b10d914e21bdf342,53, #DED9CE
b722b10d914e21bdf342,16, #918E83
b722b10d914e21bdf342,4, #4B493F
b722b10d914e21bdf342,8, #6B685E
b736ca842f9d7d1635a6,1, #F4EED6
b736ca842f9d7d1635a6,3, #584842
b736ca842f9d7d1635a6,14, #DDD6C3
b736ca842f9d7d1635a6,25,#74655C
b736ca842f9d7d1635a6,16, #C7B9A6
b736ca842f9d7d1635a6,16, #9C8D79
b736ca842f9d7d1635a6,22, #B1A28D
b73c5ced8160410a9ef9,17, #837564
b73c5ced8160410a9ef9,34, #D2CAAF
b73c5ced8160410a9ef9,23, #ADA391
b73c5ced8160410a9ef9,6, #5D4738
b73c5ced8160410a9ef9,14, #EBE9D6
b73c5ced8160410a9ef9,3,#735E4B
b73d7c5ad33a5f05d1b3,5, #4A504A
b73d7c5ad33a5f05d1b3,7, #D2CFC0
b73d7c5ad33a5f05d1b3,11,#111111
b73d7c5ad33a5f05d1b3,8, #B8AF9C
b73d7c5ad33a5f05d1b3,42, #5B3525
b73d7c5ad33a5f05d1b3,24, #846C4F
b73dc6b9a3e8ecc81100,6, #BDB7A7
b73dc6b9a3e8ecc81100,0, #5D594D
b73dc6b9a3e8ecc81100,4, #999382
b73dc6b9a3e8ecc81100,74,#F4F2E8
b73dc6b9a3e8ecc81100,1, #736F63
b73dc6b9a3e8ecc81100,11, #D9D2C0
b73dc6b9a3e8ecc81100,0, #454237
b743fe3793e0fe322885,14, #9B8C75
b743fe3793e0fe322885,10, #6F5C4F
b743fe3793e0fe322885,7, #462D26
b743fe3793e0fe322885,15, #C0B49B
b743fe3793e0fe322885,10,#F7F5EC
b743fe3793e0fe322885,40, #E5DDC5
b74d0965de05fd3b5aab,7, #6C6447
b74d0965de05fd3b5aab,30,#291F11
b74d0965de05fd3b5aab,9, #7E8279
b74d0965de05fd3b5aab,3, #97814F
b74d0965de05fd3b5aab,20, #554725
b74d0965de05fd3b5aab,0, #7A581D
b74d0965de05fd3b5aab,27, #AEA17D
b7533130bef644e250ca,64, #605A40
b7533130bef644e250ca,13,#7D7E66
b7533130bef644e250ca,4, #D2C69F
b7533130bef644e250ca,7, #5B1F18
b7533130bef644e250ca,9, #A29E88
b7533130bef644e250ca,2, #A3814C
b75425265f6b8faff718,2, #4F4D42
b75425265f6b8faff718,9, #878374
b75425265f6b8faff718,6, #6B685A
b75425265f6b8faff718,17, #A5A192
b75425265f6b8faff718,47,#EFEBDB
b75425265f6b8faff718,0, #36352D
b75425265f6b8faff718,15, #CAC5B3
b7573eacaf0f1555ae4d,15, #CBC9BB
b7573eacaf0f1555ae4d,28, #9E9D8F
b7573eacaf0f1555ae4d,7, #57584D
b7573eacaf0f1555ae4d,23,#EFEDDD
b7573eacaf0f1555ae4d,20, #767769
b7573eacaf0f1555ae4d,4, #3C3E36
b75c2140d2202ea5593c,8, #606052
b75c2140d2202ea5593c,4, #403E34
b75c2140d2202ea5593c,16, #9D9B8C
b75c2140d2202ea5593c,21,#F8F4DF
b75c2140d2202ea5593c,13, #807F70
b75c2140d2202ea5593c,35, #CAC7B4
b76a7b13147bb7bde6b3,47,#6F6748
b76a7b13147bb7bde6b3,31, #4B442D
b76a7b13147bb7bde6b3,4, #2A271D
b76a7b13147bb7bde6b3,0, #BAB288
b76a7b13147bb7bde6b3,8, #A49D74
b76a7b13147bb7bde6b3,0, #D2C895
b76a7b13147bb7bde6b3,6, #908760
b76d403c817fa56619e9,19, #C5BBA8
b76d403c817fa56619e9,8, #857F73
b76d403c817fa56619e9,7, #F4EBDC
b76d403c817fa56619e9,3, #69645A
b76d403c817fa56619e9,54,#DCD3C6
b76d403c817fa56619e9,1, #494640
b76d403c817fa56619e9,5, #AA9F8C
b76f47259175fb3a1fa5,12, #737A6D
b76f47259175fb3a1fa5,4, #182318
b76f47259175fb3a1fa5,5, #A6A797
b76f47259175fb3a1fa5,15, #CDC9B6
b76f47259175fb3a1fa5,52,#F7F3DF
b76f47259175fb3a1fa5,9, #465145
b770f7787428fb24b48e,20, #574D38
b770f7787428fb24b48e,0, #7F7963
b770f7787428fb24b48e,37, #462F25
b770f7787428fb24b48e,38,#191214
b770f7787428fb24b48e,1, #6D6046
b770f7787428fb24b48e,0, #BDB097
b770f7787428fb24b48e,0, #958E79
b77b208c66c12b2db209,7, #C7C2A7
b77b208c66c12b2db209,31, #413B17
b77b208c66c12b2db209,17, #666138
b77b208c66c12b2db209,35, #171202
b77b208c66c12b2db209,3,#A29E7F
b77b208c66c12b2db209,4, #8B845E
b77c5c9812386e1a0ac0,14,#141B23
b77c5c9812386e1a0ac0,0, #7E4431
b77c5c9812386e1a0ac0,11, #AFA77B
b77c5c9812386e1a0ac0,20, #6C726C
b77c5c9812386e1a0ac0,27, #B4BDBC
b77c5c9812386e1a0ac0,26, #3F4343
b77dc6b138d28385c1aa,0, #A69B7E
b77dc6b138d28385c1aa,0, #BDB291
b77dc6b138d28385c1aa,17, #5E432E
b77dc6b138d28385c1aa,27, #382F27
b77dc6b138d28385c1aa,12, #A1885C
b77dc6b138d28385c1aa,32,#876A41
b77dc6b138d28385c1aa,9, #1E1E1D
b77e82640e073d3b8194,3, #9C846A
b77e82640e073d3b8194,1,#D6BB9C
b77e82640e073d3b8194,86, #BB9E82
b77e82640e073d3b8194,3, #42372E
b77e82640e073d3b8194,0, #814F2E
b77e82640e073d3b8194,4, #7B614A
b77fe3397fe1f784bf91,4, #CEB77F
b77fe3397fe1f784bf91,0, #726D68
b77fe3397fe1f784bf91,22, #090907
b77fe3397fe1f784bf91,7, #9F8965
b77fe3397fe1f784bf91,24, #2F251D
b77fe3397fe1f784bf91,39,#6E5231
b77fe3397fe1f784bf91,0, #E8E3D5
b78f52616a302d2d0e93,13, #C4BFAF
b78f52616a302d2d0e93,0, #322F29
b78f52616a302d2d0e93,3, #534F47
b78f52616a302d2d0e93,8, #7F7B70
b78f52616a302d2d0e93,66,#EEE9D6
b78f52616a302d2d0e93,7, #A39D90
b7920403c9af67895d47,16, #866B5E
b7920403c9af67895d47,1,#FEFDF6
b7920403c9af67895d47,51, #ECE5D6
b7920403c9af67895d47,13, #BF9883
b7920403c9af67895d47,6, #D2C5B4
b7920403c9af67895d47,9, #908D85
b793e20b61d17b7fc9bc,0, #BC8570
b793e20b61d17b7fc9bc,2, #B49E8B
b793e20b61d17b7fc9bc,73,#F0E0CB
b793e20b61d17b7fc9bc,13, #D1C0AB
b793e20b61d17b7fc9bc,0, #4C4137
b793e20b61d17b7fc9bc,3, #857667
b793e20b61d17b7fc9bc,5, #695549
b7aaeef32a1ef1db4e1f,12, #CEC7B1
b7aaeef32a1ef1db4e1f,14, #45413A
b7aaeef32a1ef1db4e1f,11, #898271
b7aaeef32a1ef1db4e1f,25,#AFA692
b7aaeef32a1ef1db4e1f,9, #EAE4CE
b7aaeef32a1ef1db4e1f,24, #676155
b7aaeef32a1ef1db4e1f,1, #FEFEEE
b7c04f27889352159bbd,11, #43413A
b7c04f27889352159bbd,0,#FEFEEB
b7c04f27889352159bbd,32, #CAC2B1
b7c04f27889352159bbd,29, #706B61
b7c04f27889352159bbd,18, #9D988A
b7c04f27889352159bbd,6, #ECE5D1
b7c09f871f0c5f1c1227,26, #8B7A6D
b7c09f871f0c5f1c1227,3,#F6EEE0
b7c09f871f0c5f1c1227,5, #5A4134
b7c09f871f0c5f1c1227,16, #D6CFC2
b7c09f871f0c5f1c1227,11, #795F50
b7c09f871f0c5f1c1227,37, #B4A598
b7cd689186ca455203b2,14,#EDEAD8
b7cd689186ca455203b2,9, #ABA89B
b7cd689186ca455203b2,13, #928F82
b7cd689186ca455203b2,9, #CAC6B8
b7cd689186ca455203b2,33, #737163
b7cd689186ca455203b2,19, #454439
b7d5e6bf70eadf7fce96,20, #CAC0AA
b7d5e6bf70eadf7fce96,8, #E8E1C8
b7d5e6bf70eadf7fce96,1, #FEFAE2
b7d5e6bf70eadf7fce96,21, #A49B88
b7d5e6bf70eadf7fce96,13, #565248
b7d5e6bf70eadf7fce96,31,#7D7669
b7d5e6bf70eadf7fce96,2, #3B3933
b7dceab5feef49a54b52,2, #9E8F6F
b7dceab5feef49a54b52,5, #786441
b7dceab5feef49a54b52,35, #37291A
b7dceab5feef49a54b52,17,#17160E
b7dceab5feef49a54b52,0, #B9AC8C
b7dceab5feef49a54b52,39, #524E3D
b7e33207dcc4d5d3f9e4,71, #E9E4CF
b7e33207dcc4d5d3f9e4,11, #BFB79E
b7e33207dcc4d5d3f9e4,0, #554836
b7e33207dcc4d5d3f9e4,6, #9B8E76
b7e33207dcc4d5d3f9e4,2, #7A6D5C
b7e33207dcc4d5d3f9e4,6,#FBFAF6
b7e5aa0857f349320437,0, #514C46
b7e5aa0857f349320437,69, #DBD4C8
b7e5aa0857f349320437,11, #B9B3A9
b7e5aa0857f349320437,9, #9C968E
b7e5aa0857f349320437,5,#FAF8F5
b7e5aa0857f349320437,3, #76706A
b802358940ab8eacb917,1, #C5C3B7
b802358940ab8eacb917,0, #424035
b802358940ab8eacb917,78,#F9F8ED
b802358940ab8eacb917,5, #7D7A6F
b802358940ab8eacb917,6, #E4E1D3
b802358940ab8eacb917,3, #A4A196
b802358940ab8eacb917,3, #605D51
b80ef3b1107ef09f599a,37,#E9E3D6
b80ef3b1107ef09f599a,13, #7C776D
b80ef3b1107ef09f599a,12, #BEB8AB
b80ef3b1107ef09f599a,6, #33322B
b80ef3b1107ef09f599a,21, #58554C
b80ef3b1107ef09f599a,7, #9B968A
b8151d81be16f864c2c0,0, #B9A372
b8151d81be16f864c2c0,23,#1F1A12
b8151d81be16f864c2c0,11, #8B7E5C
b8151d81be16f864c2c0,25, #98927F
b8151d81be16f864c2c0,25, #514631
b8151d81be16f864c2c0,13, #7A572C
b821fe2c487d309576c0,4, #AEAFAE
b821fe2c487d309576c0,37, #0C0C0A
b821fe2c487d309576c0,5, #5E5D5D
b821fe2c487d309576c0,8,#E4E6E6
b821fe2c487d309576c0,33, #353534
b821fe2c487d309576c0,9, #848383
b822725913ce375e646c,9, #CFC9B5
b822725913ce375e646c,13,#F1EAD2
b822725913ce375e646c,19, #8F8B7D
b822725913ce375e646c,29, #393831
b822725913ce375e646c,7, #69665C
b822725913ce375e646c,20, #B1AB9A
b8283cc5cb2bcecaa016,11, #9B947A
b8283cc5cb2bcecaa016,24, #8F7B50
b8283cc5cb2bcecaa016,3, #C1AF70
b8283cc5cb2bcecaa016,34, #493221
b8283cc5cb2bcecaa016,7, #6F5B37
b8283cc5cb2bcecaa016,18,#080808
b8370aca033af781b6a3,18, #CEC4AF
b8370aca033af781b6a3,10, #777265
b8370aca033af781b6a3,9, #5D5950
b8370aca033af781b6a3,24,#B1A996
b8370aca033af781b6a3,20, #EDE3CA
b8370aca033af781b6a3,5, #42413C
b8370aca033af781b6a3,10, #8E8879
b8387d084752b9414ad4,8,#F8F6EE
b8387d084752b9414ad4,14, #A8A494
b8387d084752b9414ad4,7, #D5CEB5
b8387d084752b9414ad4,15, #848175
b8387d084752b9414ad4,36, #4C4B46
b8387d084752b9414ad4,16, #6C6A60
b84168a4e72a76b4c8ca,76,#E2D8C7
b84168a4e72a76b4c8ca,0, #AC684C
b84168a4e72a76b4c8ca,8, #AC917B
b84168a4e72a76b4c8ca,7, #C8B49F
b84168a4e72a76b4c8ca,1, #FCF7E9
b84168a4e72a76b4c8ca,1, #544D45
b84168a4e72a76b4c8ca,3, #7E6C5B
b846996078612503acda,2, #CDB97E
b846996078612503acda,7, #343740
b846996078612503acda,22, #745735
b846996078612503acda,30,#9F824B
b846996078612503acda,22, #85351B
b846996078612503acda,7, #47536B
b846996078612503acda,5, #312016
b8510983a53f18b47165,14, #B0A996
b8510983a53f18b47165,7,#FAF8F0
b8510983a53f18b47165,14, #8E8879
b8510983a53f18b47165,12, #716C5E
b8510983a53f18b47165,11, #524E45
b8510983a53f18b47165,39, #D8D2BE
b8576ad6d90968ccce03,34,#F5F1E0
b8576ad6d90968ccce03,16, #ADA590
b8576ad6d90968ccce03,6, #67614F
b8576ad6d90968ccce03,17, #D8D0B6
b8576ad6d90968ccce03,13, #464237
b8576ad6d90968ccce03,11, #857E69
b8598b11cf1f68e0f3d5,8, #BBB6A7
b8598b11cf1f68e0f3d5,24, #F5F1E0
b8598b11cf1f68e0f3d5,9, #636155
b8598b11cf1f68e0f3d5,15, #9A9688
b8598b11cf1f68e0f3d5,14, #7E7C6E
b8598b11cf1f68e0f3d5,26,#DAD4C2
b8598b11cf1f68e0f3d5,0, #424136
b85c9a7a587b16fee111,9, #C2BBA0
b85c9a7a587b16fee111,11, #48392A
b85c9a7a587b16fee111,9, #6B5E48
b85c9a7a587b16fee111,6, #847963
b85c9a7a587b16fee111,10, #9D9684
b85c9a7a587b16fee111,32,#EFEEE3
b85c9a7a587b16fee111,20, #D7D6BF
b86cfa394cd3e884eb81,1, #BBAD89
b86cfa394cd3e884eb81,0, #D0C9A9
b86cfa394cd3e884eb81,10, #9A855C
b86cfa394cd3e884eb81,41,#7A5532
b86cfa394cd3e884eb81,45, #2F281B
b86cfa394cd3e884eb81,0, #EAE8CA
b871d347c1b6e079ad0a,14, #CAC6B1
b871d347c1b6e079ad0a,3, #3B3931
b871d347c1b6e079ad0a,22, #A5A08E
b871d347c1b6e079ad0a,13, #5C5A4C
b871d347c1b6e079ad0a,30,#EFECD5
b871d347c1b6e079ad0a,15, #7D7969
b8738b6a18e2f7ee21f3,11, #928E7B
b8738b6a18e2f7ee21f3,7, #B6B097
b8738b6a18e2f7ee21f3,59, #DDD8C1
b8738b6a18e2f7ee21f3,10, #666250
b8738b6a18e2f7ee21f3,4, #3B382B
b8738b6a18e2f7ee21f3,7,#FCFBF6
b87c0266381d3675ebec,6, #A59777
b87c0266381d3675ebec,23,#C4BAA2
b87c0266381d3675ebec,3, #7F7867
b87c0266381d3675ebec,0, #6C5C42
b87c0266381d3675ebec,0, #4E3F2D
b87c0266381d3675ebec,65, #D2CFC1
b87e2a48ccf7fd44ea10,13, #BAB49F
b87e2a48ccf7fd44ea10,8, #9E9A8A
b87e2a48ccf7fd44ea10,1,#FAF6E2
b87e2a48ccf7fd44ea10,6, #4F4B41
b87e2a48ccf7fd44ea10,10, #7C7766
b87e2a48ccf7fd44ea10,59, #DDD5BF
b88d028fb61e857730de,5,#FAF7F6
b88d028fb61e857730de,46, #DDCFBF
b88d028fb61e857730de,10, #726963
b88d028fb61e857730de,16, #92887F
b88d028fb61e857730de,10, #B6A691
b88d028fb61e857730de,11, #4A4341
b892c81edc0759038e3c,9, #A49A79
b892c81edc0759038e3c,3, #C8BA8A
b892c81edc0759038e3c,2, #F4F1E1
b892c81edc0759038e3c,12, #85774E
b892c81edc0759038e3c,2, #DDD5B6
b892c81edc0759038e3c,51,#161108
b892c81edc0759038e3c,17, #4D452A
b893461b2967faedaee4,5, #C2B6A4
b893461b2967faedaee4,3, #40403F
b893461b2967faedaee4,0, #FEFEF0
b893461b2967faedaee4,8, #AC9E8C
b893461b2967faedaee4,57,#E1D9C8
b893461b2967faedaee4,14, #5B5A54
b893461b2967faedaee4,10, #946F5A
b899a20665796997d7c8,5, #763422
b899a20665796997d7c8,49,#BCA68C
b899a20665796997d7c8,0, #BE4A38
b899a20665796997d7c8,5, #D6C8AD
b899a20665796997d7c8,9, #1C1209
b899a20665796997d7c8,14, #847C6C
b899a20665796997d7c8,15, #7B5B42
b89dd42f02bd79a3ac29,10,#C8C3B7
b89dd42f02bd79a3ac29,59, #EEE9DC
b89dd42f02bd79a3ac29,5, #3A3A31
b89dd42f02bd79a3ac29,8, #918F84
b89dd42f02bd79a3ac29,7, #ACA99D
b89dd42f02bd79a3ac29,7, #69685D
b8a134dbbd81692d4f49,75, #0F0F0D
b8a134dbbd81692d4f49,1,#E9EAE6
b8a134dbbd81692d4f49,17, #3E3E3C
b8a134dbbd81692d4f49,2, #6B6C69
b8a134dbbd81692d4f49,1, #B3B4B2
b8a134dbbd81692d4f49,1, #8E8F8D
b8b9585434f7e2bbb20c,16, #DAC597
b8b9585434f7e2bbb20c,2, #544A3C
b8b9585434f7e2bbb20c,3, #0F0D0A
b8b9585434f7e2bbb20c,28, #B89C72
b8b9585434f7e2bbb20c,1, #95A7B2
b8b9585434f7e2bbb20c,46,#80725C
b8b9585434f7e2bbb20c,1, #2E2922
b8c44c555c44c05f52ba,10, #A19A89
b8c44c555c44c05f52ba,46, #DDD6C4
b8c44c555c44c05f52ba,9,#F9F7ED
b8c44c555c44c05f52ba,9, #BEB7A5
b8c44c555c44c05f52ba,13, #4D483E
b8c44c555c44c05f52ba,10, #807969
b8d4e5e7b89b98b4f159,4, #727F7C
b8d4e5e7b89b98b4f159,32, #91623C
b8d4e5e7b89b98b4f159,5, #B69B70
b8d4e5e7b89b98b4f159,3, #BAB9A5
b8d4e5e7b89b98b4f159,7, #171717
b8d4e5e7b89b98b4f159,4, #505857
b8d4e5e7b89b98b4f159,39,#3D3730
b8d80b4cf5360c66a538,14, #E1D3B5
b8d80b4cf5360c66a538,14, #C9B99D
b8d80b4cf5360c66a538,18, #A89A87
b8d80b4cf5360c66a538,15, #92806E
b8d80b4cf5360c66a538,0, #FEFEFA
b8d80b4cf5360c66a538,10, #F4ECD4
b8d80b4cf5360c66a538,24,#736052
b8d824c3068a60a6d9e5,60, #4C4028
b8d824c3068a60a6d9e5,29,#070703
b8d824c3068a60a6d9e5,2, #9D9877
b8d824c3068a60a6d9e5,1, #6C694B
b8d824c3068a60a6d9e5,1, #837F63
b8d824c3068a60a6d9e5,4, #B3B19B
b8e33f56ec0bcf7a0e16,3, #948A61
b8e33f56ec0bcf7a0e16,24, #A2A084
b8e33f56ec0bcf7a0e16,14, #16140F
b8e33f56ec0bcf7a0e16,27,#C0B88F
b8e33f56ec0bcf7a0e16,12, #706541
b8e33f56ec0bcf7a0e16,13, #3A341E
b8e33f56ec0bcf7a0e16,3, #534B2C
b8e49da006702a646f9f,0, #8D8980
b8e49da006702a646f9f,25, #EFEBDC
b8e49da006702a646f9f,0,#7C6752
b8e49da006702a646f9f,1, #AC9C7D
b8e49da006702a646f9f,32, #C3B798
b8e49da006702a646f9f,39, #D6CFB8
b8eaebad57f65a2fbc20,72, #D9CDB5
b8eaebad57f65a2fbc20,14, #ADA38D
b8eaebad57f65a2fbc20,1,#F7F5EE
b8eaebad57f65a2fbc20,7, #857F66
b8eaebad57f65a2fbc20,1, #484730
b8eaebad57f65a2fbc20,3, #6C684E
b8eb6e4fc1d5bfc4e097,20, #958C7A
b8eb6e4fc1d5bfc4e097,21, #726959
b8eb6e4fc1d5bfc4e097,21,#D3C5AB
b8eb6e4fc1d5bfc4e097,15, #494339
b8eb6e4fc1d5bfc4e097,0, #FEFDF7
b8eb6e4fc1d5bfc4e097,10, #ECE3D0
b8eb6e4fc1d5bfc4e097,9, #B4A78F
b8ebb91b3bcd9b346eeb,26, #A39688
b8ebb91b3bcd9b346eeb,1, #705D4F
b8ebb91b3bcd9b346eeb,7, #82776C
b8ebb91b3bcd9b346eeb,16, #C2BCAC
b8ebb91b3bcd9b346eeb,2, #594538
b8ebb91b3bcd9b346eeb,45,#D6D1C2
b8ebfda7e43f4a28d217,4, #6B6656
b8ebfda7e43f4a28d217,1, #8B8571
b8ebfda7e43f4a28d217,0, #A8A088
b8ebfda7e43f4a28d217,61,#E4DABE
b8ebfda7e43f4a28d217,0, #C6BDA2
b8ebfda7e43f4a28d217,15, #48463C
b8ebfda7e43f4a28d217,15, #FAF5DA
b8ed0ca82dbdb3a47846,10, #9A8B7B
b8ed0ca82dbdb3a47846,6, #B2A495
b8ed0ca82dbdb3a47846,42,#D9D4C9
b8ed0ca82dbdb3a47846,20, #C3BBAC
b8ed0ca82dbdb3a47846,16, #78695B
b8ed0ca82dbdb3a47846,3, #593F31
b8edf2461695301f69ff,23, #777069
b8edf2461695301f69ff,10,#F4EDDC
b8edf2461695301f69ff,2, #393636
b8edf2461695301f69ff,5, #54504C
b8edf2461695301f69ff,35, #C5BDAE
b8edf2461695301f69ff,22, #9E978C
b8f383bf7be55a4c9289,0, #E9DC9C
b8f383bf7be55a4c9289,47,#7B693D
b8f383bf7be55a4c9289,7, #F5F2CC
b8f383bf7be55a4c9289,11, #372317
b8f383bf7be55a4c9289,28, #A39668
b8f383bf7be55a4c9289,0, #BBC0C9
b8f383bf7be55a4c9289,3, #CABC87
b8f451ab5aaab87f795d,11, #ACA496
b8f451ab5aaab87f795d,4, #8E877B
b8f451ab5aaab87f795d,1, #5D574F
b8f451ab5aaab87f795d,65,#D4CCBC
b8f451ab5aaab87f795d,4, #766E64
b8f451ab5aaab87f795d,0, #47433D
b8f451ab5aaab87f795d,11, #F6F2E5
b8f7c7c6e45ad00fac5f,10, #9F9577
b8f7c7c6e45ad00fac5f,10, #6A5D3C
b8f7c7c6e45ad00fac5f,11, #2C2419
b8f7c7c6e45ad00fac5f,37,#B7AE90
b8f7c7c6e45ad00fac5f,18, #493E29
b8f7c7c6e45ad00fac5f,7, #8A7D59
b8f7c7c6e45ad00fac5f,4, #DAC89C
b9015a0302c9bfe6d375,23, #E5E0D1
b9015a0302c9bfe6d375,24, #75624E
b9015a0302c9bfe6d375,31, #A49A83
b9015a0302c9bfe6d375,1, #50392A
b9015a0302c9bfe6d375,6,#F9F8F6
b9015a0302c9bfe6d375,11, #CBC2A8
b9042bc68d259c17aeb9,17, #7D7B66
b9042bc68d259c17aeb9,21, #CBC5A8
b9042bc68d259c17aeb9,31, #252517
b9042bc68d259c17aeb9,22, #4D4E39
b9042bc68d259c17aeb9,3, #A8A590
b9042bc68d259c17aeb9,3,#060602
b90a8b06e177721191dc,51, #4C3F2B
b90a8b06e177721191dc,9, #81785E
b90a8b06e177721191dc,0, #E3E0D6
b90a8b06e177721191dc,0,#BCBAAD
b90a8b06e177721191dc,0, #A59A7A
b90a8b06e177721191dc,38, #27231B
b90d042b82c9d6f46fba,32, #60371C
b90d042b82c9d6f46fba,13, #8E876E
b90d042b82c9d6f46fba,1, #B29B6A
b90d042b82c9d6f46fba,47, #11100C
b90d042b82c9d6f46fba,0, #AAA996
b90d042b82c9d6f46fba,5,#615841
b9117bd1a6a4a9686c52,1,#FDF5DE
b9117bd1a6a4a9686c52,4, #484339
b9117bd1a6a4a9686c52,41, #E6DDC7
b9117bd1a6a4a9686c52,20, #C1B7A3
b9117bd1a6a4a9686c52,13, #6E6759
b9117bd1a6a4a9686c52,18, #948C7A
b915e3b2cd9cc2dabd3d,9, #8B8776
b915e3b2cd9cc2dabd3d,10, #D7CFB4
b915e3b2cd9cc2dabd3d,56,#F4F1E2
b915e3b2cd9cc2dabd3d,9, #444135
b915e3b2cd9cc2dabd3d,9, #B2AC96
b915e3b2cd9cc2dabd3d,4, #666353
b91788890dba95ecbf1c,18, #9D9C8D
b91788890dba95ecbf1c,2, #7C7B6E
b91788890dba95ecbf1c,53, #C8C6B5
b91788890dba95ecbf1c,1, #454538
b91788890dba95ecbf1c,3, #656457
b91788890dba95ecbf1c,22,#F1EFDD
b91ea7b041e6e3fb14dd,15, #9B8D7B
b91ea7b041e6e3fb14dd,2,#F3EEE2
b91ea7b041e6e3fb14dd,40, #6D6058
b91ea7b041e6e3fb14dd,18, #D8CEB7
b91ea7b041e6e3fb14dd,8, #BCAF99
b91ea7b041e6e3fb14dd,14, #473730
b91f2520e7441ee6d55b,4, #9C8A73
b91f2520e7441ee6d55b,2, #D8D1BF
b91f2520e7441ee6d55b,9, #76755B
b91f2520e7441ee6d55b,47,#4D4630
b91f2520e7441ee6d55b,20, #864628
b91f2520e7441ee6d55b,12, #1B1910
b91f2520e7441ee6d55b,3, #ADA28E
b9205913a0cd2fccc199,0, #E2D5B9
b9205913a0cd2fccc199,1, #BFA68B
b9205913a0cd2fccc199,0, #817B6C
b9205913a0cd2fccc199,46,#351E1C
b9205913a0cd2fccc199,44, #734F40
b9205913a0cd2fccc199,0, #B78158
b9205913a0cd2fccc199,6, #852D28
b9226614b065802725d0,0, #C7C5B3
b9226614b065802725d0,25, #564D37
b9226614b065802725d0,37,#2C281F
b9226614b065802725d0,7, #6E6956
b9226614b065802725d0,23, #7E7F76
b9226614b065802725d0,5, #B0B0A4
b93d3baaa1ce19aeb9c1,14, #BFB499
b93d3baaa1ce19aeb9c1,0, #DBD7C7
b93d3baaa1ce19aeb9c1,17, #62554B
b93d3baaa1ce19aeb9c1,26,#9A8F7D
b93d3baaa1ce19aeb9c1,3, #F7F6EF
b93d3baaa1ce19aeb9c1,14, #342924
b93d3baaa1ce19aeb9c1,22, #7D6F61
b942a30bf9702863b5f0,5, #644D30
b942a30bf9702863b5f0,43,#1B1710
b942a30bf9702863b5f0,4, #826A47
b942a30bf9702863b5f0,3, #AB9468
b942a30bf9702863b5f0,40, #43321E
b942a30bf9702863b5f0,2, #967E56
b942d9cbed6e594fdf91,23, #968A64
b942d9cbed6e594fdf91,2, #F5F3E4
b942d9cbed6e594fdf91,39,#0B0906
b942d9cbed6e594fdf91,12, #362E19
b942d9cbed6e594fdf91,16, #605534
b942d9cbed6e594fdf91,4, #D4CCA5
b9479100f39150c29aa9,2, #938D86
b9479100f39150c29aa9,73,#EBE3DA
b9479100f39150c29aa9,5, #ACA194
b9479100f39150c29aa9,0, #FEFBED
b9479100f39150c29aa9,12, #D9CFC1
b9479100f39150c29aa9,5, #C6BDAF
b9479100f39150c29aa9,0, #787670
b94806bd96117de22d70,21,#9B978D
b94806bd96117de22d70,21, #363024
b94806bd96117de22d70,16, #C0BCB1
b94806bd96117de22d70,6, #DFDBCA
b94806bd96117de22d70,18, #736E63
b94806bd96117de22d70,16, #5A5345
b948d96d0d2bd1f24500,8, #968E71
b948d96d0d2bd1f24500,16, #7E7255
b948d96d0d2bd1f24500,1,#1B1B16
b948d96d0d2bd1f24500,6, #645439
b948d96d0d2bd1f24500,18, #573B25
b948d96d0d2bd1f24500,47, #34281E
b94bd3b0ba6ad3523921,59,#3C3B35
b94bd3b0ba6ad3523921,12, #5D584B
b94bd3b0ba6ad3523921,6, #A6A184
b94bd3b0ba6ad3523921,11, #7E7860
b94bd3b0ba6ad3523921,3, #D8D9CC
b94bd3b0ba6ad3523921,0, #EEF0E4
b94bd3b0ba6ad3523921,6, #C4C1A7
b950c5ca617136c71b4d,10, #4E4022
b950c5ca617136c71b4d,5, #6E5D32
b950c5ca617136c71b4d,1, #AFA168
b950c5ca617136c71b4d,12, #292013
b950c5ca617136c71b4d,14, #C8C192
b950c5ca617136c71b4d,52,#EAE4BB
b950c5ca617136c71b4d,4, #918457
b9568294f76316580505,14, #6A664E
b9568294f76316580505,18, #2C2514
b9568294f76316580505,23, #564824
b9568294f76316580505,10, #13110B
b9568294f76316580505,4, #ACA78A
b9568294f76316580505,5, #807C64
b9568294f76316580505,23,#8F8D79
b962585c388af84251fd,0, #BAAE9F
b962585c388af84251fd,34, #1C100A
b962585c388af84251fd,5, #967152
b962585c388af84251fd,1, #A7927D
b962585c388af84251fd,13,#714B34
b962585c388af84251fd,44, #693017
b9679e6e766e9f76a2e9,14, #888578
b9679e6e766e9f76a2e9,5, #69665A
b9679e6e766e9f76a2e9,19, #C7C3B6
b9679e6e766e9f76a2e9,40,#F1EEE0
b9679e6e766e9f76a2e9,8, #3F3E34
b9679e6e766e9f76a2e9,11, #A8A598
b96d056bba87db24a5d5,7, #633F1E
b96d056bba87db24a5d5,0, #C7C295
b96d056bba87db24a5d5,12, #86896F
b96d056bba87db24a5d5,68,#251C13
b96d056bba87db24a5d5,2, #8C6D38
b96d056bba87db24a5d5,0, #B08B2C
b96d056bba87db24a5d5,8, #565643
b970508910051b7bc04d,24, #ABA18A
b970508910051b7bc04d,6, #CAC1A7
b970508910051b7bc04d,46, #8A7F6B
b970508910051b7bc04d,15, #675C50
b970508910051b7bc04d,4,#EEE8D2
b970508910051b7bc04d,1, #51443A
b978921d039ec1c24482,0, #0F0B05
b978921d039ec1c24482,16, #ACA18A
b978921d039ec1c24482,64,#DDD6C2
b978921d039ec1c24482,10, #F8F7EB
b978921d039ec1c24482,2, #534636
b978921d039ec1c24482,1, #33281B
b978921d039ec1c24482,3, #7C715E
b97d880fa399a28c05a7,1, #858B80
b97d880fa399a28c05a7,6,#F6F5EE
b97d880fa399a28c05a7,1, #656D68
b97d880fa399a28c05a7,61, #DFD9C0
b97d880fa399a28c05a7,9, #A78363
b97d880fa399a28c05a7,18, #A9A690
b97f7cf263e5072d89c5,4, #888477
b97f7cf263e5072d89c5,2, #44433B
b97f7cf263e5072d89c5,6, #AAA595
b97f7cf263e5072d89c5,40, #D4CEBB
b97f7cf263e5072d89c5,38,#F7F5EA
b97f7cf263e5072d89c5,7, #67665A
b98f0efa351c97fb9371,29, #EFEEE3
b98f0efa351c97fb9371,3, #3F3D34
b98f0efa351c97fb9371,9, #5B594B
b98f0efa351c97fb9371,19, #7B7866
b98f0efa351c97fb9371,18, #9D9A8C
b98f0efa351c97fb9371,20,#C1BCAA
b99f200ada5e20d33efe,37, #3D3732
b99f200ada5e20d33efe,9, #827453
b99f200ada5e20d33efe,39, #1C1A1A
b99f200ada5e20d33efe,8, #595246
b99f200ada5e20d33efe,0,#C5B184
b99f200ada5e20d33efe,4, #9B8D6F
b9a29cdbae8c74d30df8,44,#3F3016
b9a29cdbae8c74d30df8,20, #1D180C
b9a29cdbae8c74d30df8,0, #A4904F
b9a29cdbae8c74d30df8,2, #917432
b9a29cdbae8c74d30df8,0, #855B19
b9a29cdbae8c74d30df8,3, #746330
b9a29cdbae8c74d30df8,28, #63401A
b9a2e3ff7df47e82b91b,78,#F7F0D5
b9a2e3ff7df47e82b91b,5, #C8BC9C
b9a2e3ff7df47e82b91b,5, #575440
b9a2e3ff7df47e82b91b,1, #1E1E12
b9a2e3ff7df47e82b91b,3, #A39C83
b9a2e3ff7df47e82b91b,5, #847E64
b9a3c25b4f4cad9a22a6,0, #AC956F
b9a3c25b4f4cad9a22a6,2, #7D6038
b9a3c25b4f4cad9a22a6,69,#251D15
b9a3c25b4f4cad9a22a6,3, #93754C
b9a3c25b4f4cad9a22a6,24, #574127
b9a3c25b4f4cad9a22a6,0, #BEB194
b9a5b3d731deb2f896a4,18, #8E8275
b9a5b3d731deb2f896a4,0,#FEFEF0
b9a5b3d731deb2f896a4,15, #BDB19B
b9a5b3d731deb2f896a4,20, #E7DFC6
b9a5b3d731deb2f896a4,27, #706158
b9a5b3d731deb2f896a4,15, #4D3D35
b9aa5f6533a019249e22,0, #DDD18E
b9aa5f6533a019249e22,40,#41201E
b9aa5f6533a019249e22,9, #EAE6CA
b9aa5f6533a019249e22,10, #8C8167
b9aa5f6533a019249e22,24, #695447
b9aa5f6533a019249e22,14, #B9B094
b9b3dab956a146e735b2,32, #463D30
b9b3dab956a146e735b2,3, #6D5E43
b9b3dab956a146e735b2,4, #8A7753
b9b3dab956a146e735b2,53,#1D1811
b9b3dab956a146e735b2,4, #AF9F72
b9b3dab956a146e735b2,1, #DACFA2
b9b797b584366e187972,40, #1A120D
b9b797b584366e187972,35, #494332
b9b797b584366e187972,1,#BFA884
b9b797b584366e187972,13, #736545
b9b797b584366e187972,1, #DAC7A5
b9b797b584366e187972,7, #968A69
b9c4bdaf91274352c7cc,3, #A1977E
b9c4bdaf91274352c7cc,0, #D4CEB3
b9c4bdaf91274352c7cc,13, #5A4C37
b9c4bdaf91274352c7cc,39,#352B1E
b9c4bdaf91274352c7cc,10, #857454
b9c4bdaf91274352c7cc,29, #0B0D0E
b9c4bdaf91274352c7cc,2, #BCB69B
b9c5a96918106dec1f15,49, #A79968
b9c5a96918106dec1f15,0,#B9BCC1
b9c5a96918106dec1f15,5, #E5D984
b9c5a96918106dec1f15,9, #11100B
b9c5a96918106dec1f15,28, #433829
b9c5a96918106dec1f15,6, #F2F1C9
b9d0fb48d23fba374bc4,3, #8C8E5D
b9d0fb48d23fba374bc4,21, #4E4B23
b9d0fb48d23fba374bc4,0, #AAAB85
b9d0fb48d23fba374bc4,10, #656D48
b9d0fb48d23fba374bc4,2, #84989B
b9d0fb48d23fba374bc4,42,#27220B
b9d0fb48d23fba374bc4,19, #AEBABE
b9d5cd18acf883a2ca66,2,#E0DCD6
b9d5cd18acf883a2ca66,8, #564E3F
b9d5cd18acf883a2ca66,4, #A69E89
b9d5cd18acf883a2ca66,11, #C5BFAB
b9d5cd18acf883a2ca66,61, #35332C
b9d5cd18acf883a2ca66,10, #7E7663
b9d940f99c3932441153,30, #664A2D
b9d940f99c3932441153,1, #9F9E7C
b9d940f99c3932441153,3, #B3985C
b9d940f99c3932441153,42,#4C2F1E
b9d940f99c3932441153,3, #1B1810
b9d940f99c3932441153,16, #81764D
b9d940f99c3932441153,1, #D2BD83
b9da048360b78116751f,8, #E7DCB9
b9da048360b78116751f,34, #362A1D
b9da048360b78116751f,0,#AFB4C0
b9da048360b78116751f,19, #857A6A
b9da048360b78116751f,7, #BAA77B
b9da048360b78116751f,30, #625544
b9eef86682e1c7809114,35, #585837
b9eef86682e1c7809114,2, #C9B86C
b9eef86682e1c7809114,1, #B6A460
b9eef86682e1c7809114,1, #DBCA7D
b9eef86682e1c7809114,11, #7D6D37
b9eef86682e1c7809114,42,#34321D
b9eef86682e1c7809114,4, #A08841
b9f5f58c11abbe8a44a9,76,#191813
b9f5f58c11abbe8a44a9,2, #69553E
b9f5f58c11abbe8a44a9,0, #B7AD8C
b9f5f58c11abbe8a44a9,1, #998D6F
b9f5f58c11abbe8a44a9,1, #826E51
b9f5f58c11abbe8a44a9,17, #403327
b9fd159c0d789fd0afa1,28, #D0BD91
b9fd159c0d789fd0afa1,0, #968563
b9fd159c0d789fd0afa1,0, #FDECB8
b9fd159c0d789fd0afa1,0,#7C6241
b9fd159c0d789fd0afa1,66, #ECDAAC
b9fd159c0d789fd0afa1,3, #B39E76
ba038722d828bbf7688c,12, #B8B1A6
ba038722d828bbf7688c,7, #968F87
ba038722d828bbf7688c,2, #56514B
ba038722d828bbf7688c,4, #746E66
ba038722d828bbf7688c,55,#F5ECDF
ba038722d828bbf7688c,17, #D3CABE
ba03e615fc9ae805946a,7,#F5F4EE
ba03e615fc9ae805946a,6, #5D5746
ba03e615fc9ae805946a,30, #AFA58E
ba03e615fc9ae805946a,3, #3B382F
ba03e615fc9ae805946a,22, #827962
ba03e615fc9ae805946a,29, #DDD3BA
ba0463bb13f808c483e3,18, #68645B
ba0463bb13f808c483e3,15, #9A958B
ba0463bb13f808c483e3,15, #817B73
ba0463bb13f808c483e3,23,#C0BBB0
ba0463bb13f808c483e3,10, #E6E1D5
ba0463bb13f808c483e3,3, #FCFAF5
ba0463bb13f808c483e3,13, #46433D
ba0a4d1be47416391652,7, #BFB6A2
ba0a4d1be47416391652,15, #958C82
ba0a4d1be47416391652,1, #DDDBCD
ba0a4d1be47416391652,20, #746A62
ba0a4d1be47416391652,2, #F6F5EF
ba0a4d1be47416391652,19, #302A27
ba0a4d1be47416391652,32,#524945
ba1998354192f884caea,21, #797362
ba1998354192f884caea,6, #EBE0C7
ba1998354192f884caea,5, #CCBFA3
ba1998354192f884caea,35, #484439
ba1998354192f884caea,6,#FBF9F3
ba1998354192f884caea,24, #A29B88
ba1c267f9debc6a9eea2,14, #818A95
ba1c267f9debc6a9eea2,22, #574629
ba1c267f9debc6a9eea2,9, #5B5E5C
ba1c267f9debc6a9eea2,7, #A39A7D
ba1c267f9debc6a9eea2,10, #8E7E59
ba1c267f9debc6a9eea2,0, #C3BC9B
ba1c267f9debc6a9eea2,34,#291E0E
ba238d5237d347c94c17,3, #72573E
ba238d5237d347c94c17,14, #D7CAB4
ba238d5237d347c94c17,21, #998972
ba238d5237d347c94c17,24, #C3AD8F
ba238d5237d347c94c17,5,#F0E7D5
ba238d5237d347c94c17,29, #8F7353
ba2745b23fd5db46a578,19, #514121
ba2745b23fd5db46a578,43,#2E2517
ba2745b23fd5db46a578,9, #12100A
ba2745b23fd5db46a578,5, #AA976A
ba2745b23fd5db46a578,0, #CBB688
ba2745b23fd5db46a578,5, #88774B
ba2745b23fd5db46a578,16, #6A5B36
ba2d3f09a64a6d9e2d9a,5, #3B3630
ba2d3f09a64a6d9e2d9a,1,#F6EDDB
ba2d3f09a64a6d9e2d9a,18, #6D5E4F
ba2d3f09a64a6d9e2d9a,9, #8C8679
ba2d3f09a64a6d9e2d9a,51, #D9D2C4
ba2d3f09a64a6d9e2d9a,13, #B1AA9C
ba3f35f7ffe9811d7500,3, #83786B
ba3f35f7ffe9811d7500,23,#0C0C07
ba3f35f7ffe9811d7500,6, #A8A294
ba3f35f7ffe9811d7500,1, #50402F
ba3f35f7ffe9811d7500,3, #665B4F
ba3f35f7ffe9811d7500,61, #2E2A18
ba40e3ccfe88d49d6ac9,42, #D6D0C0
ba40e3ccfe88d49d6ac9,5,#F2F0E8
ba40e3ccfe88d49d6ac9,7, #959083
ba40e3ccfe88d49d6ac9,22, #333631
ba40e3ccfe88d49d6ac9,11, #67665C
ba40e3ccfe88d49d6ac9,10, #BAB4A3
ba42d8a9761289777339,6, #B3AE99
ba42d8a9761289777339,9, #292B26
ba42d8a9761289777339,6, #706C59
ba42d8a9761289777339,55,#DFDAC8
ba42d8a9761289777339,7, #918C78
ba42d8a9761289777339,14, #4F4E41
ba54142b47311a6a4c63,58, #BFB89F
ba54142b47311a6a4c63,1, #66543F
ba54142b47311a6a4c63,8, #857A66
ba54142b47311a6a4c63,0,#F6EED7
ba54142b47311a6a4c63,9, #9E937D
ba54142b47311a6a4c63,21, #DED8C1
ba5493437f31bd518122,12,#DCD9C3
ba5493437f31bd518122,19, #F6F4E3
ba5493437f31bd518122,9, #C0BCA6
ba5493437f31bd518122,16, #959380
ba5493437f31bd518122,17, #696759
ba5493437f31bd518122,23, #414139
ba57b6ca3ae11730355a,21, #C2B7A1
ba57b6ca3ae11730355a,16, #7F7A68
ba57b6ca3ae11730355a,3, #595548
ba57b6ca3ae11730355a,20, #DBD0B9
ba57b6ca3ae11730355a,15,#F4F0E4
ba57b6ca3ae11730355a,21, #A09A8B
ba5f02b02fe7b58b760c,10, #716558
ba5f02b02fe7b58b760c,7, #837969
ba5f02b02fe7b58b760c,5, #978E7C
ba5f02b02fe7b58b760c,4, #D4CFB4
ba5f02b02fe7b58b760c,10, #B8B199
ba5f02b02fe7b58b760c,17, #5F5046
ba5f02b02fe7b58b760c,43,#44322C
ba5fee51e2e2876df16f,8, #744A2B
ba5fee51e2e2876df16f,31, #685C42
ba5fee51e2e2876df16f,26, #9F8858
ba5fee51e2e2876df16f,0, #B1A380
ba5fee51e2e2876df16f,24, #443929
ba5fee51e2e2876df16f,7,#252017
ba6bd06d9fcdbcf6011c,1, #5F4A28
ba6bd06d9fcdbcf6011c,55, #0E0F0C
ba6bd06d9fcdbcf6011c,3, #997E51
ba6bd06d9fcdbcf6011c,1, #7A6239
ba6bd06d9fcdbcf6011c,0,#AE9D74
ba6bd06d9fcdbcf6011c,37, #372918
ba84a958a4a297366ad4,14, #B2AEA2
ba84a958a4a297366ad4,1, #5F5D53
ba84a958a4a297366ad4,57,#EAE6D8
ba84a958a4a297366ad4,4, #787468
ba84a958a4a297366ad4,8, #918D82
ba84a958a4a297366ad4,12, #C9C5B8
ba84f4b767f4daaaa0d7,20, #58574A
ba84f4b767f4daaaa0d7,5, #C1BCAD
ba84f4b767f4daaaa0d7,15, #979385
ba84f4b767f4daaaa0d7,36,#FBF7F0
ba84f4b767f4daaaa0d7,2, #3C3C31
ba84f4b767f4daaaa0d7,7, #E6DDCA
ba84f4b767f4daaaa0d7,12, #787567
ba851ac567cbeec913ee,0, #95471C
ba851ac567cbeec913ee,6, #56462F
ba851ac567cbeec913ee,1, #BEA87E
ba851ac567cbeec913ee,4, #76684B
ba851ac567cbeec913ee,85,#242016
ba851ac567cbeec913ee,2, #9D8D6D
ba94be079a7854990338,5, #3F3733
ba94be079a7854990338,0, #F6F3E5
ba94be079a7854990338,10, #B9AF9A
ba94be079a7854990338,9, #878078
ba94be079a7854990338,3, #1D1916
ba94be079a7854990338,65,#E1DAC3
ba94be079a7854990338,6, #5C544F
ba980759de654422e8d6,0, #CCC9BE
ba980759de654422e8d6,2, #393A34
ba980759de654422e8d6,86,#F9F5E7
ba980759de654422e8d6,3, #A4A298
ba980759de654422e8d6,2, #727369
ba980759de654422e8d6,4, #515349
baa06935cfd8f1eaa246,2, #9B8C62
baa06935cfd8f1eaa246,17, #5D4D3A
baa06935cfd8f1eaa246,53,#252221
baa06935cfd8f1eaa246,15, #C2B388
baa06935cfd8f1eaa246,5, #786D53
baa06935cfd8f1eaa246,5, #F3ECD5
baa121c355d8c35fd7c6,0,#FEFEFD
baa121c355d8c35fd7c6,35, #49473D
baa121c355d8c35fd7c6,3, #C7BDA1
baa121c355d8c35fd7c6,24, #908A7A
baa121c355d8c35fd7c6,30, #69665C
baa121c355d8c35fd7c6,5, #ECE7D1
baa6d0a89c7bdc9478a7,1, #37352D
baa6d0a89c7bdc9478a7,20, #C0BBAF
baa6d0a89c7bdc9478a7,4, #706E62
baa6d0a89c7bdc9478a7,11, #918F82
baa6d0a89c7bdc9478a7,2, #545348
baa6d0a89c7bdc9478a7,58,#ECE8DA
baa9f1e9afe62da2bf24,15, #A29C92
baa9f1e9afe62da2bf24,17, #413D3C
baa9f1e9afe62da2bf24,5, #E9DDCF
baa9f1e9afe62da2bf24,1,#FDFBF3
baa9f1e9afe62da2bf24,11, #C6BDB0
baa9f1e9afe62da2bf24,48, #6F6965
baabe29fe478c19621f0,11, #4F5336
baabe29fe478c19621f0,18, #CBD3C3
baabe29fe478c19621f0,13, #1B2112
baabe29fe478c19621f0,8, #6F7763
baabe29fe478c19621f0,31,#E8F2E4
baabe29fe478c19621f0,16, #A4A57A
bab5f98fca2b4bf594d3,13, #2B2B29
bab5f98fca2b4bf594d3,4, #FAF7F4
bab5f98fca2b4bf594d3,11, #DAD2CA
bab5f98fca2b4bf594d3,31,#4A4946
bab5f98fca2b4bf594d3,8, #B0ABA5
bab5f98fca2b4bf594d3,18, #6C6B66
bab5f98fca2b4bf594d3,12, #8C8883
bac41738e1b7a9e83e14,0, #C29C54
bac41738e1b7a9e83e14,0, #8D8979
bac41738e1b7a9e83e14,20, #62492A
bac41738e1b7a9e83e14,5, #9C784B
bac41738e1b7a9e83e14,1,#666457
bac41738e1b7a9e83e14,70, #1A130C
bacf9339e92f85f60813,1, #A9A393
bacf9339e92f85f60813,3, #D0CBB8
bacf9339e92f85f60813,7, #8A8678
bacf9339e92f85f60813,64, #36352E
bacf9339e92f85f60813,2,#F5F3E6
bacf9339e92f85f60813,20, #666256
bad058daca40cc6a1fa4,65, #D0C7AC
bad058daca40cc6a1fa4,10, #F4F2E9
bad058daca40cc6a1fa4,0, #3B2521
bad058daca40cc6a1fa4,15, #A69D86
bad058daca40cc6a1fa4,7,#7D725F
bad058daca40cc6a1fa4,1, #5A403D
bade0df9c06e5f56b1f8,30, #64473F
bade0df9c06e5f56b1f8,7, #976143
bade0df9c06e5f56b1f8,2, #C0AD97
bade0df9c06e5f56b1f8,3, #8B8175
bade0df9c06e5f56b1f8,55,#1D1A1B
bade0df9c06e5f56b1f8,0, #BC9B56
bade0df9c06e5f56b1f8,0, #DBCBB2
bae33b8f7aa276804d2f,6, #999287
bae33b8f7aa276804d2f,7, #C3B8A5
bae33b8f7aa276804d2f,41, #DED7C5
bae33b8f7aa276804d2f,38,#F8F6EC
bae33b8f7aa276804d2f,3, #6E695F
bae33b8f7aa276804d2f,2, #45423C
bae6ed796d77d4f98fdb,5,#F5F4F0
bae6ed796d77d4f98fdb,14, #C3CACD
bae6ed796d77d4f98fdb,27, #353B3A
bae6ed796d77d4f98fdb,18, #64767D
bae6ed796d77d4f98fdb,4, #889EB1
bae6ed796d77d4f98fdb,29, #0D1013
baeb5853c4fab6f6fab3,2, #918661
baeb5853c4fab6f6fab3,10, #77653E
baeb5853c4fab6f6fab3,6, #151410
baeb5853c4fab6f6fab3,1, #764A23
baeb5853c4fab6f6fab3,0, #B6AA7F
baeb5853c4fab6f6fab3,1, #A39870
baeb5853c4fab6f6fab3,76,#45311E
baefb8ba4597a780f27d,20, #C3BDB0
baefb8ba4597a780f27d,26,#FAF8F3
baefb8ba4597a780f27d,14, #3C3C34
baefb8ba4597a780f27d,17, #E6E1D3
baefb8ba4597a780f27d,11, #939084
baefb8ba4597a780f27d,9, #67665A
baeff5d949db0afbebe6,57, #1A170F
baeff5d949db0afbebe6,10, #B4AA88
baeff5d949db0afbebe6,8, #817D60
baeff5d949db0afbebe6,1,#6A694B
baeff5d949db0afbebe6,16, #403B22
baeff5d949db0afbebe6,5, #555235
baf8b165c33b36dbd666,48, #3C331F
baf8b165c33b36dbd666,2, #968658
baf8b165c33b36dbd666,2, #7D6F47
baf8b165c33b36dbd666,11, #5D5432
baf8b165c33b36dbd666,32,#16150B
baf8b165c33b36dbd666,2, #B8A670
bb019c748be4c6b8e410,49,#4D3520
bb019c748be4c6b8e410,5, #754121
bb019c748be4c6b8e410,41, #1B170E
bb019c748be4c6b8e410,0, #625033
bb019c748be4c6b8e410,1, #896033
bb019c748be4c6b8e410,0, #756642
bb019c748be4c6b8e410,0, #967B4F
bb09d9379b42cf0e6db5,37, #59381F
bb09d9379b42cf0e6db5,31, #1A170E
bb09d9379b42cf0e6db5,12, #908D72
bb09d9379b42cf0e6db5,7, #73552D
bb09d9379b42cf0e6db5,9,#7E714C
bb09d9379b42cf0e6db5,2, #B8B79F
bb0f12fe46eada125713,39, #9FA092
bb0f12fe46eada125713,33, #514732
bb0f12fe46eada125713,7, #8F7D58
bb0f12fe46eada125713,8, #2E2A21
bb0f12fe46eada125713,11, #6F6144
bb0f12fe46eada125713,0,#C7BE9C
bb12d330907f2c413634,43,#EAE6D1
bb12d330907f2c413634,10, #ADA895
bb12d330907f2c413634,20, #CFC9B3
bb12d330907f2c413634,10, #7B7767
bb12d330907f2c413634,4, #979384
bb12d330907f2c413634,7, #FCFBF2
bb12d330907f2c413634,2, #5A584B
bb1379cd7e67de45295e,2, #7E7565
bb1379cd7e67de45295e,57,#2E2B25
bb1379cd7e67de45295e,0, #989994
bb1379cd7e67de45295e,0, #B7B8B2
bb1379cd7e67de45295e,1, #B59D77
bb1379cd7e67de45295e,2, #565141
bb1379cd7e67de45295e,34, #0E0E0E
bb1727f04713db375213,7, #DEDAC4
bb1727f04713db375213,7, #978A5D
bb1727f04713db375213,1, #CAC191
bb1727f04713db375213,2, #B7AC78
bb1727f04713db375213,43,#4A3F25
bb1727f04713db375213,25, #222016
bb1727f04713db375213,10, #836D3F
bb19e89f62e711a60456,3, #211A11
bb19e89f62e711a60456,51,#A09F8B
bb19e89f62e711a60456,9, #65522D
bb19e89f62e711a60456,3, #8A7D5E
bb19e89f62e711a60456,10, #473720
bb19e89f62e711a60456,15, #CECCB2
bb19e89f62e711a60456,5, #746441
bb2a3155a9428799fd89,7, #837E6D
bb2a3155a9428799fd89,2, #434139
bb2a3155a9428799fd89,31, #C0BBA7
bb2a3155a9428799fd89,3, #F8F7E9
bb2a3155a9428799fd89,4, #646053
bb2a3155a9428799fd89,17, #A09C8B
bb2a3155a9428799fd89,33,#E1DDC9
bb2ccbcde59a4d57efa0,17,#261C13
bb2ccbcde59a4d57efa0,61, #100B09
bb2ccbcde59a4d57efa0,2, #564E3C
bb2ccbcde59a4d57efa0,14, #433425
bb2ccbcde59a4d57efa0,0, #8D7D52
bb2ccbcde59a4d57efa0,3, #6D6445
bb2e7caef5d300f0db0d,11, #867238
bb2e7caef5d300f0db0d,33,#504927
bb2e7caef5d300f0db0d,13, #28220F
bb2e7caef5d300f0db0d,20, #C4B67B
bb2e7caef5d300f0db0d,5, #9BA49D
bb2e7caef5d300f0db0d,0, #596263
bb2e7caef5d300f0db0d,14, #D9D2A7
bb2eca1a733a819c795b,17, #BFBAAE
bb2eca1a733a819c795b,9,#EBE4D5
bb2eca1a733a819c795b,8, #5B5751
bb2eca1a733a819c795b,43, #78736D
bb2eca1a733a819c795b,2, #44413C
bb2eca1a733a819c795b,19, #9C978E
bb351e250bce9e59aa27,21, #C1BDAF
bb351e250bce9e59aa27,19, #989488
bb351e250bce9e59aa27,2, #DDD8C6
bb351e250bce9e59aa27,0, #FBF5DC
bb351e250bce9e59aa27,14, #505047
bb351e250bce9e59aa27,24,#6F6C62
bb351e250bce9e59aa27,17, #3A3A34
bb3a38fb2c99edf66107,7, #6F5B2D
bb3a38fb2c99edf66107,56, #CFCFBD
bb3a38fb2c99edf66107,8, #99854A
bb3a38fb2c99edf66107,0, #797767
bb3a38fb2c99edf66107,26, #B8B186
bb3a38fb2c99edf66107,0,#E2E3D9
bb3d4c1d048daca5fd97,2, #58431E
bb3d4c1d048daca5fd97,0, #959060
bb3d4c1d048daca5fd97,5, #7A6738
bb3d4c1d048daca5fd97,2, #CB9C5A
bb3d4c1d048daca5fd97,6, #352912
bb3d4c1d048daca5fd97,80,#120E06
bb3d4c1d048daca5fd97,1, #A97942
bb3d7db9a7645c9ef1c3,3, #5A4F39
bb3d7db9a7645c9ef1c3,2, #D3CEB9
bb3d7db9a7645c9ef1c3,4, #7F765C
bb3d7db9a7645c9ef1c3,11, #999279
bb3d7db9a7645c9ef1c3,70,#B5AE93
bb3d7db9a7645c9ef1c3,7, #0F0F0F
bb3d7db9a7645c9ef1c3,0, #3C3220
bb4252b6db820d683a14,25, #423930
bb4252b6db820d683a14,3, #D0CEC0
bb4252b6db820d683a14,4, #100C0C
bb4252b6db820d683a14,4, #F2EFE5
bb4252b6db820d683a14,11, #98968E
bb4252b6db820d683a14,42,#776E5D
bb4252b6db820d683a14,7, #B1B2A8
bb444fbc88ff446e0d67,19, #98948A
bb444fbc88ff446e0d67,32, #7C796F
bb444fbc88ff446e0d67,28, #B1ABA0
bb444fbc88ff446e0d67,1,#F4EFE3
bb444fbc88ff446e0d67,7, #57574F
bb444fbc88ff446e0d67,11, #D4CDC1
bb469e9092370ef25bcf,11, #594C43
bb469e9092370ef25bcf,54,#EFEAD8
bb469e9092370ef25bcf,6, #82786D
bb469e9092370ef25bcf,4, #9D948A
bb469e9092370ef25bcf,3, #B7AEA2
bb469e9092370ef25bcf,5, #30221A
bb469e9092370ef25bcf,14, #D3CBBA
bb479fe0e13a48207a7b,0, #B6A474
bb479fe0e13a48207a7b,11, #494A46
bb479fe0e13a48207a7b,78,#231F12
bb479fe0e13a48207a7b,1, #D4C99B
bb479fe0e13a48207a7b,6, #80643E
bb479fe0e13a48207a7b,0, #A08C5E
bb4bed964b643ae54be8,24, #AAA092
bb4bed964b643ae54be8,3, #312620
bb4bed964b643ae54be8,14, #756960
bb4bed964b643ae54be8,8, #52453F
bb4bed964b643ae54be8,13, #8E857A
bb4bed964b643ae54be8,31,#CCC7B7
bb4bed964b643ae54be8,4, #EDECE6
bb5282bcc0fd5b9b33f2,18, #CAC2B3
bb5282bcc0fd5b9b33f2,9, #48463C
bb5282bcc0fd5b9b33f2,6,#E7DFCF
bb5282bcc0fd5b9b33f2,12, #6C695A
bb5282bcc0fd5b9b33f2,31, #AFA798
bb5282bcc0fd5b9b33f2,22, #8D8778
bb59d3d7ca503d682160,4, #979684
bb59d3d7ca503d682160,0, #504F40
bb59d3d7ca503d682160,2, #B6B5A2
bb59d3d7ca503d682160,18, #D9D7C6
bb59d3d7ca503d682160,2, #72705F
bb59d3d7ca503d682160,72,#F7F6E8
bb5d0332df2685a3644a,6, #937F55
bb5d0332df2685a3644a,57,#12110F
bb5d0332df2685a3644a,0, #F5F5F6
bb5d0332df2685a3644a,6, #685939
bb5d0332df2685a3644a,6, #CBBB95
bb5d0332df2685a3644a,3, #AA9C73
bb5d0332df2685a3644a,18, #38362A
bb5d57d9da2adf3467d1,28, #A7A399
bb5d57d9da2adf3467d1,26, #5A5340
bb5d57d9da2adf3467d1,8, #868171
bb5d57d9da2adf3467d1,18, #383223
bb5d57d9da2adf3467d1,7,#0D0B07
bb5d57d9da2adf3467d1,10, #686A62
bb6552732d2f2ab050c8,34,#262318
bb6552732d2f2ab050c8,15, #C5BFAE
bb6552732d2f2ab050c8,2, #88836F
bb6552732d2f2ab050c8,7, #47463F
bb6552732d2f2ab050c8,5, #6A6654
bb6552732d2f2ab050c8,16, #EBE6D5
bb6552732d2f2ab050c8,17, #A69F8D
bb6868b5af1fd9a6c878,14, #8F8C84
bb6868b5af1fd9a6c878,24, #B1AEA4
bb6868b5af1fd9a6c878,15, #DDDACF
bb6868b5af1fd9a6c878,24, #42413B
bb6868b5af1fd9a6c878,2,#F9F9F5
bb6868b5af1fd9a6c878,18, #727068
bb70ed325001fd10d910,2, #5E4D2B
bb70ed325001fd10d910,34, #393322
bb70ed325001fd10d910,3, #76623D
bb70ed325001fd10d910,3, #958052
bb70ed325001fd10d910,50,#15130A
bb70ed325001fd10d910,3, #B29D66
bb70ed325001fd10d910,2, #CEBF89
bb71d3fbfa43cec93ded,2, #E5E4D4
bb71d3fbfa43cec93ded,35,#A3A093
bb71d3fbfa43cec93ded,16, #C7C5B6
bb71d3fbfa43cec93ded,5, #838073
bb71d3fbfa43cec93ded,5, #615D50
bb71d3fbfa43cec93ded,10, #3A362D
bb71d3fbfa43cec93ded,23, #1F1C16
bb76076a322931c97062,21, #563D1F
bb76076a322931c97062,8, #907A47
bb76076a322931c97062,10, #7A5F33
bb76076a322931c97062,48, #241A0D
bb76076a322931c97062,5,#C1A768
bb76076a322931c97062,5, #A7925A
bb7a5e85d299341af86f,1, #F8F4EA
bb7a5e85d299341af86f,14, #404038
bb7a5e85d299341af86f,13, #5F5F54
bb7a5e85d299341af86f,22,#9B9689
bb7a5e85d299341af86f,12, #E0D8C5
bb7a5e85d299341af86f,17, #7B796C
bb7a5e85d299341af86f,17, #C0BAA9
bb83e4fefa4ab91215b0,1, #E9DEC4
bb83e4fefa4ab91215b0,7, #5C564A
bb83e4fefa4ab91215b0,6, #3D3A32
bb83e4fefa4ab91215b0,22, #A39B88
bb83e4fefa4ab91215b0,47, #CCC2AB
bb83e4fefa4ab91215b0,14,#777061
bb92f6e753b2393679f1,4, #414138
bb92f6e753b2393679f1,60, #CFCBBE
bb92f6e753b2393679f1,9, #878679
bb92f6e753b2393679f1,4, #6A695C
bb92f6e753b2393679f1,11, #A9A699
bb92f6e753b2393679f1,11,#F2EEE0
bba0a043fbd280e9c734,29, #8B9064
bba0a043fbd280e9c734,11, #D2DAC1
bba0a043fbd280e9c734,9, #AFB69A
bba0a043fbd280e9c734,7,#0D0D04
bba0a043fbd280e9c734,18, #43451F
bba0a043fbd280e9c734,22, #6B7244
bba3cc1b1c549d280bc9,0, #A39571
bba3cc1b1c549d280bc9,28, #514624
bba3cc1b1c549d280bc9,42,#261C12
bba3cc1b1c549d280bc9,0, #C9BA8C
bba3cc1b1c549d280bc9,24, #695B39
bba3cc1b1c549d280bc9,3, #86734B
bba60ac33a902c02501c,15, #AAA59B
bba60ac33a902c02501c,32, #CAC4B8
bba60ac33a902c02501c,18, #8D8980
bba60ac33a902c02501c,7,#F3EDE0
bba60ac33a902c02501c,18, #6E6A62
bba60ac33a902c02501c,7, #4C4941
bbb0a8c868c80f0c0fdc,0, #3B2F24
bbb0a8c868c80f0c0fdc,28, #D2CCB0
bbb0a8c868c80f0c0fdc,33, #948C7A
bbb0a8c868c80f0c0fdc,3,#6D5F4C
bbb0a8c868c80f0c0fdc,11, #F0EFDD
bbb0a8c868c80f0c0fdc,23, #B8AE92
bbb2fe948821f7889f4d,4, #B2AA9D
bbb2fe948821f7889f4d,66,#FCF6E7
bbb2fe948821f7889f4d,3, #C7BFB0
bbb2fe948821f7889f4d,1, #969086
bbb2fe948821f7889f4d,22, #E2DAC8
bbb2fe948821f7889f4d,0, #5A5450
bbb2fe948821f7889f4d,0, #777069
bbb520afb1aeb66fd8fe,54,#0D0D08
bbb520afb1aeb66fd8fe,7, #505335
bbb520afb1aeb66fd8fe,28, #2D2D1D
bbb520afb1aeb66fd8fe,2, #868862
bbb520afb1aeb66fd8fe,0, #755929
bbb520afb1aeb66fd8fe,6, #787249
bbb520afb1aeb66fd8fe,0, #9C9D75
bbb73ecada9eadf80694,10, #544B3D
bbb73ecada9eadf80694,8, #ACA083
bbb73ecada9eadf80694,3, #857657
bbb73ecada9eadf80694,19, #D2C7AB
bbb73ecada9eadf80694,6,#FAF9F4
bbb73ecada9eadf80694,51, #E7E1CE
bbc4675c430cd47c87a0,25, #473723
bbc4675c430cd47c87a0,11, #614E34
bbc4675c430cd47c87a0,8, #73684A
bbc4675c430cd47c87a0,15,#8C8160
bbc4675c430cd47c87a0,8, #272014
bbc4675c430cd47c87a0,29, #9C9B84
bbc9cef838e1a3c8829c,7,#F2EDE1
bbc9cef838e1a3c8829c,9, #887760
bbc9cef838e1a3c8829c,15, #CFBFA3
bbc9cef838e1a3c8829c,31, #665542
bbc9cef838e1a3c8829c,15, #413227
bbc9cef838e1a3c8829c,19, #A59885
bbca2562dce3617162cd,3, #B4AE9C
bbca2562dce3617162cd,19, #7A6F65
bbca2562dce3617162cd,12, #3A281F
bbca2562dce3617162cd,1, #999083
bbca2562dce3617162cd,13, #59483F
bbca2562dce3617162cd,50,#DDD8C8
bbcd87cf59e6a9e24af7,1, #31281C
bbcd87cf59e6a9e24af7,3, #484032
bbcd87cf59e6a9e24af7,3, #6A6354
bbcd87cf59e6a9e24af7,43,#F7F7F1
bbcd87cf59e6a9e24af7,32, #DBD7C6
bbcd87cf59e6a9e24af7,10, #AEAA9E
bbcd87cf59e6a9e24af7,4, #908773
bbcfbd06e3ec9d916823,0,#F1E5CF
bbcfbd06e3ec9d916823,3, #B2A793
bbcfbd06e3ec9d916823,44, #6D6555
bbcfbd06e3ec9d916823,5, #908673
bbcfbd06e3ec9d916823,29, #D4C8B4
bbcfbd06e3ec9d916823,17, #444239
bbdbe9bb4169f406cb15,3,#FBFAF6
bbdbe9bb4169f406cb15,30, #E7E1CD
bbdbe9bb4169f406cb15,21, #BCB7A5
bbdbe9bb4169f406cb15,13, #585A48
bbdbe9bb4169f406cb15,24, #858472
bbdbe9bb4169f406cb15,6, #333627
bbdbfecf60cc7e26c1cc,5, #D3C7B8
bbdbfecf60cc7e26c1cc,8, #BC9F90
bbdbfecf60cc7e26c1cc,3,#FDF9F8
bbdbfecf60cc7e26c1cc,0, #575248
bbdbfecf60cc7e26c1cc,71, #EAE2D5
bbdbfecf60cc7e26c1cc,10, #A07465
bbdf586ecc97d59da1da,10, #382619
bbdf586ecc97d59da1da,48, #DDDCD0
bbdf586ecc97d59da1da,31, #815F35
bbdf586ecc97d59da1da,3, #0F060D
bbdf586ecc97d59da1da,4, #8D8776
bbdf586ecc97d59da1da,2,#CDBC8C
bbed5a5c1477ecb910de,2, #B59D6F
bbed5a5c1477ecb910de,2, #CFBD8E
bbed5a5c1477ecb910de,42, #824A35
bbed5a5c1477ecb910de,41, #312A1E
bbed5a5c1477ecb910de,3,#18150F
bbed5a5c1477ecb910de,7, #8E764F
bbf0748aa38f17f76911,6,#EDE8D9
bbf0748aa38f17f76911,17, #767269
bbf0748aa38f17f76911,26, #99958A
bbf0748aa38f17f76911,4, #36342D
bbf0748aa38f17f76911,26, #C4C0B4
bbf0748aa38f17f76911,19, #54524A
bbf09ead78d74d14b077,19, #424343
bbf09ead78d74d14b077,1,#D5CDBB
bbf09ead78d74d14b077,12, #AFA691
bbf09ead78d74d14b077,19, #807D78
bbf09ead78d74d14b077,28, #1D1E1F
bbf09ead78d74d14b077,19, #6B5A45
bbf6d39dd2f6d0296950,16, #6F6C5B
bbf6d39dd2f6d0296950,2, #C3BBA0
bbf6d39dd2f6d0296950,11, #999380
bbf6d39dd2f6d0296950,6,#F5F2E6
bbf6d39dd2f6d0296950,13, #44423A
bbf6d39dd2f6d0296950,49, #E3DABC
bbf8a99b9f00b9fcaee6,5, #504F42
bbf8a99b9f00b9fcaee6,8, #A7A294
bbf8a99b9f00b9fcaee6,48, #F2E8D5
bbf8a99b9f00b9fcaee6,10, #757365
bbf8a99b9f00b9fcaee6,6,#908C7F
bbf8a99b9f00b9fcaee6,20, #C8C0B1
bbfc655f4d946161183a,1, #302C2B
bbfc655f4d946161183a,29, #CFC3B1
bbfc655f4d946161183a,18, #56514A
bbfc655f4d946161183a,1,#F8F0E5
bbfc655f4d946161183a,36, #9F9788
bbfc655f4d946161183a,12, #7C7569
bbfc6d523aaaf0f11a3b,13, #51401D
bbfc6d523aaaf0f11a3b,10, #6C6027
bbfc6d523aaaf0f11a3b,0, #070604
bbfc6d523aaaf0f11a3b,13, #8A8056
bbfc6d523aaaf0f11a3b,3, #2C2714
bbfc6d523aaaf0f11a3b,28, #A59D7E
bbfc6d523aaaf0f11a3b,30,#CEC1A2
bbff58dd99cc65b64a1a,9, #9C8F77
bbff58dd99cc65b64a1a,11, #50422D
bbff58dd99cc65b64a1a,16, #73654B
bbff58dd99cc65b64a1a,3, #5F5137
bbff58dd99cc65b64a1a,20, #231C13
bbff58dd99cc65b64a1a,18, #3D3120
bbff58dd99cc65b64a1a,20,#847961
bc006d2ed7127e686920,7,#D3CAB7
bc006d2ed7127e686920,0, #6E685B
bc006d2ed7127e686920,4, #958A75
bc006d2ed7127e686920,82, #F3EDDE
bc006d2ed7127e686920,0, #4D463A
bc006d2ed7127e686920,4, #BBAF99
bc04b6d8495c91da49ec,1,#171613
bc04b6d8495c91da49ec,23, #6C645C
bc04b6d8495c91da49ec,12, #918674
bc04b6d8495c91da49ec,4, #D3C7AC
bc04b6d8495c91da49ec,16, #B2A68E
bc04b6d8495c91da49ec,40, #403D39
bc0c3e8b42be7a2b5aa7,0, #D3CDB8
bc0c3e8b42be7a2b5aa7,30,#161512
bc0c3e8b42be7a2b5aa7,3, #B8AA8C
bc0c3e8b42be7a2b5aa7,20, #63533E
bc0c3e8b42be7a2b5aa7,33, #5A3523
bc0c3e8b42be7a2b5aa7,11, #977A56
bc0dabaed5a819b38054,19,#D0CAB8
bc0dabaed5a819b38054,13, #53514F
bc0dabaed5a819b38054,13, #AAA79B
bc0dabaed5a819b38054,4, #2B2A25
bc0dabaed5a819b38054,26, #7E7C78
bc0dabaed5a819b38054,22, #F4F1E6
bc0e4d5c2b01d07e9b68,1,#FEFCE7
bc0e4d5c2b01d07e9b68,20, #BBB8A8
bc0e4d5c2b01d07e9b68,16, #8A8979
bc0e4d5c2b01d07e9b68,18, #5B5C4E
bc0e4d5c2b01d07e9b68,2, #30302A
bc0e4d5c2b01d07e9b68,41, #E2DCC9
bc12c97f37d12610f210,27, #8B8677
bc12c97f37d12610f210,1,#EFE6D2
bc12c97f37d12610f210,15, #646155
bc12c97f37d12610f210,21, #CEC7B5
bc12c97f37d12610f210,11, #AEA797
bc12c97f37d12610f210,22, #4B4A42
bc185daf4a92f9dbc665,33,#6D4717
bc185daf4a92f9dbc665,6, #AD8C3F
bc185daf4a92f9dbc665,13, #966E24
bc185daf4a92f9dbc665,0, #DCC570
bc185daf4a92f9dbc665,1, #C8AC5D
bc185daf4a92f9dbc665,11, #0F0B08
bc185daf4a92f9dbc665,33, #3E220E
bc191461b0154e639052,6, #888577
bc191461b0154e639052,6, #4C4A41
bc191461b0154e639052,7, #A4A295
bc191461b0154e639052,3, #C0BEB0
bc191461b0154e639052,23, #DFDDD0
bc191461b0154e639052,45,#F9F8F4
bc191461b0154e639052,6, #6E6C60
bc1de1e5bdf3288ca973,14, #9D9184
bc1de1e5bdf3288ca973,47, #DEC9B8
bc1de1e5bdf3288ca973,4,#F8EDE2
bc1de1e5bdf3288ca973,13, #786A5D
bc1de1e5bdf3288ca973,18, #B9AA99
bc1de1e5bdf3288ca973,2, #53473D
bc2a92f8038abe694278,23, #0F171A
bc2a92f8038abe694278,10, #B7C3C8
bc2a92f8038abe694278,1, #828F7C
bc2a92f8038abe694278,14, #99A5A7
bc2a92f8038abe694278,7, #66705F
bc2a92f8038abe694278,9, #E1E9E0
bc2a92f8038abe694278,33,#3A4640
bc326a700af21125c958,13, #514D44
bc326a700af21125c958,12,#E3DBC5
bc326a700af21125c958,18, #999282
bc326a700af21125c958,24, #BCB4A0
bc326a700af21125c958,25, #726C60
bc326a700af21125c958,5, #312E27
bc37d0da9550f5e8452c,39, #D6CAAC
bc37d0da9550f5e8452c,5,#F6F2EA
bc37d0da9550f5e8452c,5, #412E24
bc37d0da9550f5e8452c,12, #AA9D86
bc37d0da9550f5e8452c,11, #948168
bc37d0da9550f5e8452c,24, #685341
bc3a96630b8a865d6d0f,56,#171308
bc3a96630b8a865d6d0f,1, #7C6A44
bc3a96630b8a865d6d0f,27, #3E351D
bc3a96630b8a865d6d0f,3, #988057
bc3a96630b8a865d6d0f,11, #66502A
bc3a96630b8a865d6d0f,0, #B39B70
bc3c1ee6f6b817ba5c87,0,#F8F1DB
bc3c1ee6f6b817ba5c87,12, #B5B19F
bc3c1ee6f6b817ba5c87,7, #626257
bc3c1ee6f6b817ba5c87,59, #D8D3BE
bc3c1ee6f6b817ba5c87,8, #8A8879
bc3c1ee6f6b817ba5c87,11, #404038
bc3ffacc3f2b02135418,2, #E1D6AF
bc3ffacc3f2b02135418,17, #615441
bc3ffacc3f2b02135418,19, #AC9775
bc3ffacc3f2b02135418,8, #2E2C2C
bc3ffacc3f2b02135418,8, #8E7B5D
bc3ffacc3f2b02135418,10, #0B121B
bc3ffacc3f2b02135418,33,#C0B794
bc47375704e932d10f92,11, #CBC2B3
bc47375704e932d10f92,8, #423F3B
bc47375704e932d10f92,5, #E9E1D4
bc47375704e932d10f92,18, #857F77
bc47375704e932d10f92,34,#625E58
bc47375704e932d10f92,3, #FCFAF6
bc47375704e932d10f92,17, #A8A197
bc47821c3a6e2c75752c,21, #9E9682
bc47821c3a6e2c75752c,35,#1C222A
bc47821c3a6e2c75752c,20, #47494F
bc47821c3a6e2c75752c,3, #CABC90
bc47821c3a6e2c75752c,18, #776860
bc47821c3a6e2c75752c,0, #ECE0AD
bc4ede552e7a42e97f22,14,#F5F2E2
bc4ede552e7a42e97f22,14, #4A483C
bc4ede552e7a42e97f22,13, #D3CCBC
bc4ede552e7a42e97f22,20, #6B6959
bc4ede552e7a42e97f22,23, #918E7D
bc4ede552e7a42e97f22,13, #B5B09F
bc51a04988a426a01606,5, #B8B598
bc51a04988a426a01606,12,#282411
bc51a04988a426a01606,18, #736D4E
bc51a04988a426a01606,1, #D5CEAC
bc51a04988a426a01606,22, #4E4A28
bc51a04988a426a01606,39, #968F70
bc597fd397f4ce8fcd88,37, #F9F5E7
bc597fd397f4ce8fcd88,16, #857D6E
bc597fd397f4ce8fcd88,14, #5F594B
bc597fd397f4ce8fcd88,4, #454035
bc597fd397f4ce8fcd88,15, #B3AB9B
bc597fd397f4ce8fcd88,12,#DFD8C8
bc5ddfd5ce5ac07dabee,1, #DACB9F
bc5ddfd5ce5ac07dabee,1, #C1AB7C
bc5ddfd5ce5ac07dabee,1, #AC9452
bc5ddfd5ce5ac07dabee,78,#2D2C25
bc5ddfd5ce5ac07dabee,3, #8B733F
bc5ddfd5ce5ac07dabee,12, #594D36
bc6537f7d0380dbe4ce1,4,#716F62
bc6537f7d0380dbe4ce1,22, #908D80
bc6537f7d0380dbe4ce1,39, #E3DDC6
bc6537f7d0380dbe4ce1,11, #525147
bc6537f7d0380dbe4ce1,0, #34372D
bc6537f7d0380dbe4ce1,22, #BCB5A0
bc6e65a1708e6da575db,0, #DACA8D
bc6e65a1708e6da575db,6, #BAA368
bc6e65a1708e6da575db,8, #1A1404
bc6e65a1708e6da575db,14, #99753E
bc6e65a1708e6da575db,11, #775A2F
bc6e65a1708e6da575db,18, #39260D
bc6e65a1708e6da575db,39,#5C4220
bc770cc98353d1627ca0,22, #A7A395
bc770cc98353d1627ca0,19, #5F5B50
bc770cc98353d1627ca0,4, #403D36
bc770cc98353d1627ca0,9, #CDC9BB
bc770cc98353d1627ca0,19, #837E71
bc770cc98353d1627ca0,25,#F2EFDD
bc7bc8d812a761b8eb85,1,#F7F2DC
bc7bc8d812a761b8eb85,17, #94907F
bc7bc8d812a761b8eb85,21, #45443B
bc7bc8d812a761b8eb85,15, #6F6D5E
bc7bc8d812a761b8eb85,20, #E1DAC1
bc7bc8d812a761b8eb85,23, #C0BAA3
bc7c6c8a9f2b8dc00171,60, #101618
bc7c6c8a9f2b8dc00171,2, #AAA69C
bc7c6c8a9f2b8dc00171,4, #6C7E77
bc7c6c8a9f2b8dc00171,22, #324A4C
bc7c6c8a9f2b8dc00171,6,#62533E
bc7c6c8a9f2b8dc00171,2, #D5CEC4
bc7e914fdc0e642f922e,12, #AEA18D
bc7e914fdc0e642f922e,24, #5C4E48
bc7e914fdc0e642f922e,14, #837568
bc7e914fdc0e642f922e,4,#F7F4E9
bc7e914fdc0e642f922e,29, #392A25
bc7e914fdc0e642f922e,14, #DDD4C0
bc8459826b47db4052a3,13, #837E6C
bc8459826b47db4052a3,17, #5E5C4C
bc8459826b47db4052a3,20, #AAA18C
bc8459826b47db4052a3,2, #3D3D30
bc8459826b47db4052a3,13, #D1C3A9
bc8459826b47db4052a3,32,#F1DFBF
bc9457ec9a95afef6774,21,#7B7370
bc9457ec9a95afef6774,17, #3C302C
bc9457ec9a95afef6774,10, #A19D96
bc9457ec9a95afef6774,15, #584E4D
bc9457ec9a95afef6774,5, #C7C5B6
bc9457ec9a95afef6774,17, #E4E0CD
bc9457ec9a95afef6774,12, #F9F8F1
bc984efaf239973ece1d,22, #D5D1C4
bc984efaf239973ece1d,13, #8A8679
bc984efaf239973ece1d,16, #AFAB9E
bc984efaf239973ece1d,34,#F3F0E3
bc984efaf239973ece1d,10, #69665A
bc984efaf239973ece1d,1, #47453C
bc9d46dab051d2e60bb0,9, #A69A8A
bc9d46dab051d2e60bb0,10, #604630
bc9d46dab051d2e60bb0,46, #CFC7B7
bc9d46dab051d2e60bb0,1,#F2EEDE
bc9d46dab051d2e60bb0,14, #3D1E11
bc9d46dab051d2e60bb0,17, #7F6D5A
bca66c115bf8414111f1,0,#343028
bca66c115bf8414111f1,50, #9A9B7F
bca66c115bf8414111f1,25, #8B654D
bca66c115bf8414111f1,3, #E3DCBB
bca66c115bf8414111f1,12, #C0BFA6
bca66c115bf8414111f1,7, #544E3F
bcacc76ef10547dd4b32,10, #B4AB96
bcacc76ef10547dd4b32,4, #5E5344
bcacc76ef10547dd4b32,1, #1E180F
bcacc76ef10547dd4b32,78, #E5E0D0
bcacc76ef10547dd4b32,0,#FEFEF9
bcacc76ef10547dd4b32,4, #908570
bcb80e07495fce73d133,0, #34383F
bcb80e07495fce73d133,15, #6E7E8B
bcb80e07495fce73d133,14, #546679
bcb80e07495fce73d133,34,#8E9CA1
bcb80e07495fce73d133,12, #DDD9CE
bcb80e07495fce73d133,20, #3E4D63
bcb80e07495fce73d133,2, #B9BAB2
bcbdbe4e0cd6df8628c1,8, #A7A49A
bcbdbe4e0cd6df8628c1,10,#CECABE
bcbdbe4e0cd6df8628c1,3, #403F38
bcbdbe4e0cd6df8628c1,4, #58584F
bcbdbe4e0cd6df8628c1,7, #7C7B71
bcbdbe4e0cd6df8628c1,65, #F2EDDF
bcc041f181e5f4172bc8,28, #CBC6B8
bcc041f181e5f4172bc8,41,#EFE9D8
bcc041f181e5f4172bc8,1, #343630
bcc041f181e5f4172bc8,6, #575850
bcc041f181e5f4172bc8,11, #A9A69A
bcc041f181e5f4172bc8,11, #807F74
bcc049346cb27eb13b74,0, #725E29
bcc049346cb27eb13b74,0, #887437
bcc049346cb27eb13b74,2, #5D4920
bcc049346cb27eb13b74,0,#98864A
bcc049346cb27eb13b74,14, #40311C
bcc049346cb27eb13b74,81, #1E190F
bcd261f06482f08df640,7, #6A6959
bcd261f06482f08df640,18, #C2BEAE
bcd261f06482f08df640,0, #FDFBE8
bcd261f06482f08df640,7, #9D998A
bcd261f06482f08df640,55,#E5E2D0
bcd261f06482f08df640,8, #848173
bcd261f06482f08df640,1, #4D4D40
bcd99878f90214747035,13, #868075
bcd99878f90214747035,15, #3C3A33
bcd99878f90214747035,1, #F4ECD8
bcd99878f90214747035,21, #D1CABC
bcd99878f90214747035,0, #714C31
bcd99878f90214747035,19, #A29C90
bcd99878f90214747035,28,#656157
bcda1e1379c7bf85ef80,13, #AA9761
bcda1e1379c7bf85ef80,42, #7C764C
bcda1e1379c7bf85ef80,8, #38301B
bcda1e1379c7bf85ef80,4, #D8C784
bcda1e1379c7bf85ef80,32, #5C5138
bcda1e1379c7bf85ef80,0,#17110A
bcdfa0d41685fa2029e6,0, #2B414F
bcdfa0d41685fa2029e6,0, #DEDABF
bcdfa0d41685fa2029e6,29, #3C341A
bcdfa0d41685fa2029e6,46,#19160C
bcdfa0d41685fa2029e6,4, #A89246
bcdfa0d41685fa2029e6,2, #C4B27D
bcdfa0d41685fa2029e6,18, #6E5B24
bce53dc37bc08bb93b0b,4, #1E1D16
bce53dc37bc08bb93b0b,5, #403E34
bce53dc37bc08bb93b0b,35, #C8C4B8
bce53dc37bc08bb93b0b,12,#9D9788
bce53dc37bc08bb93b0b,10, #666256
bce53dc37bc08bb93b0b,31, #EBEBE5
bce69e3dbd9b9be658fa,5, #57574B
bce69e3dbd9b9be658fa,1, #38382E
bce69e3dbd9b9be658fa,39,#C6C3B7
bce69e3dbd9b9be658fa,12, #98968A
bce69e3dbd9b9be658fa,5, #757568
bce69e3dbd9b9be658fa,35, #EFEBE0
bcefff830c14b5919ece,0,#F3F0EA
bcefff830c14b5919ece,9, #948E77
bcefff830c14b5919ece,2, #DBD8D2
bcefff830c14b5919ece,61, #474338
bcefff830c14b5919ece,16, #776F51
bcefff830c14b5919ece,9, #B3AC92
bcf0b60297dbe7dc4d4d,15, #0C0C08
bcf0b60297dbe7dc4d4d,0, #C3B48C
bcf0b60297dbe7dc4d4d,30, #473B2D
bcf0b60297dbe7dc4d4d,3, #90744E
bcf0b60297dbe7dc4d4d,1, #AE976E
bcf0b60297dbe7dc4d4d,47,#251F18
bcf0b60297dbe7dc4d4d,2, #675439
bcfcafb2a7f19167393d,50, #E5DDC7
bcfcafb2a7f19167393d,5, #BFB8A5
bcfcafb2a7f19167393d,7, #918B79
bcfcafb2a7f19167393d,7, #464136
bcfcafb2a7f19167393d,22,#FBF9F3
bcfcafb2a7f19167393d,6, #6C6656
bd0f150e7a17652be843,19, #F6F6F2
bd0f150e7a17652be843,8, #969690
bd0f150e7a17652be843,2, #5F5F5B
bd0f150e7a17652be843,48, #D5D3C8
bd0f150e7a17652be843,4,#7C7C78
bd0f150e7a17652be843,15, #B6B4A9
bd1002ed190e45acbf15,47,#EFEAD8
bd1002ed190e45acbf15,13, #8E8A7C
bd1002ed190e45acbf15,5, #767266
bd1002ed190e45acbf15,10, #ADA899
bd1002ed190e45acbf15,1, #302E27
bd1002ed190e45acbf15,11, #CBC5B4
bd1002ed190e45acbf15,8, #59564B
bd12a9b1906fc805028f,16, #CECAB7
bd12a9b1906fc805028f,14, #B5B19F
bd12a9b1906fc805028f,19, #605F52
bd12a9b1906fc805028f,6,#F4F0E4
bd12a9b1906fc805028f,30, #898676
bd12a9b1906fc805028f,11, #44443A
bd1434b769691c945bde,0, #FEFEEB
bd1434b769691c945bde,22, #BC9F90
bd1434b769691c945bde,14, #EFEBD8
bd1434b769691c945bde,24,#D5CCBC
bd1434b769691c945bde,7, #4F4D40
bd1434b769691c945bde,14, #958F7E
bd1434b769691c945bde,16, #757161
bd1b000654666e1c6e44,7, #717067
bd1b000654666e1c6e44,20, #BAB8AD
bd1b000654666e1c6e44,57, #E1DFD1
bd1b000654666e1c6e44,0, #505049
bd1b000654666e1c6e44,0,#FBF9EB
bd1b000654666e1c6e44,13, #949288
bd1e121d530eb188eab2,6, #59524C
bd1e121d530eb188eab2,18, #C2BCAB
bd1e121d530eb188eab2,2, #393531
bd1e121d530eb188eab2,12, #9A9389
bd1e121d530eb188eab2,7, #79726A
bd1e121d530eb188eab2,52,#EFE9DC
bd1ee9dd0348633ccc7b,4, #6D6D60
bd1ee9dd0348633ccc7b,10, #4B4C40
bd1ee9dd0348633ccc7b,33, #BEB9AE
bd1ee9dd0348633ccc7b,2, #292A22
bd1ee9dd0348633ccc7b,11, #8F8D81
bd1ee9dd0348633ccc7b,37,#F1EEE2
bd218a9dde57b6036135,15, #737467
bd218a9dde57b6036135,42,#F6F1E0
bd218a9dde57b6036135,0, #1D2120
bd218a9dde57b6036135,18, #CCC5AF
bd218a9dde57b6036135,3, #444741
bd218a9dde57b6036135,18, #A5A291
bd245230e4b81813f8b9,8,#EBE4D8
bd245230e4b81813f8b9,25, #BFBBB2
bd245230e4b81813f8b9,7, #A29F97
bd245230e4b81813f8b9,20, #3F3F3A
bd245230e4b81813f8b9,21, #5D5B54
bd245230e4b81813f8b9,16, #7F7D76
bd2ab5c2d4c19ac5e6af,10, #201F16
bd2ab5c2d4c19ac5e6af,19, #999175
bd2ab5c2d4c19ac5e6af,0, #B2BAC3
bd2ab5c2d4c19ac5e6af,4, #F4F5EE
bd2ab5c2d4c19ac5e6af,18, #7D5E57
bd2ab5c2d4c19ac5e6af,17, #D8CE99
bd2ab5c2d4c19ac5e6af,29,#5C422F
bd2f11563a7534ba60df,4, #0E0E0A
bd2f11563a7534ba60df,15, #B6AE8F
bd2f11563a7534ba60df,20, #5A5947
bd2f11563a7534ba60df,10, #837F68
bd2f11563a7534ba60df,9,#EFEBD0
bd2f11563a7534ba60df,39, #333427
bd33449f69df6c94fcf3,0, #9C926F
bd33449f69df6c94fcf3,1, #5E3A1E
bd33449f69df6c94fcf3,5, #6E6449
bd33449f69df6c94fcf3,1, #734C29
bd33449f69df6c94fcf3,65,#282C22
bd33449f69df6c94fcf3,1, #8B7653
bd33449f69df6c94fcf3,24, #4B4D3D
bd33b9497e0358b224bd,5, #727064
bd33b9497e0358b224bd,12, #D5D1C0
bd33b9497e0358b224bd,1,#504E45
bd33b9497e0358b224bd,0, #322F28
bd33b9497e0358b224bd,65, #F9F6E7
bd33b9497e0358b224bd,14, #A29F92
bd4092a73875aecfb3c6,16, #928C7B
bd4092a73875aecfb3c6,10, #706A5C
bd4092a73875aecfb3c6,37, #E6DFCC
bd4092a73875aecfb3c6,1, #323028
bd4092a73875aecfb3c6,10, #514E41
bd4092a73875aecfb3c6,23,#B9B29F
bd4fbeb1caa1379aa08c,19, #B2A681
bd4fbeb1caa1379aa08c,7, #68604B
bd4fbeb1caa1379aa08c,6, #8E8670
bd4fbeb1caa1379aa08c,22, #DCD6B9
bd4fbeb1caa1379aa08c,17, #C5BEA2
bd4fbeb1caa1379aa08c,27,#F6F5E2
bd5824c787442dff8aa9,27, #35311C
bd5824c787442dff8aa9,10, #564E2B
bd5824c787442dff8aa9,1, #9E9059
bd5824c787442dff8aa9,59,#16150C
bd5824c787442dff8aa9,0, #BEB283
bd5824c787442dff8aa9,1, #786E40
bd5a5a8976c3aff3b0e5,10, #68582C
bd5a5a8976c3aff3b0e5,40, #494024
bd5a5a8976c3aff3b0e5,0, #AB955E
bd5a5a8976c3aff3b0e5,3, #806F41
bd5a5a8976c3aff3b0e5,44,#2B2515
bd5a5a8976c3aff3b0e5,0, #978450
bd60c3f552356e9ec2d6,9, #432E27
bd60c3f552356e9ec2d6,23,#EEEBDB
bd60c3f552356e9ec2d6,29, #9B9084
bd60c3f552356e9ec2d6,8, #CCC5B5
bd60c3f552356e9ec2d6,19, #69584E
bd60c3f552356e9ec2d6,9, #22100A
bd78685cd58ba590c220,5, #5C5749
bd78685cd58ba590c220,15, #F9F9EC
bd78685cd58ba590c220,10, #7F7966
bd78685cd58ba590c220,51, #E0DAC1
bd78685cd58ba590c220,9, #A49E89
bd78685cd58ba590c220,7,#C2BBA2
bd79922c4e4407f4e859,11, #363428
bd79922c4e4407f4e859,5, #A88859
bd79922c4e4407f4e859,25, #8E5F43
bd79922c4e4407f4e859,49,#574D3A
bd79922c4e4407f4e859,2, #C1AE78
bd79922c4e4407f4e859,3, #212017
bd79922c4e4407f4e859,0, #DACC97
bd89465657fc9304cc89,4, #7F754A
bd89465657fc9304cc89,1, #A29665
bd89465657fc9304cc89,48, #322912
bd89465657fc9304cc89,25,#D0CCAA
bd89465657fc9304cc89,6, #BBB083
bd89465657fc9304cc89,13, #695626
bd8965dc97fbe811688e,15, #886930
bd8965dc97fbe811688e,1, #A78846
bd8965dc97fbe811688e,0, #C8B882
bd8965dc97fbe811688e,57, #6F361C
bd8965dc97fbe811688e,0, #B29E6B
bd8965dc97fbe811688e,24,#1E180E
bd8aeaf1903e4797a920,67,#3F1E14
bd8aeaf1903e4797a920,1, #8A684D
bd8aeaf1903e4797a920,0, #CAC3A7
bd8aeaf1903e4797a920,1, #94846C
bd8aeaf1903e4797a920,1, #B1A48A
bd8aeaf1903e4797a920,3, #634D38
bd8aeaf1903e4797a920,24, #0A0300
bd8c63a893c0dc4c2ac1,0, #A89789
bd8c63a893c0dc4c2ac1,12, #796051
bd8c63a893c0dc4c2ac1,6, #8F7F73
bd8c63a893c0dc4c2ac1,61, #E9E3D8
bd8c63a893c0dc4c2ac1,17, #523F36
bd8c63a893c0dc4c2ac1,1,#C6B9A8
bd93803900b26a6221e6,2, #877663
bd93803900b26a6221e6,5, #A89A85
bd93803900b26a6221e6,4, #F4F1EA
bd93803900b26a6221e6,6, #C9BB9C
bd93803900b26a6221e6,0, #6C5C4F
bd93803900b26a6221e6,0, #574B41
bd93803900b26a6221e6,79,#E0D5B8
bd9a60274683c99c2730,3, #7C6F4E
bd9a60274683c99c2730,0, #7C4D23
bd9a60274683c99c2730,0, #98906B
bd9a60274683c99c2730,0, #B4AC83
bd9a60274683c99c2730,4, #4F5740
bd9a60274683c99c2730,50,#3C3B26
bd9a60274683c99c2730,40, #141209
bd9cf4c6aef38f06f798,6, #7F7C72
bd9cf4c6aef38f06f798,10, #A6A396
bd9cf4c6aef38f06f798,64, #D7D4C2
bd9cf4c6aef38f06f798,5, #5B584E
bd9cf4c6aef38f06f798,11,#F9F7E6
bd9cf4c6aef38f06f798,1, #3C3A31
bd9e0d96383b42df27a2,0, #333029
bd9e0d96383b42df27a2,11, #635E56
bd9e0d96383b42df27a2,18, #D1CBC1
bd9e0d96383b42df27a2,19, #8E8980
bd9e0d96383b42df27a2,18,#F4F1E8
bd9e0d96383b42df27a2,30, #B1ABA2
bdac5ce9a5bb24eb07e5,14, #B8B5A8
bdac5ce9a5bb24eb07e5,25, #69675D
bdac5ce9a5bb24eb07e5,0,#FEFEF7
bdac5ce9a5bb24eb07e5,34, #E0DECD
bdac5ce9a5bb24eb07e5,1, #48473D
bdac5ce9a5bb24eb07e5,22, #918E82
bdb944dfc97d4f9a5ad9,13, #353324
bdb944dfc97d4f9a5ad9,18, #6E674E
bdb944dfc97d4f9a5ad9,3, #0E0E09
bdb944dfc97d4f9a5ad9,8,#F9F7E0
bdb944dfc97d4f9a5ad9,30, #E1D0A9
bdb944dfc97d4f9a5ad9,25, #AA9F80
bdb963a96d87516d321f,0, #524E41
bdb963a96d87516d321f,3, #99927F
bdb963a96d87516d321f,59,#EDEADB
bdb963a96d87516d321f,3, #B5AE9B
bdb963a96d87516d321f,1, #757163
bdb963a96d87516d321f,10, #D4CEB9
bdb963a96d87516d321f,21, #FCFBF5
bdc2d26ae36747a7642f,5,#F9F8F7
bdc2d26ae36747a7642f,28, #D6D4D6
bdc2d26ae36747a7642f,27, #121212
bdc2d26ae36747a7642f,7, #6F6E70
bdc2d26ae36747a7642f,17, #404040
bdc2d26ae36747a7642f,14, #9F9EA1
bdc45bf66cb80bdaa3af,3, #534638
bdc45bf66cb80bdaa3af,10, #9E917C
bdc45bf66cb80bdaa3af,10, #7C6E5A
bdc45bf66cb80bdaa3af,70, #D8D2BC
bdc45bf66cb80bdaa3af,0,#F4F0DE
bdc45bf66cb80bdaa3af,4, #BDB197
bdcbc32be67189044fa0,12, #9B988D
bdcbc32be67189044fa0,10, #C0BBAD
bdcbc32be67189044fa0,5, #625F55
bdcbc32be67189044fa0,6, #DCD6C4
bdcbc32be67189044fa0,1, #444138
bdcbc32be67189044fa0,3, #7E7B70
bdcbc32be67189044fa0,59,#F7F2E0
bdce91725c054c283e0b,42, #BCB8A7
bdce91725c054c283e0b,10, #939080
bdce91725c054c283e0b,4, #DEDCCF
bdce91725c054c283e0b,3,#F9F9F2
bdce91725c054c283e0b,25, #4A4436
bdce91725c054c283e0b,13, #747060
bdcf931ac7a3811e00cb,4, #474640
bdcf931ac7a3811e00cb,5, #63625A
bdcf931ac7a3811e00cb,10, #D0C8B4
bdcf931ac7a3811e00cb,66,#EEE9D9
bdcf931ac7a3811e00cb,8, #B2A995
bdcf931ac7a3811e00cb,6, #86837B
bdcfcaab857ff06e928f,24, #6E6D65
bdcfcaab857ff06e928f,42, #414139
bdcfcaab857ff06e928f,5, #B1B0A3
bdcfcaab857ff06e928f,6,#F3F1DB
bdcfcaab857ff06e928f,14, #96958A
bdcfcaab857ff06e928f,6, #CFCDBB
bdd25c4d9ebcf861bc07,2, #ECE8D7
bdd25c4d9ebcf861bc07,2,#FCFBF5
bdd25c4d9ebcf861bc07,5, #CAC7B8
bdd25c4d9ebcf861bc07,40, #595750
bdd25c4d9ebcf861bc07,39, #7A7872
bdd25c4d9ebcf861bc07,9, #A3A195
bde69fcc8df490826c26,15, #535047
bde69fcc8df490826c26,17, #C8C1AF
bde69fcc8df490826c26,23, #A9A394
bde69fcc8df490826c26,3, #F8F6E8
bde69fcc8df490826c26,33,#7F7A6F
bde69fcc8df490826c26,1, #32302B
bde69fcc8df490826c26,4, #E3DCC8
bde9bd3b8db2a12b2679,4, #41332A
bde9bd3b8db2a12b2679,32, #AB9E88
bde9bd3b8db2a12b2679,4,#E7DFC9
bde9bd3b8db2a12b2679,11, #5E5043
bde9bd3b8db2a12b2679,17, #CCC0A5
bde9bd3b8db2a12b2679,29, #7C6F5E
bdf26e90ee5a00824993,0, #A3987D
bdf26e90ee5a00824993,27, #69361F
bdf26e90ee5a00824993,55,#1E1E13
bdf26e90ee5a00824993,14, #7A5C43
bdf26e90ee5a00824993,1, #747B6C
bdf26e90ee5a00824993,0, #C1B99B
bdf865bf64f6a0850489,1, #424036
bdf865bf64f6a0850489,16, #666357
bdf865bf64f6a0850489,25,#EFEBD7
bdf865bf64f6a0850489,14, #878476
bdf865bf64f6a0850489,23, #ABA796
bdf865bf64f6a0850489,17, #CCC8B5
bdf919af152b156d8ba4,11, #726E60
bdf919af152b156d8ba4,29, #959283
bdf919af152b156d8ba4,21, #D3CEBC
bdf919af152b156d8ba4,21,#F3EEDA
bdf919af152b156d8ba4,5, #4D4B40
bdf919af152b156d8ba4,10, #BAB6A4
be0079cf68c090f9b230,2, #3F3D33
be0079cf68c090f9b230,5, #5E5A4D
be0079cf68c090f9b230,34,#F1EDE1
be0079cf68c090f9b230,10, #7A7567
be0079cf68c090f9b230,26, #D2C6AD
be0079cf68c090f9b230,12, #B8A88D
be0079cf68c090f9b230,6, #948E80
be0f0e8ac0e7b78f6eea,68,#E1D8CD
be0f0e8ac0e7b78f6eea,7, #A59E92
be0f0e8ac0e7b78f6eea,0, #FCF5EC
be0f0e8ac0e7b78f6eea,4, #6B6759
be0f0e8ac0e7b78f6eea,4, #888377
be0f0e8ac0e7b78f6eea,10, #C0B8AC
be0f0e8ac0e7b78f6eea,3, #444238
be20e44314dba8c7acbf,32,#472E1F
be20e44314dba8c7acbf,5, #0E0906
be20e44314dba8c7acbf,6, #555451
be20e44314dba8c7acbf,7, #BDB5A3
be20e44314dba8c7acbf,8, #D7D3C7
be20e44314dba8c7acbf,25, #8A744E
be20e44314dba8c7acbf,15, #EFEDE9
be22c53644a1789d3e70,15, #ABA695
be22c53644a1789d3e70,35,#EBE4CF
be22c53644a1789d3e70,6, #676255
be22c53644a1789d3e70,1, #4F4C42
be22c53644a1789d3e70,20, #D0CAB6
be22c53644a1789d3e70,8, #878171
be22c53644a1789d3e70,11, #FAF9F3
be26a8323da8fad3ce54,14, #868271
be26a8323da8fad3ce54,7, #424139
be26a8323da8fad3ce54,10, #A49F8C
be26a8323da8fad3ce54,16, #636154
be26a8323da8fad3ce54,7,#F4EDD8
be26a8323da8fad3ce54,44, #CDC6B2
be2850ed88cbc164760a,10,#664F3B
be2850ed88cbc164760a,3, #C7B698
be2850ed88cbc164760a,19, #DCCCAD
be2850ed88cbc164760a,30, #A4927A
be2850ed88cbc164760a,28, #86735E
be2850ed88cbc164760a,6, #4C3322
be28d52bba91c210cc3a,59, #EFEADC
be28d52bba91c210cc3a,14,#C5BCA6
be28d52bba91c210cc3a,0, #354E6C
be28d52bba91c210cc3a,6, #402B28
be28d52bba91c210cc3a,10, #7B848D
be28d52bba91c210cc3a,8, #75674E
be373eb3d6d1b0f9f8ff,1, #A8A685
be373eb3d6d1b0f9f8ff,44,#CCD2C2
be373eb3d6d1b0f9f8ff,3, #838874
be373eb3d6d1b0f9f8ff,33, #2A2618
be373eb3d6d1b0f9f8ff,4, #646851
be373eb3d6d1b0f9f8ff,12, #5A4E2B
be3b8bad9a818cc4526c,13, #A09990
be3b8bad9a818cc4526c,5, #D5CEBF
be3b8bad9a818cc4526c,22, #7A746F
be3b8bad9a818cc4526c,10, #BCB4A9
be3b8bad9a818cc4526c,38,#F1E9D9
be3b8bad9a818cc4526c,1, #3D393A
be3b8bad9a818cc4526c,7, #554F4F
be3bc5acc0ee1610f77a,4, #E9EADC
be3bc5acc0ee1610f77a,13, #B9B6A0
be3bc5acc0ee1610f77a,0, #FEFEF5
be3bc5acc0ee1610f77a,30, #757262
be3bc5acc0ee1610f77a,33,#4E4C40
be3bc5acc0ee1610f77a,5, #D3D1BC
be3bc5acc0ee1610f77a,11, #9A9785
be55348ffeac095d6bf1,28, #342413
be55348ffeac095d6bf1,1, #948E84
be55348ffeac095d6bf1,31, #574B2F
be55348ffeac095d6bf1,10, #BCB6AA
be55348ffeac095d6bf1,28, #756C53
be55348ffeac095d6bf1,0,#E5DFD3
be5600cb8efa27b8d024,4, #404134
be5600cb8efa27b8d024,3,#F7F6EE
be5600cb8efa27b8d024,25, #89897A
be5600cb8efa27b8d024,21, #D3D1C1
be5600cb8efa27b8d024,28, #666656
be5600cb8efa27b8d024,17, #AAA999
be577a20b826890ceb5d,0, #994A24
be577a20b826890ceb5d,23, #14110B
be577a20b826890ceb5d,5, #816E3F
be577a20b826890ceb5d,11, #9F8C5F
be577a20b826890ceb5d,9, #5E5431
be577a20b826890ceb5d,46,#302416
be577a20b826890ceb5d,3, #C0B482
be57ed0e4a5d6b68353a,62,#61503D
be57ed0e4a5d6b68353a,4, #806A4E
be57ed0e4a5d6b68353a,0, #B2A487
be57ed0e4a5d6b68353a,31, #29231A
be57ed0e4a5d6b68353a,1, #9C8C6E
be57ed0e4a5d6b68353a,0, #C8BB99
be6133ee046e7bed0400,6, #FAF9F5
be6133ee046e7bed0400,10, #5A564B
be6133ee046e7bed0400,9, #7D786B
be6133ee046e7bed0400,6, #C2BDAB
be6133ee046e7bed0400,4, #3A372E
be6133ee046e7bed0400,56,#E2DECD
be6133ee046e7bed0400,5, #A5A091
be66a5173c6e9c916c0e,9, #8D826D
be66a5173c6e9c916c0e,3, #B8AE96
be66a5173c6e9c916c0e,0,#FEFEFB
be66a5173c6e9c916c0e,28, #DED8C4
be66a5173c6e9c916c0e,45, #3D3024
be66a5173c6e9c916c0e,13, #665642
be6a1208032989b1b84d,2, #95743A
be6a1208032989b1b84d,15, #796D51
be6a1208032989b1b84d,17, #18150C
be6a1208032989b1b84d,34,#59391F
be6a1208032989b1b84d,3, #C0B280
be6a1208032989b1b84d,12, #74562F
be6a1208032989b1b84d,13, #9F9165
be6e705644b9c7f8d23d,1, #943F2A
be6e705644b9c7f8d23d,0, #C6A971
be6e705644b9c7f8d23d,19, #886133
be6e705644b9c7f8d23d,58, #55452D
be6e705644b9c7f8d23d,15,#2E2515
be6e705644b9c7f8d23d,3, #B6975A
be6f02fb831f9ff4cb4f,2, #454138
be6f02fb831f9ff4cb4f,18, #B2AFA1
be6f02fb831f9ff4cb4f,5, #F8F6E7
be6f02fb831f9ff4cb4f,17, #918E81
be6f02fb831f9ff4cb4f,32,#E3E0D1
be6f02fb831f9ff4cb4f,11, #6B675B
be6f02fb831f9ff4cb4f,12, #CFCCBE
be73c243e25b75d99f24,35, #917C5E
be73c243e25b75d99f24,17, #AB9778
be73c243e25b75d99f24,0,#FEFDF7
be73c243e25b75d99f24,0, #E6DDC9
be73c243e25b75d99f24,32, #534A3D
be73c243e25b75d99f24,14, #C9BA9D
be79a52ed5da8914301d,47, #B7B3A0
be79a52ed5da8914301d,13, #E5E2D9
be79a52ed5da8914301d,8, #5A5853
be79a52ed5da8914301d,19, #898678
be79a52ed5da8914301d,9,#3A3732
be79a52ed5da8914301d,2, #1A1714
be810407659e17457da4,0, #BBB798
be810407659e17457da4,1, #9F9B7B
be810407659e17457da4,11, #6B6545
be810407659e17457da4,61, #231F12
be810407659e17457da4,19,#4C462E
be810407659e17457da4,4, #898361
be8a1146490a4a3e58a1,14, #806D53
be8a1146490a4a3e58a1,3, #E1DDCE
be8a1146490a4a3e58a1,3, #C5BEA9
be8a1146490a4a3e58a1,59, #533C29
be8a1146490a4a3e58a1,9, #A29784
be8a1146490a4a3e58a1,9,#F9F8F3
be8b5156136ec35a9f99,42,#6C6146
be8b5156136ec35a9f99,7, #F6F0DA
be8b5156136ec35a9f99,19, #393327
be8b5156136ec35a9f99,12, #0E0C0C
be8b5156136ec35a9f99,2, #CECECB
be8b5156136ec35a9f99,0, #EFD89E
be8b5156136ec35a9f99,16, #C1AD81
be8d4c166f7c6d1571e1,4, #C5C4B1
be8d4c166f7c6d1571e1,67,#201F0E
be8d4c166f7c6d1571e1,6, #69634D
be8d4c166f7c6d1571e1,8, #463F28
be8d4c166f7c6d1571e1,7, #908A70
be8d4c166f7c6d1571e1,5, #A7A085
be927663eeabc599d707,9, #4F4E46
be927663eeabc599d707,3,#F2EFE7
be927663eeabc599d707,12, #727066
be927663eeabc599d707,25, #A6A296
be927663eeabc599d707,6, #30302D
be927663eeabc599d707,42, #D2CCBC
be941be0476cf5de3f3b,2,#C6C4B9
be941be0476cf5de3f3b,6, #6A6B61
be941be0476cf5de3f3b,83, #E7E3D8
be941be0476cf5de3f3b,4, #8F8E84
be941be0476cf5de3f3b,1, #AAA99E
be941be0476cf5de3f3b,1, #45463E
be948125e49072677aac,68, #614922
be948125e49072677aac,2, #BDB1A3
be948125e49072677aac,0, #E0D9C2
be948125e49072677aac,19, #827E6B
be948125e49072677aac,9,#070703
be948125e49072677aac,0, #39240D
be95b09607a5a7ca74e0,0, #4E4A3B
be95b09607a5a7ca74e0,10, #FBF4E6
be95b09607a5a7ca74e0,1, #8C8677
be95b09607a5a7ca74e0,6, #D0C7B7
be95b09607a5a7ca74e0,2, #AFA898
be95b09607a5a7ca74e0,0, #6B6656
be95b09607a5a7ca74e0,78,#EAE0D0
be979b25fd1992c59964,30, #DCD8CD
be979b25fd1992c59964,10, #828176
be979b25fd1992c59964,2,#FBF9F6
be979b25fd1992c59964,37, #ACA99E
be979b25fd1992c59964,11, #393B34
be979b25fd1992c59964,7, #5A5B51
be9bc4f07f426b2737fc,3, #9B9686
be9bc4f07f426b2737fc,8, #C4BCA6
be9bc4f07f426b2737fc,2, #39362D
be9bc4f07f426b2737fc,6, #7E7A6A
be9bc4f07f426b2737fc,12, #DED7C2
be9bc4f07f426b2737fc,60,#F2EFE3
be9bc4f07f426b2737fc,6, #5B584A
bebbc053c38e5a4be3be,13, #8F7A50
bebbc053c38e5a4be3be,4, #B8A26F
bebbc053c38e5a4be3be,4, #3F453B
bebbc053c38e5a4be3be,48,#3A2917
bebbc053c38e5a4be3be,28, #78512F
bebbc053c38e5a4be3be,0, #C4B990
bebbc053c38e5a4be3be,0, #5E6971
bebd90c24b272f2f9e96,13, #604734
bebd90c24b272f2f9e96,2, #AAA089
bebd90c24b272f2f9e96,8, #402715
bebd90c24b272f2f9e96,11, #80725A
bebd90c24b272f2f9e96,54,#E5E0CB
bebd90c24b272f2f9e96,1, #FAFAF4
bebd90c24b272f2f9e96,9, #C5BBA3
bec2b1a1f4e83f7e0612,7, #FAF9F2
bec2b1a1f4e83f7e0612,22, #7F7861
bec2b1a1f4e83f7e0612,6, #5B5541
bec2b1a1f4e83f7e0612,14, #A39C84
bec2b1a1f4e83f7e0612,16, #C2BAA1
bec2b1a1f4e83f7e0612,30,#E7E1CC
bec2b1a1f4e83f7e0612,1, #3D3827
bec3b5d603087515a13e,36, #9DA49D
bec3b5d603087515a13e,12, #82877D
bec3b5d603087515a13e,6, #F2F2EF
bec3b5d603087515a13e,25, #3D3F3A
bec3b5d603087515a13e,1,#C0C6C3
bec3b5d603087515a13e,17, #60635C
bec96a829633e4389100,5, #2A2B2A
bec96a829633e4389100,55, #F7EFD3
bec96a829633e4389100,7, #848171
bec96a829633e4389100,9, #5B5C53
bec96a829633e4389100,10, #CABEA1
bec96a829633e4389100,10,#A59E87
bed04b71d85d6c1fd547,0, #413928
bed04b71d85d6c1fd547,9, #656257
bed04b71d85d6c1fd547,30, #B2A891
bed04b71d85d6c1fd547,0, #F4F1E3
bed04b71d85d6c1fd547,14, #8B8676
bed04b71d85d6c1fd547,45,#CFC8B5
bed04b71d85d6c1fd547,0, #1F1809
bee05c58956145aebd61,2, #282418
bee05c58956145aebd61,34,#83693B
bee05c58956145aebd61,0, #BC6A46
bee05c58956145aebd61,0, #BCAF6F
bee05c58956145aebd61,11, #443E20
bee05c58956145aebd61,24, #68542E
bee05c58956145aebd61,25, #A19052
beeea37766c11bb1ad38,4, #B6AD97
beeea37766c11bb1ad38,15, #918A77
beeea37766c11bb1ad38,19, #676152
beeea37766c11bb1ad38,8, #38332C
beeea37766c11bb1ad38,6,#F9F6EA
beeea37766c11bb1ad38,45, #DAD2B9
bef1bb74d24ae61b680d,25, #49473D
bef1bb74d24ae61b680d,10, #BAB29F
bef1bb74d24ae61b680d,8, #999382
bef1bb74d24ae61b680d,14, #797466
bef1bb74d24ae61b680d,38, #DED4BE
bef1bb74d24ae61b680d,3,#F9F4E3
bf0d8e97ebbe03cf9532,1, #4A473C
bf0d8e97ebbe03cf9532,3, #ABA695
bf0d8e97ebbe03cf9532,73,#F4F0E1
bf0d8e97ebbe03cf9532,2, #CEC8B8
bf0d8e97ebbe03cf9532,10, #858071
bf0d8e97ebbe03cf9532,8, #646053
bf0fdce2c478ef1ed42b,12, #77705E
bf0fdce2c478ef1ed42b,7, #4A463D
bf0fdce2c478ef1ed42b,9, #968F7E
bf0fdce2c478ef1ed42b,17, #B8B09B
bf0fdce2c478ef1ed42b,35,#F6F3E9
bf0fdce2c478ef1ed42b,17, #D6CFBB
bf15381e43c57811492e,7, #BFC0B6
bf15381e43c57811492e,10, #717267
bf15381e43c57811492e,4, #2F2E25
bf15381e43c57811492e,11, #505045
bf15381e43c57811492e,33,#DEDFD5
bf15381e43c57811492e,1, #16150F
bf15381e43c57811492e,30, #97978D
bf1b875567d89022daaa,24, #6B685F
bf1b875567d89022daaa,37, #D9D3C9
bf1b875567d89022daaa,11, #8E8A82
bf1b875567d89022daaa,12, #3D3C35
bf1b875567d89022daaa,12, #AEA9A1
bf1b875567d89022daaa,0,#FEFDF8
bf260d934a966df22ead,56,#EFECDE
bf260d934a966df22ead,13, #BEBBB0
bf260d934a966df22ead,3, #383832
bf260d934a966df22ead,8, #A29F93
bf260d934a966df22ead,11, #7E7B70
bf260d934a966df22ead,6, #58564D
bf29be0c54d052c7f959,26, #DDD6BB
bf29be0c54d052c7f959,20, #908578
bf29be0c54d052c7f959,0, #562226
bf29be0c54d052c7f959,11,#6D5049
bf29be0c54d052c7f959,22, #F4F1E4
bf29be0c54d052c7f959,18, #BFB49B
bf2f257e746e385d5057,13,#F9F8EB
bf2f257e746e385d5057,9, #9682AF
bf2f257e746e385d5057,10, #928878
bf2f257e746e385d5057,17, #766753
bf2f257e746e385d5057,17, #4A3929
bf2f257e746e385d5057,31, #D6D0CA
bf38b7de8f7158454be3,10, #D7D3C8
bf38b7de8f7158454be3,31, #44443D
bf38b7de8f7158454be3,11,#F6F4EB
bf38b7de8f7158454be3,5, #BFBBAF
bf38b7de8f7158454be3,26, #747368
bf38b7de8f7158454be3,14, #9D9B8F
bf3c6311e94bbcc4dffb,28, #E0D1C0
bf3c6311e94bbcc4dffb,13, #524B48
bf3c6311e94bbcc4dffb,1,#FBF4EC
bf3c6311e94bbcc4dffb,20, #B0A89C
bf3c6311e94bbcc4dffb,32, #7C746D
bf3c6311e94bbcc4dffb,4, #35312F
bf49e6c27a2c95171765,46, #201707
bf49e6c27a2c95171765,0,#A49D87
bf49e6c27a2c95171765,0, #766E60
bf49e6c27a2c95171765,1, #BC8E2A
bf49e6c27a2c95171765,5, #8B5F14
bf49e6c27a2c95171765,46, #4D422F
bf4a72d9ef805fc615c6,8, #898778
bf4a72d9ef805fc615c6,0, #F5F0E0
bf4a72d9ef805fc615c6,17, #ADA28B
bf4a72d9ef805fc615c6,58,#D9D3C0
bf4a72d9ef805fc615c6,5, #6D6B60
bf4a72d9ef805fc615c6,9, #4F4D45
bf4a72d9ef805fc615c6,0, #352F23
bf508ed2bd60ea1a7b10,2, #6A6D60
bf508ed2bd60ea1a7b10,21, #15201F
bf508ed2bd60ea1a7b10,5, #AE987D
bf508ed2bd60ea1a7b10,52, #E0D3AE
bf508ed2bd60ea1a7b10,1,#FEFCE0
bf508ed2bd60ea1a7b10,16, #414C48
bf525f3cbaeca205f0a8,86, #13100C
bf525f3cbaeca205f0a8,4, #493525
bf525f3cbaeca205f0a8,3, #8E7656
bf525f3cbaeca205f0a8,2, #6F5539
bf525f3cbaeca205f0a8,2, #B0A086
bf525f3cbaeca205f0a8,0,#802F13
bf58d30ad8b77a1c5a77,0, #3C3A35
bf58d30ad8b77a1c5a77,0, #AE9A5D
bf58d30ad8b77a1c5a77,0, #927940
bf58d30ad8b77a1c5a77,0, #6B4C19
bf58d30ad8b77a1c5a77,0, #606060
bf58d30ad8b77a1c5a77,91,#0A0803
bf58d30ad8b77a1c5a77,8, #35250F
bf66fcc9434454cafcf6,10, #D6CABB
bf66fcc9434454cafcf6,25, #A39C91
bf66fcc9434454cafcf6,3, #383533
bf66fcc9434454cafcf6,42, #756E68
bf66fcc9434454cafcf6,1,#F8F4E9
bf66fcc9434454cafcf6,16, #524C49
bf86b8d6c355cc267244,1, #BFB89C
bf86b8d6c355cc267244,1, #9E9277
bf86b8d6c355cc267244,54,#17150E
bf86b8d6c355cc267244,6, #4F5855
bf86b8d6c355cc267244,28, #4D2E20
bf86b8d6c355cc267244,8, #835F42
bf87abc9e1ded9b830b9,5, #9D998B
bf87abc9e1ded9b830b9,4, #3C3A30
bf87abc9e1ded9b830b9,10, #605D4F
bf87abc9e1ded9b830b9,3, #FAF9F0
bf87abc9e1ded9b830b9,15, #7E7A6B
bf87abc9e1ded9b830b9,47,#DBD5C2
bf87abc9e1ded9b830b9,12, #B7B2A1
bf9988e0d8d510fe5079,3, #746347
bf9988e0d8d510fe5079,87, #484331
bf9988e0d8d510fe5079,0, #B8A36F
bf9988e0d8d510fe5079,0, #E3D088
bf9988e0d8d510fe5079,8,#2C291D
bf9988e0d8d510fe5079,0, #967E59
bf9e9dcfc5918c21c120,26, #CCC2A7
bf9e9dcfc5918c21c120,0, #21190C
bf9e9dcfc5918c21c120,24, #757365
bf9e9dcfc5918c21c120,4, #544F52
bf9e9dcfc5918c21c120,0, #423724
bf9e9dcfc5918c21c120,16, #F2EFE6
bf9e9dcfc5918c21c120,27,#A59E8C
bfa773519c21cbf6ec21,7, #9E9185
bfa773519c21cbf6ec21,48,#E9E2D7
bfa773519c21cbf6ec21,10, #371A10
bfa773519c21cbf6ec21,11, #7A6859
bfa773519c21cbf6ec21,16, #BDB3A8
bfa773519c21cbf6ec21,6, #5F4533
bfbabd2e59ad21c3603b,4, #463B2C
bfbabd2e59ad21c3603b,10, #756D5B
bfbabd2e59ad21c3603b,5,#B9AD94
bfbabd2e59ad21c3603b,28, #D9D0B9
bfbabd2e59ad21c3603b,0, #19130B
bfbabd2e59ad21c3603b,50, #F7F5EC
bfbb561f8f9276ca26a5,25, #979080
bfbb561f8f9276ca26a5,8, #B5B2A4
bfbb561f8f9276ca26a5,0,#FAF5E0
bfbb561f8f9276ca26a5,27, #443221
bfbb561f8f9276ca26a5,10, #D5CFBC
bfbb561f8f9276ca26a5,26, #70624B
bfbd885951510aa6365c,9,#56493C
bfbd885951510aa6365c,19, #B6B19B
bfbd885951510aa6365c,39, #E1DEC4
bfbd885951510aa6365c,19, #342A21
bfbd885951510aa6365c,4, #836556
bfbd885951510aa6365c,7, #948574
bfc0150ee5c2e8277885,27, #DCD4C1
bfc0150ee5c2e8277885,1, #403E34
bfc0150ee5c2e8277885,7, #C2BBAA
bfc0150ee5c2e8277885,4, #7C7664
bfc0150ee5c2e8277885,43,#F5EFDD
bfc0150ee5c2e8277885,11, #A19B88
bfc0150ee5c2e8277885,4, #656050
bfc23eeaa48cd15b5fcd,0, #C64B57
bfc23eeaa48cd15b5fcd,29, #151414
bfc23eeaa48cd15b5fcd,16, #584A77
bfc23eeaa48cd15b5fcd,9, #A896A4
bfc23eeaa48cd15b5fcd,17, #3A3939
bfc23eeaa48cd15b5fcd,27,#E1DFE0
bfc4e124a0d6b0c4b446,64,#090905
bfc4e124a0d6b0c4b446,6, #78683B
bfc4e124a0d6b0c4b446,9, #413927
bfc4e124a0d6b0c4b446,4, #2B2616
bfc4e124a0d6b0c4b446,8, #998751
bfc4e124a0d6b0c4b446,0, #B3A678
bfc4e124a0d6b0c4b446,6, #5D4F34
bfc8caa603b6e51f0f7d,13, #948974
bfc8caa603b6e51f0f7d,1, #B0A68E
bfc8caa603b6e51f0f7d,18,#F3EEDB
bfc8caa603b6e51f0f7d,22, #564229
bfc8caa603b6e51f0f7d,3, #CDC1A7
bfc8caa603b6e51f0f7d,40, #79674A
bfc8ef44f6cc76fbfedd,6, #B4A999
bfc8ef44f6cc76fbfedd,7, #D3CCBD
bfc8ef44f6cc76fbfedd,31, #281E1A
bfc8ef44f6cc76fbfedd,35, #66584F
bfc8ef44f6cc76fbfedd,2,#F5F1E5
bfc8ef44f6cc76fbfedd,16, #978A7B
bfd124e73dfaec04e00d,67, #4A2B14
bfd124e73dfaec04e00d,13,#1B0E06
bfd124e73dfaec04e00d,0, #A29777
bfd124e73dfaec04e00d,1, #675C45
bfd124e73dfaec04e00d,16, #544127
bfd124e73dfaec04e00d,0, #867757
bfd37202cd57ddcf26be,5, #364C3F
bfd37202cd57ddcf26be,3, #62755F
bfd37202cd57ddcf26be,5, #B3AF8A
bfd37202cd57ddcf26be,20, #72561F
bfd37202cd57ddcf26be,4, #998755
bfd37202cd57ddcf26be,58,#3A2A14
bfd37202cd57ddcf26be,0, #D7CB9D
bfd4e1db4f39087add22,7, #5E5A4D
bfd4e1db4f39087add22,18, #D0CAB8
bfd4e1db4f39087add22,1, #413E32
bfd4e1db4f39087add22,18, #B0AA9A
bfd4e1db4f39087add22,43,#F5F0E2
bfd4e1db4f39087add22,10, #827E70
bfe4aed9f9eaf989b412,10, #B0AA97
bfe4aed9f9eaf989b412,6, #918C7D
bfe4aed9f9eaf989b412,16, #F7F6F1
bfe4aed9f9eaf989b412,2, #39362D
bfe4aed9f9eaf989b412,52,#D6D0BC
bfe4aed9f9eaf989b412,6, #787364
bfe4aed9f9eaf989b412,6, #575347
bfef35b0a3174ffa614c,20, #94958C
bfef35b0a3174ffa614c,15, #6B6E65
bfef35b0a3174ffa614c,2, #30322D
bfef35b0a3174ffa614c,20, #C6C5BB
bfef35b0a3174ffa614c,36,#F1F0E2
bfef35b0a3174ffa614c,3, #4C4E47
bff450319555ccb7cc3e,10, #564529
bff450319555ccb7cc3e,0, #CFCCC1
bff450319555ccb7cc3e,0, #A29F93
bff450319555ccb7cc3e,5, #867950
bff450319555ccb7cc3e,13, #1A1814
bff450319555ccb7cc3e,64,#372F1B
bff450319555ccb7cc3e,6, #745C2E
c001cda1e634497f48dc,20, #A3A185
c001cda1e634497f48dc,25, #907E56
c001cda1e634497f48dc,5, #5C4624
c001cda1e634497f48dc,2, #C6BF9E
c001cda1e634497f48dc,12, #0C0401
c001cda1e634497f48dc,8, #6D6448
c001cda1e634497f48dc,25,#432E0E
c002fa3b4e812276c2fa,41, #D0C5AC
c002fa3b4e812276c2fa,22,#F0EBD6
c002fa3b4e812276c2fa,14, #756D5D
c002fa3b4e812276c2fa,10, #9B9380
c002fa3b4e812276c2fa,4, #484238
c002fa3b4e812276c2fa,6, #B7AD97
c0091eaadcd558f0a9fc,0, #828C93
c0091eaadcd558f0a9fc,3, #987347
c0091eaadcd558f0a9fc,45,#3C3627
c0091eaadcd558f0a9fc,23, #586469
c0091eaadcd558f0a9fc,15, #715633
c0091eaadcd558f0a9fc,2, #C9C6AB
c0091eaadcd558f0a9fc,9, #A59E7B
c00e2dfa6b729cfc4f2c,21, #787367
c00e2dfa6b729cfc4f2c,37, #D8D0C0
c00e2dfa6b729cfc4f2c,15, #9A9588
c00e2dfa6b729cfc4f2c,6, #4A483D
c00e2dfa6b729cfc4f2c,5,#F8F4E4
c00e2dfa6b729cfc4f2c,13, #B3ADA0
c014096ad87379fc3939,15, #8E8376
c014096ad87379fc3939,7, #4D3C32
c014096ad87379fc3939,1,#ECE5D2
c014096ad87379fc3939,0, #301F18
c014096ad87379fc3939,69, #C4BDAB
c014096ad87379fc3939,5, #6D5E52
c01411e79c3ff0ed6420,39, #94887F
c01411e79c3ff0ed6420,5,#0B0806
c01411e79c3ff0ed6420,6, #493F3C
c01411e79c3ff0ed6420,29, #B4A7A1
c01411e79c3ff0ed6420,0, #292019
c01411e79c3ff0ed6420,19, #766C61
c018adfd2a33788b9fd1,24, #513A2B
c018adfd2a33788b9fd1,26, #866749
c018adfd2a33788b9fd1,27,#1B1008
c018adfd2a33788b9fd1,1, #E4CE9F
c018adfd2a33788b9fd1,18, #A4907C
c018adfd2a33788b9fd1,1, #EEE9D6
c022e6d156823afafc2c,6, #C5BDA9
c022e6d156823afafc2c,14, #86765E
c022e6d156823afafc2c,11, #A49C8C
c022e6d156823afafc2c,8,#FAF9F3
c022e6d156823afafc2c,5, #59422B
c022e6d156823afafc2c,53, #E3DDCA
c02707b1ee72e8ab9636,8, #C6C2AF
c02707b1ee72e8ab9636,14, #A6A292
c02707b1ee72e8ab9636,19, #F4F2E9
c02707b1ee72e8ab9636,6, #414037
c02707b1ee72e8ab9636,16, #7F7C6C
c02707b1ee72e8ab9636,13, #5E5C4F
c02707b1ee72e8ab9636,21,#DBD7C6
c0270df8ad83d8cc5ffb,35,#C8C2B6
c0270df8ad83d8cc5ffb,12, #ACA497
c0270df8ad83d8cc5ffb,29, #F3F0E5
c0270df8ad83d8cc5ffb,0, #312F30
c0270df8ad83d8cc5ffb,10, #8F887E
c0270df8ad83d8cc5ffb,8, #766E66
c0270df8ad83d8cc5ffb,2, #504C48
c0282ed812c0e2aaa1d7,35, #1B1917
c0282ed812c0e2aaa1d7,11, #645A48
c0282ed812c0e2aaa1d7,0, #C2C2B1
c0282ed812c0e2aaa1d7,0, #754733
c0282ed812c0e2aaa1d7,2, #8F836C
c0282ed812c0e2aaa1d7,1, #A49F8B
c0282ed812c0e2aaa1d7,48,#41352A
c02c4709607b0fa4257b,6, #6A5954
c02c4709607b0fa4257b,13, #1A1818
c02c4709607b0fa4257b,0, #BFBEBD
c02c4709607b0fa4257b,4, #E9EAE9
c02c4709607b0fa4257b,0, #86817F
c02c4709607b0fa4257b,73,#523532
c02c4709607b0fa4257b,0, #A19E9D
c03c9b7a0ee6debd40cb,2, #251E13
c03c9b7a0ee6debd40cb,13, #DAD2B8
c03c9b7a0ee6debd40cb,9, #938976
c03c9b7a0ee6debd40cb,24, #4D473A
c03c9b7a0ee6debd40cb,38,#F0ECD7
c03c9b7a0ee6debd40cb,3, #C3B595
c03c9b7a0ee6debd40cb,7, #7A6C50
c0412c1a183f5b153b34,8, #CFCFD0
c0412c1a183f5b153b34,10, #423F39
c0412c1a183f5b153b34,27, #191311
c0412c1a183f5b153b34,10,#F9F6F1
c0412c1a183f5b153b34,17, #9CA6B6
c0412c1a183f5b153b34,25, #6A717C
c04abab40096c1266b92,28, #584F38
c04abab40096c1266b92,41, #84785F
c04abab40096c1266b92,9, #FAF7EE
c04abab40096c1266b92,4, #DCCFAE
c04abab40096c1266b92,10, #322F23
c04abab40096c1266b92,5,#ADA289
c04be6d38de390e59e8c,10, #BAB197
c04be6d38de390e59e8c,7, #E8E5D2
c04be6d38de390e59e8c,32,#4E483A
c04be6d38de390e59e8c,7, #D4CDB3
c04be6d38de390e59e8c,17, #79705A
c04be6d38de390e59e8c,10, #F9F9F6
c04be6d38de390e59e8c,13, #9A9380
c05904d08c547ce2197e,4,#F7F4ED
c05904d08c547ce2197e,6, #887766
c05904d08c547ce2197e,16, #E8E0CC
c05904d08c547ce2197e,23, #AEA08A
c05904d08c547ce2197e,1, #68574B
c05904d08c547ce2197e,48, #D6C7A8
c062d67695b468815ea6,11, #696658
c062d67695b468815ea6,25, #8A8779
c062d67695b468815ea6,13, #E8E3D7
c062d67695b468815ea6,2, #FCFBF6
c062d67695b468815ea6,2, #3C392F
c062d67695b468815ea6,9, #AAA699
c062d67695b468815ea6,35,#CAC5B8
c06b72c1a3128f94db6e,7, #A39E91
c06b72c1a3128f94db6e,6, #837D71
c06b72c1a3128f94db6e,2, #666057
c06b72c1a3128f94db6e,13,#CBC3B3
c06b72c1a3128f94db6e,1, #48443D
c06b72c1a3128f94db6e,67, #F5EFE6
c070cf96f59b60d772b7,0, #1E160E
c070cf96f59b60d772b7,2, #736958
c070cf96f59b60d772b7,19, #CBC3AF
c070cf96f59b60d772b7,56,#E5DECA
c070cf96f59b60d772b7,8, #A3977E
c070cf96f59b60d772b7,4, #4B3F2F
c070cf96f59b60d772b7,8, #F8F6EB
c073ead0d50c4d5e013b,8, #7F6E58
c073ead0d50c4d5e013b,11,#F0EEE7
c073ead0d50c4d5e013b,59, #C8C6B3
c073ead0d50c4d5e013b,3, #675543
c073ead0d50c4d5e013b,4, #4F382E
c073ead0d50c4d5e013b,11, #A79D8D
c078407c2e466ec66b9d,12, #888271
c078407c2e466ec66b9d,16, #424038
c078407c2e466ec66b9d,13, #676355
c078407c2e466ec66b9d,11, #CBC3AB
c078407c2e466ec66b9d,40,#F4F2E1
c078407c2e466ec66b9d,5, #ACA591
c07bc8ae9029ac226cb2,31, #B5AD8D
c07bc8ae9029ac226cb2,9,#8F886C
c07bc8ae9029ac226cb2,37, #644F32
c07bc8ae9029ac226cb2,13, #877350
c07bc8ae9029ac226cb2,0, #272219
c07bc8ae9029ac226cb2,7, #393938
c0816e59b57f49d5dbb1,6, #B09C64
c0816e59b57f49d5dbb1,10, #F2E5AF
c0816e59b57f49d5dbb1,33,#D5BC7B
c0816e59b57f49d5dbb1,1, #62685F
c0816e59b57f49d5dbb1,21, #946341
c0816e59b57f49d5dbb1,6, #0B0E13
c0816e59b57f49d5dbb1,19, #3D4041
c085048b268be4fd8f10,9, #BC9983
c085048b268be4fd8f10,5, #867863
c085048b268be4fd8f10,6, #6F5E4A
c085048b268be4fd8f10,29, #D9CFBF
c085048b268be4fd8f10,4, #443226
c085048b268be4fd8f10,45,#F8F4EF
c0924bcdfc1db9c69e30,9, #CBB891
c0924bcdfc1db9c69e30,29, #ECE4CD
c0924bcdfc1db9c69e30,2, #FCFAF4
c0924bcdfc1db9c69e30,44,#DFD1AF
c0924bcdfc1db9c69e30,6, #97886F
c0924bcdfc1db9c69e30,1, #7C664C
c0924bcdfc1db9c69e30,5, #B4A484
c093830f87ab3d800294,0, #616D74
c093830f87ab3d800294,0, #BFB69E
c093830f87ab3d800294,62,#1A140E
c093830f87ab3d800294,20, #423D34
c093830f87ab3d800294,1, #AC9F87
c093830f87ab3d800294,6, #897D68
c093830f87ab3d800294,7, #565753
c09e02b610f78b9b25e6,1, #33312B
c09e02b610f78b9b25e6,6, #545148
c09e02b610f78b9b25e6,7, #7A766B
c09e02b610f78b9b25e6,9, #99948A
c09e02b610f78b9b25e6,33,#F3F2E9
c09e02b610f78b9b25e6,19, #DCD8CC
c09e02b610f78b9b25e6,22, #B9B5AA
c09e8db3e9a47862711e,79, #EBE2CF
c09e8db3e9a47862711e,6, #FBF8E8
c09e8db3e9a47862711e,0,#918D82
c09e8db3e9a47862711e,0, #ABA599
c09e8db3e9a47862711e,9, #D4CCBC
c09e8db3e9a47862711e,4, #BEB8AA
c0aa35d50cfc7391516e,6, #968F7E
c0aa35d50cfc7391516e,13, #CDC5B0
c0aa35d50cfc7391516e,48,#EDE5CD
c0aa35d50cfc7391516e,18, #AFA895
c0aa35d50cfc7391516e,10, #736E5E
c0aa35d50cfc7391516e,1, #4D493F
c0ab2a796106444a4568,1, #58564A
c0ab2a796106444a4568,1, #3A392E
c0ab2a796106444a4568,4, #C8C0A7
c0ab2a796106444a4568,89,#F7F5E7
c0ab2a796106444a4568,1, #777465
c0ab2a796106444a4568,1, #9F9D8D
c0b7d8735e04e6ce9f6b,29,#E2DECD
c0b7d8735e04e6ce9f6b,20, #948F81
c0b7d8735e04e6ce9f6b,11, #3B3A32
c0b7d8735e04e6ce9f6b,16, #B6B1A2
c0b7d8735e04e6ce9f6b,15, #767265
c0b7d8735e04e6ce9f6b,6, #59564C
c0bde040f6b16ca478c5,29,#F6F4E8
c0bde040f6b16ca478c5,16, #BAB19B
c0bde040f6b16ca478c5,11, #9F9987
c0bde040f6b16ca478c5,0, #5B574B
c0bde040f6b16ca478c5,5, #746D5C
c0bde040f6b16ca478c5,26, #DAD1B9
c0bde040f6b16ca478c5,10, #898473
c0be9083246c46780e07,5, #767B6E
c0be9083246c46780e07,70,#FBF8E5
c0be9083246c46780e07,0, #1B271F
c0be9083246c46780e07,10, #D7D1BC
c0be9083246c46780e07,3, #424C42
c0be9083246c46780e07,8, #A5A695
c0c142ec35779702383f,12, #4F4831
c0c142ec35779702383f,2, #6F664E
c0c142ec35779702383f,6, #C5AE85
c0c142ec35779702383f,66, #242217
c0c142ec35779702383f,10,#988B6E
c0c142ec35779702383f,2, #E0CFA0
c0c17261eaadaef2fd05,1, #B19D6D
c0c17261eaadaef2fd05,41,#625A40
c0c17261eaadaef2fd05,3, #8D7F54
c0c17261eaadaef2fd05,1, #F5E9B6
c0c17261eaadaef2fd05,48, #302E23
c0c17261eaadaef2fd05,3, #D2BB85
c0c1937dd8284188a918,12, #B6AC75
c0c1937dd8284188a918,19, #CCC59F
c0c1937dd8284188a918,7, #261E08
c0c1937dd8284188a918,7, #574F1B
c0c1937dd8284188a918,8, #6A6D3E
c0c1937dd8284188a918,27,#E0DEC3
c0c1937dd8284188a918,15, #9E883D
c0c7acdfa8e121b4a76b,11, #CAC5B4
c0c7acdfa8e121b4a76b,13, #696558
c0c7acdfa8e121b4a76b,32,#EFECDC
c0c7acdfa8e121b4a76b,20, #817E6F
c0c7acdfa8e121b4a76b,13, #A29F8F
c0c7acdfa8e121b4a76b,8, #4C4940
c0f159468d1a621f9282,2,#F2E9D7
c0f159468d1a621f9282,21, #B0AB9F
c0f159468d1a621f9282,18, #847E78
c0f159468d1a621f9282,23, #5F5956
c0f159468d1a621f9282,13, #D5CDBC
c0f159468d1a621f9282,20, #393635
c0f4f753e63ae220c01c,21,#67625C
c0f4f753e63ae220c01c,15, #9F9A91
c0f4f753e63ae220c01c,13, #847F78
c0f4f753e63ae220c01c,17, #F9F5EF
c0f4f753e63ae220c01c,15, #D5CDC3
c0f4f753e63ae220c01c,7, #43403C
c0f4f753e63ae220c01c,8, #B8B2A8
c0f8c3a7c7320c36d80a,18, #3C3A31
c0f8c3a7c7320c36d80a,18, #5E5B50
c0f8c3a7c7320c36d80a,28, #F6F2E3
c0f8c3a7c7320c36d80a,17, #817D72
c0f8c3a7c7320c36d80a,12, #AFAA9E
c0f8c3a7c7320c36d80a,5,#D3CEBD
c105e552552f19f65724,37, #1C1919
c105e552552f19f65724,2, #8C7760
c105e552552f19f65724,51,#2D2C2C
c105e552552f19f65724,2, #4F4036
c105e552552f19f65724,0, #C3B29E
c105e552552f19f65724,0, #A89680
c105e552552f19f65724,4, #7D5941
c10d0742a63402e438f3,11, #D2BF88
c10d0742a63402e438f3,24, #776048
c10d0742a63402e438f3,1, #F1E4AF
c10d0742a63402e438f3,7, #6F3B25
c10d0742a63402e438f3,49,#A28F6B
c10d0742a63402e438f3,2, #46483A
c10d0742a63402e438f3,4, #362817
c10f6ff5a900d0ec9dd6,16, #1B1C14
c10f6ff5a900d0ec9dd6,26, #D6C5A3
c10f6ff5a900d0ec9dd6,15, #7F7963
c10f6ff5a900d0ec9dd6,12, #A89F85
c10f6ff5a900d0ec9dd6,17, #4C4A3A
c10f6ff5a900d0ec9dd6,10,#F9F1D3
c11122f93ff8bb317dc6,11, #AEA563
c11122f93ff8bb317dc6,32,#837E49
c11122f93ff8bb317dc6,6, #BCB893
c11122f93ff8bb317dc6,13, #5E5E2A
c11122f93ff8bb317dc6,30, #2F2D15
c11122f93ff8bb317dc6,6, #D8CE89
c11122f93ff8bb317dc6,0, #EFECD3
c1138b7fe44154ce1c7e,0, #474137
c1138b7fe44154ce1c7e,10, #D0C9B6
c1138b7fe44154ce1c7e,3, #ADA695
c1138b7fe44154ce1c7e,81, #F5EEDB
c1138b7fe44154ce1c7e,2,#8F8877
c1138b7fe44154ce1c7e,0, #6D6758
c114e8885b62cc8d16be,7, #3C2F26
c114e8885b62cc8d16be,47, #F3EFE0
c114e8885b62cc8d16be,3, #847A68
c114e8885b62cc8d16be,3, #A69D89
c114e8885b62cc8d16be,4, #665B4C
c114e8885b62cc8d16be,33,#D1C7AA
c11ac906827ed824601b,18, #3A3224
c11ac906827ed824601b,1, #A28A52
c11ac906827ed824601b,29, #7E6F47
c11ac906827ed824601b,5, #242018
c11ac906827ed824601b,0, #B7A671
c11ac906827ed824601b,44,#5C4F2F
c11c6164991b0314e44e,16, #D8D0A9
c11c6164991b0314e44e,15, #5A4D3D
c11c6164991b0314e44e,4, #F2F0E2
c11c6164991b0314e44e,6, #BBB192
c11c6164991b0314e44e,29,#362C21
c11c6164991b0314e44e,10, #A1957A
c11c6164991b0314e44e,16, #7D725D
c11f9edf0bea323a09e0,9, #664D3E
c11f9edf0bea323a09e0,21, #423128
c11f9edf0bea323a09e0,13, #F5EEE1
c11f9edf0bea323a09e0,7,#A5907C
c11f9edf0bea323a09e0,18, #826C5D
c11f9edf0bea323a09e0,30, #CBBDAB
c128bcc7d7766e0be52e,53, #F0EBDF
c128bcc7d7766e0be52e,13, #888173
c128bcc7d7766e0be52e,0, #3C3A2E
c128bcc7d7766e0be52e,11, #B0A997
c128bcc7d7766e0be52e,13,#CCC3AF
c128bcc7d7766e0be52e,7, #605C4D
c1392e65f5259b592b5a,6, #52564B
c1392e65f5259b592b5a,28, #28312F
c1392e65f5259b592b5a,64,#0B0D0B
c1392e65f5259b592b5a,0, #7D755F
c1392e65f5259b592b5a,0, #B4AB8C
c1392e65f5259b592b5a,0, #9B9274
c14c7a98c1ef975cf3f2,25, #56544B
c14c7a98c1ef975cf3f2,8, #A4A092
c14c7a98c1ef975cf3f2,13, #C4BFAE
c14c7a98c1ef975cf3f2,14, #817D71
c14c7a98c1ef975cf3f2,18, #32312B
c14c7a98c1ef975cf3f2,19,#EDE9DB
c14f1f2e734e0e9c4783,14, #C2BDB0
c14f1f2e734e0e9c4783,1, #413F37
c14f1f2e734e0e9c4783,13, #F8F5EB
c14f1f2e734e0e9c4783,12, #89857B
c14f1f2e734e0e9c4783,40,#DED7C9
c14f1f2e734e0e9c4783,10, #A4A096
c14f1f2e734e0e9c4783,6, #666359
c15146b2f9d812841267,7, #807F70
c15146b2f9d812841267,23, #676658
c15146b2f9d812841267,8, #999787
c15146b2f9d812841267,22, #3E3E34
c15146b2f9d812841267,18, #C0BEAC
c15146b2f9d812841267,19,#EBE8D6
c15749e6b290021b5f6e,0, #A39473
c15749e6b290021b5f6e,10, #80653A
c15749e6b290021b5f6e,64, #533217
c15749e6b290021b5f6e,9, #210F0D
c15749e6b290021b5f6e,5, #947A4F
c15749e6b290021b5f6e,10,#684B28
c1599c04025c28110e0b,15, #B6B19F
c1599c04025c28110e0b,5, #6D6A5D
c1599c04025c28110e0b,6, #F8F5E1
c1599c04025c28110e0b,51, #DBD6C3
c1599c04025c28110e0b,3,#928E7E
c1599c04025c28110e0b,17, #3A3A33
c16152237ad468e254ae,2, #D6D8CE
c16152237ad468e254ae,22, #836949
c16152237ad468e254ae,6, #A39573
c16152237ad468e254ae,2, #AAB1B3
c16152237ad468e254ae,20, #20201F
c16152237ad468e254ae,43,#594838
c16152237ad468e254ae,1, #F5F7EF
c165a6fb7093d5f5e743,2, #86795E
c165a6fb7093d5f5e743,9, #614D2E
c165a6fb7093d5f5e743,53,#1A1A0D
c165a6fb7093d5f5e743,4, #79623F
c165a6fb7093d5f5e743,0, #9F9682
c165a6fb7093d5f5e743,30, #3B2F18
c165a6fb7093d5f5e743,0, #908774
c16971663222c22386b5,6, #625945
c16971663222c22386b5,6, #897B61
c16971663222c22386b5,6, #A3977C
c16971663222c22386b5,0, #443417
c16971663222c22386b5,25, #EDEAD8
c16971663222c22386b5,55,#CDC5AC
c16bb6e01aa9e2d4c04b,1, #968A65
c16bb6e01aa9e2d4c04b,0, #B0A686
c16bb6e01aa9e2d4c04b,1, #CFC5A9
c16bb6e01aa9e2d4c04b,82,#20211F
c16bb6e01aa9e2d4c04b,12, #66503A
c16bb6e01aa9e2d4c04b,0, #35455B
c17083214229862bc355,0, #3E3013
c17083214229862bc355,63, #D4CEB3
c17083214229862bc355,22, #BFB596
c17083214229862bc355,4, #A89877
c17083214229862bc355,9, #7E6B4B
c17083214229862bc355,0,#F5ECC4
c170991c627b77cb9d8d,14, #B3AA97
c170991c627b77cb9d8d,0, #261C12
c170991c627b77cb9d8d,2, #605648
c170991c627b77cb9d8d,36,#D1CAB5
c170991c627b77cb9d8d,35, #F6F3E7
c170991c627b77cb9d8d,3, #443828
c170991c627b77cb9d8d,7, #8C816C
c1797183cfedfeabbff8,2, #D0CEBE
c1797183cfedfeabbff8,32, #ADAC9F
c1797183cfedfeabbff8,6,#393B35
c1797183cfedfeabbff8,26, #575951
c1797183cfedfeabbff8,23, #7E7C72
c1797183cfedfeabbff8,8, #E7E5D5
c179d410dd4c5543890b,10, #6F5F4D
c179d410dd4c5543890b,6, #A29E97
c179d410dd4c5543890b,9, #9B816A
c179d410dd4c5543890b,2, #C5C4C0
c179d410dd4c5543890b,42,#17130F
c179d410dd4c5543890b,24, #4A3222
c179d410dd4c5543890b,4, #DEB489
c17f63e220f7ab1d2d31,34,#F4F2E4
c17f63e220f7ab1d2d31,19, #B4B0A7
c17f63e220f7ab1d2d31,3, #31312C
c17f63e220f7ab1d2d31,7, #504F46
c17f63e220f7ab1d2d31,10, #938F86
c17f63e220f7ab1d2d31,11, #737067
c17f63e220f7ab1d2d31,13, #D9D5CB
c18a07dde8332a996746,22, #B4AE9A
c18a07dde8332a996746,0,#534A35
c18a07dde8332a996746,0, #7D7D7D
c18a07dde8332a996746,58, #9C916D
c18a07dde8332a996746,14, #877A4F
c18a07dde8332a996746,3, #D6D6D1
c18b32b8fd1ee98f7c92,23, #42423C
c18b32b8fd1ee98f7c92,22,#F5F3E6
c18b32b8fd1ee98f7c92,19, #737367
c18b32b8fd1ee98f7c92,10, #DAD7C7
c18b32b8fd1ee98f7c92,14, #B7B4A4
c18b32b8fd1ee98f7c92,9, #989586
c18fc73f22a470402964,15, #6D5D4B
c18fc73f22a470402964,8, #A49AA8
c18fc73f22a470402964,0, #7B69A6
c18fc73f22a470402964,39, #8F8577
c18fc73f22a470402964,26, #CECBC3
c18fc73f22a470402964,10,#F6F5E7
c198acd693e8d6460cd4,72, #1F1A12
c198acd693e8d6460cd4,2,#51462A
c198acd693e8d6460cd4,8, #8B6931
c198acd693e8d6460cd4,0, #B19B64
c198acd693e8d6460cd4,0, #A0864F
c198acd693e8d6460cd4,16, #533019
c1a313ed2cb823cb0bbc,0,#A09E9B
c1a313ed2cb823cb0bbc,28, #ECEBEB
c1a313ed2cb823cb0bbc,0, #C0BFBB
c1a313ed2cb823cb0bbc,0, #857F5E
c1a313ed2cb823cb0bbc,58, #231D12
c1a313ed2cb823cb0bbc,11, #635B3C
c1b73a579ebd18ab0a57,3, #372F25
c1b73a579ebd18ab0a57,6, #514A42
c1b73a579ebd18ab0a57,3, #E7E7E4
c1b73a579ebd18ab0a57,50,#918C81
c1b73a579ebd18ab0a57,0, #CECEC8
c1b73a579ebd18ab0a57,16, #B9B4A3
c1b73a579ebd18ab0a57,19, #6C675E
c1b938141ea3ff7bd488,22, #6C4E3B
c1b938141ea3ff7bd488,35,#44352A
c1b938141ea3ff7bd488,8, #C6B285
c1b938141ea3ff7bd488,0, #FAF2AF
c1b938141ea3ff7bd488,5, #E3E1D6
c1b938141ea3ff7bd488,10, #1F1512
c1b938141ea3ff7bd488,16, #968674
c1bcf827f6b21534e7b4,8, #776E67
c1bcf827f6b21534e7b4,0, #4F5B87
c1bcf827f6b21534e7b4,10, #B1ACA3
c1bcf827f6b21534e7b4,68,#E5DFCF
c1bcf827f6b21534e7b4,5, #4D4441
c1bcf827f6b21534e7b4,6, #9A8C7A
c1bcf827f6b21534e7b4,0, #7E869F
c1bd99b49a3a18cff55a,6, #CEC6B4
c1bd99b49a3a18cff55a,32, #A49886
c1bd99b49a3a18cff55a,35, #67513A
c1bd99b49a3a18cff55a,10, #897760
c1bd99b49a3a18cff55a,7, #3B281B
c1bd99b49a3a18cff55a,8,#F3F0E5
c1c9758e17e2e8f7e152,6, #5A6466
c1c9758e17e2e8f7e152,0, #CEC4A3
c1c9758e17e2e8f7e152,72,#252018
c1c9758e17e2e8f7e152,16, #514636
c1c9758e17e2e8f7e152,1, #6D5E44
c1c9758e17e2e8f7e152,0, #AEA689
c1c9758e17e2e8f7e152,3, #84816D
c1cbb6b6f36f7f34c4c0,6, #B29B59
c1cbb6b6f36f7f34c4c0,4, #75551C
c1cbb6b6f36f7f34c4c0,3,#666549
c1cbb6b6f36f7f34c4c0,73, #1D1409
c1cbb6b6f36f7f34c4c0,3, #92722F
c1cbb6b6f36f7f34c4c0,8, #4D3C1C
c1cda3644225a025700f,7, #D1CBB1
c1cda3644225a025700f,34,#EFEDE1
c1cda3644225a025700f,11, #4D4234
c1cda3644225a025700f,13, #6F6347
c1cda3644225a025700f,19, #ABA18B
c1cda3644225a025700f,14, #877D6C
c1cfc8887d00f8408993,2, #5F513C
c1cfc8887d00f8408993,23, #7E7460
c1cfc8887d00f8408993,45,#C0B498
c1cfc8887d00f8408993,6, #211A12
c1cfc8887d00f8408993,15, #413424
c1cfc8887d00f8408993,0, #445672
c1cfc8887d00f8408993,5, #A3977E
c1dcaac33bbeb5155885,56, #35201A
c1dcaac33bbeb5155885,10, #8A776A
c1dcaac33bbeb5155885,4, #AE9F8D
c1dcaac33bbeb5155885,8,#EDE5D3
c1dcaac33bbeb5155885,14, #6A5245
c1dcaac33bbeb5155885,6, #CAC0AC
c1df6fa6f79e531ef953,0, #8F876F
c1df6fa6f79e531ef953,5, #95782F
c1df6fa6f79e531ef953,21, #34291A
c1df6fa6f79e531ef953,8, #655C45
c1df6fa6f79e531ef953,64, #0B0A08
c1df6fa6f79e531ef953,0,#BCB390
c1e1d4751a4e599707cb,12, #505047
c1e1d4751a4e599707cb,4, #353630
c1e1d4751a4e599707cb,9, #989589
c1e1d4751a4e599707cb,43, #C2BEB2
c1e1d4751a4e599707cb,16, #767468
c1e1d4751a4e599707cb,13,#F1EEE6
c1e443f3a994720df8aa,4, #E6E4E2
c1e443f3a994720df8aa,26, #82796F
c1e443f3a994720df8aa,35,#A69E90
c1e443f3a994720df8aa,1, #312316
c1e443f3a994720df8aa,5, #45392E
c1e443f3a994720df8aa,19, #675C51
c1e443f3a994720df8aa,8, #C9C4B3
c1e989a368ff95993191,18, #8D8879
c1e989a368ff95993191,18, #AEA998
c1e989a368ff95993191,21,#E9E5D5
c1e989a368ff95993191,16, #CEC9B8
c1e989a368ff95993191,3, #565244
c1e989a368ff95993191,7, #FAFAF5
c1e989a368ff95993191,13, #716C5C
c1f1c61e5ca0381bac16,18, #B7AF99
c1f1c61e5ca0381bac16,33,#ECE6D6
c1f1c61e5ca0381bac16,13, #817B66
c1f1c61e5ca0381bac16,11, #9A9483
c1f1c61e5ca0381bac16,3, #5D5745
c1f1c61e5ca0381bac16,0, #FEFEFC
c1f1c61e5ca0381bac16,19, #D4CAB4
c1f8a8e47113c9a92f14,7, #8A7745
c1f8a8e47113c9a92f14,0, #D1C37B
c1f8a8e47113c9a92f14,20, #929590
c1f8a8e47113c9a92f14,0, #B9AA6D
c1f8a8e47113c9a92f14,5, #3C3720
c1f8a8e47113c9a92f14,57,#C5C5AD
c1f8a8e47113c9a92f14,7, #5F593C
c1fa5d2e060afb5cc3f0,3, #A4A095
c1fa5d2e060afb5cc3f0,0, #D7D3C7
c1fa5d2e060afb5cc3f0,7, #888579
c1fa5d2e060afb5cc3f0,2, #4A483D
c1fa5d2e060afb5cc3f0,3, #6A675C
c1fa5d2e060afb5cc3f0,81,#F5F2E6
c1fa5d2e060afb5cc3f0,1, #BCB9AD
c204c896d1b7aa2dd913,0, #C4AD7C
c204c896d1b7aa2dd913,16, #392D1C
c204c896d1b7aa2dd913,1, #907C51
c204c896d1b7aa2dd913,1, #AB9563
c204c896d1b7aa2dd913,3, #211C16
c204c896d1b7aa2dd913,73,#5A4727
c204c896d1b7aa2dd913,4, #7E683D
c206bb57bbcf0d2d613b,25, #E0DBC8
c206bb57bbcf0d2d613b,3, #5B4838
c206bb57bbcf0d2d613b,0, #F8F4E7
c206bb57bbcf0d2d613b,1, #432F23
c206bb57bbcf0d2d613b,16, #73624F
c206bb57bbcf0d2d613b,16, #BDB297
c206bb57bbcf0d2d613b,34,#988B75
c208d85a404e251f4fa1,2, #322F28
c208d85a404e251f4fa1,14, #B0A999
c208d85a404e251f4fa1,33, #F0ECD7
c208d85a404e251f4fa1,12, #5F5B50
c208d85a404e251f4fa1,9,#8D887A
c208d85a404e251f4fa1,27, #CDC7B5
c20f6ea8e5ec500b9cce,29,#BBAB8B
c20f6ea8e5ec500b9cce,28, #D5CBB1
c20f6ea8e5ec500b9cce,6, #EBE8DF
c20f6ea8e5ec500b9cce,14, #696658
c20f6ea8e5ec500b9cce,11, #8C8777
c20f6ea8e5ec500b9cce,9, #43433B
c20f6ea8e5ec500b9cce,1, #FEFEFC
c211c45832cbadf20d68,34, #634A2A
c211c45832cbadf20d68,9,#928355
c211c45832cbadf20d68,7, #AF6A34
c211c45832cbadf20d68,22, #1C170E
c211c45832cbadf20d68,12, #EFD582
c211c45832cbadf20d68,14, #CFA54F
c2151104159d0e755d59,3, #5B5041
c2151104159d0e755d59,17, #8A7A5A
c2151104159d0e755d59,22, #A69A7D
c2151104159d0e755d59,7, #72644D
c2151104159d0e755d59,11, #CCBFA1
c2151104159d0e755d59,34,#E6E0CC
c2151104159d0e755d59,2, #FAF9F2
c218c32993305d1f6820,12, #251E11
c218c32993305d1f6820,8,#6A623F
c218c32993305d1f6820,26, #B7B077
c218c32993305d1f6820,4, #56421B
c218c32993305d1f6820,9, #968344
c218c32993305d1f6820,38, #A09864
c21e70c2c5032fbf10ca,42,#5E5538
c21e70c2c5032fbf10ca,0, #BAB5A7
c21e70c2c5032fbf10ca,29, #232014
c21e70c2c5032fbf10ca,1, #D7D6C6
c21e70c2c5032fbf10ca,4, #F7F7EC
c21e70c2c5032fbf10ca,0, #9B978D
c21e70c2c5032fbf10ca,20, #817759
c229529bf9b2d90fb66b,6, #968B7A
c229529bf9b2d90fb66b,38, #7F694C
c229529bf9b2d90fb66b,5, #E2DDCC
c229529bf9b2d90fb66b,9,#FAF8F2
c229529bf9b2d90fb66b,36, #634A30
c229529bf9b2d90fb66b,3, #C0B7A1
c22978667cdbdc7fe5c1,8, #5E512C
c22978667cdbdc7fe5c1,14, #43351D
c22978667cdbdc7fe5c1,3, #968458
c22978667cdbdc7fe5c1,5, #7D6A36
c22978667cdbdc7fe5c1,20, #C0AB7F
c22978667cdbdc7fe5c1,17, #A59672
c22978667cdbdc7fe5c1,29,#19120A
c22b3218bfd79b56ec42,24, #A39B88
c22b3218bfd79b56ec42,15, #E3DAC3
c22b3218bfd79b56ec42,16, #C2B7A0
c22b3218bfd79b56ec42,22, #4E4A40
c22b3218bfd79b56ec42,4,#FDFBF5
c22b3218bfd79b56ec42,17, #837D6C
c233207c1a4ad2f4f649,5, #64634A
c233207c1a4ad2f4f649,3, #988B61
c233207c1a4ad2f4f649,7, #694420
c233207c1a4ad2f4f649,52,#121009
c233207c1a4ad2f4f649,30, #3A382A
c233207c1a4ad2f4f649,1, #BCB692
c2340eb56b6f81437b70,77,#0F0B05
c2340eb56b6f81437b70,5, #887850
c2340eb56b6f81437b70,2, #63593E
c2340eb56b6f81437b70,2, #C6B577
c2340eb56b6f81437b70,2, #A5996B
c2340eb56b6f81437b70,10, #39301F
c239aaa537b5f1523a60,20, #493628
c239aaa537b5f1523a60,37, #BBB49F
c239aaa537b5f1523a60,7, #DDD8C6
c239aaa537b5f1523a60,14, #938A7B
c239aaa537b5f1523a60,19, #76685A
c239aaa537b5f1523a60,0,#F8F2E2
c23adc21e1e11e9e1725,9, #B9A474
c23adc21e1e11e9e1725,14, #342723
c23adc21e1e11e9e1725,29,#7F7C7B
c23adc21e1e11e9e1725,0, #A4A8B6
c23adc21e1e11e9e1725,6, #100A0A
c23adc21e1e11e9e1725,13, #DCD1AA
c23adc21e1e11e9e1725,26, #60533D
c2404265af32efb3862c,3,#F0ECE3
c2404265af32efb3862c,37, #D4D1C8
c2404265af32efb3862c,14, #735E51
c2404265af32efb3862c,6, #BDB3A8
c2404265af32efb3862c,13, #9D8F84
c2404265af32efb3862c,23, #43352F
c24154fd590aa2b37b87,15, #79726E
c24154fd590aa2b37b87,8, #524C4B
c24154fd590aa2b37b87,9, #D2CCC1
c24154fd590aa2b37b87,41,#F2EBDF
c24154fd590aa2b37b87,16, #9A938D
c24154fd590aa2b37b87,8, #B9B2AA
c246c05bcf4a1284e232,3, #101F23
c246c05bcf4a1284e232,23, #B1A86F
c246c05bcf4a1284e232,6, #CCCCB6
c246c05bcf4a1284e232,24,#E4E6DB
c246c05bcf4a1284e232,13, #3D4935
c246c05bcf4a1284e232,28, #777A4D
c24d97d34e4a13d4d4e7,27, #CAC5B4
c24d97d34e4a13d4d4e7,8, #ADA798
c24d97d34e4a13d4d4e7,29,#575349
c24d97d34e4a13d4d4e7,2, #292620
c24d97d34e4a13d4d4e7,16, #8B8678
c24d97d34e4a13d4d4e7,2, #FBF9F1
c24d97d34e4a13d4d4e7,12, #E5E0D0
c24ecf130379100b558f,16, #CDC8B9
c24ecf130379100b558f,9, #AEAA9E
c24ecf130379100b558f,11, #7F7D71
c24ecf130379100b558f,41,#F4F1EA
c24ecf130379100b558f,7, #292B24
c24ecf130379100b558f,14, #4F4F45
c24ed827e9fc5528de1e,1, #8E6E38
c24ed827e9fc5528de1e,3, #59411D
c24ed827e9fc5528de1e,0, #AB945D
c24ed827e9fc5528de1e,0, #D3C792
c24ed827e9fc5528de1e,0, #C3B17A
c24ed827e9fc5528de1e,23, #080705
c24ed827e9fc5528de1e,71,#2A1E0E
c25170c4f55d511b9622,15, #2B2521
c25170c4f55d511b9622,35, #998B80
c25170c4f55d511b9622,9,#0C0A08
c25170c4f55d511b9622,12, #6F5F54
c25170c4f55d511b9622,26, #4A403A
c25170c4f55d511b9622,0, #C9C4B4
c2534bc5479cfe941b36,20, #888277
c2534bc5479cfe941b36,8, #D6CFC0
c2534bc5479cfe941b36,9, #3C3833
c2534bc5479cfe941b36,19, #555049
c2534bc5479cfe941b36,17, #6C675D
c2534bc5479cfe941b36,0, #F0E7D3
c2534bc5479cfe941b36,22,#B1A99B
c25abf0647ac59f3cc62,16, #7C7A72
c25abf0647ac59f3cc62,8, #393730
c25abf0647ac59f3cc62,14, #A29E96
c25abf0647ac59f3cc62,33,#EEE9DC
c25abf0647ac59f3cc62,12, #5C5A52
c25abf0647ac59f3cc62,15, #C6BFB1
c261219118b95034cc15,35, #E3DCCA
c261219118b95034cc15,8, #B9B3A7
c261219118b95034cc15,46,#F9F8F0
c261219118b95034cc15,2, #4B4841
c261219118b95034cc15,4, #8A847C
c261219118b95034cc15,2, #6C675F
c2625ee3122f487c01e3,15, #3A3013
c2625ee3122f487c01e3,18, #90876C
c2625ee3122f487c01e3,34, #5F5F53
c2625ee3122f487c01e3,23, #AAA483
c2625ee3122f487c01e3,0, #D9C291
c2625ee3122f487c01e3,8,#010100
c26768d654fe5e2db4af,11, #FAF9F5
c26768d654fe5e2db4af,13, #888273
c26768d654fe5e2db4af,18, #A09B8C
c26768d654fe5e2db4af,16, #706C5E
c26768d654fe5e2db4af,8, #DDD8C7
c26768d654fe5e2db4af,9, #514F45
c26768d654fe5e2db4af,22,#C0B8A3
c27212621d6f0b4e62e6,3,#E3E3E0
c27212621d6f0b4e62e6,26, #837E5E
c27212621d6f0b4e62e6,11, #C3BEA3
c27212621d6f0b4e62e6,13, #261E09
c27212621d6f0b4e62e6,11, #9B9888
c27212621d6f0b4e62e6,33, #555031
c277e98bb4dad60533e5,13, #6E542D
c277e98bb4dad60533e5,2, #96826C
c277e98bb4dad60533e5,18, #50331C
c277e98bb4dad60533e5,60,#1E130A
c277e98bb4dad60533e5,2, #B1A085
c277e98bb4dad60533e5,0, #C9C0A6
c277e98bb4dad60533e5,2, #8D7445
c27b6f6cb3ef91ced1a3,2, #D2C04E
c27b6f6cb3ef91ced1a3,8, #ACA169
c27b6f6cb3ef91ced1a3,14, #837547
c27b6f6cb3ef91ced1a3,53,#1B1A17
c27b6f6cb3ef91ced1a3,18, #513B25
c27b6f6cb3ef91ced1a3,0, #E8E0C7
c27b6f6cb3ef91ced1a3,0, #D5CC9B
c28019b9704416d77b19,12, #211D11
c28019b9704416d77b19,17, #473D1F
c28019b9704416d77b19,11, #6B6039
c28019b9704416d77b19,4,#BFA65A
c28019b9704416d77b19,25, #A9A88C
c28019b9704416d77b19,28, #92895E
c28aac3daee1e889abb2,13, #8C8679
c28aac3daee1e889abb2,18, #B0A99B
c28aac3daee1e889abb2,14, #6A6559
c28aac3daee1e889abb2,9, #444139
c28aac3daee1e889abb2,43, #DAD3C3
c28aac3daee1e889abb2,0,#FEFDED
c28e40d9189e763e9432,10, #D8CEB8
c28e40d9189e763e9432,9, #433F37
c28e40d9189e763e9432,8, #F5F0DE
c28e40d9189e763e9432,14, #605A4E
c28e40d9189e763e9432,13, #7B7464
c28e40d9189e763e9432,20, #B9AF9A
c28e40d9189e763e9432,23,#9A9180
c28eb76c9701c9311079,13, #FAF7EA
c28eb76c9701c9311079,14, #A59D89
c28eb76c9701c9311079,5, #3A3731
c28eb76c9701c9311079,12, #807969
c28eb76c9701c9311079,25,#C2B9A2
c28eb76c9701c9311079,7, #DDD6BF
c28eb76c9701c9311079,21, #595349
c29f0ad640c63bdcde58,8, #3E2C22
c29f0ad640c63bdcde58,16, #655544
c29f0ad640c63bdcde58,12, #837562
c29f0ad640c63bdcde58,11, #A39781
c29f0ad640c63bdcde58,9,#F3EDDC
c29f0ad640c63bdcde58,41, #CAC2AA
c2a6315110a2f1b0094c,8, #6E736C
c2a6315110a2f1b0094c,16, #96988D
c2a6315110a2f1b0094c,43,#F2EEDC
c2a6315110a2f1b0094c,13, #C9C7B6
c2a6315110a2f1b0094c,7, #252D28
c2a6315110a2f1b0094c,10, #4D544F
c2aa74ac0b5738e7bc82,16, #A39A90
c2aa74ac0b5738e7bc82,14, #CEC3B1
c2aa74ac0b5738e7bc82,27, #756B6A
c2aa74ac0b5738e7bc82,25, #584D4D
c2aa74ac0b5738e7bc82,10, #3B2E2D
c2aa74ac0b5738e7bc82,5,#F3EEE3
c2b661cd823548f70fef,16, #706968
c2b661cd823548f70fef,23, #AA9888
c2b661cd823548f70fef,27,#514B58
c2b661cd823548f70fef,10, #362D33
c2b661cd823548f70fef,0, #957A69
c2b661cd823548f70fef,19, #000000
c2b661cd823548f70fef,2, #211414
c2b78866ef5212793ec5,7, #423631
c2b78866ef5212793ec5,3, #D2C9BB
c2b78866ef5212793ec5,5, #A2978D
c2b78866ef5212793ec5,3, #695C55
c2b78866ef5212793ec5,4,#F3EFE7
c2b78866ef5212793ec5,74, #1A1414
c2ba92a1008c1dafacc4,14, #D6D1C1
c2ba92a1008c1dafacc4,9, #3A3932
c2ba92a1008c1dafacc4,18,#F4F2EB
c2ba92a1008c1dafacc4,10, #858173
c2ba92a1008c1dafacc4,28, #605D53
c2ba92a1008c1dafacc4,18, #ACA799
c2bde14de235386dbfdd,25,#E6DFCC
c2bde14de235386dbfdd,24, #59584F
c2bde14de235386dbfdd,12, #BDB7A6
c2bde14de235386dbfdd,5, #3A3A32
c2bde14de235386dbfdd,2, #FDFBF5
c2bde14de235386dbfdd,17, #9C988A
c2bde14de235386dbfdd,12, #817E71
c2be4c33c72a5d656769,11, #A5947C
c2be4c33c72a5d656769,8, #8E7C68
c2be4c33c72a5d656769,5, #473023
c2be4c33c72a5d656769,6, #BEAB8D
c2be4c33c72a5d656769,19, #D1C1A1
c2be4c33c72a5d656769,18, #5E4836
c2be4c33c72a5d656769,30,#786451
c2c037b81ceda0ee0880,20, #FBF5E0
c2c037b81ceda0ee0880,9,#C4BFAE
c2c037b81ceda0ee0880,2, #595449
c2c037b81ceda0ee0880,16, #888374
c2c037b81ceda0ee0880,14, #AAA595
c2c037b81ceda0ee0880,36, #E2DCC9
c2c3a159df16c4320b20,1, #F9F7E9
c2c3a159df16c4320b20,22, #A4A194
c2c3a159df16c4320b20,15, #525248
c2c3a159df16c4320b20,13, #C2BEB0
c2c3a159df16c4320b20,2, #31312C
c2c3a159df16c4320b20,18, #DED9CB
c2c3a159df16c4320b20,26,#7F7D70
c2cac6fce286c33d3a0b,2, #CBBE9B
c2cac6fce286c33d3a0b,10, #2C2825
c2cac6fce286c33d3a0b,46,#6A4B3B
c2cac6fce286c33d3a0b,22, #AB8C74
c2cac6fce286c33d3a0b,0, #E4CEB0
c2cac6fce286c33d3a0b,0, #F4E5D0
c2cac6fce286c33d3a0b,15, #826653
c2cfba6725e161d739fa,1,#DFDFD7
c2cfba6725e161d739fa,10, #888374
c2cfba6725e161d739fa,37, #C7C5B2
c2cfba6725e161d739fa,2, #3A3222
c2cfba6725e161d739fa,42, #A7A28E
c2cfba6725e161d739fa,5, #6D6555
c2d1adbdb3c35d7049ed,10, #8F775C
c2d1adbdb3c35d7049ed,2, #473B32
c2d1adbdb3c35d7049ed,3, #6C5846
c2d1adbdb3c35d7049ed,39, #E0CCB5
c2d1adbdb3c35d7049ed,11,#F9F2EA
c2d1adbdb3c35d7049ed,32, #B5A188
c2d220ac185a29b1c383,0, #8B5A50
c2d220ac185a29b1c383,3, #23241C
c2d220ac185a29b1c383,22, #545652
c2d220ac185a29b1c383,0, #ABADA1
c2d220ac185a29b1c383,22, #CACFCE
c2d220ac185a29b1c383,3, #908970
c2d220ac185a29b1c383,46,#F1EFE8
c2d66031f75eff095b13,2, #F3EBD5
c2d66031f75eff095b13,5, #C0B5A0
c2d66031f75eff095b13,0, #322A20
c2d66031f75eff095b13,4, #846D5A
c2d66031f75eff095b13,0, #57493A
c2d66031f75eff095b13,6, #A3947F
c2d66031f75eff095b13,80,#DAD2BD
c2d7d0316b8a3f7da1c1,1,#F9F5E8
c2d7d0316b8a3f7da1c1,5, #4C473D
c2d7d0316b8a3f7da1c1,40, #6E6859
c2d7d0316b8a3f7da1c1,15, #D9CDB3
c2d7d0316b8a3f7da1c1,8, #BAB098
c2d7d0316b8a3f7da1c1,27, #96907F
c2fa142bf84d47b0566a,4, #DAD4CB
c2fa142bf84d47b0566a,0,#5A5550
c2fa142bf84d47b0566a,1, #C0BBB3
c2fa142bf84d47b0566a,0, #776F68
c2fa142bf84d47b0566a,92, #F5F1EC
c2fa142bf84d47b0566a,0, #9B958E
c2fdf3280f1f219710af,14,#C9C1AF
c2fdf3280f1f219710af,10, #A79F8C
c2fdf3280f1f219710af,57, #EEE6D2
c2fdf3280f1f219710af,9, #817967
c2fdf3280f1f219710af,1, #474136
c2fdf3280f1f219710af,5, #60594A
c2ff276788c352faaafc,2, #351F16
c2ff276788c352faaafc,6, #6B5748
c2ff276788c352faaafc,2, #A19689
c2ff276788c352faaafc,75,#EFE9D5
c2ff276788c352faaafc,1, #887D72
c2ff276788c352faaafc,6, #C7BDA9
c2ff276788c352faaafc,5, #4D382D
c3201654a36fa9d39785,11, #3F3C32
c3201654a36fa9d39785,68, #F8F6EB
c3201654a36fa9d39785,5, #6B6557
c3201654a36fa9d39785,5, #8C8779
c3201654a36fa9d39785,2, #B5B0A1
c3201654a36fa9d39785,6,#DAD5C7
c321cccd9c6a01adf4db,3, #AE8E7D
c321cccd9c6a01adf4db,40, #8F776B
c321cccd9c6a01adf4db,20, #3D2B25
c321cccd9c6a01adf4db,12, #6D5956
c321cccd9c6a01adf4db,12,#1B100D
c321cccd9c6a01adf4db,9, #57413A
c322f13c137b17d9147c,13, #8D8979
c322f13c137b17d9147c,9, #615E51
c322f13c137b17d9147c,7, #3F3F37
c322f13c137b17d9147c,13,#F7F6E6
c322f13c137b17d9147c,42, #DBD6C0
c322f13c137b17d9147c,12, #B3AE9B
c32f19b62434e6a73e4f,9, #968C76
c32f19b62434e6a73e4f,12, #52483A
c32f19b62434e6a73e4f,3, #EFEBE3
c32f19b62434e6a73e4f,5, #70634D
c32f19b62434e6a73e4f,1, #D3CEC0
c32f19b62434e6a73e4f,4, #C0B69C
c32f19b62434e6a73e4f,63,#332D26
c330ed395b3da6291a9b,43,#090B06
c330ed395b3da6291a9b,31, #262118
c330ed395b3da6291a9b,1, #BDAD7B
c330ed395b3da6291a9b,17, #4E3B22
c330ed395b3da6291a9b,1, #786A44
c330ed395b3da6291a9b,1, #5F4F2F
c330ed395b3da6291a9b,2, #A48D59
c33b98e8dfac3c4e269e,3, #867A57
c33b98e8dfac3c4e269e,7, #2B2525
c33b98e8dfac3c4e269e,5, #6C5F42
c33b98e8dfac3c4e269e,25, #B7B7AD
c33b98e8dfac3c4e269e,6, #554631
c33b98e8dfac3c4e269e,29,#D3D1C8
c33b98e8dfac3c4e269e,22, #A3A08C
c343a9afbe7bf7d49cc4,33,#DCDCD1
c343a9afbe7bf7d49cc4,6, #B9AD92
c343a9afbe7bf7d49cc4,0, #C7C1AD
c343a9afbe7bf7d49cc4,1, #F5F6EB
c343a9afbe7bf7d49cc4,32, #93886C
c343a9afbe7bf7d49cc4,6, #614F31
c343a9afbe7bf7d49cc4,19, #7A6846
c344b7255b228adbe831,23, #837653
c344b7255b228adbe831,10, #5D4F32
c344b7255b228adbe831,33, #443521
c344b7255b228adbe831,4, #A09375
c344b7255b228adbe831,0, #B39D5A
c344b7255b228adbe831,28,#1D1911
c355dfda07c936c3d21f,45, #D7D2C2
c355dfda07c936c3d21f,10,#A39E8E
c355dfda07c936c3d21f,0, #615E52
c355dfda07c936c3d21f,5, #858174
c355dfda07c936c3d21f,21, #BBB7A6
c355dfda07c936c3d21f,16, #F5F3E7
c35820f9061f0f9c39b6,25, #B2AEA5
c35820f9061f0f9c39b6,6, #22211C
c35820f9061f0f9c39b6,10, #514F48
c35820f9061f0f9c39b6,7,#EBEBE3
c35820f9061f0f9c39b6,17, #D0CEC5
c35820f9061f0f9c39b6,31, #837E75
c35c33f1df8d902210d4,1, #DDDBD7
c35c33f1df8d902210d4,3,#F1F1F0
c35c33f1df8d902210d4,14, #806D58
c35c33f1df8d902210d4,18, #9F9584
c35c33f1df8d902210d4,61, #CABDA7
c35c33f1df8d902210d4,1, #634E3D
c35cbe024003768ed442,21,#F8F8F3
c35cbe024003768ed442,11, #4E3F35
c35cbe024003768ed442,15, #DDDAC8
c35cbe024003768ed442,12, #2D1C15
c35cbe024003768ed442,20, #776C5F
c35cbe024003768ed442,17, #ADA695
c364b9a4aea9faca6830,1, #E9E7E1
c364b9a4aea9faca6830,25, #D4D3CB
c364b9a4aea9faca6830,2, #6B6D63
c364b9a4aea9faca6830,10, #9A9B8F
c364b9a4aea9faca6830,20, #838579
c364b9a4aea9faca6830,39,#B2B4B0
c364b9a4aea9faca6830,0, #4E4E47
c368bbec97f9e5f7dc84,17, #CEC2A7
c368bbec97f9e5f7dc84,5, #6B675F
c368bbec97f9e5f7dc84,17, #827E72
c368bbec97f9e5f7dc84,1, #4F4D46
c368bbec97f9e5f7dc84,35,#EFEADA
c368bbec97f9e5f7dc84,22, #9D998D
c36ccd73bf06273edaaa,14, #6B644C
c36ccd73bf06273edaaa,2,#FAF8EB
c36ccd73bf06273edaaa,12, #342F22
c36ccd73bf06273edaaa,43, #0B0906
c36ccd73bf06273edaaa,6, #DAD3B3
c36ccd73bf06273edaaa,20, #ADA17D
c377cc82f0f71db3eb29,2, #322D25
c377cc82f0f71db3eb29,18, #CFC2A9
c377cc82f0f71db3eb29,12, #7F7666
c377cc82f0f71db3eb29,16, #585246
c377cc82f0f71db3eb29,5,#EFE9DA
c377cc82f0f71db3eb29,44, #A89E8C
c37c82953a1aa7bc18ea,2, #56564C
c37c82953a1aa7bc18ea,12, #989689
c37c82953a1aa7bc18ea,10, #737267
c37c82953a1aa7bc18ea,21, #C3C0B2
c37c82953a1aa7bc18ea,0, #383730
c37c82953a1aa7bc18ea,51,#F1EDDD
c37dcf994af30930e14e,6, #7B8173
c37dcf994af30930e14e,31, #D7D2BD
c37dcf994af30930e14e,13, #424D41
c37dcf994af30930e14e,1, #162216
c37dcf994af30930e14e,39,#FBF9EA
c37dcf994af30930e14e,8, #A5A696
c3836a49f9dad9de93b0,16, #E5DBC9
c3836a49f9dad9de93b0,53,#F7F3EB
c3836a49f9dad9de93b0,4, #C8C0AF
c3836a49f9dad9de93b0,7, #A6A091
c3836a49f9dad9de93b0,8, #585346
c3836a49f9dad9de93b0,9, #867F6E
c3880c83f7b089935aa2,1, #4F483D
c3880c83f7b089935aa2,12, #B7AE9B
c3880c83f7b089935aa2,12, #9C9484
c3880c83f7b089935aa2,16, #736A59
c3880c83f7b089935aa2,14,#F1EDE2
c3880c83f7b089935aa2,40, #D0C9B8
c38bc51cee4c64696e7c,7, #9C917C
c38bc51cee4c64696e7c,35,#E3DBC8
c38bc51cee4c64696e7c,0, #151009
c38bc51cee4c64696e7c,3, #3E3325
c38bc51cee4c64696e7c,29, #F9F6EB
c38bc51cee4c64696e7c,6, #6B6152
c38bc51cee4c64696e7c,17, #BFB7A3
c392ec5db087da1e1f83,0,#7F7E72
c392ec5db087da1e1f83,34, #607E95
c392ec5db087da1e1f83,47, #ABB6B2
c392ec5db087da1e1f83,1, #DEDDC7
c392ec5db087da1e1f83,8, #899CA5
c392ec5db087da1e1f83,7, #3C6286
c39942ef6493a0dda0d6,0, #B38D20
c39942ef6493a0dda0d6,3, #855013
c39942ef6493a0dda0d6,5, #9F9879
c39942ef6493a0dda0d6,84,#2B271B
c39942ef6493a0dda0d6,2, #8A7949
c39942ef6493a0dda0d6,3, #CCC5B8
c39942ef6493a0dda0d6,0, #5D5D43
c39f476d3ad277a7e9eb,17, #50391A
c39f476d3ad277a7e9eb,29,#0A0A05
c39f476d3ad277a7e9eb,3, #735C31
c39f476d3ad277a7e9eb,0, #AE9364
c39f476d3ad277a7e9eb,47, #232B1D
c39f476d3ad277a7e9eb,1, #937544
c3a0fb34f1e62468c8bb,7, #C6C1AD
c3a0fb34f1e62468c8bb,3, #85806F
c3a0fb34f1e62468c8bb,51,#FAF9F1
c3a0fb34f1e62468c8bb,10, #A39E8E
c3a0fb34f1e62468c8bb,1, #464337
c3a0fb34f1e62468c8bb,2, #6A6656
c3a0fb34f1e62468c8bb,22, #E2DEC8
c3a41c3bd42bd44a6c2c,0, #625E4D
c3a41c3bd42bd44a6c2c,4, #9D9580
c3a41c3bd42bd44a6c2c,24, #FBFAF5
c3a41c3bd42bd44a6c2c,0, #443E2E
c3a41c3bd42bd44a6c2c,11, #BDB6A1
c3a41c3bd42bd44a6c2c,1, #7D7968
c3a41c3bd42bd44a6c2c,58,#E6DFCA
c3a5089a6f6b11a0d200,9, #9A9486
c3a5089a6f6b11a0d200,63, #DED7C6
c3a5089a6f6b11a0d200,1, #514F42
c3a5089a6f6b11a0d200,16,#F7F1DF
c3a5089a6f6b11a0d200,5, #777363
c3a5089a6f6b11a0d200,3, #C4BCAB
c3a800324c45a9628977,2, #897C6A
c3a800324c45a9628977,5, #6C5B47
c3a800324c45a9628977,24, #4A3324
c3a800324c45a9628977,14,#EBEBE4
c3a800324c45a9628977,6, #A49C8C
c3a800324c45a9628977,46, #C5C2B2
c3aeb44d3ae2b983429c,27,#F2EFDF
c3aeb44d3ae2b983429c,14, #848170
c3aeb44d3ae2b983429c,4, #CAC5B3
c3aeb44d3ae2b983429c,12, #6A6759
c3aeb44d3ae2b983429c,24, #44433A
c3aeb44d3ae2b983429c,16, #A6A18F
c3b4fecf2dec29f6e6d3,10, #8A806E
c3b4fecf2dec29f6e6d3,33,#C9C0AA
c3b4fecf2dec29f6e6d3,0, #E0D2B6
c3b4fecf2dec29f6e6d3,14, #9E9276
c3b4fecf2dec29f6e6d3,2, #69583C
c3b4fecf2dec29f6e6d3,22, #7F725A
c3b4fecf2dec29f6e6d3,16, #B3A88C
c3b5a861b398285c7336,7, #B9B09D
c3b5a861b398285c7336,5, #48423E
c3b5a861b398285c7336,15, #8F8881
c3b5a861b398285c7336,2,#FDFCF8
c3b5a861b398285c7336,21, #6C635E
c3b5a861b398285c7336,47, #E3D8C3
c3bc0c51020817a980a2,13, #929086
c3bc0c51020817a980a2,15, #3F3D35
c3bc0c51020817a980a2,18, #B0AEA3
c3bc0c51020817a980a2,3,#F7F5E6
c3bc0c51020817a980a2,33, #D3D0C2
c3bc0c51020817a980a2,15, #6E6C64
c3bc66b432a53bcec926,8, #85776B
c3bc66b432a53bcec926,9, #F2F2EF
c3bc66b432a53bcec926,5, #9E978E
c3bc66b432a53bcec926,7, #625043
c3bc66b432a53bcec926,44,#BDB8AB
c3bc66b432a53bcec926,1, #463125
c3bc66b432a53bcec926,23, #D6D5CC
c3c4f105c1e67ad41784,5, #5E573C
c3c4f105c1e67ad41784,77,#363224
c3c4f105c1e67ad41784,10, #17130C
c3c4f105c1e67ad41784,2, #7F714D
c3c4f105c1e67ad41784,1, #D1C296
c3c4f105c1e67ad41784,0, #9C906A
c3c4f105c1e67ad41784,1, #B2A47D
c3c7c7446d2267d867cc,3, #BAB8AE
c3c7c7446d2267d867cc,46, #3E547B
c3c7c7446d2267d867cc,18, #657D96
c3c7c7446d2267d867cc,16, #D8D6CA
c3c7c7446d2267d867cc,8, #958A8A
c3c7c7446d2267d867cc,5,#F8F5ED
c3c7ef7f9678ecd8a100,18, #3B3632
c3c7ef7f9678ecd8a100,19, #D4CAB6
c3c7ef7f9678ecd8a100,30,#F9F5ED
c3c7ef7f9678ecd8a100,2, #A49E92
c3c7ef7f9678ecd8a100,22, #5E5651
c3c7ef7f9678ecd8a100,6, #837C73
c3ce25a5f5aeb150ad40,4, #B7AD8C
c3ce25a5f5aeb150ad40,5, #6A5B42
c3ce25a5f5aeb150ad40,7, #653E1F
c3ce25a5f5aeb150ad40,0, #C7C2A3
c3ce25a5f5aeb150ad40,14, #867659
c3ce25a5f5aeb150ad40,67,#291E11
c3cfb84042fd33b34010,8, #86754F
c3cfb84042fd33b34010,34, #282423
c3cfb84042fd33b34010,0, #D5CEB2
c3cfb84042fd33b34010,11, #524228
c3cfb84042fd33b34010,39,#0E0B07
c3cfb84042fd33b34010,2, #B8AA86
c3cfb84042fd33b34010,2, #A7875E
c3d17f570957e0bbf186,22, #5E4C3D
c3d17f570957e0bbf186,2, #C5C0B5
c3d17f570957e0bbf186,13, #AFA398
c3d17f570957e0bbf186,40, #32231A
c3d17f570957e0bbf186,1,#DFDFDE
c3d17f570957e0bbf186,19, #8A7863
c3d2f1ea58971e1c9206,0, #5C5B58
c3d2f1ea58971e1c9206,4, #3D3528
c3d2f1ea58971e1c9206,4, #7B6837
c3d2f1ea58971e1c9206,10, #130E0B
c3d2f1ea58971e1c9206,0, #988B55
c3d2f1ea58971e1c9206,6, #514834
c3d2f1ea58971e1c9206,73,#2A2116
c3d74c90cfd614625748,8, #A3A188
c3d74c90cfd614625748,6, #222016
c3d74c90cfd614625748,13, #BCB493
c3d74c90cfd614625748,5, #6E7163
c3d74c90cfd614625748,24,#3B311F
c3d74c90cfd614625748,22, #615642
c3d74c90cfd614625748,19, #818677
c3d8c5b1d60739e2fb4a,5, #35342D
c3d8c5b1d60739e2fb4a,5, #B9B3A5
c3d8c5b1d60739e2fb4a,7, #A29D8F
c3d8c5b1d60739e2fb4a,20, #7F7B6F
c3d8c5b1d60739e2fb4a,17, #DAD4C4
c3d8c5b1d60739e2fb4a,16, #515147
c3d8c5b1d60739e2fb4a,27,#F8F2E3
c3e030852cd65becf212,20, #706555
c3e030852cd65becf212,3, #574A3E
c3e030852cd65becf212,23, #8B806C
c3e030852cd65becf212,32, #A79E8B
c3e030852cd65becf212,0,#F5EED6
c3e030852cd65becf212,18, #D1C8AF
c3ea0eb0bb8f9bb612b1,10, #101107
c3ea0eb0bb8f9bb612b1,8, #7F7051
c3ea0eb0bb8f9bb612b1,2, #B3A584
c3ea0eb0bb8f9bb612b1,1, #D2CBAA
c3ea0eb0bb8f9bb612b1,48,#342B12
c3ea0eb0bb8f9bb612b1,22, #5B4529
c3ea0eb0bb8f9bb612b1,4, #9B8D6D
c3f1bf6d203da06bb8ef,2, #746251
c3f1bf6d203da06bb8ef,1, #A79180
c3f1bf6d203da06bb8ef,1, #49443E
c3f1bf6d203da06bb8ef,6, #F8F5F1
c3f1bf6d203da06bb8ef,7, #B8A992
c3f1bf6d203da06bb8ef,3, #91806D
c3f1bf6d203da06bb8ef,76,#D9C6B0
c3f536e04f237c22c2f6,10, #66655B
c3f536e04f237c22c2f6,36, #D6D0C3
c3f536e04f237c22c2f6,2,#F9F7F3
c3f536e04f237c22c2f6,21, #ACA79A
c3f536e04f237c22c2f6,19, #40413B
c3f536e04f237c22c2f6,9, #878479
c3fca0957611f9152c30,3, #F0F0EA
c3fca0957611f9152c30,9, #BBA97D
c3fca0957611f9152c30,7, #87754B
c3fca0957611f9152c30,0, #EAD88D
c3fca0957611f9152c30,0, #C6C6BD
c3fca0957611f9152c30,55,#201C13
c3fca0957611f9152c30,23, #584D3D
c3ffb52c5c6807661f78,17, #737162
c3ffb52c5c6807661f78,19, #94907F
c3ffb52c5c6807661f78,15, #E7E0CD
c3ffb52c5c6807661f78,23, #BFB8A1
c3ffb52c5c6807661f78,1,#FCFAF1
c3ffb52c5c6807661f78,22, #4C4C42
c400ad815cf0e9b93c3f,6, #4E4639
c400ad815cf0e9b93c3f,3, #A79A7E
c400ad815cf0e9b93c3f,21, #E7E5E4
c400ad815cf0e9b93c3f,43,#B4B1A7
c400ad815cf0e9b93c3f,8, #2A271F
c400ad815cf0e9b93c3f,3, #8D7F5F
c400ad815cf0e9b93c3f,12, #6E6654
c40b5df8293ff3ec70f8,9, #634729
c40b5df8293ff3ec70f8,18, #7F725B
c40b5df8293ff3ec70f8,55, #CFC8B7
c40b5df8293ff3ec70f8,5, #B5AC9A
c40b5df8293ff3ec70f8,3, #A19682
c40b5df8293ff3ec70f8,7,#E5DDCC
c416d30ec41ddd4d9015,22, #5D5D58
c416d30ec41ddd4d9015,22, #8D8C87
c416d30ec41ddd4d9015,7,#D2D1C8
c416d30ec41ddd4d9015,19, #F3F3EE
c416d30ec41ddd4d9015,22, #B8B6B0
c416d30ec41ddd4d9015,4, #383733
c4181cee4e8face4a980,7, #5A6269
c4181cee4e8face4a980,21, #A0916D
c4181cee4e8face4a980,0, #612519
c4181cee4e8face4a980,19, #77582F
c4181cee4e8face4a980,13,#0D0B07
c4181cee4e8face4a980,37, #3C3D3C
c418b5f94b0c485a2342,5, #59584F
c418b5f94b0c485a2342,2, #E0DDCF
c418b5f94b0c485a2342,75,#F6F6F2
c418b5f94b0c485a2342,8, #7F7D75
c418b5f94b0c485a2342,4, #A6A49C
c418b5f94b0c485a2342,1, #3F3E36
c418b5f94b0c485a2342,3, #C6C3B3
c41ce1190a58cd785a44,4, #B89F67
c41ce1190a58cd785a44,16, #251709
c41ce1190a58cd785a44,51,#483117
c41ce1190a58cd785a44,1, #8A4626
c41ce1190a58cd785a44,1, #DCCE99
c41ce1190a58cd785a44,15, #645731
c41ce1190a58cd785a44,8, #97753B
c422c2758193737afaf4,14, #8C7945
c422c2758193737afaf4,7, #6F6646
c422c2758193737afaf4,15,#B7AE8E
c422c2758193737afaf4,11, #595131
c422c2758193737afaf4,3, #3C3722
c422c2758193737afaf4,47, #A59568
c4268d08f2441ab9bf6e,6, #1A160A
c4268d08f2441ab9bf6e,12, #A59262
c4268d08f2441ab9bf6e,0, #D6C087
c4268d08f2441ab9bf6e,25,#594222
c4268d08f2441ab9bf6e,15, #3A2E15
c4268d08f2441ab9bf6e,21, #907141
c4268d08f2441ab9bf6e,18, #775831
c427e367cad7a833d122,15, #AAA489
c427e367cad7a833d122,7, #716848
c427e367cad7a833d122,17, #332A1D
c427e367cad7a833d122,19, #94907E
c427e367cad7a833d122,8, #574F37
c427e367cad7a833d122,6, #CDBD94
c427e367cad7a833d122,25,#817C68
c433ff7a5794f5948e5e,8,#F0E7CF
c433ff7a5794f5948e5e,9, #3E2C22
c433ff7a5794f5948e5e,7, #B5AC9B
c433ff7a5794f5948e5e,10, #625244
c433ff7a5794f5948e5e,56, #D3CCB8
c433ff7a5794f5948e5e,8, #908375
c43f845006dba3ef750e,0, #A18F56
c43f845006dba3ef750e,1, #5C5729
c43f845006dba3ef750e,12, #483919
c43f845006dba3ef750e,71, #0C0905
c43f845006dba3ef750e,11,#252213
c43f845006dba3ef750e,1, #886930
c43fcee0505c182078c8,18, #B9B2A2
c43fcee0505c182078c8,51,#DBD4C0
c43fcee0505c182078c8,2, #F8F6EF
c43fcee0505c182078c8,5, #48453E
c43fcee0505c182078c8,7, #868175
c43fcee0505c182078c8,7, #A09A8D
c43fcee0505c182078c8,7, #68635A
c442dfb2e00142be2e0d,10, #434138
c442dfb2e00142be2e0d,26,#D7D4C1
c442dfb2e00142be2e0d,9, #F7F6EE
c442dfb2e00142be2e0d,10, #848173
c442dfb2e00142be2e0d,16, #686559
c442dfb2e00142be2e0d,10, #9C988A
c442dfb2e00142be2e0d,16, #BAB6A4
c44a1d9747735f1f3956,3, #A79C74
c44a1d9747735f1f3956,4,#100E09
c44a1d9747735f1f3956,6, #8B815D
c44a1d9747735f1f3956,59, #40331E
c44a1d9747735f1f3956,0, #BBB593
c44a1d9747735f1f3956,24, #6D5E3B
c454f19bdd3b5b37926f,27,#656057
c454f19bdd3b5b37926f,7, #B7B0A2
c454f19bdd3b5b37926f,8, #A19B8F
c454f19bdd3b5b37926f,0, #F6EFDD
c454f19bdd3b5b37926f,13, #D0C8B9
c454f19bdd3b5b37926f,15, #888276
c454f19bdd3b5b37926f,26, #3C3933
c45755a2021dd8ce494c,1, #91826C
c45755a2021dd8ce494c,37, #070808
c45755a2021dd8ce494c,4, #71604C
c45755a2021dd8ce494c,0, #A89E88
c45755a2021dd8ce494c,3,#534433
c45755a2021dd8ce494c,53, #442619
c45b7fb96328446f60dd,63, #1B1204
c45b7fb96328446f60dd,4, #6C572D
c45b7fb96328446f60dd,0, #968B76
c45b7fb96328446f60dd,0,#7B705B
c45b7fb96328446f60dd,28, #4E3A19
c45b7fb96328446f60dd,3, #917A36
c45bf4355127655179e9,2, #E7E5D9
c45bf4355127655179e9,5, #807C6A
c45bf4355127655179e9,18, #24221B
c45bf4355127655179e9,4, #565348
c45bf4355127655179e9,57,#3E3C33
c45bf4355127655179e9,2, #CDCAB3
c45bf4355127655179e9,8, #AAA792
c46fa367b50b0d423d27,27,#7A5444
c46fa367b50b0d423d27,0, #FAF8F0
c46fa367b50b0d423d27,20, #958A7E
c46fa367b50b0d423d27,18, #DBCEB9
c46fa367b50b0d423d27,23, #0F131C
c46fa367b50b0d423d27,1, #2D496D
c46fa367b50b0d423d27,8, #A4ACAE
c472097cfef509bf412c,7, #756B56
c472097cfef509bf412c,12, #EEE9DA
c472097cfef509bf412c,43,#D1CCBA
c472097cfef509bf412c,4, #504E46
c472097cfef509bf412c,12, #BEB49D
c472097cfef509bf412c,0, #403625
c472097cfef509bf412c,20, #97907D
c47811df2e570ee83a5d,24, #6A5F36
c47811df2e570ee83a5d,2, #292013
c47811df2e570ee83a5d,28, #4A4023
c47811df2e570ee83a5d,31,#9D9377
c47811df2e570ee83a5d,3, #C1B089
c47811df2e570ee83a5d,9, #82774E
c48174936410c93e8e1e,13,#A9A498
c48174936410c93e8e1e,17, #CAC4B7
c48174936410c93e8e1e,22, #6D6A60
c48174936410c93e8e1e,11, #F2EEE4
c48174936410c93e8e1e,16, #8D887D
c48174936410c93e8e1e,19, #44423A
c4825504f0310024f537,34, #908A8E
c4825504f0310024f537,2, #D5C8A5
c4825504f0310024f537,1,#5B5F80
c4825504f0310024f537,22, #867256
c4825504f0310024f537,35, #4D433A
c4825504f0310024f537,3, #17192F
c48ace91bb4c3bf46463,38, #484439
c48ace91bb4c3bf46463,2, #E8DEC8
c48ace91bb4c3bf46463,7, #C3B69E
c48ace91bb4c3bf46463,22, #797262
c48ace91bb4c3bf46463,25, #979082
c48ace91bb4c3bf46463,4,#FCF9F2
c48b44151f22c3a4f763,13, #444136
c48b44151f22c3a4f763,18, #9E998B
c48b44151f22c3a4f763,12, #C7C2B1
c48b44151f22c3a4f763,4, #FBF8E7
c48b44151f22c3a4f763,28,#E7E0CE
c48b44151f22c3a4f763,13, #635F53
c48b44151f22c3a4f763,9, #7F7C6E
c48d54c679dcf2bffff5,2, #6D6858
c48d54c679dcf2bffff5,9, #DAD3C1
c48d54c679dcf2bffff5,76,#F6EFDE
c48d54c679dcf2bffff5,1, #444237
c48d54c679dcf2bffff5,5, #908A79
c48d54c679dcf2bffff5,3, #BBB5A3
c49a81f82e6d9bda1cdd,14, #6C675B
c49a81f82e6d9bda1cdd,28,#C1BDB0
c49a81f82e6d9bda1cdd,9, #ABA799
c49a81f82e6d9bda1cdd,20, #DBD7C9
c49a81f82e6d9bda1cdd,15, #928E81
c49a81f82e6d9bda1cdd,4, #3D3B31
c49a81f82e6d9bda1cdd,7, #F6F4EB
c49e36e2ecde6ca77af1,14, #B3A893
c49e36e2ecde6ca77af1,20, #F9F7ED
c49e36e2ecde6ca77af1,5, #857A64
c49e36e2ecde6ca77af1,4, #483C2E
c49e36e2ecde6ca77af1,0, #080401
c49e36e2ecde6ca77af1,55,#D6CEBA
c4a39d7dfa91fce03fe0,2,#F8F6F1
c4a39d7dfa91fce03fe0,22, #D9D5C8
c4a39d7dfa91fce03fe0,28, #3A3B36
c4a39d7dfa91fce03fe0,15, #6A695F
c4a39d7dfa91fce03fe0,13, #BDB9AB
c4a39d7dfa91fce03fe0,17, #979489
c4a4e33d518b7c3e4016,2, #575650
c4a4e33d518b7c3e4016,6, #8A887F
c4a4e33d518b7c3e4016,16, #B4B2AA
c4a4e33d518b7c3e4016,2, #717067
c4a4e33d518b7c3e4016,52,#F9F8F2
c4a4e33d518b7c3e4016,20, #DDDBD2
c4b9cdbbddccecc69148,5, #675F51
c4b9cdbbddccecc69148,1, #413A33
c4b9cdbbddccecc69148,17, #908976
c4b9cdbbddccecc69148,49, #E3DCC7
c4b9cdbbddccecc69148,0,#FEFEED
c4b9cdbbddccecc69148,24, #C0B9A4
c4be2b84e66d1803f3d7,8, #665E50
c4be2b84e66d1803f3d7,5, #2F281F
c4be2b84e66d1803f3d7,44,#DEDBCC
c4be2b84e66d1803f3d7,7, #C1BDAF
c4be2b84e66d1803f3d7,16, #888172
c4be2b84e66d1803f3d7,11, #ABA492
c4be2b84e66d1803f3d7,4, #473F34
c4c2a8eb7a0d46d47418,3, #423E3F
c4c2a8eb7a0d46d47418,2,#625D5F
c4c2a8eb7a0d46d47418,50, #D8D4C4
c4c2a8eb7a0d46d47418,1, #282526
c4c2a8eb7a0d46d47418,7, #898171
c4c2a8eb7a0d46d47418,35, #B3AA99
c4d01073e667774bb98a,43, #CEC7BA
c4d01073e667774bb98a,20, #A09A90
c4d01073e667774bb98a,14, #5F5C54
c4d01073e667774bb98a,2, #403F3A
c4d01073e667774bb98a,7, #7F7A71
c4d01073e667774bb98a,12,#F4F0E8
c4d053647162ddcada54,12, #404038
c4d053647162ddcada54,0,#E5D9C3
c4d053647162ddcada54,10, #656153
c4d053647162ddcada54,11, #A49B88
c4d053647162ddcada54,59, #CABFAA
c4d053647162ddcada54,5, #827C6B
c4d4a2079e5519ba33ca,1, #4B5858
c4d4a2079e5519ba33ca,56,#503C2B
c4d4a2079e5519ba33ca,0, #9E9481
c4d4a2079e5519ba33ca,6, #D2D3D8
c4d4a2079e5519ba33ca,27, #161613
c4d4a2079e5519ba33ca,6, #7A6C54
c4d4a2079e5519ba33ca,0, #B3B2B6
c4d7604b9fffa1b91cb3,11,#7B867E
c4d7604b9fffa1b91cb3,24, #CFCBA7
c4d7604b9fffa1b91cb3,40, #A5A48B
c4d7604b9fffa1b91cb3,12, #4F5036
c4d7604b9fffa1b91cb3,4, #2F2F23
c4d7604b9fffa1b91cb3,6, #6D7257
c4d9db0753952570c813,4, #817C6E
c4d9db0753952570c813,32, #D5CEBA
c4d9db0753952570c813,9, #5D594F
c4d9db0753952570c813,33,#F6F4E5
c4d9db0753952570c813,16, #ACA694
c4d9db0753952570c813,3, #3C3933
c4e0ad7310349a4bed66,30, #DDD7CE
c4e0ad7310349a4bed66,6, #31322A
c4e0ad7310349a4bed66,25, #615F56
c4e0ad7310349a4bed66,16, #BFB9AF
c4e0ad7310349a4bed66,7,#F7F5EE
c4e0ad7310349a4bed66,13, #959187
c4e17ede1e164c60192c,6, #AAA79C
c4e17ede1e164c60192c,45,#695D48
c4e17ede1e164c60192c,20, #8C836D
c4e17ede1e164c60192c,5, #3A362F
c4e17ede1e164c60192c,5, #ECE9E0
c4e17ede1e164c60192c,2, #211F17
c4e17ede1e164c60192c,15, #C4C1B3
c4e1cb1c7e4682f182a1,61,#F1F0DB
c4e1cb1c7e4682f182a1,6, #A89E72
c4e1cb1c7e4682f182a1,6, #564937
c4e1cb1c7e4682f182a1,11, #D2CAA0
c4e1cb1c7e4682f182a1,14, #817456
c4e1cb1c7e4682f182a1,0, #292719
c4e1cb1c7e4682f182a1,0, #F5E197
c4e23bb0515cee8ed657,11,#F2F0E4
c4e23bb0515cee8ed657,13, #625E4E
c4e23bb0515cee8ed657,4, #D0C7AD
c4e23bb0515cee8ed657,30, #8A8572
c4e23bb0515cee8ed657,8, #B6AB8F
c4e23bb0515cee8ed657,32, #39372E
c4e76bf3d9a9bb4f4b5e,45,#3A2C1D
c4e76bf3d9a9bb4f4b5e,0, #7F8AA2
c4e76bf3d9a9bb4f4b5e,39, #585551
c4e76bf3d9a9bb4f4b5e,0, #E6DFC5
c4e76bf3d9a9bb4f4b5e,5, #C4B897
c4e76bf3d9a9bb4f4b5e,8, #9C8B65
c4e76bf3d9a9bb4f4b5e,0, #646E84
c4e97aef49fea31b35ad,4,#B5AF9D
c4e97aef49fea31b35ad,11, #766E66
c4e97aef49fea31b35ad,17, #D8D2BB
c4e97aef49fea31b35ad,42, #2A201B
c4e97aef49fea31b35ad,16, #524941
c4e97aef49fea31b35ad,7, #958F83
c4ed78dcd51767941737,28, #A39E92
c4ed78dcd51767941737,13, #6A685D
c4ed78dcd51767941737,12, #BFB9AC
c4ed78dcd51767941737,8, #49483F
c4ed78dcd51767941737,19,#E9E2D4
c4ed78dcd51767941737,17, #858276
c50e1c72897314ee1484,5,#F1EDE6
c50e1c72897314ee1484,23, #616156
c50e1c72897314ee1484,8, #42423C
c50e1c72897314ee1484,22, #C9C3B2
c50e1c72897314ee1484,20, #7F7C70
c50e1c72897314ee1484,19, #A19D90
c5148e0fed0f1ba51a8b,61,#D7D2C4
c5148e0fed0f1ba51a8b,6, #F4EFE3
c5148e0fed0f1ba51a8b,4, #5F5C51
c5148e0fed0f1ba51a8b,7, #A19C8E
c5148e0fed0f1ba51a8b,9, #BAB5A7
c5148e0fed0f1ba51a8b,0, #49473E
c5148e0fed0f1ba51a8b,9, #827D70
c51db75ba80700d4901f,51,#5A5747
c51db75ba80700d4901f,1, #A48368
c51db75ba80700d4901f,0, #814425
c51db75ba80700d4901f,1, #6F6F62
c51db75ba80700d4901f,41, #403C2C
c51db75ba80700d4901f,2, #926143
c51db75ba80700d4901f,0, #17160C
c52149f135772c79923f,15, #564F48
c52149f135772c79923f,17, #ECE2D3
c52149f135772c79923f,4, #35302D
c52149f135772c79923f,18, #A69D8E
c52149f135772c79923f,15,#7F776B
c52149f135772c79923f,28, #D0C5B5
c52177363cbc60cbb332,3, #918362
c52177363cbc60cbb332,2, #C1BB9F
c52177363cbc60cbb332,39, #141607
c52177363cbc60cbb332,4, #AB9F7D
c52177363cbc60cbb332,5, #7C6B2F
c52177363cbc60cbb332,2, #A08726
c52177363cbc60cbb332,42,#543B19
c5242f602429a85b53c2,8, #C9C1AC
c5242f602429a85b53c2,17, #E1DAC4
c5242f602429a85b53c2,25,#696253
c5242f602429a85b53c2,9, #AFA792
c5242f602429a85b53c2,6, #F8F6DD
c5242f602429a85b53c2,15, #918978
c5242f602429a85b53c2,17, #423F33
c5248b854ced5d457311,9, #767164
c5248b854ced5d457311,5, #B8B19E
c5248b854ced5d457311,1,#F9F0D9
c5248b854ced5d457311,39, #D9D0BC
c5248b854ced5d457311,35, #4B4942
c5248b854ced5d457311,9, #999383
c52c70d37922b3aead6a,8, #C9BEA7
c52c70d37922b3aead6a,18, #9E9382
c52c70d37922b3aead6a,18, #6E6050
c52c70d37922b3aead6a,6, #E6E0CE
c52c70d37922b3aead6a,6,#FAF8F2
c52c70d37922b3aead6a,41, #473E35
c52d6d46bcfd1860ba89,14, #605E5E
c52d6d46bcfd1860ba89,10, #CECCCC
c52d6d46bcfd1860ba89,25,#F7F4F3
c52d6d46bcfd1860ba89,23, #242322
c52d6d46bcfd1860ba89,8, #AAA9AC
c52d6d46bcfd1860ba89,16, #898889
c536ab5f270aed5ae62a,10, #BDB7A3
c536ab5f270aed5ae62a,6, #797463
c536ab5f270aed5ae62a,59,#F4EED8
c536ab5f270aed5ae62a,9, #989280
c536ab5f270aed5ae62a,3, #565345
c536ab5f270aed5ae62a,10, #DBD3BE
c540fce6344453071386,7, #979184
c540fce6344453071386,6, #D2CAB9
c540fce6344453071386,8, #706B5F
c540fce6344453071386,38,#E6DFCF
c540fce6344453071386,2, #47433A
c540fce6344453071386,10, #B4AD9E
c540fce6344453071386,25, #FAF8F3
c54715ffc5c81cbb7e79,21, #463642
c54715ffc5c81cbb7e79,11, #877377
c54715ffc5c81cbb7e79,9, #A08E93
c54715ffc5c81cbb7e79,48, #6A575F
c54715ffc5c81cbb7e79,4,#0A0707
c54715ffc5c81cbb7e79,3, #291E23
c54bca18cc48c6688f86,24, #493018
c54bca18cc48c6688f86,1, #C4BA99
c54bca18cc48c6688f86,1, #7E6F47
c54bca18cc48c6688f86,0,#56523E
c54bca18cc48c6688f86,3, #9C8F6C
c54bca18cc48c6688f86,69, #150F05
c54c3ff5c448e25c04b9,2, #B5AE8F
c54c3ff5c448e25c04b9,20, #3A3621
c54c3ff5c448e25c04b9,64,#1A1407
c54c3ff5c448e25c04b9,3, #7A714C
c54c3ff5c448e25c04b9,6, #5D562E
c54c3ff5c448e25c04b9,1, #CDC7AA
c54c3ff5c448e25c04b9,1, #908B6B
c54dd307a5685ca741c5,20, #3E3720
c54dd307a5685ca741c5,2, #8D7E51
c54dd307a5685ca741c5,1, #999067
c54dd307a5685ca741c5,64,#1A180E
c54dd307a5685ca741c5,2, #C0BBA5
c54dd307a5685ca741c5,6, #695F39
c54dd307a5685ca741c5,2, #AFA884
c54fc4d2373a03d6eb8e,11,#EFE9D6
c54fc4d2373a03d6eb8e,13, #7E725E
c54fc4d2373a03d6eb8e,11, #4C3C2D
c54fc4d2373a03d6eb8e,18, #ADA286
c54fc4d2373a03d6eb8e,41, #CEC6AC
c54fc4d2373a03d6eb8e,3, #25160D
c5556e2b1c1ee39c2d02,95, #E6DBC7
c5556e2b1c1ee39c2d02,0, #525147
c5556e2b1c1ee39c2d02,1, #BDB6A6
c5556e2b1c1ee39c2d02,1,#7F7B6F
c5556e2b1c1ee39c2d02,0, #9F9A8D
c5556e2b1c1ee39c2d02,0, #FEFDF6
c559c50c18fb826ce147,4, #B9B3A9
c559c50c18fb826ce147,17, #F1F0E8
c559c50c18fb826ce147,21, #776D68
c559c50c18fb826ce147,25,#231C19
c559c50c18fb826ce147,8, #9D958D
c559c50c18fb826ce147,19, #4A3F3C
c559c50c18fb826ce147,3, #D5D1C6
c55b50486de8e1feb9ed,0,#FAF5D0
c55b50486de8e1feb9ed,18, #5B533E
c55b50486de8e1feb9ed,10, #B7A578
c55b50486de8e1feb9ed,9, #7D745B
c55b50486de8e1feb9ed,1, #E4D6A5
c55b50486de8e1feb9ed,58, #211E17
c55e87a746ffe088fa4f,26, #575340
c55e87a746ffe088fa4f,17, #E9DCBB
c55e87a746ffe088fa4f,12, #C7BA9B
c55e87a746ffe088fa4f,3, #1A190F
c55e87a746ffe088fa4f,31, #948D77
c55e87a746ffe088fa4f,9,#FCFCE9
c56c35c56de1c91a0967,58, #ABA28A
c56c35c56de1c91a0967,7, #FBFAF6
c56c35c56de1c91a0967,0, #E6E4D3
c56c35c56de1c91a0967,0,#78725D
c56c35c56de1c91a0967,6, #908A74
c56c35c56de1c91a0967,26, #C3BDA7
c5760de02a394ff50085,10,#F5EFDB
c5760de02a394ff50085,12, #89816E
c5760de02a394ff50085,26, #3E3C36
c5760de02a394ff50085,14, #686355
c5760de02a394ff50085,5, #D7CEB7
c5760de02a394ff50085,29, #AEA38C
c580911fdaeb34845fbd,0, #625D4E
c580911fdaeb34845fbd,63,#170D06
c580911fdaeb34845fbd,0, #857C6C
c580911fdaeb34845fbd,0, #CDBEA9
c580911fdaeb34845fbd,33, #47391D
c580911fdaeb34845fbd,0, #A89A79
c580911fdaeb34845fbd,2, #917631
c58dfe0dea42f94c81cf,22, #B4A489
c58dfe0dea42f94c81cf,40,#D4CCC0
c58dfe0dea42f94c81cf,2, #83755E
c58dfe0dea42f94c81cf,1, #E5DECF
c58dfe0dea42f94c81cf,2, #F8F6EC
c58dfe0dea42f94c81cf,9, #988E7D
c58dfe0dea42f94c81cf,20, #C7BBA3
c58ed7b477456732e6d4,1, #917E48
c58ed7b477456732e6d4,2, #67572A
c58ed7b477456732e6d4,1, #7C6735
c58ed7b477456732e6d4,66,#16150D
c58ed7b477456732e6d4,2, #524421
c58ed7b477456732e6d4,0, #AA8D49
c58ed7b477456732e6d4,25, #3E2D18
c58f5ac6a62efd567398,9, #DED5C3
c58f5ac6a62efd567398,3, #B2A998
c58f5ac6a62efd567398,77,#F6EEDB
c58f5ac6a62efd567398,6, #C8BFAD
c58f5ac6a62efd567398,1, #9E9789
c58f5ac6a62efd567398,1, #867F71
c58f5ac6a62efd567398,0, #655F53
c59ceaf697a117634bf2,8,#F2EEE6
c59ceaf697a117634bf2,10, #7B7A6F
c59ceaf697a117634bf2,5, #30312D
c59ceaf697a117634bf2,9, #97948A
c59ceaf697a117634bf2,43, #C3BFB4
c59ceaf697a117634bf2,21, #55554D
c59d094d54fee1a317c4,14,#77683B
c59d094d54fee1a317c4,18, #221E13
c59d094d54fee1a317c4,4, #AAA36E
c59d094d54fee1a317c4,16, #948852
c59d094d54fee1a317c4,13, #625734
c59d094d54fee1a317c4,31, #484027
c59e18b5a5debb70784b,0,#FFFFFD
c59e18b5a5debb70784b,6, #8F8267
c59e18b5a5debb70784b,5, #F0EEE2
c59e18b5a5debb70784b,50, #A4997F
c59e18b5a5debb70784b,2, #DFD9C2
c59e18b5a5debb70784b,34, #CABE9A
c5a14fd6a425064d0265,8, #1B181A
c5a14fd6a425064d0265,0,#EDE5C5
c5a14fd6a425064d0265,16, #786D50
c5a14fd6a425064d0265,18, #AFA996
c5a14fd6a425064d0265,48, #4C4333
c5a14fd6a425064d0265,7, #A18F67
c5a50590462aac5c0f94,14, #8A8778
c5a50590462aac5c0f94,11, #6F6A58
c5a50590462aac5c0f94,13,#F7F5E8
c5a50590462aac5c0f94,10, #3E3C33
c5a50590462aac5c0f94,21, #AAA796
c5a50590462aac5c0f94,28, #D3CFBC
c5a93aa50e34da6be956,1,#E4DCC8
c5a93aa50e34da6be956,2, #C5C0AD
c5a93aa50e34da6be956,25, #4E3F48
c5a93aa50e34da6be956,63, #352321
c5a93aa50e34da6be956,0, #A59F91
c5a93aa50e34da6be956,5, #766E6A
c5acdc95ce06a1e50ab3,3, #2F2D25
c5acdc95ce06a1e50ab3,46, #D5CEB8
c5acdc95ce06a1e50ab3,3,#F6F0D9
c5acdc95ce06a1e50ab3,14, #AFAA98
c5acdc95ce06a1e50ab3,15, #8C8778
c5acdc95ce06a1e50ab3,15, #59564A
c5b1ad9cab9a4d5cdefc,5, #2A2925
c5b1ad9cab9a4d5cdefc,7, #BDBBAE
c5b1ad9cab9a4d5cdefc,9, #7A776B
c5b1ad9cab9a4d5cdefc,9, #9B998C
c5b1ad9cab9a4d5cdefc,19, #535147
c5b1ad9cab9a4d5cdefc,5, #D9D7CA
c5b1ad9cab9a4d5cdefc,41,#F6F5EF
c5c9141573c27b409ca0,13, #A39E8E
c5c9141573c27b409ca0,6, #837E6D
c5c9141573c27b409ca0,4, #676253
c5c9141573c27b409ca0,2, #494539
c5c9141573c27b409ca0,45,#F5F2E4
c5c9141573c27b409ca0,27, #CBC6B3
c5cc5f88455c9d43cdf3,7,#92908C
c5cc5f88455c9d43cdf3,46, #D1D0CB
c5cc5f88455c9d43cdf3,2, #343231
c5cc5f88455c9d43cdf3,16, #B7B4AE
c5cc5f88455c9d43cdf3,23, #F3F5F2
c5cc5f88455c9d43cdf3,4, #666360
c5cd99c1ae803f71e186,11, #C3BD9E
c5cd99c1ae803f71e186,53,#EAE9D2
c5cd99c1ae803f71e186,13, #7A674D
c5cd99c1ae803f71e186,5, #523F2F
c5cd99c1ae803f71e186,1, #271F1A
c5cd99c1ae803f71e186,13, #9A8F74
c5d18786ab14084a2740,20, #332A20
c5d18786ab14084a2740,5, #E3DFC3
c5d18786ab14084a2740,53,#0B0805
c5d18786ab14084a2740,5, #BDAA89
c5d18786ab14084a2740,7, #655945
c5d18786ab14084a2740,7, #918774
c5d6a6d5519dda13e0fb,58,#241810
c5d6a6d5519dda13e0fb,12, #715026
c5d6a6d5519dda13e0fb,8, #4B341D
c5d6a6d5519dda13e0fb,8, #84673A
c5d6a6d5519dda13e0fb,4, #A09066
c5d6a6d5519dda13e0fb,0, #B2A37C
c5d6a6d5519dda13e0fb,7, #997D4B
c5e06499cbce7e5071f6,48, #795E3A
c5e06499cbce7e5071f6,21, #302F25
c5e06499cbce7e5071f6,6, #757D67
c5e06499cbce7e5071f6,10,#13120F
c5e06499cbce7e5071f6,7, #CDC6A9
c5e06499cbce7e5071f6,4, #AEA377
c5f30240d85c3bcf24de,12, #403732
c5f30240d85c3bcf24de,5, #C0B7A3
c5f30240d85c3bcf24de,0,#F4EFDC
c5f30240d85c3bcf24de,18, #696057
c5f30240d85c3bcf24de,13, #958B7C
c5f30240d85c3bcf24de,49, #DED8C5
c5faf2174d9d8ee98207,24, #2F2E27
c5faf2174d9d8ee98207,9, #A79F86
c5faf2174d9d8ee98207,8, #7C7956
c5faf2174d9d8ee98207,20, #13120E
c5faf2174d9d8ee98207,2, #D2C8A8
c5faf2174d9d8ee98207,0, #F0EAD5
c5faf2174d9d8ee98207,33,#625844
c611ff802d1bdc63ccac,0, #938975
c611ff802d1bdc63ccac,2, #977B37
c611ff802d1bdc63ccac,0, #B4AC93
c611ff802d1bdc63ccac,3, #78602C
c611ff802d1bdc63ccac,52,#1B1810
c611ff802d1bdc63ccac,0, #6F6250
c611ff802d1bdc63ccac,39, #423627
c6238c8e22a65997d490,2,#F1EFE5
c6238c8e22a65997d490,26, #AFA696
c6238c8e22a65997d490,0, #6B4C47
c6238c8e22a65997d490,16, #857367
c6238c8e22a65997d490,7, #A19483
c6238c8e22a65997d490,46, #D1CCB9
c6308b55961bdc4d732a,2, #787466
c6308b55961bdc4d732a,3, #938E7F
c6308b55961bdc4d732a,2, #525044
c6308b55961bdc4d732a,29, #D0C9B8
c6308b55961bdc4d732a,48,#F2ECD9
c6308b55961bdc4d732a,13, #AFA999
c63143804e2b9a9cb591,11, #59554C
c63143804e2b9a9cb591,3,#FAF8F2
c63143804e2b9a9cb591,16, #C5BEAF
c63143804e2b9a9cb591,27, #A39C90
c63143804e2b9a9cb591,30, #E4DECD
c63143804e2b9a9cb591,12, #7F796E
c638c921116d11ee8049,37, #E9E0CF
c638c921116d11ee8049,12, #9B9489
c638c921116d11ee8049,32, #C4BDAF
c638c921116d11ee8049,1, #47413C
c638c921116d11ee8049,11, #736C64
c638c921116d11ee8049,5,#FCF9F1
c63a39884b7a885b03ed,0, #A7AFA3
c63a39884b7a885b03ed,28, #090B04
c63a39884b7a885b03ed,12, #6C756A
c63a39884b7a885b03ed,29, #212819
c63a39884b7a885b03ed,1,#8A9388
c63a39884b7a885b03ed,27, #454E3D
c63e1cd7aece2df81f72,43, #221F16
c63e1cd7aece2df81f72,2, #917C4F
c63e1cd7aece2df81f72,44,#473820
c63e1cd7aece2df81f72,3, #7D5F37
c63e1cd7aece2df81f72,0, #A89467
c63e1cd7aece2df81f72,0, #C3A772
c63e1cd7aece2df81f72,5, #704921
c63ef48c89c1b8aa29cb,9, #B6B2A6
c63ef48c89c1b8aa29cb,34,#F4F2EA
c63ef48c89c1b8aa29cb,19, #8D8B7F
c63ef48c89c1b8aa29cb,15, #CFCABE
c63ef48c89c1b8aa29cb,16, #626055
c63ef48c89c1b8aa29cb,3, #47463E
c641f1d1f7c2b3043c1c,14, #968966
c641f1d1f7c2b3043c1c,21, #4C4431
c641f1d1f7c2b3043c1c,38,#27190F
c641f1d1f7c2b3043c1c,18, #70664A
c641f1d1f7c2b3043c1c,0, #642715
c641f1d1f7c2b3043c1c,0, #864C2B
c641f1d1f7c2b3043c1c,6, #B7B196
c643187983bb08bb010a,10, #E0DBC8
c643187983bb08bb010a,19, #B7B3A2
c643187983bb08bb010a,27, #605E50
c643187983bb08bb010a,2,#F8F6E9
c643187983bb08bb010a,17, #3E3D34
c643187983bb08bb010a,22, #848272
c648ad2040010092113b,68, #B1B4B0
c648ad2040010092113b,2, #56564F
c648ad2040010092113b,0, #3A3B31
c648ad2040010092113b,7, #DFDED4
c648ad2040010092113b,9, #8C8D89
c648ad2040010092113b,10,#72716C
c649ef117b4e65399051,25,#232629
c649ef117b4e65399051,9, #D9CEB3
c649ef117b4e65399051,24, #5D5F5E
c649ef117b4e65399051,0, #B4C4DF
c649ef117b4e65399051,0, #E8E5E3
c649ef117b4e65399051,24, #9098A1
c649ef117b4e65399051,14, #998656
c64a5dd9b2fd671bb533,3, #2B2924
c64a5dd9b2fd671bb533,27,#4F4B44
c64a5dd9b2fd671bb533,0, #F5EEE0
c64a5dd9b2fd671bb533,12, #958F85
c64a5dd9b2fd671bb533,15, #B1ABA0
c64a5dd9b2fd671bb533,14, #777269
c64a5dd9b2fd671bb533,25, #D2CDC1
c650cd7cdc2a4e6f3138,1, #C9C59C
c650cd7cdc2a4e6f3138,8, #948860
c650cd7cdc2a4e6f3138,19, #2F2714
c650cd7cdc2a4e6f3138,5, #B4AC83
c650cd7cdc2a4e6f3138,59,#090A03
c650cd7cdc2a4e6f3138,5, #5B4D2C
c65165a85fcd6343cb14,0, #1B1A17
c65165a85fcd6343cb14,3, #534F45
c65165a85fcd6343cb14,2, #9A9079
c65165a85fcd6343cb14,12, #B9B199
c65165a85fcd6343cb14,77,#E9E5D4
c65165a85fcd6343cb14,2, #3E3429
c65165a85fcd6343cb14,1, #77705F
c65185e6710c7c169833,3, #90855B
c65185e6710c7c169833,4, #A6996D
c65185e6710c7c169833,50,#151305
c65185e6710c7c169833,3, #7A7048
c65185e6710c7c169833,4, #5B512E
c65185e6710c7c169833,1, #BEB585
c65185e6710c7c169833,32, #383811
c65670bdbc95e8d05e0f,16, #CBBFAE
c65670bdbc95e8d05e0f,7, #605048
c65670bdbc95e8d05e0f,32, #B2A392
c65670bdbc95e8d05e0f,33, #85786D
c65670bdbc95e8d05e0f,10,#E9E3CD
c65670bdbc95e8d05e0f,0, #473630
c6586eb7ac5b9b3b6056,10, #BFBAA3
c6586eb7ac5b9b3b6056,2, #39281C
c6586eb7ac5b9b3b6056,56,#EBE3CB
c6586eb7ac5b9b3b6056,10, #938872
c6586eb7ac5b9b3b6056,8, #6C5E4B
c6586eb7ac5b9b3b6056,11, #514232
c658a29967b6563740d9,26,#869795
c658a29967b6563740d9,8, #5F7882
c658a29967b6563740d9,22, #6B4E34
c658a29967b6563740d9,9, #302A1E
c658a29967b6563740d9,10, #7F866E
c658a29967b6563740d9,18, #787053
c658a29967b6563740d9,3, #BDBDAA
c65f3f413574e62fc186,40,#B9B4A8
c65f3f413574e62fc186,1, #4D3529
c65f3f413574e62fc186,3, #F2F2EF
c65f3f413574e62fc186,8, #A19A90
c65f3f413574e62fc186,6, #82786E
c65f3f413574e62fc186,35, #D4D2C9
c65f3f413574e62fc186,4, #675548
c666257930fe778ebcc5,3,#C8BEB0
c666257930fe778ebcc5,7, #513E34
c666257930fe778ebcc5,9, #735D50
c666257930fe778ebcc5,32, #F3EADA
c666257930fe778ebcc5,14, #B09F90
c666257930fe778ebcc5,32, #927F72
c6820995ea19d32f6bac,14, #373830
c6820995ea19d32f6bac,11, #AAA69A
c6820995ea19d32f6bac,16, #57584D
c6820995ea19d32f6bac,17, #818074
c6820995ea19d32f6bac,15, #CBC6B7
c6820995ea19d32f6bac,24,#F4F1E7
c685c0c520dbab5fd8d5,3, #D1CAA9
c685c0c520dbab5fd8d5,5, #32261A
c685c0c520dbab5fd8d5,30,#897E69
c685c0c520dbab5fd8d5,14, #B6AC8E
c685c0c520dbab5fd8d5,16, #695D48
c685c0c520dbab5fd8d5,19, #EEECDB
c685c0c520dbab5fd8d5,9, #504433
c68943694cf74f887320,68,#251C15
c68943694cf74f887320,11, #B19B7F
c68943694cf74f887320,6, #805D3C
c68943694cf74f887320,2, #897163
c68943694cf74f887320,7, #533F2F
c68943694cf74f887320,2, #D0C2A0
c68943694cf74f887320,1, #DED8BF
c689ee36f7f9ac2b5906,6, #8D8B75
c689ee36f7f9ac2b5906,27, #6B6958
c689ee36f7f9ac2b5906,0, #C6C5BF
c689ee36f7f9ac2b5906,0,#A8A794
c689ee36f7f9ac2b5906,38, #1A1813
c689ee36f7f9ac2b5906,26, #4B4A3A
c6a0cf29a2598afb86e3,3, #211B10
c6a0cf29a2598afb86e3,34,#68532D
c6a0cf29a2598afb86e3,10, #B8A978
c6a0cf29a2598afb86e3,14, #3E3119
c6a0cf29a2598afb86e3,17, #7F6B3D
c6a0cf29a2598afb86e3,0, #84361D
c6a0cf29a2598afb86e3,19, #A0894F
c6a54e0c1d9883707638,10, #979381
c6a54e0c1d9883707638,3, #E4DFC9
c6a54e0c1d9883707638,10, #787563
c6a54e0c1d9883707638,32, #464235
c6a54e0c1d9883707638,36,#F9F8F1
c6a54e0c1d9883707638,6, #C2BDA5
c6b37c339d5c11732773,7, #75613E
c6b37c339d5c11732773,3, #B89E65
c6b37c339d5c11732773,2, #DABD77
c6b37c339d5c11732773,53,#100F0E
c6b37c339d5c11732773,28, #5C3722
c6b37c339d5c11732773,4, #987B48
c6b37c339d5c11732773,0, #F3E2A7
c6b503831364ff38bc2f,14, #584A3F
c6b503831364ff38bc2f,12, #B5AB8F
c6b503831364ff38bc2f,0, #FEFDF1
c6b503831364ff38bc2f,24, #979079
c6b503831364ff38bc2f,3, #E9E7DB
c6b503831364ff38bc2f,16, #796C5A
c6b503831364ff38bc2f,27,#CEC7B2
c6c19ee3540b4bff3d78,49,#EEE8D7
c6c19ee3540b4bff3d78,11, #978F7E
c6c19ee3540b4bff3d78,0, #FEFEFD
c6c19ee3540b4bff3d78,5, #BBB29F
c6c19ee3540b4bff3d78,11, #4A463D
c6c19ee3540b4bff3d78,15, #D2CAB6
c6c19ee3540b4bff3d78,6, #756E5E
c6ce6022967af4f652b3,0,#3C3529
c6ce6022967af4f652b3,24, #9F8052
c6ce6022967af4f652b3,20, #5D4F3D
c6ce6022967af4f652b3,0, #C6BB89
c6ce6022967af4f652b3,46, #79674E
c6ce6022967af4f652b3,7, #B5A570
c6d0d28c4d4cf6dda4d4,9, #484539
c6d0d28c4d4cf6dda4d4,21, #C6C0AE
c6d0d28c4d4cf6dda4d4,3, #99937A
c6d0d28c4d4cf6dda4d4,53, #2B2A25
c6d0d28c4d4cf6dda4d4,3,#EBE7E0
c6d0d28c4d4cf6dda4d4,9, #6B664D
c6d86866386d1d0379c2,0,#070808
c6d86866386d1d0379c2,31, #F0EFEC
c6d86866386d1d0379c2,34, #59584E
c6d86866386d1d0379c2,14, #2C2E2C
c6d86866386d1d0379c2,5, #908F84
c6d86866386d1d0379c2,13, #B8B5A9
c6d933ce98c67a7ec58b,10, #6C6645
c6d933ce98c67a7ec58b,37, #4B4026
c6d933ce98c67a7ec58b,8, #CECDB5
c6d933ce98c67a7ec58b,9, #ABAD98
c6d933ce98c67a7ec58b,9, #8E8C6E
c6d933ce98c67a7ec58b,25,#221D11
c6e146347666dd455263,14, #B4AB9A
c6e146347666dd455263,0, #564F42
c6e146347666dd455263,59,#F5F0DF
c6e146347666dd455263,7, #908879
c6e146347666dd455263,15, #D7CFBE
c6e146347666dd455263,2, #71695A
c6ea4751202e3538a6ef,18, #B6AE9C
c6ea4751202e3538a6ef,36, #D5CDC1
c6ea4751202e3538a6ef,9, #686555
c6ea4751202e3538a6ef,0, #4E4C3F
c6ea4751202e3538a6ef,0,#FAF7EF
c6ea4751202e3538a6ef,34, #8B8778
c6ec7884d5b2ed0980ee,7, #766946
c6ec7884d5b2ed0980ee,30,#191814
c6ec7884d5b2ed0980ee,1, #978961
c6ec7884d5b2ed0980ee,0, #AFA582
c6ec7884d5b2ed0980ee,0, #C7BD95
c6ec7884d5b2ed0980ee,60, #413A2E
c6ed001a1ab282fe3b59,6,#F9F6EF
c6ed001a1ab282fe3b59,27, #E3D9BC
c6ed001a1ab282fe3b59,5, #5A4735
c6ed001a1ab282fe3b59,15, #C9B991
c6ed001a1ab282fe3b59,23, #9C937E
c6ed001a1ab282fe3b59,22, #7F6C4C
c6f47770a15e0651ff82,10, #B0AFA9
c6f47770a15e0651ff82,10, #979790
c6f47770a15e0651ff82,8, #414036
c6f47770a15e0651ff82,3, #818077
c6f47770a15e0651ff82,7,#66655A
c6f47770a15e0651ff82,59, #CCCCCB
c6f80ce6ae39e6876a66,19, #948E83
c6f80ce6ae39e6876a66,1, #DBDAD6
c6f80ce6ae39e6876a66,10, #4C423A
c6f80ce6ae39e6876a66,0, #F0EFEC
c6f80ce6ae39e6876a66,13, #B6B09F
c6f80ce6ae39e6876a66,34,#6A6158
c6f80ce6ae39e6876a66,19, #CBC5B1
c6fc0f84f13dab7bffd6,7, #CCC4AB
c6fc0f84f13dab7bffd6,24, #636050
c6fc0f84f13dab7bffd6,14, #837E6A
c6fc0f84f13dab7bffd6,13,#F1EDD9
c6fc0f84f13dab7bffd6,30, #3D3C30
c6fc0f84f13dab7bffd6,10, #A59F8B
c6febf1e2e3a0cbc1ccc,0,#3F3029
c6febf1e2e3a0cbc1ccc,22, #D9D2B8
c6febf1e2e3a0cbc1ccc,7, #A29277
c6febf1e2e3a0cbc1ccc,3, #685744
c6febf1e2e3a0cbc1ccc,62, #BDB097
c6febf1e2e3a0cbc1ccc,4, #84775E
c709362207d2103c0f00,0,#FCFBED
c709362207d2103c0f00,28, #8F8C82
c709362207d2103c0f00,19, #E2E0D2
c709362207d2103c0f00,6, #40413A
c709362207d2103c0f00,23, #636259
c709362207d2103c0f00,21, #BDBBAE
c7101532fefdd81da9db,12, #836E4E
c7101532fefdd81da9db,1, #B9A079
c7101532fefdd81da9db,0, #F8EAC6
c7101532fefdd81da9db,27,#4B3821
c7101532fefdd81da9db,57, #1F160B
c7101532fefdd81da9db,1, #DAC49D
c7106fce525ffd100185,27, #535242
c7106fce525ffd100185,0, #D6D6C9
c7106fce525ffd100185,21, #7E8570
c7106fce525ffd100185,24, #A06F45
c7106fce525ffd100185,19,#1E1D1A
c7106fce525ffd100185,6, #CBB897
c711d23edeaab0f9296a,5, #57524C
c711d23edeaab0f9296a,11, #B5AC9D
c711d23edeaab0f9296a,16, #948A7F
c711d23edeaab0f9296a,22, #D4CEBD
c711d23edeaab0f9296a,26,#F3F1E1
c711d23edeaab0f9296a,16, #786C61
c71bda68baf033c859bd,13, #8A8F81
c71bda68baf033c859bd,23, #D9D4C1
c71bda68baf033c859bd,38,#FBF7E3
c71bda68baf033c859bd,4, #212D23
c71bda68baf033c859bd,9, #B7B7A6
c71bda68baf033c859bd,11, #555F53
c71faac4180bcc676eb7,53,#F9F8E9
c71faac4180bcc676eb7,4, #B2AFA1
c71faac4180bcc676eb7,29, #D8D5C2
c71faac4180bcc676eb7,6, #848177
c71faac4180bcc676eb7,3, #5F5C52
c71faac4180bcc676eb7,1, #403E36
c7202a0f2d95e8cb55df,0,#F6EFE0
c7202a0f2d95e8cb55df,32, #676359
c7202a0f2d95e8cb55df,22, #413E37
c7202a0f2d95e8cb55df,17, #898379
c7202a0f2d95e8cb55df,15, #D0C9BC
c7202a0f2d95e8cb55df,12, #A9A398
c72240c7f651d74974b7,5, #473D2F
c72240c7f651d74974b7,28, #F8F8EF
c72240c7f651d74974b7,0, #261D12
c72240c7f651d74974b7,3, #89806C
c72240c7f651d74974b7,54,#D7D3C4
c72240c7f651d74974b7,1, #625F53
c72240c7f651d74974b7,5, #AAA597
c7248c25a8aafa2f6524,14,#F3EDD8
c7248c25a8aafa2f6524,9, #444239
c7248c25a8aafa2f6524,11, #BEBAA8
c7248c25a8aafa2f6524,18, #989483
c7248c25a8aafa2f6524,30, #D9D4C2
c7248c25a8aafa2f6524,15, #6C6A5B
c72929a462857e87183e,12,#F5E9CE
c72929a462857e87183e,13, #978F7B
c72929a462857e87183e,14, #514D41
c72929a462857e87183e,29, #706A59
c72929a462857e87183e,15, #D6C8AD
c72929a462857e87183e,12, #BBAE94
c72c3cde4e4e456970e0,10, #C9C1B0
c72c3cde4e4e456970e0,8, #E6DDC9
c72c3cde4e4e456970e0,0, #FDF9E6
c72c3cde4e4e456970e0,23, #A9A493
c72c3cde4e4e456970e0,2, #383830
c72c3cde4e4e456970e0,29,#7B796A
c72c3cde4e4e456970e0,24, #525247
c72c4c87e275068d2416,12, #6B5E56
c72c4c87e275068d2416,4, #DEDED7
c72c4c87e275068d2416,19, #C9C8BE
c72c4c87e275068d2416,30,#B1ACA2
c72c4c87e275068d2416,10, #918980
c72c4c87e275068d2416,19, #402E29
c72c4c87e275068d2416,2, #F8F8F6
c72fd45e394d3671aebd,0,#E2D8AB
c72fd45e394d3671aebd,0, #74644A
c72fd45e394d3671aebd,6, #F4F0D4
c72fd45e394d3671aebd,92, #CABC89
c72fd45e394d3671aebd,0, #86765C
c72fd45e394d3671aebd,0, #9D9172
c734936efa6401322135,54,#C5BAA4
c734936efa6401322135,0, #474239
c734936efa6401322135,16, #E3D7C1
c734936efa6401322135,0, #676052
c734936efa6401322135,0, #FCF1D7
c734936efa6401322135,7, #89816E
c734936efa6401322135,20, #A79C87
c735dec84cb45f12f406,12, #7D7360
c735dec84cb45f12f406,17, #49453B
c735dec84cb45f12f406,8, #9D9480
c735dec84cb45f12f406,16,#F9F6EC
c735dec84cb45f12f406,40, #E1D3B9
c735dec84cb45f12f406,3, #BEAE92
c7375bb3a3b5240f2e65,2, #D5C58E
c7375bb3a3b5240f2e65,2, #BBAB7B
c7375bb3a3b5240f2e65,3, #817555
c7375bb3a3b5240f2e65,76,#211B0E
c7375bb3a3b5240f2e65,10, #5F462E
c7375bb3a3b5240f2e65,2, #A0926A
c73b31c4bfb3ffe072f9,15, #D2CDBC
c73b31c4bfb3ffe072f9,8, #3D3532
c73b31c4bfb3ffe072f9,13, #72695C
c73b31c4bfb3ffe072f9,13, #574E48
c73b31c4bfb3ffe072f9,14, #8A8173
c73b31c4bfb3ffe072f9,24,#AA9E82
c73b31c4bfb3ffe072f9,9, #F6F5F1
c73f0d188253e52156a9,16, #BEB8A5
c73f0d188253e52156a9,30,#E1DCC9
c73f0d188253e52156a9,3, #FBFAF3
c73f0d188253e52156a9,18, #9F9B8A
c73f0d188253e52156a9,3, #413F36
c73f0d188253e52156a9,16, #7D7867
c73f0d188253e52156a9,11, #5D594B
c741c931d40402577bd9,18, #E5E2CF
c741c931d40402577bd9,0,#6D5E3A
c741c931d40402577bd9,72, #CAC3A3
c741c931d40402577bd9,0, #857750
c741c931d40402577bd9,4, #FBFAF5
c741c931d40402577bd9,4, #A69D7F
c748ad6df5cb9ed50e71,16, #67615F
c748ad6df5cb9ed50e71,18, #8A8480
c748ad6df5cb9ed50e71,22, #BBB5AE
c748ad6df5cb9ed50e71,1,#FDFBF7
c748ad6df5cb9ed50e71,12, #EADFD3
c748ad6df5cb9ed50e71,27, #3D3938
c7554ecbf1dfb445e2ef,1, #FCFAF0
c7554ecbf1dfb445e2ef,14, #A9A396
c7554ecbf1dfb445e2ef,2, #32312B
c7554ecbf1dfb445e2ef,14, #58554C
c7554ecbf1dfb445e2ef,8, #C2BBAC
c7554ecbf1dfb445e2ef,21, #DFD9C8
c7554ecbf1dfb445e2ef,36,#868076
c755f0102c434f88c995,1, #393119
c755f0102c434f88c995,41,#948967
c755f0102c434f88c995,4, #0D0B04
c755f0102c434f88c995,4, #C7BE96
c755f0102c434f88c995,3, #615335
c755f0102c434f88c995,28, #B1A681
c755f0102c434f88c995,16, #79694A
c75d2608a47dd28a7902,29, #C2BDAD
c75d2608a47dd28a7902,3, #9C8E80
c75d2608a47dd28a7902,4, #7D7064
c75d2608a47dd28a7902,0,#928372
c75d2608a47dd28a7902,34, #D4D0C2
c75d2608a47dd28a7902,27, #AEA192
c7609af9ea79e14cfd5d,32, #EDE3D3
c7609af9ea79e14cfd5d,11, #4E463B
c7609af9ea79e14cfd5d,11, #756956
c7609af9ea79e14cfd5d,23, #988D7B
c7609af9ea79e14cfd5d,20, #C5BAA6
c7609af9ea79e14cfd5d,0,#FEFEFD
c7634233094275125112,50, #1C1A13
c7634233094275125112,1, #D9CDA9
c7634233094275125112,6,#C0B28C
c7634233094275125112,23, #7D6F52
c7634233094275125112,0, #F6EFD0
c7634233094275125112,16, #50402D
c7658ba92558601937db,0, #3C3527
c7658ba92558601937db,1, #594C3F
c7658ba92558601937db,28,#D2C6AA
c7658ba92558601937db,24, #978F7C
c7658ba92558601937db,13, #706554
c7658ba92558601937db,9, #BAAE92
c7658ba92558601937db,22, #F4F0E6
c76ca2e902ea7335d9fc,8, #626054
c76ca2e902ea7335d9fc,7, #3C3B34
c76ca2e902ea7335d9fc,7,#AAA48F
c76ca2e902ea7335d9fc,42, #ECE5CA
c76ca2e902ea7335d9fc,21, #C7BFA7
c76ca2e902ea7335d9fc,11, #8A8575
c76fc929b2d697deec98,3,#F7F4EA
c76fc929b2d697deec98,1, #DCD5C5
c76fc929b2d697deec98,28, #7D6848
c76fc929b2d697deec98,4, #BBAE95
c76fc929b2d697deec98,49, #928876
c76fc929b2d697deec98,13, #56381D
c7702f641b84f37d40d9,1,#F8F5E0
c7702f641b84f37d40d9,21, #69675D
c7702f641b84f37d40d9,32, #B0AC9D
c7702f641b84f37d40d9,9, #43423C
c7702f641b84f37d40d9,13, #D8D3BF
c7702f641b84f37d40d9,21, #888579
c774202a4b26743d4c18,26, #D4CCAF
c774202a4b26743d4c18,11,#65655C
c774202a4b26743d4c18,21, #89897E
c774202a4b26743d4c18,18, #484841
c774202a4b26743d4c18,16, #F1EED9
c774202a4b26743d4c18,4, #B1B0A2
c779f2df1413409e3d08,19, #716F65
c779f2df1413409e3d08,9,#8D897C
c779f2df1413409e3d08,8, #F3ECD8
c779f2df1413409e3d08,11, #CDC7B6
c779f2df1413409e3d08,11, #A8A395
c779f2df1413409e3d08,39, #4C4C44
c77cbc27eb72d5bfd719,8, #A99D86
c77cbc27eb72d5bfd719,7, #8D7F69
c77cbc27eb72d5bfd719,6, #6D5A48
c77cbc27eb72d5bfd719,24, #C9BCA2
c77cbc27eb72d5bfd719,52, #E1D9C5
c77cbc27eb72d5bfd719,0,#FDFDFB
c782bd4b5a75045d578e,33,#452B2B
c782bd4b5a75045d578e,20, #22141B
c782bd4b5a75045d578e,9, #BEA277
c782bd4b5a75045d578e,1, #E5D5AB
c782bd4b5a75045d578e,24, #6B4A3A
c782bd4b5a75045d578e,10, #A0654A
c78d66145d40666337e5,17, #7C7764
c78d66145d40666337e5,7, #464338
c78d66145d40666337e5,22,#F4ECD1
c78d66145d40666337e5,13, #A09985
c78d66145d40666337e5,14, #615D4D
c78d66145d40666337e5,25, #CDC4AD
c79baf73df7b97987ee1,23, #D3C6B1
c79baf73df7b97987ee1,27, #8F8475
c79baf73df7b97987ee1,10,#F5EFE0
c79baf73df7b97987ee1,19, #615A4E
c79baf73df7b97987ee1,15, #B4A895
c79baf73df7b97987ee1,3, #3E3931
c79c830154b0144af26a,3, #BEB8B0
c79c830154b0144af26a,3, #868583
c79c830154b0144af26a,31, #573931
c79c830154b0144af26a,4, #876A4C
c79c830154b0144af26a,13, #6A6B67
c79c830154b0144af26a,10, #AA9979
c79c830154b0144af26a,33,#191819
c79fb2fd8ceb7ddceb27,23, #000000
c79fb2fd8ceb7ddceb27,3, #B0A68E
c79fb2fd8ceb7ddceb27,8, #81725B
c79fb2fd8ceb7ddceb27,1, #CFCAB5
c79fb2fd8ceb7ddceb27,9, #231914
c79fb2fd8ceb7ddceb27,16, #5C4F39
c79fb2fd8ceb7ddceb27,37,#403122
c7a5db134c8e820bb4e3,7, #81816D
c7a5db134c8e820bb4e3,31, #4B2F1D
c7a5db134c8e820bb4e3,20, #6D583D
c7a5db134c8e820bb4e3,0, #F7F9F4
c7a5db134c8e820bb4e3,4, #B0A791
c7a5db134c8e820bb4e3,36,#15140F
c7a7b92484a4568a5b67,28, #918D7E
c7a7b92484a4568a5b67,19, #7B7768
c7a7b92484a4568a5b67,3, #5F5B4E
c7a7b92484a4568a5b67,7, #D5D0BD
c7a7b92484a4568a5b67,21,#F2EFE1
c7a7b92484a4568a5b67,19, #B2AD9C
c7a8b063b9f97da3bd2c,9, #554F44
c7a8b063b9f97da3bd2c,2, #363029
c7a8b063b9f97da3bd2c,2, #F4EFE7
c7a8b063b9f97da3bd2c,39,#A7A091
c7a8b063b9f97da3bd2c,10, #8B8376
c7a8b063b9f97da3bd2c,22, #D2CABB
c7a8b063b9f97da3bd2c,11, #756D60
c7accec8246223361d00,15, #9E937D
c7accec8246223361d00,2, #52483A
c7accec8246223361d00,24, #F7F5EB
c7accec8246223361d00,4, #766D5A
c7accec8246223361d00,51,#CFC7B3
c7accec8246223361d00,2, #31261B
c7ad56a2217cc92f1892,1,#FCF8E1
c7ad56a2217cc92f1892,28, #585242
c7ad56a2217cc92f1892,19, #DFD7BC
c7ad56a2217cc92f1892,6, #3A372C
c7ad56a2217cc92f1892,23, #7E7763
c7ad56a2217cc92f1892,20, #ADA690
c7b979ef22b440a73db9,0, #F9E668
c7b979ef22b440a73db9,23,#F9F4E5
c7b979ef22b440a73db9,9, #8586A1
c7b979ef22b440a73db9,20, #2E2A28
c7b979ef22b440a73db9,18, #9C6C60
c7b979ef22b440a73db9,27, #C4BFBB
c7bec8154e745bae371c,20, #5F3D1F
c7bec8154e745bae371c,10, #302613
c7bec8154e745bae371c,14, #0F0B04
c7bec8154e745bae371c,2, #6D6047
c7bec8154e745bae371c,1, #D6BF7F
c7bec8154e745bae371c,27,#B0A186
c7bec8154e745bae371c,22, #9A865C
c7bf76ad0523fb114006,8, #766F67
c7bf76ad0523fb114006,7, #918A81
c7bf76ad0523fb114006,12, #BFB5A8
c7bf76ad0523fb114006,2, #F6EADF
c7bf76ad0523fb114006,55,#DBD0C6
c7bf76ad0523fb114006,2, #4D4842
c7bf76ad0523fb114006,11, #A59E93
c7cac57d16824fdd5eac,4, #9B8C68
c7cac57d16824fdd5eac,8, #575A55
c7cac57d16824fdd5eac,3, #B0A588
c7cac57d16824fdd5eac,3, #7E7156
c7cac57d16824fdd5eac,61, #493E2E
c7cac57d16824fdd5eac,18,#20201C
c7db4167305f57f16c3a,15, #D9D5C7
c7db4167305f57f16c3a,25, #928579
c7db4167305f57f16c3a,9,#CCC6B5
c7db4167305f57f16c3a,16, #796D64
c7db4167305f57f16c3a,16, #A5998B
c7db4167305f57f16c3a,15, #BAAFA0
c7dc96e4d3341911a590,4, #A8A79C
c7dc96e4d3341911a590,8, #6C6B63
c7dc96e4d3341911a590,6, #F1F0E4
c7dc96e4d3341911a590,54,#4A4B48
c7dc96e4d3341911a590,6, #D0CEBF
c7dc96e4d3341911a590,6, #88877E
c7dc96e4d3341911a590,12, #201F1A
c7eb1e31b698be7085c9,2, #F5F4EB
c7eb1e31b698be7085c9,0, #C5BDA6
c7eb1e31b698be7085c9,18, #4B3E34
c7eb1e31b698be7085c9,4, #29201B
c7eb1e31b698be7085c9,37,#786A56
c7eb1e31b698be7085c9,36, #9E937F
c7eb1e31b698be7085c9,0, #DCD9CC
c7eee9810682cec673b9,19, #513F23
c7eee9810682cec673b9,3, #B5AA86
c7eee9810682cec673b9,26,#635332
c7eee9810682cec673b9,13, #908361
c7eee9810682cec673b9,6, #A49874
c7eee9810682cec673b9,9, #7B6A41
c7eee9810682cec673b9,21, #322717
c7efc5107327fd721f3f,23, #666764
c7efc5107327fd721f3f,18, #393A36
c7efc5107327fd721f3f,16, #989A97
c7efc5107327fd721f3f,26,#141412
c7efc5107327fd721f3f,1, #EAEEED
c7efc5107327fd721f3f,13, #C4C6C4
c7f511eefebe55dc7f75,34, #E0D6C0
c7f511eefebe55dc7f75,2,#F8F3EA
c7f511eefebe55dc7f75,14, #64534B
c7f511eefebe55dc7f75,29, #8A7E75
c7f511eefebe55dc7f75,2, #39261F
c7f511eefebe55dc7f75,16, #BCAF9B
c7f5be85888e969beaa4,54, #DAD3BF
c7f5be85888e969beaa4,14, #B8B29F
c7f5be85888e969beaa4,6, #716C5C
c7f5be85888e969beaa4,9,#F5EFDA
c7f5be85888e969beaa4,11, #918C7B
c7f5be85888e969beaa4,3, #4C493E
c7f6a01ed8d851b3bf2a,28, #CBC7B1
c7f6a01ed8d851b3bf2a,5, #B0AD9C
c7f6a01ed8d851b3bf2a,28, #908B80
c7f6a01ed8d851b3bf2a,6,#F3F0E3
c7f6a01ed8d851b3bf2a,11, #52473F
c7f6a01ed8d851b3bf2a,18, #726A62
c7fa0c85b60dff77e492,4, #4C4B45
c7fa0c85b60dff77e492,11, #757469
c7fa0c85b60dff77e492,11, #CCC9B8
c7fa0c85b60dff77e492,9, #B1AEA0
c7fa0c85b60dff77e492,55,#ECE7D4
c7fa0c85b60dff77e492,7, #979488
c8023dd9932b7cd2dd09,5, #9E8B60
c8023dd9932b7cd2dd09,80,#1B1A0E
c8023dd9932b7cd2dd09,4, #7B6C4A
c8023dd9932b7cd2dd09,3, #39321C
c8023dd9932b7cd2dd09,3, #B3AC81
c8023dd9932b7cd2dd09,2, #55482C
c80cca9715f65a0f8259,2, #B19D65
c80cca9715f65a0f8259,3, #867747
c80cca9715f65a0f8259,6, #655936
c80cca9715f65a0f8259,1, #D9C886
c80cca9715f65a0f8259,66, #433C25
c80cca9715f65a0f8259,21,#231F14
c80dd8121b467a7bd39d,40, #675639
c80dd8121b467a7bd39d,37,#362F24
c80dd8121b467a7bd39d,0, #F0E7A3
c80dd8121b467a7bd39d,2, #D5CD8F
c80dd8121b467a7bd39d,4, #B9B078
c80dd8121b467a7bd39d,15, #948B5A
c81277f497a0a917c989,26, #31322F
c81277f497a0a917c989,6, #C2BAA9
c81277f497a0a917c989,29,#E7E3D5
c81277f497a0a917c989,7, #A29E92
c81277f497a0a917c989,13, #53534C
c81277f497a0a917c989,16, #757369
c8145f0467b1c72b2d94,5, #A2A398
c8145f0467b1c72b2d94,1, #27291F
c8145f0467b1c72b2d94,6, #CACABA
c8145f0467b1c72b2d94,78,#F0EFE0
c8145f0467b1c72b2d94,4, #717369
c8145f0467b1c72b2d94,2, #4C4E44
c816fe0016977ded8207,65,#F9F4DB
c816fe0016977ded8207,5, #393730
c816fe0016977ded8207,0, #7E7866
c816fe0016977ded8207,15, #E1DABF
c816fe0016977ded8207,1, #A29B86
c816fe0016977ded8207,10, #615C4E
c816fe0016977ded8207,0, #C6BFA6
c819b6af6509d2861275,19, #5B584C
c819b6af6509d2861275,13, #D1CCB9
c819b6af6509d2861275,10, #938E7F
c819b6af6509d2861275,12, #7C786A
c819b6af6509d2861275,9, #38362E
c819b6af6509d2861275,15, #B3AE9D
c819b6af6509d2861275,20,#F0EBD8
c82ae64cffb30ddad276,23,#EDEAD9
c82ae64cffb30ddad276,17, #63625A
c82ae64cffb30ddad276,15, #42423C
c82ae64cffb30ddad276,13, #A7A498
c82ae64cffb30ddad276,11, #C6C3B4
c82ae64cffb30ddad276,19, #848279
c830873095d78009bd32,17,#FAF3DD
c830873095d78009bd32,4, #1F2823
c830873095d78009bd32,18, #D9CEB9
c830873095d78009bd32,16, #464D46
c830873095d78009bd32,18, #797B70
c830873095d78009bd32,24, #ACA898
c833a64d8d8621073949,8, #877D5D
c833a64d8d8621073949,16, #302820
c833a64d8d8621073949,6, #D9CEA8
c833a64d8d8621073949,16, #564D39
c833a64d8d8621073949,8, #725B35
c833a64d8d8621073949,24,#969281
c833a64d8d8621073949,19, #B6AD94
c83acdf0bce74888ca07,0, #938D7B
c83acdf0bce74888ca07,4, #5C584A
c83acdf0bce74888ca07,76,#F4EED4
c83acdf0bce74888ca07,3, #CFC7AD
c83acdf0bce74888ca07,0, #AEA68E
c83acdf0bce74888ca07,1, #787261
c83acdf0bce74888ca07,13, #413F36
c83b23ee6849b88857f2,0, #625039
c83b23ee6849b88857f2,83,#F3EBD2
c83b23ee6849b88857f2,1, #816E53
c83b23ee6849b88857f2,8, #D1C3A7
c83b23ee6849b88857f2,2, #938772
c83b23ee6849b88857f2,2, #B2A182
c83c7691acf763dc671e,0, #74381A
c83c7691acf763dc671e,0, #98957E
c83c7691acf763dc671e,0, #B0AD96
c83c7691acf763dc671e,44,#3E3525
c83c7691acf763dc671e,11, #16160C
c83c7691acf763dc671e,5, #564F38
c83c7691acf763dc671e,38, #736F58
c843c97c94acdec7bf13,1, #847D6C
c843c97c94acdec7bf13,0, #989683
c843c97c94acdec7bf13,13, #4D4D43
c843c97c94acdec7bf13,2, #5F6359
c843c97c94acdec7bf13,39,#3A3730
c843c97c94acdec7bf13,4, #654331
c843c97c94acdec7bf13,39, #1C1E19
c84b1907cda4e58e0437,17, #F7F3E9
c84b1907cda4e58e0437,12, #C1BCAF
c84b1907cda4e58e0437,3, #5F5C57
c84b1907cda4e58e0437,34,#DCD7CB
c84b1907cda4e58e0437,0, #403E3A
c84b1907cda4e58e0437,15, #A29C91
c84b1907cda4e58e0437,16, #7A7670
c869a76e74a04370b8fe,26, #E1DCC5
c869a76e74a04370b8fe,3, #716E5F
c869a76e74a04370b8fe,9, #A6A191
c869a76e74a04370b8fe,1, #8D8877
c869a76e74a04370b8fe,52,#F8F7EB
c869a76e74a04370b8fe,7, #C9BFA5
c869a76e74a04370b8fe,0, #46443C
c86e99ade639d17f7c8b,17, #565345
c86e99ade639d17f7c8b,4, #DED7BB
c86e99ade639d17f7c8b,32,#F7F5EE
c86e99ade639d17f7c8b,3, #C5BFA7
c86e99ade639d17f7c8b,12, #3D3A2F
c86e99ade639d17f7c8b,19, #797665
c86e99ade639d17f7c8b,10, #A19C8A
c87399ace6e578db3f8d,11, #D6D3C3
c87399ace6e578db3f8d,14, #626152
c87399ace6e578db3f8d,22, #848271
c87399ace6e578db3f8d,24,#F7F6E7
c87399ace6e578db3f8d,21, #AFAC9B
c87399ace6e578db3f8d,5, #424436
c8768ce3f2bdeeb6d659,63,#CAC1AF
c8768ce3f2bdeeb6d659,18, #161412
c8768ce3f2bdeeb6d659,2, #6B5F51
c8768ce3f2bdeeb6d659,5, #847D71
c8768ce3f2bdeeb6d659,5, #A39A89
c8768ce3f2bdeeb6d659,2, #373536
c8768ce3f2bdeeb6d659,2, #EEEAE2
c8778dce01fb714978d7,14, #787267
c8778dce01fb714978d7,0,#FEFEFC
c8778dce01fb714978d7,11, #9F988A
c8778dce01fb714978d7,30, #C6BEAD
c8778dce01fb714978d7,30, #EEE8D8
c8778dce01fb714978d7,11, #4A4740
c878b0eabe4f06877112,55,#E7E6D7
c878b0eabe4f06877112,8, #747368
c878b0eabe4f06877112,2, #D1CDBD
c878b0eabe4f06877112,3, #525147
c878b0eabe4f06877112,7, #9A9990
c878b0eabe4f06877112,2, #BBB6A5
c878b0eabe4f06877112,19, #F9F8F5
c8811de20a3903f82c88,1, #2C2220
c8811de20a3903f82c88,0, #FEFDF8
c8811de20a3903f82c88,36,#554B47
c8811de20a3903f82c88,30, #A0978A
c8811de20a3903f82c88,3, #E2E1D9
c8811de20a3903f82c88,3, #C4BEAA
c8811de20a3903f82c88,23, #7C7067
c884a2273f3c5710fdb3,9, #997D3A
c884a2273f3c5710fdb3,39,#634821
c884a2273f3c5710fdb3,4, #281D13
c884a2273f3c5710fdb3,5, #AB904C
c884a2273f3c5710fdb3,14, #846427
c884a2273f3c5710fdb3,26, #462D19
c884a2273f3c5710fdb3,0, #BBA363
c88e9cfc4347740a07ae,12, #CDC2B3
c88e9cfc4347740a07ae,9, #383534
c88e9cfc4347740a07ae,29, #807973
c88e9cfc4347740a07ae,10,#F7F1E7
c88e9cfc4347740a07ae,16, #A8A197
c88e9cfc4347740a07ae,20, #56514E
c898748aa0b9927dadc2,14,#F8F4E4
c898748aa0b9927dadc2,32, #B9B28F
c898748aa0b9927dadc2,22, #5B5754
c898748aa0b9927dadc2,18, #E2D5BD
c898748aa0b9927dadc2,0, #D4BD5C
c898748aa0b9927dadc2,11, #9A886D
c89db66a3b55d577e4ba,18, #514618
c89db66a3b55d577e4ba,11, #6E6333
c89db66a3b55d577e4ba,34,#87815D
c89db66a3b55d577e4ba,16, #9F9B79
c89db66a3b55d577e4ba,2, #292104
c89db66a3b55d577e4ba,16, #B4B199
c89db66a3b55d577e4ba,0, #917E35
c8a06cf3b018e0b9fe7f,25, #B0A99F
c8a06cf3b018e0b9fe7f,6, #372C28
c8a06cf3b018e0b9fe7f,9,#F8F7F5
c8a06cf3b018e0b9fe7f,29, #DEDACB
c8a06cf3b018e0b9fe7f,19, #827870
c8a06cf3b018e0b9fe7f,10, #5E534C
c8ac753f1da7f8777b13,2, #CDB47D
c8ac753f1da7f8777b13,2, #6E5B3C
c8ac753f1da7f8777b13,0, #F0DEA4
c8ac753f1da7f8777b13,69,#27201A
c8ac753f1da7f8777b13,3, #9C8257
c8ac753f1da7f8777b13,20, #4A3F2F
c8bdbbd885fd8966667f,10, #4D382A
c8bdbbd885fd8966667f,13, #D9D9D1
c8bdbbd885fd8966667f,4,#F8F8F6
c8bdbbd885fd8966667f,14, #79695A
c8bdbbd885fd8966667f,13, #998F84
c8bdbbd885fd8966667f,43, #B7B2A5
c8c0b101017dab12c142,4, #906733
c8c0b101017dab12c142,14, #563B20
c8c0b101017dab12c142,1, #AE9253
c8c0b101017dab12c142,22,#11130B
c8c0b101017dab12c142,0, #C5AC6F
c8c0b101017dab12c142,56, #352619
c8c0b897e0c938645840,12, #C9C3B1
c8c0b897e0c938645840,15, #A6A292
c8c0b897e0c938645840,4,#424037
c8c0b897e0c938645840,17, #696657
c8c0b897e0c938645840,13, #888473
c8c0b897e0c938645840,36, #F1EDE1
c8c0dbb0b76c5f9d1247,40, #807057
c8c0dbb0b76c5f9d1247,10, #F4F1E4
c8c0dbb0b76c5f9d1247,21, #5F4E3A
c8c0dbb0b76c5f9d1247,20, #9B907B
c8c0dbb0b76c5f9d1247,4,#BEB193
c8c0dbb0b76c5f9d1247,2, #D7CDAD
c8d1246da54f011a37e3,26, #676459
c8d1246da54f011a37e3,17,#E6E2D4
c8d1246da54f011a37e3,20, #3E3D35
c8d1246da54f011a37e3,21, #8A8679
c8d1246da54f011a37e3,8, #ACA89A
c8d1246da54f011a37e3,6, #C3BFB2
c8d1e24f5709cd094358,3, #C4C0B4
c8d1e24f5709cd094358,4, #DDD8CA
c8d1e24f5709cd094358,10, #848173
c8d1e24f5709cd094358,4, #6D6B5D
c8d1e24f5709cd094358,67,#F7F6F1
c8d1e24f5709cd094358,1, #504D43
c8d1e24f5709cd094358,8, #A29F92
c8d59ff79029f052b936,5, #A4965C
c8d59ff79029f052b936,9, #54401D
c8d59ff79029f052b936,20, #20170B
c8d59ff79029f052b936,25, #7C7646
c8d59ff79029f052b936,10, #645E34
c8d59ff79029f052b936,0, #B7A368
c8d59ff79029f052b936,28,#3D2911
c8d8fdd56bcf66cb7dba,24, #C4BEA8
c8d8fdd56bcf66cb7dba,3, #414138
c8d8fdd56bcf66cb7dba,18, #98937F
c8d8fdd56bcf66cb7dba,3,#ECE5CF
c8d8fdd56bcf66cb7dba,32, #5B5A4E
c8d8fdd56bcf66cb7dba,17, #777464
c8dec02962c03e6ba120,15, #949185
c8dec02962c03e6ba120,31, #BBB7AA
c8dec02962c03e6ba120,13, #65635A
c8dec02962c03e6ba120,30, #DBD7CB
c8dec02962c03e6ba120,6, #3F3F39
c8dec02962c03e6ba120,3,#F8F7F2
c8e1f3a5e4cfc9fcbd55,61, #E8E3D3
c8e1f3a5e4cfc9fcbd55,20, #C2BCAB
c8e1f3a5e4cfc9fcbd55,0,#FEFEFE
c8e1f3a5e4cfc9fcbd55,1, #4E4B3F
c8e1f3a5e4cfc9fcbd55,6, #787366
c8e1f3a5e4cfc9fcbd55,8, #9B9689
c8ed2f1a07245bec8c47,2, #C3BBA2
c8ed2f1a07245bec8c47,2,#F2F2E9
c8ed2f1a07245bec8c47,8, #928776
c8ed2f1a07245bec8c47,44, #3F372F
c8ed2f1a07245bec8c47,15, #201A15
c8ed2f1a07245bec8c47,27, #675B4F
c8f3159183f4c5ee765a,2, #4E3D19
c8f3159183f4c5ee765a,5, #3B3529
c8f3159183f4c5ee765a,1, #5B4D34
c8f3159183f4c5ee765a,81,#17150F
c8f3159183f4c5ee765a,6, #312815
c8f3159183f4c5ee765a,1, #725C39
c8f70ea231afad4409df,38,#F0ECDA
c8f70ea231afad4409df,5, #505044
c8f70ea231afad4409df,14, #908E81
c8f70ea231afad4409df,7, #ACA99B
c8f70ea231afad4409df,13, #717062
c8f70ea231afad4409df,19, #C6C3B4
c8fca1f44fe776a767f0,48, #D9D4C5
c8fca1f44fe776a767f0,2, #313029
c8fca1f44fe776a767f0,10, #837E71
c8fca1f44fe776a767f0,4, #565249
c8fca1f44fe776a767f0,11, #B0AB9C
c8fca1f44fe776a767f0,22,#FAF9F1
c90c8e674b15c7527834,0, #37322B
c90c8e674b15c7527834,10, #8E887A
c90c8e674b15c7527834,1, #554F45
c90c8e674b15c7527834,3, #736C60
c90c8e674b15c7527834,16, #C4BDAC
c90c8e674b15c7527834,67,#F1ECD7
c9170ffa71f08a49f919,19,#B3B19D
c9170ffa71f08a49f919,17, #1D211B
c9170ffa71f08a49f919,15, #DDD5BE
c9170ffa71f08a49f919,12, #F9F5DA
c9170ffa71f08a49f919,18, #7E8070
c9170ffa71f08a49f919,15, #4B4F42
c923da78e2e106cf1c36,3,#F8F5E9
c923da78e2e106cf1c36,0, #37362F
c923da78e2e106cf1c36,9, #57544B
c923da78e2e106cf1c36,36, #B6B0A3
c923da78e2e106cf1c36,24, #89847A
c923da78e2e106cf1c36,25, #DBD5C7
c924ebb619bf4734fd6b,37, #B7A87C
c924ebb619bf4734fd6b,0, #87291A
c924ebb619bf4734fd6b,12, #857959
c924ebb619bf4734fd6b,27, #141410
c924ebb619bf4734fd6b,16, #3C2C18
c924ebb619bf4734fd6b,6,#5F4E30
c930107fc43868fefa40,66,#F8EFE3
c930107fc43868fefa40,10, #E0D4C6
c930107fc43868fefa40,9, #968E83
c930107fc43868fefa40,5, #AFA79C
c930107fc43868fefa40,1, #797069
c930107fc43868fefa40,6, #C3B9AC
c930107fc43868fefa40,0, #645F5B
c9301fc98001942f9062,52, #463C25
c9301fc98001942f9062,1, #B19655
c9301fc98001942f9062,5, #947A43
c9301fc98001942f9062,27, #755A2B
c9301fc98001942f9062,0, #CFBD78
c9301fc98001942f9062,13,#241F17
c9377cfbe14e2c981ce7,72,#201911
c9377cfbe14e2c981ce7,0, #EDDEB0
c9377cfbe14e2c981ce7,14, #51432E
c9377cfbe14e2c981ce7,1, #776346
c9377cfbe14e2c981ce7,3, #987A57
c9377cfbe14e2c981ce7,4, #B99F72
c9377cfbe14e2c981ce7,3, #DCC794
c938e73fada32f528e79,18, #DCD0C2
c938e73fada32f528e79,40, #8E877B
c938e73fada32f528e79,9, #BCB3A5
c938e73fada32f528e79,4, #3F3A35
c938e73fada32f528e79,18, #5E5850
c938e73fada32f528e79,7,#F6EEE5
c93b75751cb121dc6281,3, #909090
c93b75751cb121dc6281,6, #F4F5F5
c93b75751cb121dc6281,6, #AFAFAF
c93b75751cb121dc6281,16, #40403F
c93b75751cb121dc6281,51,#20201E
c93b75751cb121dc6281,7, #D3D5D5
c93b75751cb121dc6281,8, #696968
c93c1e311e21094cf4f9,7, #494A42
c93c1e311e21094cf4f9,10, #C2BCAB
c93c1e311e21094cf4f9,7,#DCD5C1
c93c1e311e21094cf4f9,8, #97978C
c93c1e311e21094cf4f9,5, #737569
c93c1e311e21094cf4f9,61, #F6F3EA
c93d273e09a0e73ffbcd,16, #797263
c93d273e09a0e73ffbcd,16, #BFB4A1
c93d273e09a0e73ffbcd,18, #5F594D
c93d273e09a0e73ffbcd,1, #443F35
c93d273e09a0e73ffbcd,32,#E8DEC8
c93d273e09a0e73ffbcd,1, #FDFAF1
c93d273e09a0e73ffbcd,12, #989180
c943bf6d485f8da62e9e,14, #949083
c943bf6d485f8da62e9e,4, #47463D
c943bf6d485f8da62e9e,20, #D5D0C0
c943bf6d485f8da62e9e,6, #6C695E
c943bf6d485f8da62e9e,14, #BBB7A9
c943bf6d485f8da62e9e,39,#F0EEE2
c94c5db7a8c8a3d1f88a,2, #61371E
c94c5db7a8c8a3d1f88a,11, #C1B9AA
c94c5db7a8c8a3d1f88a,11, #A5988C
c94c5db7a8c8a3d1f88a,9, #75563B
c94c5db7a8c8a3d1f88a,24, #8D7A69
c94c5db7a8c8a3d1f88a,40,#EAE5D5
c94f7c101654148cb792,7,#E8E4D3
c94f7c101654148cb792,1, #C4BEAD
c94f7c101654148cb792,23, #73675F
c94f7c101654148cb792,14, #9D958C
c94f7c101654148cb792,25, #33231C
c94f7c101654148cb792,28, #54423A
c954ec0e6bb75adab95f,18, #868274
c954ec0e6bb75adab95f,3,#FDFAF6
c954ec0e6bb75adab95f,27, #615D50
c954ec0e6bb75adab95f,10, #B3AF9F
c954ec0e6bb75adab95f,13, #3D3A30
c954ec0e6bb75adab95f,27, #DFD9C9
c9629ca0faf3e79aa633,2, #ECECEA
c9629ca0faf3e79aa633,32, #878075
c9629ca0faf3e79aa633,11, #696055
c9629ca0faf3e79aa633,34,#B0A999
c9629ca0faf3e79aa633,3, #2E2014
c9629ca0faf3e79aa633,7, #CECDC3
c9629ca0faf3e79aa633,9, #514639
c963576d8396884b7287,10, #32312C
c963576d8396884b7287,18, #7A776B
c963576d8396884b7287,12, #BDB8A9
c963576d8396884b7287,18, #D9D4C3
c963576d8396884b7287,13, #9E9A8D
c963576d8396884b7287,22,#514F46
c963576d8396884b7287,4, #F6F3E9
c96db27206b36210128f,15,#F2EFE4
c96db27206b36210128f,17, #4F4C44
c96db27206b36210128f,50, #2D2A23
c96db27206b36210128f,5, #959287
c96db27206b36210128f,2, #BFBAA9
c96db27206b36210128f,7, #726F66
c973387c0df5a654d28e,8, #767061
c973387c0df5a654d28e,9, #948F80
c973387c0df5a654d28e,1, #575346
c973387c0df5a654d28e,0, #37352B
c973387c0df5a654d28e,9, #FAFAF7
c973387c0df5a654d28e,27, #BBB4A0
c973387c0df5a654d28e,42,#E9E5D1
c977f6c9788692c7c36a,15, #7C534C
c977f6c9788692c7c36a,11, #3B1B1D
c977f6c9788692c7c36a,22,#593F3A
c977f6c9788692c7c36a,15, #BFB59A
c977f6c9788692c7c36a,8, #DBD6C1
c977f6c9788692c7c36a,15, #A98B7D
c977f6c9788692c7c36a,12, #8D6B5D
c9786d84c9ad1e4bd345,0, #9C968B
c9786d84c9ad1e4bd345,46, #D1C9B7
c9786d84c9ad1e4bd345,47, #EFE6D4
c9786d84c9ad1e4bd345,0,#7C7469
c9786d84c9ad1e4bd345,3, #B6AD9D
c9786d84c9ad1e4bd345,2, #FBF9F0
c982373b05f1c3097a46,59, #E6DFCB
c982373b05f1c3097a46,1, #695544
c982373b05f1c3097a46,7, #998E7C
c982373b05f1c3097a46,3, #7F6C57
c982373b05f1c3097a46,1,#FAF8EF
c982373b05f1c3097a46,26, #CABA9A
c98d4aa575061ade5f8b,45,#C0BDAC
c98d4aa575061ade5f8b,3, #1D1809
c98d4aa575061ade5f8b,19, #9D9687
c98d4aa575061ade5f8b,10, #ECEAE5
c98d4aa575061ade5f8b,9, #585041
c98d4aa575061ade5f8b,4, #3B3323
c98d4aa575061ade5f8b,7, #7A7161
c993be8ac19da107bdc4,20, #A79D6F
c993be8ac19da107bdc4,20,#897E4E
c993be8ac19da107bdc4,15, #4D3F1C
c993be8ac19da107bdc4,8, #100D03
c993be8ac19da107bdc4,11, #655832
c993be8ac19da107bdc4,8, #CAC39A
c993be8ac19da107bdc4,14, #36290C
c9954f7403ec810146bc,25, #363633
c9954f7403ec810146bc,7, #A29E92
c9954f7403ec810146bc,8,#E9E5DB
c9954f7403ec810146bc,7, #605F57
c9954f7403ec810146bc,12, #7F7D73
c9954f7403ec810146bc,38, #C2BDB0
c997768bfb717bdf8245,14, #ACA99E
c997768bfb717bdf8245,12, #3A3B35
c997768bfb717bdf8245,10, #8C8A80
c997768bfb717bdf8245,39, #D6D2C6
c997768bfb717bdf8245,2,#FAF9F6
c997768bfb717bdf8245,19, #64635A
c9a2050e9c76e7233a4d,23, #7F7D70
c9a2050e9c76e7233a4d,11, #C4BFAD
c9a2050e9c76e7233a4d,24, #58574D
c9a2050e9c76e7233a4d,15,#EDE7D2
c9a2050e9c76e7233a4d,17, #383830
c9a2050e9c76e7233a4d,7, #A29E90
c9a88403538b070976fc,21, #6F675C
c9a88403538b070976fc,15, #B2A792
c9a88403538b070976fc,29, #3C372F
c9a88403538b070976fc,6,#8D857A
c9a88403538b070976fc,7, #DBD2C0
c9a88403538b070976fc,20, #544D43
c9abe8809781271d118f,0, #F2F5FB
c9abe8809781271d118f,10, #9DB0BE
c9abe8809781271d118f,24, #626C5F
c9abe8809781271d118f,42,#1B2217
c9abe8809781271d118f,2, #D3D0CF
c9abe8809781271d118f,20, #334740
c9ac00245ea9817601f1,4, #525238
c9ac00245ea9817601f1,4,#857F58
c9ac00245ea9817601f1,28, #36321E
c9ac00245ea9817601f1,50, #16150B
c9ac00245ea9817601f1,6, #5E6555
c9ac00245ea9817601f1,4, #A8A88C
c9ae914fdca1c4cab56a,6, #584C2A
c9ae914fdca1c4cab56a,3, #9D9570
c9ae914fdca1c4cab56a,4, #7F7346
c9ae914fdca1c4cab56a,31, #382E1A
c9ae914fdca1c4cab56a,6, #D7D5BC
c9ae914fdca1c4cab56a,31,#1A1309
c9ae914fdca1c4cab56a,15, #BFB687
c9b04eff7f4a451c306f,21, #88806D
c9b04eff7f4a451c306f,17, #B2AC93
c9b04eff7f4a451c306f,7, #4E4536
c9b04eff7f4a451c306f,14, #F4F0DD
c9b04eff7f4a451c306f,9, #D8D0B9
c9b04eff7f4a451c306f,5, #1C1610
c9b04eff7f4a451c306f,24,#676152
c9b107d700ba63df7e1f,1,#C6A572
c9b107d700ba63df7e1f,70, #190A04
c9b107d700ba63df7e1f,2, #A05F3D
c9b107d700ba63df7e1f,0, #DBCDA7
c9b107d700ba63df7e1f,23, #563219
c9b107d700ba63df7e1f,2, #A82B1F
c9b696dd1ce7e836aa07,7, #726D5E
c9b696dd1ce7e836aa07,13, #D2CDBB
c9b696dd1ce7e836aa07,10, #B2AE9C
c9b696dd1ce7e836aa07,7, #938E80
c9b696dd1ce7e836aa07,6, #444136
c9b696dd1ce7e836aa07,55,#F3F1E3
c9bcaacb745fab6df622,12,#FBFAF7
c9bcaacb745fab6df622,23, #BFBBA3
c9bcaacb745fab6df622,34, #E6DDC2
c9bcaacb745fab6df622,7, #77766E
c9bcaacb745fab6df622,20, #9A988A
c9bcaacb745fab6df622,1, #5A5448
c9c9416bc50ea0c908f8,27, #DAD4C3
c9c9416bc50ea0c908f8,29, #B5B1A1
c9c9416bc50ea0c908f8,32, #888477
c9c9416bc50ea0c908f8,5, #625F54
c9c9416bc50ea0c908f8,2,#FAF8F1
c9c9416bc50ea0c908f8,1, #48453C
c9d3c1767e3fd5bb6fa8,5, #252219
c9d3c1767e3fd5bb6fa8,29,#948C74
c9d3c1767e3fd5bb6fa8,4, #BAA377
c9d3c1767e3fd5bb6fa8,12, #69624B
c9d3c1767e3fd5bb6fa8,9, #4E4632
c9d3c1767e3fd5bb6fa8,9, #3D3626
c9d3c1767e3fd5bb6fa8,28, #777567
c9d955fce6d697f65962,3, #CFC7AB
c9d955fce6d697f65962,3,#DCD5BB
c9d955fce6d697f65962,12, #968E7B
c9d955fce6d697f65962,31, #E9E5D1
c9d955fce6d697f65962,7, #BCB093
c9d955fce6d697f65962,41, #F9F9F5
c9da5eb45cd774645ddc,0, #47362E
c9da5eb45cd774645ddc,7, #8C8088
c9da5eb45cd774645ddc,11,#F0EFEB
c9da5eb45cd774645ddc,8, #AFA595
c9da5eb45cd774645ddc,4, #66574C
c9da5eb45cd774645ddc,67, #D6D1BA
c9df8ea52a6d4fd801cc,9, #E8DECF
c9df8ea52a6d4fd801cc,9, #443F3D
c9df8ea52a6d4fd801cc,0,#FEFBEF
c9df8ea52a6d4fd801cc,6, #CABFAE
c9df8ea52a6d4fd801cc,58, #7B736C
c9df8ea52a6d4fd801cc,16, #AAA195
c9e6cc6b13e4e05133eb,0, #655E4E
c9e6cc6b13e4e05133eb,24, #D2CDB8
c9e6cc6b13e4e05133eb,1, #7C7664
c9e6cc6b13e4e05133eb,8, #B2AC9A
c9e6cc6b13e4e05133eb,58,#F9F7EB
c9e6cc6b13e4e05133eb,6, #97927F
c9e9b985bd237395bdf0,0, #6B5338
c9e9b985bd237395bdf0,6, #988C79
c9e9b985bd237395bdf0,2, #A6A092
c9e9b985bd237395bdf0,73,#7E7669
c9e9b985bd237395bdf0,0, #D6D4CD
c9e9b985bd237395bdf0,11, #C0BEB3
c9e9b985bd237395bdf0,4, #79664F
c9ee47cd132affe63604,24,#E9E8D8
c9ee47cd132affe63604,6, #3A281C
c9ee47cd132affe63604,14, #584531
c9ee47cd132affe63604,15, #736145
c9ee47cd132affe63604,15, #B4AB8D
c9ee47cd132affe63604,19, #928669
c9ee47cd132affe63604,3, #CCC8AD
c9ef5d8dc3e4e85097c5,42, #D4C58A
c9ef5d8dc3e4e85097c5,14, #BCAA6F
c9ef5d8dc3e4e85097c5,3, #473A24
c9ef5d8dc3e4e85097c5,15,#705F3C
c9ef5d8dc3e4e85097c5,21, #958656
c9ef5d8dc3e4e85097c5,2, #F2EAC0
c9f59c9207655ed37f74,55, #DBD1C7
c9f59c9207655ed37f74,10, #706B61
c9f59c9207655ed37f74,4, #48453F
c9f59c9207655ed37f74,14, #999287
c9f59c9207655ed37f74,2,#F7F1EA
c9f59c9207655ed37f74,13, #BCB5A8
c9f5f3c0812b4f15b48b,7, #7B7051
c9f5f3c0812b4f15b48b,39, #654E32
c9f5f3c0812b4f15b48b,0, #C6BD9B
c9f5f3c0812b4f15b48b,35, #1D1B11
c9f5f3c0812b4f15b48b,7,#6A7679
c9f5f3c0812b4f15b48b,9, #A0987D
ca0b34fea023dd32a764,18, #7D7B71
ca0b34fea023dd32a764,5, #403F39
ca0b34fea023dd32a764,9, #BEBAB0
ca0b34fea023dd32a764,3, #A39F96
ca0b34fea023dd32a764,53,#EBE6DA
ca0b34fea023dd32a764,9, #5C5B52
ca11ebf0202ab8251ab2,15, #858173
ca11ebf0202ab8251ab2,41,#E0DBC9
ca11ebf0202ab8251ab2,2, #FCF8E6
ca11ebf0202ab8251ab2,12, #BFBAAA
ca11ebf0202ab8251ab2,13, #A39F91
ca11ebf0202ab8251ab2,2, #3B382C
ca11ebf0202ab8251ab2,12, #5B584B
ca1a50ccaf9e154e6765,1, #2F2720
ca1a50ccaf9e154e6765,35,#D0CFC2
ca1a50ccaf9e154e6765,2, #6B5749
ca1a50ccaf9e154e6765,26, #B3AEA1
ca1a50ccaf9e154e6765,2, #4E4034
ca1a50ccaf9e154e6765,5, #816E60
ca1a50ccaf9e154e6765,25, #9D9080
ca1b52784055d5dff097,14, #9F9984
ca1b52784055d5dff097,17, #555142
ca1b52784055d5dff097,12, #C3BDA6
ca1b52784055d5dff097,36, #77715D
ca1b52784055d5dff097,0,#FBF7E1
ca1b52784055d5dff097,18, #E6DFC6
ca20724c4186eaadb2a5,44,#574240
ca20724c4186eaadb2a5,34, #85593F
ca20724c4186eaadb2a5,0, #B68A51
ca20724c4186eaadb2a5,0, #CAA060
ca20724c4186eaadb2a5,15, #2A2122
ca20724c4186eaadb2a5,4, #A96F43
ca20724c4186eaadb2a5,0, #DDB975
ca235d229b09e381adbb,59,#0B0B0B
ca235d229b09e381adbb,4, #B3A07E
ca235d229b09e381adbb,6, #928768
ca235d229b09e381adbb,4, #C9C6AD
ca235d229b09e381adbb,13, #2A2418
ca235d229b09e381adbb,10, #625335
ca34292514a88f956e9a,17, #B2ACA0
ca34292514a88f956e9a,4,#F8F5E3
ca34292514a88f956e9a,32, #D4CEBE
ca34292514a88f956e9a,19, #646058
ca34292514a88f956e9a,23, #8E8980
ca34292514a88f956e9a,2, #403D35
ca35143a7633e2fc05a7,7, #76786D
ca35143a7633e2fc05a7,3, #373930
ca35143a7633e2fc05a7,35,#F6F5EF
ca35143a7633e2fc05a7,20, #D6D5CB
ca35143a7633e2fc05a7,21, #A5A69B
ca35143a7633e2fc05a7,10, #595B50
ca3536bd1ceb5c857af9,16, #888572
ca3536bd1ceb5c857af9,20, #A09C88
ca3536bd1ceb5c857af9,12, #6F6D5C
ca3536bd1ceb5c857af9,17, #BBB398
ca3536bd1ceb5c857af9,5,#F5F2E5
ca3536bd1ceb5c857af9,28, #D8CFB2
ca39e40ae2b44920e251,47, #443825
ca39e40ae2b44920e251,47, #685E4E
ca39e40ae2b44920e251,0, #A39E98
ca39e40ae2b44920e251,0,#837F79
ca39e40ae2b44920e251,0, #EFEEEE
ca39e40ae2b44920e251,2, #C6C1B9
ca59cdec54c4dab709ef,60, #39231C
ca59cdec54c4dab709ef,6, #6B564A
ca59cdec54c4dab709ef,0,#FDF6E4
ca59cdec54c4dab709ef,18, #E0D8C7
ca59cdec54c4dab709ef,6, #B7AB9B
ca59cdec54c4dab709ef,6, #8B7B6E
ca59ce05aee080cac4e9,6, #514D41
ca59ce05aee080cac4e9,5, #888476
ca59ce05aee080cac4e9,5, #BBB298
ca59ce05aee080cac4e9,1, #1D190F
ca59ce05aee080cac4e9,78, #E4DFCB
ca59ce05aee080cac4e9,1,#FCFAE7
ca5cc0ec9881ebf9d4cb,2, #B2AF9C
ca5cc0ec9881ebf9d4cb,3, #918D80
ca5cc0ec9881ebf9d4cb,3, #FBFAF1
ca5cc0ec9881ebf9d4cb,3, #D6D4C2
ca5cc0ec9881ebf9d4cb,2, #737064
ca5cc0ec9881ebf9d4cb,71,#3B3933
ca5cc0ec9881ebf9d4cb,13, #55534B
ca63416a1a4b02781e70,21, #F6F0DB
ca63416a1a4b02781e70,35,#D3CCB8
ca63416a1a4b02781e70,7, #48463C
ca63416a1a4b02781e70,16, #A49F8D
ca63416a1a4b02781e70,12, #6A6658
ca63416a1a4b02781e70,0, #2E2C26
ca63416a1a4b02781e70,5, #827D6F
ca64d3fe9966d0a15bea,66, #15100B
ca64d3fe9966d0a15bea,0, #B5A785
ca64d3fe9966d0a15bea,2, #534C35
ca64d3fe9966d0a15bea,0,#978C68
ca64d3fe9966d0a15bea,28, #55311D
ca64d3fe9966d0a15bea,1, #766C3D
ca69b31ca96918293a0a,56, #2D2C25
ca69b31ca96918293a0a,3, #D9BA88
ca69b31ca96918293a0a,2, #B6A178
ca69b31ca96918293a0a,7, #847B5D
ca69b31ca96918293a0a,0, #EDDEA9
ca69b31ca96918293a0a,29,#5B553C
ca6be1d0306de20a3c19,5, #2C241F
ca6be1d0306de20a3c19,13, #564F48
ca6be1d0306de20a3c19,10, #A8A08E
ca6be1d0306de20a3c19,16, #C4BDA5
ca6be1d0306de20a3c19,34,#DBD8C5
ca6be1d0306de20a3c19,2, #F5F3DD
ca6be1d0306de20a3c19,17, #80786C
ca716c60252419690abd,1, #413839
ca716c60252419690abd,10, #9A9492
ca716c60252419690abd,5, #777070
ca716c60252419690abd,2, #5B5254
ca716c60252419690abd,58, #C8BEB7
ca716c60252419690abd,21,#DEDAD2
ca7c8d39034e5f2e6069,10, #BEBAAA
ca7c8d39034e5f2e6069,15, #54524B
ca7c8d39034e5f2e6069,10, #33332E
ca7c8d39034e5f2e6069,19, #979388
ca7c8d39034e5f2e6069,26,#D9D5C2
ca7c8d39034e5f2e6069,13, #727067
ca7c8d39034e5f2e6069,3, #F4EFD7
ca7f4cd2caaa42894ca2,4, #B7AFA3
ca7f4cd2caaa42894ca2,0, #45423C
ca7f4cd2caaa42894ca2,2, #615D55
ca7f4cd2caaa42894ca2,50,#D3C9BC
ca7f4cd2caaa42894ca2,29, #EEE6D7
ca7f4cd2caaa42894ca2,7, #989288
ca7f4cd2caaa42894ca2,5, #7E796F
ca811658d5ef7ac46e14,0, #5A574A
ca811658d5ef7ac46e14,2, #77766F
ca811658d5ef7ac46e14,69,#E4DECB
ca811658d5ef7ac46e14,10, #CFC5AA
ca811658d5ef7ac46e14,3, #918E83
ca811658d5ef7ac46e14,9, #AFA58C
ca811658d5ef7ac46e14,3, #F8F6F0
ca82008b522a1dcd3b0b,9, #897857
ca82008b522a1dcd3b0b,18, #B6AA94
ca82008b522a1dcd3b0b,14, #262520
ca82008b522a1dcd3b0b,30,#DEC898
ca82008b522a1dcd3b0b,8, #605745
ca82008b522a1dcd3b0b,11, #0C0D0E
ca82008b522a1dcd3b0b,7, #464034
ca8b03e3c2996033088d,85,#261E12
ca8b03e3c2996033088d,1, #716853
ca8b03e3c2996033088d,1, #95876B
ca8b03e3c2996033088d,0, #B8B6A2
ca8b03e3c2996033088d,7, #4E3C26
ca8b03e3c2996033088d,2, #5C513B
ca8b03e3c2996033088d,0, #AB9F82
ca8e8a976cbb06e93472,17, #4E4C43
ca8e8a976cbb06e93472,10, #949082
ca8e8a976cbb06e93472,13,#F3F0E4
ca8e8a976cbb06e93472,6, #716E63
ca8e8a976cbb06e93472,36, #C8C1AB
ca8e8a976cbb06e93472,15, #2A2821
ca91b3116d65820bbec2,7, #A4986A
ca91b3116d65820bbec2,18, #837B5E
ca91b3116d65820bbec2,1, #C0B07A
ca91b3116d65820bbec2,1, #1F1E18
ca91b3116d65820bbec2,24, #564F37
ca91b3116d65820bbec2,25,#3A3624
ca91b3116d65820bbec2,21, #6A6349
ca96084fb26583788ca7,4, #86847A
ca96084fb26583788ca7,13, #FAFAF6
ca96084fb26583788ca7,1, #C0BEB2
ca96084fb26583788ca7,1, #A4A399
ca96084fb26583788ca7,63,#E4E1D2
ca96084fb26583788ca7,14, #616055
ca96084fb26583788ca7,1, #414038
ca9efad162367b7ee9b4,21, #D5CFBA
ca9efad162367b7ee9b4,10, #433F35
ca9efad162367b7ee9b4,18, #686250
ca9efad162367b7ee9b4,15, #B7B09A
ca9efad162367b7ee9b4,1,#F7F4EB
ca9efad162367b7ee9b4,32, #8B8573
caa496e8e3dd9bafeb5a,4, #D6CEBB
caa496e8e3dd9bafeb5a,1, #F0E9D4
caa496e8e3dd9bafeb5a,11,#7E7A6B
caa496e8e3dd9bafeb5a,76, #514D44
caa496e8e3dd9bafeb5a,2, #B4AE9C
caa496e8e3dd9bafeb5a,3, #999485
caaf2c890bf081d1858d,27, #464941
caaf2c890bf081d1858d,37, #DAD5C9
caaf2c890bf081d1858d,2,#FBF9F6
caaf2c890bf081d1858d,17, #A9A69B
caaf2c890bf081d1858d,14, #7B7C6F
caaf2c890bf081d1858d,0, #B99765
cac1ff3a269b25ffd0b5,0,#5A584C
cac1ff3a269b25ffd0b5,2, #908D82
cac1ff3a269b25ffd0b5,6, #D4CFBF
cac1ff3a269b25ffd0b5,0, #747063
cac1ff3a269b25ffd0b5,86, #F5F0E2
cac1ff3a269b25ffd0b5,4, #B3AEA2
cac80dbc6655cc209816,2, #DCC48E
cac80dbc6655cc209816,24, #AA8E5F
cac80dbc6655cc209816,34,#894A29
cac80dbc6655cc209816,2, #474645
cac80dbc6655cc209816,18, #090604
cac80dbc6655cc209816,0, #F3E3B3
cac80dbc6655cc209816,18, #302620
cac8d18ebf258e537441,45, #DAD2BB
cac8d18ebf258e537441,0, #565143
cac8d18ebf258e537441,11, #928C7B
cac8d18ebf258e537441,15,#F8F6EC
cac8d18ebf258e537441,4, #75705F
cac8d18ebf258e537441,22, #B7AF9A
cadb62ddf4d58b34a539,29, #D6D5C3
cadb62ddf4d58b34a539,4, #7E8078
cadb62ddf4d58b34a539,0,#3A3E37
cadb62ddf4d58b34a539,21, #A2A298
cadb62ddf4d58b34a539,6, #5A6056
cadb62ddf4d58b34a539,38, #BCBBA9
cadba5f5843e4d610593,0, #EEF3F2
cadba5f5843e4d610593,11, #5B5B45
cadba5f5843e4d610593,2, #959D8E
cadba5f5843e4d610593,0, #BDC5BE
cadba5f5843e4d610593,3, #77865F
cadba5f5843e4d610593,55,#151007
cadba5f5843e4d610593,25, #522A17
cae5ce0ec57903eca53a,0, #4B5C5E
cae5ce0ec57903eca53a,28, #635B36
cae5ce0ec57903eca53a,13, #7E785D
cae5ce0ec57903eca53a,20,#574D1F
cae5ce0ec57903eca53a,9, #3C3722
cae5ce0ec57903eca53a,29, #726B4C
caef948b052c797fc068,0,#565A52
caef948b052c797fc068,8, #855234
caef948b052c797fc068,25, #17110A
caef948b052c797fc068,7, #8B7A55
caef948b052c797fc068,9, #A5A489
caef948b052c797fc068,49, #503722
caf03135feeb8d547710,0, #CDB98B
caf03135feeb8d547710,6, #716A4F
caf03135feeb8d547710,26, #594A33
caf03135feeb8d547710,0, #E2D5A9
caf03135feeb8d547710,5, #8C8360
caf03135feeb8d547710,2, #B5A270
caf03135feeb8d547710,58,#282218
cafe894a714679d2f647,48, #CCC5AE
cafe894a714679d2f647,14, #857866
cafe894a714679d2f647,2, #4D3E2F
cafe894a714679d2f647,9,#F8F6EE
cafe894a714679d2f647,12, #A49E8C
cafe894a714679d2f647,12, #685945
cb05ac9707874178ba50,2,#F4F3E6
cb05ac9707874178ba50,11, #AEA99A
cb05ac9707874178ba50,42, #313129
cb05ac9707874178ba50,14, #868376
cb05ac9707874178ba50,22, #646055
cb05ac9707874178ba50,5, #D4D1C0
cb09f710ff9b28e8b0cc,5, #826D45
cb09f710ff9b28e8b0cc,47,#423223
cb09f710ff9b28e8b0cc,10, #6F4E2E
cb09f710ff9b28e8b0cc,2, #D4CEA7
cb09f710ff9b28e8b0cc,8, #C1B78A
cb09f710ff9b28e8b0cc,18, #1F1913
cb09f710ff9b28e8b0cc,6, #A39264
cb130bd203e3d23bfaff,19, #7A796B
cb130bd203e3d23bfaff,15, #56564B
cb130bd203e3d23bfaff,6, #D6D3C4
cb130bd203e3d23bfaff,9, #9E9C8D
cb130bd203e3d23bfaff,33,#F5F4EE
cb130bd203e3d23bfaff,4, #3A3932
cb130bd203e3d23bfaff,11, #BEBBAB
cb144aa381fb1522c82e,23, #725D44
cb144aa381fb1522c82e,43, #BAB191
cb144aa381fb1522c82e,10, #978E7B
cb144aa381fb1522c82e,6, #DFDBC7
cb144aa381fb1522c82e,2,#F9F8F1
cb144aa381fb1522c82e,14, #402A1C
cb2881c4928c4dfa56dd,6, #413F36
cb2881c4928c4dfa56dd,5, #656054
cb2881c4928c4dfa56dd,2, #D7D1BF
cb2881c4928c4dfa56dd,0, #A59F8E
cb2881c4928c4dfa56dd,0, #BFB9A7
cb2881c4928c4dfa56dd,1, #837E70
cb2881c4928c4dfa56dd,82,#F3EFDE
cb2e8aa78014d9a38181,9, #4A4544
cb2e8aa78014d9a38181,14, #8E877F
cb2e8aa78014d9a38181,14, #DFD7C8
cb2e8aa78014d9a38181,29, #B7AFA4
cb2e8aa78014d9a38181,16, #736C68
cb2e8aa78014d9a38181,15,#FAF6E8
cb31718634a6cf12be31,25, #DBD5C3
cb31718634a6cf12be31,17, #878374
cb31718634a6cf12be31,18, #B4AF9F
cb31718634a6cf12be31,28,#F4EFDB
cb31718634a6cf12be31,3, #3B3B2F
cb31718634a6cf12be31,7, #5F5D4F
cb32a1ea11b7eeaae9e1,3, #86886F
cb32a1ea11b7eeaae9e1,4, #AAAD8C
cb32a1ea11b7eeaae9e1,16,#F8F7E6
cb32a1ea11b7eeaae9e1,1, #646247
cb32a1ea11b7eeaae9e1,0, #48422F
cb32a1ea11b7eeaae9e1,74, #D6D1B5
cb3b2235ef5f53b7babd,33, #4B4030
cb3b2235ef5f53b7babd,0, #81653E
cb3b2235ef5f53b7babd,2, #977A51
cb3b2235ef5f53b7babd,26, #050403
cb3b2235ef5f53b7babd,33,#211C17
cb3b2235ef5f53b7babd,3, #685539
cb3b2235ef5f53b7babd,0, #AA906A
cb4b29a4a0164ac3fff6,0, #B1A895
cb4b29a4a0164ac3fff6,44,#100E12
cb4b29a4a0164ac3fff6,0, #8F6D35
cb4b29a4a0164ac3fff6,1, #918063
cb4b29a4a0164ac3fff6,14, #523E2C
cb4b29a4a0164ac3fff6,7, #6D5F49
cb4b29a4a0164ac3fff6,30, #362720
cb4cf7263f7ffd029efa,15, #C8AD9B
cb4cf7263f7ffd029efa,5, #4A4641
cb4cf7263f7ffd029efa,9, #977767
cb4cf7263f7ffd029efa,52, #E3D8CC
cb4cf7263f7ffd029efa,9, #B09381
cb4cf7263f7ffd029efa,7,#6A6259
cb4e4c2cc00e8c98fd56,11, #CFC6AE
cb4e4c2cc00e8c98fd56,19, #ACA592
cb4e4c2cc00e8c98fd56,18, #EAE2CA
cb4e4c2cc00e8c98fd56,11, #494539
cb4e4c2cc00e8c98fd56,27, #7E7765
cb4e4c2cc00e8c98fd56,10,#FBF9F3
cb517e2495ba1a8054d8,3, #BCB194
cb517e2495ba1a8054d8,54, #554C3B
cb517e2495ba1a8054d8,35,#080806
cb517e2495ba1a8054d8,0, #8F114B
cb517e2495ba1a8054d8,0, #EBEBEB
cb517e2495ba1a8054d8,7, #778284
cb594b5219491ef010cb,16, #A6A297
cb594b5219491ef010cb,24, #C4C0B4
cb594b5219491ef010cb,4, #626056
cb594b5219491ef010cb,39, #DDD9CD
cb594b5219491ef010cb,5, #F7F3E4
cb594b5219491ef010cb,9,#89867C
cb5a0236f9fda8f55224,44, #5C493B
cb5a0236f9fda8f55224,15, #271A16
cb5a0236f9fda8f55224,7, #F1EBC2
cb5a0236f9fda8f55224,17,#796F6D
cb5a0236f9fda8f55224,2, #C6BFAC
cb5a0236f9fda8f55224,11, #AB9977
cb5ba090ae81f508f4c7,10, #4E3A1B
cb5ba090ae81f508f4c7,8, #6C5226
cb5ba090ae81f508f4c7,0, #615E50
cb5ba090ae81f508f4c7,28,#AA9970
cb5ba090ae81f508f4c7,14, #2D2419
cb5ba090ae81f508f4c7,27, #B3A98C
cb5ba090ae81f508f4c7,10, #8D6F3A
cb5c0c6b1ee9698576d2,13, #4E4D4C
cb5c0c6b1ee9698576d2,8, #7A7A79
cb5c0c6b1ee9698576d2,6, #D1D2D2
cb5c0c6b1ee9698576d2,7, #EEEFEF
cb5c0c6b1ee9698576d2,4, #B6B7B6
cb5c0c6b1ee9698576d2,4, #9C9C9C
cb5c0c6b1ee9698576d2,55,#1F201D
cb5d51dd96f2c956333f,31, #CEC693
cb5d51dd96f2c956333f,7, #473319
cb5d51dd96f2c956333f,10, #AEA26A
cb5d51dd96f2c956333f,17, #5C583F
cb5d51dd96f2c956333f,33, #8A7C46
cb5d51dd96f2c956333f,1,#E4DEAE
cb634ff38e0e0a1217db,16, #4F4439
cb634ff38e0e0a1217db,12, #948C7C
cb634ff38e0e0a1217db,16, #716658
cb634ff38e0e0a1217db,6, #312820
cb634ff38e0e0a1217db,36,#D4CDB6
cb634ff38e0e0a1217db,4, #F3F0E5
cb634ff38e0e0a1217db,7, #B6AE99
cb65dffef53e91fce859,5, #A9A493
cb65dffef53e91fce859,2, #8E8B7F
cb65dffef53e91fce859,17, #DCD9C9
cb65dffef53e91fce859,1, #494539
cb65dffef53e91fce859,1, #716D5F
cb65dffef53e91fce859,5, #C1BBA9
cb65dffef53e91fce859,65,#F5F4EC
cb6e8b215d2142000869,2,#F3EBDA
cb6e8b215d2142000869,10, #B9B4A6
cb6e8b215d2142000869,25, #918B81
cb6e8b215d2142000869,10, #D5CFC0
cb6e8b215d2142000869,21, #3F3B39
cb6e8b215d2142000869,29, #69625E
cb71682ac2ae79e4ac7a,21, #B5B498
cb71682ac2ae79e4ac7a,10,#708785
cb71682ac2ae79e4ac7a,42, #393532
cb71682ac2ae79e4ac7a,15, #8D6956
cb71682ac2ae79e4ac7a,3, #E9E1D5
cb71682ac2ae79e4ac7a,6, #315E7E
cb73a58c0bf8fa41a88d,70,#F8F6EE
cb73a58c0bf8fa41a88d,5, #A39C8B
cb73a58c0bf8fa41a88d,1, #636053
cb73a58c0bf8fa41a88d,0, #484030
cb73a58c0bf8fa41a88d,4, #7F7C6F
cb73a58c0bf8fa41a88d,6, #C4BCA8
cb73a58c0bf8fa41a88d,11, #DED6C3
cb76a2ba3988037f2af0,58, #C1B7A1
cb76a2ba3988037f2af0,15, #7F775D
cb76a2ba3988037f2af0,12, #9E988B
cb76a2ba3988037f2af0,1,#FDFBF2
cb76a2ba3988037f2af0,7, #4C4634
cb76a2ba3988037f2af0,4, #E1DAC2
cb7cd267031bf971958e,8, #A79F8F
cb7cd267031bf971958e,21, #372B20
cb7cd267031bf971958e,11, #5C5244
cb7cd267031bf971958e,12, #877D70
cb7cd267031bf971958e,23,#C3BCA8
cb7cd267031bf971958e,17, #D8D4C5
cb7cd267031bf971958e,4, #F2EFEE
cb7d487c9822407bca59,46, #1B1913
cb7d487c9822407bca59,1, #E5D9B0
cb7d487c9822407bca59,0, #FCFAE1
cb7d487c9822407bca59,5,#BFAF8A
cb7d487c9822407bca59,13, #8D7D59
cb7d487c9822407bca59,33, #594E36
cb7f20d81a182187f479,15, #A5987B
cb7f20d81a182187f479,17, #5A543D
cb7f20d81a182187f479,0, #B8B3AA
cb7f20d81a182187f479,17, #1C180F
cb7f20d81a182187f479,11, #80723E
cb7f20d81a182187f479,33,#3B3625
cb7f20d81a182187f479,4, #8C856E
cb806d51977589bafa75,16, #CDC5AE
cb806d51977589bafa75,8,#F3F0E8
cb806d51977589bafa75,7, #383931
cb806d51977589bafa75,19, #A69F8A
cb806d51977589bafa75,26, #5C5B4F
cb806d51977589bafa75,21, #7E7B6E
cb8f0996829d08289692,9, #55462B
cb8f0996829d08289692,29, #2F2F27
cb8f0996829d08289692,2, #967E59
cb8f0996829d08289692,53, #0F120C
cb8f0996829d08289692,2,#725E3E
cb8f0996829d08289692,1, #B2966E
cb9a931841918da739fc,21, #504C42
cb9a931841918da739fc,14, #8C8F86
cb9a931841918da739fc,41, #27231F
cb9a931841918da739fc,0, #7C614C
cb9a931841918da739fc,3,#BBBDB4
cb9a931841918da739fc,19, #6B7373
cb9fcbe90e5399eee383,5, #A8A17F
cb9fcbe90e5399eee383,21, #8E895E
cb9fcbe90e5399eee383,53, #696531
cb9fcbe90e5399eee383,16, #30341F
cb9fcbe90e5399eee383,0, #D3C6AB
cb9fcbe90e5399eee383,2,#F4E9CD
cba49142b89fa746d653,24,#6D5D37
cba49142b89fa746d653,44, #463620
cba49142b89fa746d653,0, #BBA767
cba49142b89fa746d653,3, #DCD39C
cba49142b89fa746d653,13, #948454
cba49142b89fa746d653,14, #191811
cba7c944983b3236fd97,5, #30322C
cba7c944983b3236fd97,23, #747367
cba7c944983b3236fd97,22, #A7A396
cba7c944983b3236fd97,6,#F5F2E8
cba7c944983b3236fd97,13, #4D4D44
cba7c944983b3236fd97,28, #D0CBBD
cba80899e9a0c76b7a87,7, #314B4A
cba80899e9a0c76b7a87,14, #90865D
cba80899e9a0c76b7a87,39, #3D190C
cba80899e9a0c76b7a87,32, #584424
cba80899e9a0c76b7a87,5, #596C5C
cba80899e9a0c76b7a87,0,#1C2929
cbaa83adf9751a3255ba,0, #FCFAF3
cbaa83adf9751a3255ba,5, #474140
cbaa83adf9751a3255ba,25, #99918A
cbaa83adf9751a3255ba,26, #C3B9AF
cbaa83adf9751a3255ba,27,#6C6461
cbaa83adf9751a3255ba,13, #E2D8CD
cbace20c591c1c028b86,32, #A39FA8
cbace20c591c1c028b86,7,#F9F9FC
cbace20c591c1c028b86,32, #131112
cbace20c591c1c028b86,16, #D9D8BF
cbace20c591c1c028b86,8, #7A5D54
cbace20c591c1c028b86,2, #3B3343
cbb7f6f44104950bd151,11, #616D6D
cbb7f6f44104950bd151,38, #272B23
cbb7f6f44104950bd151,0, #AFBDC1
cbb7f6f44104950bd151,31, #47504C
cbb7f6f44104950bd151,12,#EFEEE9
cbb7f6f44104950bd151,4, #6286A4
cbbbed302128d1aac494,30, #79756C
cbbbed302128d1aac494,3,#F7F3E5
cbbbed302128d1aac494,28, #D3CDBD
cbbbed302128d1aac494,0, #403E37
cbbbed302128d1aac494,6, #57544C
cbbbed302128d1aac494,29, #A7A396
cbbd48cf093bc2d8ffe1,14, #432F1A
cbbd48cf093bc2d8ffe1,6, #8A7C66
cbbd48cf093bc2d8ffe1,1, #B7A481
cbbd48cf093bc2d8ffe1,1, #DED1B7
cbbd48cf093bc2d8ffe1,14, #5B4F3B
cbbd48cf093bc2d8ffe1,62,#170F08
cbc3351d5a28c37e2dcf,11, #9D9B8E
cbc3351d5a28c37e2dcf,3, #54554A
cbc3351d5a28c37e2dcf,65, #CFCABC
cbc3351d5a28c37e2dcf,0, #37392F
cbc3351d5a28c37e2dcf,4, #767569
cbc3351d5a28c37e2dcf,15,#F7F4E4
cbcd3a1d8a165a12011f,15, #C0AE82
cbcd3a1d8a165a12011f,17, #554E30
cbcd3a1d8a165a12011f,22, #8D8365
cbcd3a1d8a165a12011f,25,#D5D4C6
cbcd3a1d8a165a12011f,11, #70684A
cbcd3a1d8a165a12011f,7, #302C19
cbd3addf53aaea70852b,24,#F7F1DF
cbd3addf53aaea70852b,21, #836E61
cbd3addf53aaea70852b,7, #3D2821
cbd3addf53aaea70852b,22, #624C41
cbd3addf53aaea70852b,2, #D6CDBC
cbd3addf53aaea70852b,22, #A99989
cbd453f7ec08d603bb61,12, #8D887A
cbd453f7ec08d603bb61,2, #F5EED9
cbd453f7ec08d603bb61,14, #A7A193
cbd453f7ec08d603bb61,0, #3E3B32
cbd453f7ec08d603bb61,2, #565349
cbd453f7ec08d603bb61,55,#CEC7B5
cbd453f7ec08d603bb61,11, #726D62
cbd476cc47e38a4577f7,48, #55452E
cbd476cc47e38a4577f7,4, #C6B79C
cbd476cc47e38a4577f7,11, #9F552F
cbd476cc47e38a4577f7,6, #927661
cbd476cc47e38a4577f7,5, #A1967D
cbd476cc47e38a4577f7,23,#19170C
cbde1ca830ff5004dba2,9, #A3A796
cbde1ca830ff5004dba2,18, #89835B
cbde1ca830ff5004dba2,9, #778590
cbde1ca830ff5004dba2,10, #201D11
cbde1ca830ff5004dba2,21, #3E361D
cbde1ca830ff5004dba2,29,#575237
cbde1ca830ff5004dba2,1, #CFD0A8
cbe525966b379f4833e3,7, #E0D6BB
cbe525966b379f4833e3,15, #49382E
cbe525966b379f4833e3,17, #BFB298
cbe525966b379f4833e3,22, #978972
cbe525966b379f4833e3,21, #736252
cbe525966b379f4833e3,15,#F7F4E5
cbec383fa6fe7bd022bc,7, #8A8373
cbec383fa6fe7bd022bc,7, #6E685A
cbec383fa6fe7bd022bc,16, #C0B6A0
cbec383fa6fe7bd022bc,5, #4D493C
cbec383fa6fe7bd022bc,11, #F7F4ED
cbec383fa6fe7bd022bc,5, #9F988A
cbec383fa6fe7bd022bc,45,#DED3BA
cbefc722a2ae419cb536,26, #494A42
cbefc722a2ae419cb536,7, #F4F0DF
cbefc722a2ae419cb536,7, #B6B2A5
cbefc722a2ae419cb536,21, #99968A
cbefc722a2ae419cb536,23,#D5D1C0
cbefc722a2ae419cb536,14, #737166
cbf238c982eb790edd91,23, #736D61
cbf238c982eb790edd91,12,#F6F3EA
cbf238c982eb790edd91,13, #9F988B
cbf238c982eb790edd91,29, #46423B
cbf238c982eb790edd91,10, #DDD6C6
cbf238c982eb790edd91,10, #C2BBAB
cbf31b46f7d85a05e94f,7, #B3A78D
cbf31b46f7d85a05e94f,53,#CEC9B7
cbf31b46f7d85a05e94f,0, #21190A
cbf31b46f7d85a05e94f,16, #656053
cbf31b46f7d85a05e94f,3, #49473F
cbf31b46f7d85a05e94f,0, #ECE5D6
cbf31b46f7d85a05e94f,17, #8F8978
cbf367de2e58cc80bbe7,5, #A3A19B
cbf367de2e58cc80bbe7,8, #898581
cbf367de2e58cc80bbe7,1, #14120F
cbf367de2e58cc80bbe7,57,#4D4437
cbf367de2e58cc80bbe7,8, #ECE9DF
cbf367de2e58cc80bbe7,11, #BEBDB3
cbf367de2e58cc80bbe7,6, #756A4D
cbf8ef5b0ddee2bf3ff9,11, #A19885
cbf8ef5b0ddee2bf3ff9,32,#E8E5D0
cbf8ef5b0ddee2bf3ff9,7, #C9C5B0
cbf8ef5b0ddee2bf3ff9,16, #51483F
cbf8ef5b0ddee2bf3ff9,12, #776E62
cbf8ef5b0ddee2bf3ff9,15, #302923
cbf8ef5b0ddee2bf3ff9,3, #15100B
cbfc24f54d6d477acdd6,0,#565451
cbfc24f54d6d477acdd6,6, #D2CABE
cbfc24f54d6d477acdd6,0, #B4AFA4
cbfc24f54d6d477acdd6,0, #939089
cbfc24f54d6d477acdd6,0, #FEFAF2
cbfc24f54d6d477acdd6,91, #EDE7E1
cc048d7816f883d05b3b,7, #655545
cc048d7816f883d05b3b,21, #9C9D96
cc048d7816f883d05b3b,33,#C3CBC5
cc048d7816f883d05b3b,16, #7A7770
cc048d7816f883d05b3b,13, #463326
cc048d7816f883d05b3b,7, #221510
cc088b3baa6c0ddd3ee8,11, #94864A
cc088b3baa6c0ddd3ee8,5, #DBDDC7
cc088b3baa6c0ddd3ee8,0,#70756B
cc088b3baa6c0ddd3ee8,16, #514D33
cc088b3baa6c0ddd3ee8,2, #271E08
cc088b3baa6c0ddd3ee8,63, #B0A987
cc1786c75216faaaf9d1,4, #75704E
cc1786c75216faaaf9d1,12, #A29B81
cc1786c75216faaaf9d1,5, #BEB698
cc1786c75216faaaf9d1,6, #84877B
cc1786c75216faaaf9d1,44,#272013
cc1786c75216faaaf9d1,25, #5E532F
cc18c3672b6fe736cb4c,23, #464740
cc18c3672b6fe736cb4c,4,#FAF9F6
cc18c3672b6fe736cb4c,4, #E2DDD0
cc18c3672b6fe736cb4c,28, #C1BDB1
cc18c3672b6fe736cb4c,16, #9D9A91
cc18c3672b6fe736cb4c,22, #78776D
cc1969ba53d4a38d9ce4,37, #D9C686
cc1969ba53d4a38d9ce4,1,#EEE8CC
cc1969ba53d4a38d9ce4,7, #150E05
cc1969ba53d4a38d9ce4,13, #A38D3F
cc1969ba53d4a38d9ce4,23, #70653B
cc1969ba53d4a38d9ce4,16, #402D0F
cc1b1a81430a14918cc5,5, #8D897A
cc1b1a81430a14918cc5,1, #595648
cc1b1a81430a14918cc5,25, #DFD7C0
cc1b1a81430a14918cc5,2, #787465
cc1b1a81430a14918cc5,4, #A9A390
cc1b1a81430a14918cc5,53,#F6F4EA
cc1b1a81430a14918cc5,8, #C5BCA5
cc306ef84436104e8c2a,19, #BFBDAE
cc306ef84436104e8c2a,3, #6A6A5E
cc306ef84436104e8c2a,9, #89887A
cc306ef84436104e8c2a,7, #A6A497
cc306ef84436104e8c2a,54,#E0DECF
cc306ef84436104e8c2a,4, #52534A
cc398d3a10a45f405236,38,#CBC9BE
cc398d3a10a45f405236,17, #EFEEEB
cc398d3a10a45f405236,8, #492E23
cc398d3a10a45f405236,9, #86756A
cc398d3a10a45f405236,10, #B6AFA5
cc398d3a10a45f405236,5, #9F968F
cc398d3a10a45f405236,9, #695246
cc3e8b71fc3c9edfac21,50,#231B0C
cc3e8b71fc3c9edfac21,3, #A09174
cc3e8b71fc3c9edfac21,11, #746549
cc3e8b71fc3c9edfac21,0, #CECCB5
cc3e8b71fc3c9edfac21,30, #4F3717
cc3e8b71fc3c9edfac21,2, #AEAD96
cc4108d6927ec1508f9b,53, #B0AB9F
cc4108d6927ec1508f9b,1,#FBF9E9
cc4108d6927ec1508f9b,12, #E0D9C9
cc4108d6927ec1508f9b,1, #413D3B
cc4108d6927ec1508f9b,15, #635E5A
cc4108d6927ec1508f9b,16, #817C76
cc41f63e80c6f7f79955,15,#15150E
cc41f63e80c6f7f79955,8, #4D442F
cc41f63e80c6f7f79955,73, #2D281D
cc41f63e80c6f7f79955,0, #7D6E43
cc41f63e80c6f7f79955,0, #9E8F63
cc41f63e80c6f7f79955,0, #C1B58A
cc439440fdff3c367c14,18, #A0998C
cc439440fdff3c367c14,20, #BAB1A1
cc439440fdff3c367c14,10, #69645C
cc439440fdff3c367c14,21, #DCD3C2
cc439440fdff3c367c14,19, #888076
cc439440fdff3c367c14,9,#FBF9F0
cc4998085414383390ba,8, #A19E8F
cc4998085414383390ba,10, #676656
cc4998085414383390ba,6, #393A2D
cc4998085414383390ba,50, #C5C1B2
cc4998085414383390ba,5, #858372
cc4998085414383390ba,18,#F5F3EA
cc51a90489bd465543c0,50,#F4F2E5
cc51a90489bd465543c0,8, #B8B4A8
cc51a90489bd465543c0,0, #5A564A
cc51a90489bd465543c0,2, #7C776B
cc51a90489bd465543c0,0, #363128
cc51a90489bd465543c0,7, #9A968A
cc51a90489bd465543c0,29, #D1CDC1
cc549b6cb44eac2c4ab4,81,#F1E9D9
cc549b6cb44eac2c4ab4,4, #95654F
cc549b6cb44eac2c4ab4,3, #D6C7B5
cc549b6cb44eac2c4ab4,3, #C8A68B
cc549b6cb44eac2c4ab4,4, #A4907A
cc549b6cb44eac2c4ab4,1, #4E4942
cc58485a5ac04d588f89,32, #C8C1B0
cc58485a5ac04d588f89,8,#F7F3E7
cc58485a5ac04d588f89,0, #2F2B23
cc58485a5ac04d588f89,7, #807A6F
cc58485a5ac04d588f89,21, #555147
cc58485a5ac04d588f89,29, #9E988A
cc68a68f5a7fa75cb2f6,1, #AD9C78
cc68a68f5a7fa75cb2f6,2, #938461
cc68a68f5a7fa75cb2f6,4, #7B6B49
cc68a68f5a7fa75cb2f6,0, #C6B995
cc68a68f5a7fa75cb2f6,69,#251B11
cc68a68f5a7fa75cb2f6,22, #563E28
cc73ddd8e0fdfb1fad79,10, #31211C
cc73ddd8e0fdfb1fad79,13, #726458
cc73ddd8e0fdfb1fad79,10, #A7A095
cc73ddd8e0fdfb1fad79,1, #F5F2EA
cc73ddd8e0fdfb1fad79,11, #54443A
cc73ddd8e0fdfb1fad79,44,#D4CFBC
cc73ddd8e0fdfb1fad79,7, #8C8379
cc747a18d6a309f95cb7,4, #746758
cc747a18d6a309f95cb7,12, #9C8B75
cc747a18d6a309f95cb7,2, #29291E
cc747a18d6a309f95cb7,2, #F8F4E8
cc747a18d6a309f95cb7,55,#DFD8C8
cc747a18d6a309f95cb7,11, #CABDA3
cc747a18d6a309f95cb7,12, #52483F
cc80d90ff9448825750f,0, #6F7B65
cc80d90ff9448825750f,0, #E6D297
cc80d90ff9448825750f,2, #A58F5F
cc80d90ff9448825750f,2, #806A43
cc80d90ff9448825750f,1, #C8AD75
cc80d90ff9448825750f,41, #18140E
cc80d90ff9448825750f,49,#503B27
cc8b3265eb94f378d9a2,15, #8A7F6F
cc8b3265eb94f378d9a2,10, #2C2824
cc8b3265eb94f378d9a2,34, #E3DFCD
cc8b3265eb94f378d9a2,1,#F9F7F0
cc8b3265eb94f378d9a2,23, #585048
cc8b3265eb94f378d9a2,15, #BCAF9C
cc92b6f7ee206917fc42,13, #5D5442
cc92b6f7ee206917fc42,4, #E6DA8B
cc92b6f7ee206917fc42,7, #EAEAEA
cc92b6f7ee206917fc42,0, #C9C2B6
cc92b6f7ee206917fc42,5, #AA9F83
cc92b6f7ee206917fc42,64,#282320
cc92b6f7ee206917fc42,4, #7A735F
cc97c7e129b33b205592,33, #42413B
cc97c7e129b33b205592,20, #67655E
cc97c7e129b33b205592,5, #F1EFE3
cc97c7e129b33b205592,20,#8F8C85
cc97c7e129b33b205592,9, #D1CEC3
cc97c7e129b33b205592,10, #B1AEA7
cc9be2c842add3c378b8,7, #403325
cc9be2c842add3c378b8,0,#FBF8E7
cc9be2c842add3c378b8,18, #8F856E
cc9be2c842add3c378b8,32, #DDD8B9
cc9be2c842add3c378b8,24, #70624B
cc9be2c842add3c378b8,15, #B5A98B
ccb439f1615d9e1b32c2,3, #666356
ccb439f1615d9e1b32c2,8, #918566
ccb439f1615d9e1b32c2,3, #BFBBA2
ccb439f1615d9e1b32c2,5, #ADA080
ccb439f1615d9e1b32c2,24, #34393E
ccb439f1615d9e1b32c2,54,#0F141B
ccbad78b89f48b06faed,14, #847F75
ccbad78b89f48b06faed,21, #3A3832
ccbad78b89f48b06faed,12, #CAC4B8
ccbad78b89f48b06faed,26,#656057
ccbad78b89f48b06faed,10, #B4AB9D
ccbad78b89f48b06faed,5, #E6DFD0
ccbad78b89f48b06faed,9, #9C968C
ccc349b42afaf373c269,27, #7A6348
ccc349b42afaf373c269,3, #CECAB8
ccc349b42afaf373c269,23, #4A3830
ccc349b42afaf373c269,25, #B39D79
ccc349b42afaf373c269,18, #271615
ccc349b42afaf373c269,1,#FDFCF8
ccc46ebade72cda13b5d,4, #4A443B
ccc46ebade72cda13b5d,51,#EEE9D6
ccc46ebade72cda13b5d,7, #918A7C
ccc46ebade72cda13b5d,14, #CBC4B2
ccc46ebade72cda13b5d,12, #B0A899
ccc46ebade72cda13b5d,9, #746D61
ccc60965f382d9b26acf,8, #120F08
ccc60965f382d9b26acf,0, #CFCCC0
ccc60965f382d9b26acf,13, #8F8670
ccc60965f382d9b26acf,47,#706852
ccc60965f382d9b26acf,30, #493B26
ccc60965f382d9b26acf,0, #A8A08D
ccc60965f382d9b26acf,0, #F8F8F6
ccc684b703ce0e8d8d3a,75,#F7F4E4
ccc684b703ce0e8d8d3a,1, #908B7B
ccc684b703ce0e8d8d3a,6, #6F6B5E
ccc684b703ce0e8d8d3a,0, #C6C0AD
ccc684b703ce0e8d8d3a,2, #DED8C4
ccc684b703ce0e8d8d3a,0, #ACA693
ccc684b703ce0e8d8d3a,12, #444139
ccca123026e343739feb,26, #E1DBD0
ccca123026e343739feb,14, #908A7F
ccca123026e343739feb,1, #49443C
ccca123026e343739feb,10, #6B665D
ccca123026e343739feb,24, #B4ADA3
ccca123026e343739feb,22,#F9F6EE
cccd7abbde6ebcb1157f,8, #9F9069
cccd7abbde6ebcb1157f,0, #D4C8A5
cccd7abbde6ebcb1157f,1, #BBAD8A
cccd7abbde6ebcb1157f,40, #756948
cccd7abbde6ebcb1157f,10,#20140B
cccd7abbde6ebcb1157f,37, #483822
cccd82c50b4e6f30b2fd,6, #948049
cccd82c50b4e6f30b2fd,13, #7C6736
cccd82c50b4e6f30b2fd,1, #AA9F71
cccd82c50b4e6f30b2fd,2, #1D1B11
cccd82c50b4e6f30b2fd,20, #553B1E
cccd82c50b4e6f30b2fd,15, #575233
cccd82c50b4e6f30b2fd,41,#36301F
ccd35cd6631932e9b7ac,10, #A08F74
ccd35cd6631932e9b7ac,0, #E6E4DD
ccd35cd6631932e9b7ac,72,#251B10
ccd35cd6631932e9b7ac,0, #C5C1B6
ccd35cd6631932e9b7ac,0, #C7A76C
ccd35cd6631932e9b7ac,16, #6B5D45
ccd500f4eb38805abd69,16, #A39E97
ccd500f4eb38805abd69,0,#FEFDEE
ccd500f4eb38805abd69,48, #DFDBD2
ccd500f4eb38805abd69,3, #514E4B
ccd500f4eb38805abd69,21, #C2BDB4
ccd500f4eb38805abd69,8, #827E79
ccdd4b24cac8afa06943,13, #E3DBC1
ccdd4b24cac8afa06943,8,#F8F6E1
ccdd4b24cac8afa06943,4, #413F37
ccdd4b24cac8afa06943,18, #C5BB9F
ccdd4b24cac8afa06943,29, #9F9077
ccdd4b24cac8afa06943,25, #676355
cce3363a871fe6982d55,28, #8D8770
cce3363a871fe6982d55,10, #4E4026
cce3363a871fe6982d55,4, #B2AF99
cce3363a871fe6982d55,32, #74623F
cce3363a871fe6982d55,12, #2F2312
cce3363a871fe6982d55,12,#686F67
cce5692fcc2d683c83e6,1, #AF9F6B
cce5692fcc2d683c83e6,0, #6C6238
cce5692fcc2d683c83e6,2, #885617
cce5692fcc2d683c83e6,81,#261808
cce5692fcc2d683c83e6,9, #5E3C14
cce5692fcc2d683c83e6,3, #9C8238
cce5692fcc2d683c83e6,0, #D7CB9E
cced28e9adde7e65f6c6,6, #68635B
cced28e9adde7e65f6c6,5, #A09A90
cced28e9adde7e65f6c6,1, #3B3832
cced28e9adde7e65f6c6,78, #F3EEDF
cced28e9adde7e65f6c6,7,#CAC4B8
cced28e9adde7e65f6c6,0, #9E6A3D
ccede49457584497c6f2,45, #363321
ccede49457584497c6f2,5, #7F7D4A
ccede49457584497c6f2,10, #CFCBA2
ccede49457584497c6f2,24,#EEEDD3
ccede49457584497c6f2,7, #625E33
ccede49457584497c6f2,6, #A29E6B
ccf46a2c95be5fce45d0,15, #888275
ccf46a2c95be5fce45d0,12, #B4AD9D
ccf46a2c95be5fce45d0,1, #FDFCF4
ccf46a2c95be5fce45d0,31,#D3CAB4
ccf46a2c95be5fce45d0,22, #EDE5D0
ccf46a2c95be5fce45d0,13, #59554A
ccf46a2c95be5fce45d0,3, #333028
ccf78105e15dede37575,4, #A09B8F
ccf78105e15dede37575,8, #625E52
ccf78105e15dede37575,2, #868074
ccf78105e15dede37575,3, #C4BBAA
ccf78105e15dede37575,8, #3E3D36
ccf78105e15dede37575,72,#DCD4C7
ccf96dba6b59b3fef4d4,6, #79715E
ccf96dba6b59b3fef4d4,5, #3F382B
ccf96dba6b59b3fef4d4,14, #ABA38D
ccf96dba6b59b3fef4d4,4, #5C5649
ccf96dba6b59b3fef4d4,31, #D3CBB5
ccf96dba6b59b3fef4d4,0, #1C160E
ccf96dba6b59b3fef4d4,37,#F5F4EB
cd0462ede88147c94439,6, #CBBA74
cd0462ede88147c94439,8, #8B8B6A
cd0462ede88147c94439,9, #655C31
cd0462ede88147c94439,23, #48452B
cd0462ede88147c94439,21, #2C2A17
cd0462ede88147c94439,26,#ABA16D
cd0462ede88147c94439,3, #7D764C
cd04674f04d22001bac1,0,#FCFCFC
cd04674f04d22001bac1,0, #C0A982
cd04674f04d22001bac1,19, #080808
cd04674f04d22001bac1,4, #695339
cd04674f04d22001bac1,71, #42291D
cd04674f04d22001bac1,4, #A1835C
cd1644de93a4fd4b8ca5,9, #928675
cd1644de93a4fd4b8ca5,43,#C9C6B5
cd1644de93a4fd4b8ca5,16, #715F4B
cd1644de93a4fd4b8ca5,4, #F3F3F0
cd1644de93a4fd4b8ca5,15, #B1A997
cd1644de93a4fd4b8ca5,2, #DBDAD3
cd1644de93a4fd4b8ca5,7, #422B1D
cd1648ec920cdf9b5370,3, #7A7568
cd1648ec920cdf9b5370,0, #59564D
cd1648ec920cdf9b5370,3,#F7F5EE
cd1648ec920cdf9b5370,4, #E2DDCC
cd1648ec920cdf9b5370,77, #BCB5A3
cd1648ec920cdf9b5370,10, #959083
cd191b44d4f0daf03c39,11, #494740
cd191b44d4f0daf03c39,6,#F7F5EF
cd191b44d4f0daf03c39,25, #6E695E
cd191b44d4f0daf03c39,20, #D8D2C3
cd191b44d4f0daf03c39,14, #888175
cd191b44d4f0daf03c39,21, #ACA595
cd1ceaf0bf1c5f5c3d69,2, #3B3A34
cd1ceaf0bf1c5f5c3d69,6, #8F8C80
cd1ceaf0bf1c5f5c3d69,4, #B2AC9B
cd1ceaf0bf1c5f5c3d69,58, #DCD7C5
cd1ceaf0bf1c5f5c3d69,12,#F9F7F3
cd1ceaf0bf1c5f5c3d69,15, #6A665B
cd1f02773f252ad516f2,11, #BDB09F
cd1f02773f252ad516f2,3,#D8CCB9
cd1f02773f252ad516f2,49, #F2E9D7
cd1f02773f252ad516f2,12, #7C746A
cd1f02773f252ad516f2,8, #4B4643
cd1f02773f252ad516f2,13, #A09587
cd2c8c4d883c670f15e6,16, #C3BEB0
cd2c8c4d883c670f15e6,2, #4C4B41
cd2c8c4d883c670f15e6,7,#F9F8F3
cd2c8c4d883c670f15e6,27, #DFDBCB
cd2c8c4d883c670f15e6,23, #A49F93
cd2c8c4d883c670f15e6,22, #7B776A
cd36a69c7c40ac1a5717,5, #4F4C42
cd36a69c7c40ac1a5717,14, #746F62
cd36a69c7c40ac1a5717,10, #B6B09E
cd36a69c7c40ac1a5717,17, #D0C8B6
cd36a69c7c40ac1a5717,7,#999282
cd36a69c7c40ac1a5717,44, #F4EAD7
cd3816f5987fc7cd90de,63,#F4EBD8
cd3816f5987fc7cd90de,18, #D0C7B5
cd3816f5987fc7cd90de,0, #575343
cd3816f5987fc7cd90de,1, #87806F
cd3816f5987fc7cd90de,8, #A29B8A
cd3816f5987fc7cd90de,7, #B8B09F
cd3816f5987fc7cd90de,0, #706A59
cd3ba796c30f643ed2e4,7, #736D5F
cd3ba796c30f643ed2e4,2, #323028
cd3ba796c30f643ed2e4,13, #948E7E
cd3ba796c30f643ed2e4,6, #514E41
cd3ba796c30f643ed2e4,29,#E8E2CA
cd3ba796c30f643ed2e4,24, #BEB7A2
cd3ba796c30f643ed2e4,16, #FAF9F2
cd3dbc0803e329459254,0, #B3B19B
cd3dbc0803e329459254,1, #97957F
cd3dbc0803e329459254,7, #675A39
cd3dbc0803e329459254,42,#533821
cd3dbc0803e329459254,40, #241C12
cd3dbc0803e329459254,6, #494638
cd3dbc0803e329459254,2, #7E7557
cd415828019d80cd28dd,41, #A39350
cd415828019d80cd28dd,5, #E4DCBC
cd415828019d80cd28dd,0,#8E8D85
cd415828019d80cd28dd,32, #D5C696
cd415828019d80cd28dd,5, #F7F6EA
cd415828019d80cd28dd,14, #C1B278
cd426ce9316ccf32a1b2,3, #4B4536
cd426ce9316ccf32a1b2,13, #938D7D
cd426ce9316ccf32a1b2,13, #CBC1AB
cd426ce9316ccf32a1b2,42,#E6DECB
cd426ce9316ccf32a1b2,6, #AFA692
cd426ce9316ccf32a1b2,12, #716A57
cd426ce9316ccf32a1b2,8, #F8F7F2
cd50f13046fec5e1831d,26,#8D8D77
cd50f13046fec5e1831d,20, #41341F
cd50f13046fec5e1831d,24, #A79A76
cd50f13046fec5e1831d,15, #7A6944
cd50f13046fec5e1831d,5, #261F14
cd50f13046fec5e1831d,8, #55472E
cd50f13046fec5e1831d,0, #BDAE86
cd569026ad2b8e03482c,19, #2C2211
cd569026ad2b8e03482c,15, #8E825A
cd569026ad2b8e03482c,14, #BDB28A
cd569026ad2b8e03482c,4, #F2EED6
cd569026ad2b8e03482c,26,#000000
cd569026ad2b8e03482c,20, #524F30
cd57305db8540b5f8ba8,9, #9A907E
cd57305db8540b5f8ba8,3,#28251D
cd57305db8540b5f8ba8,61, #F7F4EB
cd57305db8540b5f8ba8,6, #695F4F
cd57305db8540b5f8ba8,6, #DDD7C8
cd57305db8540b5f8ba8,12, #C1B8A5
cd5c30e0093924871929,24,#CFCBB8
cd5c30e0093924871929,9, #B2AF9E
cd5c30e0093924871929,7, #F6F3E0
cd5c30e0093924871929,15, #656558
cd5c30e0093924871929,15, #43443A
cd5c30e0093924871929,11, #9A9788
cd5c30e0093924871929,15, #7E7D6E
cd600a4a2208ec7107e8,13, #DECDB4
cd600a4a2208ec7107e8,34,#6E5440
cd600a4a2208ec7107e8,12, #A78E72
cd600a4a2208ec7107e8,7, #C2AC90
cd600a4a2208ec7107e8,9, #8C745A
cd600a4a2208ec7107e8,19, #F7EDD8
cd600a4a2208ec7107e8,1, #3A2B22
cd6b9245a10cf900a96e,10, #C0B6A9
cd6b9245a10cf900a96e,16, #827972
cd6b9245a10cf900a96e,16, #3F3A39
cd6b9245a10cf900a96e,36, #615956
cd6b9245a10cf900a96e,6,#EFE2D3
cd6b9245a10cf900a96e,12, #9D958B
cd78342d9892624a0a92,24, #4B483C
cd78342d9892624a0a92,17,#F9F6ED
cd78342d9892624a0a92,13, #A6A290
cd78342d9892624a0a92,24, #797564
cd78342d9892624a0a92,9, #CAC5B2
cd78342d9892624a0a92,9, #E6E0CD
cd7959bb6305ba8e5997,24, #B5A182
cd7959bb6305ba8e5997,15, #CDC0A0
cd7959bb6305ba8e5997,30,#968872
cd7959bb6305ba8e5997,19, #6F644C
cd7959bb6305ba8e5997,0, #21201D
cd7959bb6305ba8e5997,2, #F1E9C6
cd7959bb6305ba8e5997,7, #453F33
cd7a35ac6382f74845bf,15, #9C927F
cd7a35ac6382f74845bf,25, #635242
cd7a35ac6382f74845bf,8, #B1A992
cd7a35ac6382f74845bf,25, #7F7361
cd7a35ac6382f74845bf,10,#CAC3A8
cd7a35ac6382f74845bf,13, #453024
cd82e15828fe11aa6a9d,8, #B6B2A4
cd82e15828fe11aa6a9d,14, #777366
cd82e15828fe11aa6a9d,3, #D3D0C2
cd82e15828fe11aa6a9d,42,#F1EFE7
cd82e15828fe11aa6a9d,20, #4C493F
cd82e15828fe11aa6a9d,10, #949082
cd857c553934f4e343ef,75, #D1CEBC
cd857c553934f4e343ef,4,#949081
cd857c553934f4e343ef,0, #383328
cd857c553934f4e343ef,2, #ADAA99
cd857c553934f4e343ef,7, #696558
cd857c553934f4e343ef,10, #FAF8E7
cd8cd0230cb4e38d680f,28, #A9A190
cd8cd0230cb4e38d680f,11, #5C574B
cd8cd0230cb4e38d680f,2, #413D35
cd8cd0230cb4e38d680f,24, #867F70
cd8cd0230cb4e38d680f,4,#EDE4D0
cd8cd0230cb4e38d680f,28, #CEC4AF
cd8f93b3e84b76f50850,11, #3F2C17
cd8f93b3e84b76f50850,25, #765624
cd8f93b3e84b76f50850,7, #857844
cd8f93b3e84b76f50850,9, #A8996D
cd8f93b3e84b76f50850,45, #C1B89F
cd8f93b3e84b76f50850,0,#626860
cd98156c2e154b40193c,7, #AFADA4
cd98156c2e154b40193c,7, #403F39
cd98156c2e154b40193c,10, #66645D
cd98156c2e154b40193c,15, #8D8B83
cd98156c2e154b40193c,5, #D1CDC1
cd98156c2e154b40193c,54,#F5F1E0
cdab23a6e32bc71df241,26, #9F998B
cdab23a6e32bc71df241,5, #373630
cdab23a6e32bc71df241,7, #5C584F
cdab23a6e32bc71df241,53, #C7C0AF
cdab23a6e32bc71df241,7,#827C70
cdab23a6e32bc71df241,0, #F1EDE0
cdad50d96e3a1a81e506,38, #B8B1A1
cdad50d96e3a1a81e506,20, #DDD9CD
cdad50d96e3a1a81e506,10, #37291D
cdad50d96e3a1a81e506,0,#FAF9F6
cdad50d96e3a1a81e506,13, #5D5348
cdad50d96e3a1a81e506,16, #888075
cdb1b81465f8d4e0f570,18, #3F140D
cdb1b81465f8d4e0f570,13, #6E717A
cdb1b81465f8d4e0f570,1,#373949
cdb1b81465f8d4e0f570,61, #755134
cdb1b81465f8d4e0f570,1, #DAD6C6
cdb1b81465f8d4e0f570,3, #BAAF9F
cdb50edbbc2346dd2851,1, #BBB8AF
cdb50edbbc2346dd2851,1, #A09E95
cdb50edbbc2346dd2851,1, #808075
cdb50edbbc2346dd2851,5,#F0E9D6
cdb50edbbc2346dd2851,88, #D4D0C3
cdb50edbbc2346dd2851,1, #54564D
cdb81bdb7d212a666732,30, #C8C2AE
cdb81bdb7d212a666732,17, #E2E0CF
cdb81bdb7d212a666732,20, #45443B
cdb81bdb7d212a666732,14, #A29D8A
cdb81bdb7d212a666732,0,#FCFBEC
cdb81bdb7d212a666732,16, #757162
cdb9b09676c88c65a196,10, #68716A
cdb9b09676c88c65a196,17,#F9F8EC
cdb9b09676c88c65a196,5, #965D53
cdb9b09676c88c65a196,12, #554B45
cdb9b09676c88c65a196,10, #B7A165
cdb9b09676c88c65a196,43, #D9D1B8
cddf755bd8fddf081b86,18, #626565
cddf755bd8fddf081b86,12, #A09593
cddf755bd8fddf081b86,12, #291B11
cddf755bd8fddf081b86,10,#010000
cddf755bd8fddf081b86,29, #4E4139
cddf755bd8fddf081b86,16, #7C7B7C
cde0a1a84f4b71f0f8c1,43, #493C30
cde0a1a84f4b71f0f8c1,8, #988E81
cde0a1a84f4b71f0f8c1,3, #E8E1D6
cde0a1a84f4b71f0f8c1,5,#B8AC9A
cde0a1a84f4b71f0f8c1,27, #766A5C
cde0a1a84f4b71f0f8c1,11, #D5C8B2
cde12b98dbb7735b4d6b,1, #856D43
cde12b98dbb7735b4d6b,1, #988152
cde12b98dbb7735b4d6b,9, #473219
cde12b98dbb7735b4d6b,82,#1B140B
cde12b98dbb7735b4d6b,1, #6E3D1A
cde12b98dbb7735b4d6b,1, #6E5532
cde12b98dbb7735b4d6b,0, #9F926A
cdf9b6677343dba9a7a4,3, #F6F4EB
cdf9b6677343dba9a7a4,7, #13100E
cdf9b6677343dba9a7a4,58,#574E46
cdf9b6677343dba9a7a4,5, #9B9A91
cdf9b6677343dba9a7a4,7, #CFCDBE
cdf9b6677343dba9a7a4,7, #7F7455
cdf9b6677343dba9a7a4,10, #372F28
ce02d7debef2e1dacbc4,12, #8D8361
ce02d7debef2e1dacbc4,48,#6F5A3E
ce02d7debef2e1dacbc4,5, #C0AA81
ce02d7debef2e1dacbc4,26, #262823
ce02d7debef2e1dacbc4,0, #E3E0C4
ce02d7debef2e1dacbc4,1, #CDC5A1
ce02d7debef2e1dacbc4,6, #957045
ce0387190129afe13317,14, #8A8982
ce0387190129afe13317,26, #73736C
ce0387190129afe13317,22, #ABAAA0
ce0387190129afe13317,18, #595D55
ce0387190129afe13317,18, #D6D4C3
ce0387190129afe13317,0,#363A34
ce075cc24d818e1ccc66,13, #A4A198
ce075cc24d818e1ccc66,4, #2F2F29
ce075cc24d818e1ccc66,7, #7A776E
ce075cc24d818e1ccc66,47,#F4F1E9
ce075cc24d818e1ccc66,16, #D1CEC1
ce075cc24d818e1ccc66,8, #514F47
ce0b0ba7829ac64d9fcd,7, #58554B
ce0b0ba7829ac64d9fcd,21, #998E76
ce0b0ba7829ac64d9fcd,4,#EDE8D7
ce0b0ba7829ac64d9fcd,0, #41311E
ce0b0ba7829ac64d9fcd,8, #777160
ce0b0ba7829ac64d9fcd,57, #C5BEA9
ce109b9a145a5cc7379c,12, #70655A
ce109b9a145a5cc7379c,15, #4F4740
ce109b9a145a5cc7379c,16, #B8AB95
ce109b9a145a5cc7379c,4, #221E17
ce109b9a145a5cc7379c,1, #F9F6EB
ce109b9a145a5cc7379c,44,#DED7C7
ce109b9a145a5cc7379c,5, #9F8E75
ce27b74d9206cdfcf0a7,11, #7C6135
ce27b74d9206cdfcf0a7,11, #4E3821
ce27b74d9206cdfcf0a7,4, #B09962
ce27b74d9206cdfcf0a7,57,#191516
ce27b74d9206cdfcf0a7,13, #997F49
ce27b74d9206cdfcf0a7,0, #CEB677
ce2fef9a437b45a1fda1,45, #836952
ce2fef9a437b45a1fda1,8,#E3DDCE
ce2fef9a437b45a1fda1,31, #B7AA96
ce2fef9a437b45a1fda1,1, #607F9D
ce2fef9a437b45a1fda1,0, #335270
ce2fef9a437b45a1fda1,13, #1D2A39
ce3255a0b3e5eb27d5e3,9, #B0A896
ce3255a0b3e5eb27d5e3,13, #918B7D
ce3255a0b3e5eb27d5e3,11, #787263
ce3255a0b3e5eb27d5e3,11, #555043
ce3255a0b3e5eb27d5e3,24, #EFEADB
ce3255a0b3e5eb27d5e3,28,#CAC2AD
ce3255a0b3e5eb27d5e3,0, #FEFEFD
ce3af75ab6bce852284b,19, #553F33
ce3af75ab6bce852284b,36,#666658
ce3af75ab6bce852284b,0, #804C3E
ce3af75ab6bce852284b,1, #B6AD98
ce3af75ab6bce852284b,13, #0D0F0A
ce3af75ab6bce852284b,17, #928E7B
ce3af75ab6bce852284b,11, #382A22
ce42a0d2660d2ddc91a6,29, #F5F3E8
ce42a0d2660d2ddc91a6,2, #807560
ce42a0d2660d2ddc91a6,30,#312824
ce42a0d2660d2ddc91a6,2, #514640
ce42a0d2660d2ddc91a6,9, #CEC9B7
ce42a0d2660d2ddc91a6,1, #A59E8E
ce42a0d2660d2ddc91a6,23, #140D0A
ce552d2f7074d7b61170,23, #BBB5A1
ce552d2f7074d7b61170,9, #979487
ce552d2f7074d7b61170,9,#F7F6EB
ce552d2f7074d7b61170,26, #494942
ce552d2f7074d7b61170,7, #E1DBC6
ce552d2f7074d7b61170,23, #75746A
ce5aa294b3c2cca66f81,16, #B9AD8A
ce5aa294b3c2cca66f81,14, #867B63
ce5aa294b3c2cca66f81,28,#F6F2DF
ce5aa294b3c2cca66f81,9, #5B4F3B
ce5aa294b3c2cca66f81,28, #DCD0AC
ce5aa294b3c2cca66f81,1, #3F311F
ce5b24136201a77affb9,17, #857568
ce5b24136201a77affb9,6, #604637
ce5b24136201a77affb9,21, #B8B0A3
ce5b24136201a77affb9,0, #40271F
ce5b24136201a77affb9,5,#F6F3EB
ce5b24136201a77affb9,48, #DCD5C7
ce6207fd17cec2c7ce66,6, #3B332F
ce6207fd17cec2c7ce66,6, #898374
ce6207fd17cec2c7ce66,11, #69625E
ce6207fd17cec2c7ce66,2, #CCC8B7
ce6207fd17cec2c7ce66,3, #A9A48D
ce6207fd17cec2c7ce66,1, #FEFDFC
ce6207fd17cec2c7ce66,68,#EDEBDB
ce68a49cbfa2617fc436,17, #090902
ce68a49cbfa2617fc436,10, #BBAF4D
ce68a49cbfa2617fc436,5, #A48B23
ce68a49cbfa2617fc436,23, #E3D76F
ce68a49cbfa2617fc436,0,#E7E9D0
ce68a49cbfa2617fc436,43, #4A4D17
ce6adc3b8994fed35943,7, #B1A385
ce6adc3b8994fed35943,10,#544A33
ce6adc3b8994fed35943,3, #D2C6AE
ce6adc3b8994fed35943,13, #8E815E
ce6adc3b8994fed35943,16, #6D5D3D
ce6adc3b8994fed35943,48, #2E281B
ce6c48859a94c270990b,3, #ECECEA
ce6c48859a94c270990b,3, #393026
ce6c48859a94c270990b,6, #777066
ce6c48859a94c270990b,2, #5A5248
ce6c48859a94c270990b,65,#C8C5B6
ce6c48859a94c270990b,17, #9D988E
ce6c48859a94c270990b,1, #181008
ce6cf8e5735f323ec073,32, #3F231B
ce6cf8e5735f323ec073,23, #C3B39A
ce6cf8e5735f323ec073,16, #5B3D2E
ce6cf8e5735f323ec073,6, #9C8973
ce6cf8e5735f323ec073,15,#E6DCC6
ce6cf8e5735f323ec073,4, #7A5F4A
ce754d809a58a2935264,20, #797565
ce754d809a58a2935264,15, #ADA792
ce754d809a58a2935264,17, #D1CAB1
ce754d809a58a2935264,10,#FAF9F5
ce754d809a58a2935264,1, #E9E6D3
ce754d809a58a2935264,34, #4B4941
ce7565a918c09a66a7da,4, #7E8F9C
ce7565a918c09a66a7da,0, #D9CEA6
ce7565a918c09a66a7da,12, #35698C
ce7565a918c09a66a7da,12, #867544
ce7565a918c09a66a7da,45,#383C31
ce7565a918c09a66a7da,6, #B5A77B
ce7565a918c09a66a7da,18, #0C0F10
ce891312022013e080ed,1, #494C55
ce891312022013e080ed,91,#352C29
ce891312022013e080ed,0, #BBB594
ce891312022013e080ed,0, #E1E2D3
ce891312022013e080ed,3, #9D9064
ce891312022013e080ed,0, #67676B
ce891312022013e080ed,2, #645427
ce8f5824079ef4503a08,16, #593820
ce8f5824079ef4503a08,30,#362515
ce8f5824079ef4503a08,1, #DCCFAE
ce8f5824079ef4503a08,22, #725D42
ce8f5824079ef4503a08,10, #090603
ce8f5824079ef4503a08,6, #A79F83
ce8f5824079ef4503a08,13, #9A8662
ce90179c45f759d39ea2,5, #5B472A
ce90179c45f759d39ea2,5, #94764B
ce90179c45f759d39ea2,3, #AF956A
ce90179c45f759d39ea2,3, #CCB78D
ce90179c45f759d39ea2,81,#1C180F
ce90179c45f759d39ea2,0, #DCD5C0
ce93633fe82accbec0cd,3, #D6D8D6
ce93633fe82accbec0cd,17, #7C6D5B
ce93633fe82accbec0cd,24, #D1C5A3
ce93633fe82accbec0cd,2, #EFF5F7
ce93633fe82accbec0cd,19, #A8987D
ce93633fe82accbec0cd,26,#58493B
ce93633fe82accbec0cd,7, #231910
ce99eea16082be2ff5f8,5, #666450
ce99eea16082be2ff5f8,1, #745F3D
ce99eea16082be2ff5f8,25, #544B37
ce99eea16082be2ff5f8,1, #8B7B57
ce99eea16082be2ff5f8,27, #1B1A14
ce99eea16082be2ff5f8,0, #A69065
ce99eea16082be2ff5f8,38,#392F1F
ce9c1eb0afea919190f8,2, #F5F6F5
ce9c1eb0afea919190f8,3, #433E35
ce9c1eb0afea919190f8,4, #6E695F
ce9c1eb0afea919190f8,7, #9D998F
ce9c1eb0afea919190f8,12, #DCDACF
ce9c1eb0afea919190f8,63,#BFBBAD
ce9c1eb0afea919190f8,6, #211C13
cea105218a4f1c467e66,9, #99948A
cea105218a4f1c467e66,9, #817C74
cea105218a4f1c467e66,28,#BEB6AA
cea105218a4f1c467e66,7, #64605A
cea105218a4f1c467e66,26, #E8DFD0
cea105218a4f1c467e66,13, #3D3D39
cea105218a4f1c467e66,3, #FBF8F4
cea15dca889f6d8f4f56,0,#C2975F
cea15dca889f6d8f4f56,58, #0F0C08
cea15dca889f6d8f4f56,6, #755934
cea15dca889f6d8f4f56,0, #D3B483
cea15dca889f6d8f4f56,31, #432B14
cea15dca889f6d8f4f56,2, #A26E3F
cea51f4333cee2c9e183,21, #DCD4BB
cea51f4333cee2c9e183,0, #484637
cea51f4333cee2c9e183,5,#8F8A78
cea51f4333cee2c9e183,64, #F5F1E6
cea51f4333cee2c9e183,2, #66614E
cea51f4333cee2c9e183,4, #BCB5A0
ceb625d288170e55c870,0, #A5A49D
ceb625d288170e55c870,35,#9E8659
ceb625d288170e55c870,11, #2E261B
ceb625d288170e55c870,3, #E3CB87
ceb625d288170e55c870,29, #524834
ceb625d288170e55c870,5, #E2E0C9
ceb625d288170e55c870,13, #0A0806
ceb94ec5bd6e09951de3,1, #371D13
ceb94ec5bd6e09951de3,9, #706A59
ceb94ec5bd6e09951de3,11, #979587
ceb94ec5bd6e09951de3,37, #E4ECF1
ceb94ec5bd6e09951de3,3,#4F3E2F
ceb94ec5bd6e09951de3,36, #BBBBAE
cebb88adb30e8bd3f3e7,13, #959181
cebb88adb30e8bd3f3e7,41,#CAC6B3
cebb88adb30e8bd3f3e7,3, #535046
cebb88adb30e8bd3f3e7,9, #AFAA98
cebb88adb30e8bd3f3e7,13, #F9F8F2
cebb88adb30e8bd3f3e7,9, #767265
cebb88adb30e8bd3f3e7,9, #E7E2CB
cebbd56780dfbe291366,0,#DFDCD8
cebbd56780dfbe291366,4, #B59E6A
cebbd56780dfbe291366,78, #312C22
cebbd56780dfbe291366,8, #8C7752
cebbd56780dfbe291366,1, #CAC08E
cebbd56780dfbe291366,6, #5E503A
cebd64e024b10af66da1,4, #CBC6B9
cebd64e024b10af66da1,11, #67665D
cebd64e024b10af66da1,40, #404039
cebd64e024b10af66da1,4, #8D8B81
cebd64e024b10af66da1,35,#F2EEDF
cebd64e024b10af66da1,3, #A7A59A
cec1ff5a20bec29a92a3,65,#191810
cec1ff5a20bec29a92a3,0, #5D4D33
cec1ff5a20bec29a92a3,0, #947B56
cec1ff5a20bec29a92a3,0, #B7A175
cec1ff5a20bec29a92a3,0, #A28C64
cec1ff5a20bec29a92a3,1, #746243
cec1ff5a20bec29a92a3,31, #403625
cec2ca420ed439b222d5,39,#0C0B07
cec2ca420ed439b222d5,39, #2C200F
cec2ca420ed439b222d5,0, #AFA789
cec2ca420ed439b222d5,13, #4E452C
cec2ca420ed439b222d5,3, #8D866A
cec2ca420ed439b222d5,4, #7A6F4B
cec622167adeb29530bc,6,#F8F4E4
cec622167adeb29530bc,33, #777362
cec622167adeb29530bc,17, #B9B19A
cec622167adeb29530bc,7, #DFD5B9
cec622167adeb29530bc,24, #49473D
cec622167adeb29530bc,10, #989382
cec9ddcebf0b01d54a48,61, #EAD9B3
cec9ddcebf0b01d54a48,11, #90836F
cec9ddcebf0b01d54a48,11, #AFA289
cec9ddcebf0b01d54a48,0, #413127
cec9ddcebf0b01d54a48,2, #6A5C4E
cec9ddcebf0b01d54a48,12,#C9BDA0
cecd7dc8d416c9580971,14, #8E7536
cecd7dc8d416c9580971,7, #A5985A
cecd7dc8d416c9580971,57,#534623
cecd7dc8d416c9580971,0, #DEBE3F
cecd7dc8d416c9580971,1, #C7C086
cecd7dc8d416c9580971,1, #E4DCA5
cecd7dc8d416c9580971,17, #17150C
cecf81465bde2e0f2274,47,#141311
cecf81465bde2e0f2274,0, #C1BEBC
cecf81465bde2e0f2274,12, #4B3927
cecf81465bde2e0f2274,18, #645A4A
cecf81465bde2e0f2274,6, #E9EAEA
cecf81465bde2e0f2274,11, #BAAC74
cecf81465bde2e0f2274,2, #E9DC87
ced06d0fa4d64bd4d6b8,12, #C1C0AC
ced06d0fa4d64bd4d6b8,8, #7B7860
ced06d0fa4d64bd4d6b8,29,#A4A084
ced06d0fa4d64bd4d6b8,16, #3D331B
ced06d0fa4d64bd4d6b8,7, #585338
ced06d0fa4d64bd4d6b8,0, #945838
ced06d0fa4d64bd4d6b8,25, #1D1707
ced0718ea4412d498ed3,8, #595649
ced0718ea4412d498ed3,22, #8E8978
ced0718ea4412d498ed3,21, #DBD5C7
ced0718ea4412d498ed3,21,#F8F4E7
ced0718ea4412d498ed3,12, #B4AF9F
ced0718ea4412d498ed3,13, #757161
ced10562cfec6165920e,3, #080707
ced10562cfec6165920e,2, #B0A892
ced10562cfec6165920e,14, #76582D
ced10562cfec6165920e,9, #CBC8B7
ced10562cfec6165920e,64,#36383B
ced10562cfec6165920e,4, #8E8162
ced10562cfec6165920e,0, #5D7385
ced6fbc6b9d078997c34,9, #776857
ced6fbc6b9d078997c34,1, #4C3A30
ced6fbc6b9d078997c34,8,#F5F3EE
ced6fbc6b9d078997c34,58, #D8D3C1
ced6fbc6b9d078997c34,7, #9B917F
ced6fbc6b9d078997c34,15, #C2B89E
ceda361853acf59ec492,33, #9D884F
ceda361853acf59ec492,7, #DECF90
ceda361853acf59ec492,1, #26200E
ceda361853acf59ec492,21, #44402E
ceda361853acf59ec492,24, #6C5739
ceda361853acf59ec492,10,#CEB35A
cedc953d18094f1c09bd,88,#CAC2AA
cedc953d18094f1c09bd,2, #FBFAF6
cedc953d18094f1c09bd,0, #E9E7D7
cedc953d18094f1c09bd,4, #A89E8A
cedc953d18094f1c09bd,1, #645548
cedc953d18094f1c09bd,0, #41322B
cedc953d18094f1c09bd,2, #8B7E6C
cedd287292a19797153b,3, #BDBAAA
cedd287292a19797153b,75,#E9E6DA
cedd287292a19797153b,5, #817E6F
cedd287292a19797153b,6, #5B594C
cedd287292a19797153b,0, #FEFEFE
cedd287292a19797153b,4, #D1CEC0
cedd287292a19797153b,4, #A19E90
cee7da229cf1efd978da,4,#FAF9F5
cee7da229cf1efd978da,8, #A6A49D
cee7da229cf1efd978da,3, #827B76
cee7da229cf1efd978da,4, #E1DFD7
cee7da229cf1efd978da,77, #CAC2B0
cee7da229cf1efd978da,0, #564A44
cee80ca8ae3946808805,12, #444035
cee80ca8ae3946808805,43, #C8C4B4
cee80ca8ae3946808805,13, #9C9789
cee80ca8ae3946808805,15,#F4F4EE
cee80ca8ae3946808805,13, #746F62
cee80ca8ae3946808805,1, #18160E
cf0924443bba2564eee8,65,#15110B
cf0924443bba2564eee8,15, #64513E
cf0924443bba2564eee8,2, #7B746A
cf0924443bba2564eee8,0, #B7B5AD
cf0924443bba2564eee8,1, #968F83
cf0924443bba2564eee8,15, #432F20
cf0d24b46201d33a8646,1, #8C7F60
cf0d24b46201d33a8646,14,#2E2920
cf0d24b46201d33a8646,42, #625236
cf0d24b46201d33a8646,39, #443C2F
cf0d24b46201d33a8646,2, #7E6D50
cf0d24b46201d33a8646,0, #9E9273
cf0e75ad2b641853cd9d,60,#F5F2E6
cf0e75ad2b641853cd9d,3, #625E51
cf0e75ad2b641853cd9d,1, #48443B
cf0e75ad2b641853cd9d,22, #C7BEA9
cf0e75ad2b641853cd9d,5, #7F7663
cf0e75ad2b641853cd9d,5, #9F9683
cf1129bd72281da4395f,17, #888677
cf1129bd72281da4395f,36, #CDC6B4
cf1129bd72281da4395f,18, #E7E0CD
cf1129bd72281da4395f,0,#FDFAF1
cf1129bd72281da4395f,20, #AEA998
cf1129bd72281da4395f,6, #59584B
cf1af951f0d4f36ac7b2,2, #474943
cf1af951f0d4f36ac7b2,22, #6A6B62
cf1af951f0d4f36ac7b2,27, #AFAEA5
cf1af951f0d4f36ac7b2,9,#F6F5EA
cf1af951f0d4f36ac7b2,22, #D8D6CB
cf1af951f0d4f36ac7b2,16, #8A8A81
cf1c9579db3e8db511d0,16, #C6BEA9
cf1c9579db3e8db511d0,2, #383730
cf1c9579db3e8db511d0,35,#F4EFDE
cf1c9579db3e8db511d0,13, #A19A89
cf1c9579db3e8db511d0,11, #817C6C
cf1c9579db3e8db511d0,21, #5B574C
cf215e235d8a27e6173c,2, #494D4D
cf215e235d8a27e6173c,1, #716C61
cf215e235d8a27e6173c,7, #948571
cf215e235d8a27e6173c,4, #AAA192
cf215e235d8a27e6173c,5, #D7CFBE
cf215e235d8a27e6173c,2, #C4BAA9
cf215e235d8a27e6173c,76,#EDE9DD
cf2a7fa47b99353533a9,3, #745729
cf2a7fa47b99353533a9,0, #9C8956
cf2a7fa47b99353533a9,75, #2D1F0E
cf2a7fa47b99353533a9,12,#100C06
cf2a7fa47b99353533a9,9, #533814
cf2a7fa47b99353533a9,0, #8B7543
cf2e9916b34ee6da0138,0, #712643
cf2e9916b34ee6da0138,5, #95839E
cf2e9916b34ee6da0138,0, #863960
cf2e9916b34ee6da0138,47,#090908
cf2e9916b34ee6da0138,11, #4C3A48
cf2e9916b34ee6da0138,9, #725C74
cf2e9916b34ee6da0138,26, #3F212C
cf2eb78b2321146484f1,10, #9C8D7D
cf2eb78b2321146484f1,24, #C2B7A4
cf2eb78b2321146484f1,16, #614C3F
cf2eb78b2321146484f1,20, #3A2219
cf2eb78b2321146484f1,19,#EEE5D2
cf2eb78b2321146484f1,8, #857162
cf3e243d0d0cf559d37e,19, #F7F2DB
cf3e243d0d0cf559d37e,11, #4B4B41
cf3e243d0d0cf559d37e,16,#8E8A7B
cf3e243d0d0cf559d37e,10, #AEA795
cf3e243d0d0cf559d37e,10, #726F62
cf3e243d0d0cf559d37e,31, #D0C6B0
cf410872ea6088877690,11, #AFAAA0
cf410872ea6088877690,4, #1A0F09
cf410872ea6088877690,18, #60584F
cf410872ea6088877690,2, #D3D0C7
cf410872ea6088877690,17, #40372D
cf410872ea6088877690,4, #F7F5F3
cf410872ea6088877690,41,#837C74
cf41a100eee7f4cbf5ea,21, #F3F3E3
cf41a100eee7f4cbf5ea,6,#D9D2B9
cf41a100eee7f4cbf5ea,18, #6A6A61
cf41a100eee7f4cbf5ea,23, #828075
cf41a100eee7f4cbf5ea,15, #A69E88
cf41a100eee7f4cbf5ea,13, #BDB6A0
cf41f0fedecb70b58d28,0, #A3977A
cf41f0fedecb70b58d28,30,#7A7F8A
cf41f0fedecb70b58d28,14, #49443A
cf41f0fedecb70b58d28,8, #8C8364
cf41f0fedecb70b58d28,17, #C9C1C0
cf41f0fedecb70b58d28,15, #AFA59E
cf41f0fedecb70b58d28,14, #6C6A60
cf43ca5c2154c61abc54,3, #6A635B
cf43ca5c2154c61abc54,4, #918C81
cf43ca5c2154c61abc54,1, #38302B
cf43ca5c2154c61abc54,38,#F5F1E3
cf43ca5c2154c61abc54,34, #DDD5BE
cf43ca5c2154c61abc54,17, #B6B09F
cf4bd1cbc01815b360b0,16,#EBE9DB
cf4bd1cbc01815b360b0,20, #5F4E3F
cf4bd1cbc01815b360b0,11, #412F23
cf4bd1cbc01815b360b0,16, #BDB8AC
cf4bd1cbc01815b360b0,19, #968D82
cf4bd1cbc01815b360b0,15, #786B5D
cf6ff0ebc2097d899b45,3,#536667
cf6ff0ebc2097d899b45,28, #927E68
cf6ff0ebc2097d899b45,34, #693E26
cf6ff0ebc2097d899b45,3, #EBDEC5
cf6ff0ebc2097d899b45,13, #C3AD9C
cf6ff0ebc2097d899b45,17, #0C0E0C
cf7a69d9b65ac679a3d9,50,#322E1D
cf7a69d9b65ac679a3d9,10, #685530
cf7a69d9b65ac679a3d9,2, #968566
cf7a69d9b65ac679a3d9,0, #737065
cf7a69d9b65ac679a3d9,33, #13120B
cf7a69d9b65ac679a3d9,1, #B3AC98
cf7a69d9b65ac679a3d9,0, #C7C7BE
cf7e831b70086aaedd4f,24, #353230
cf7e831b70086aaedd4f,12, #E2D6C7
cf7e831b70086aaedd4f,22, #68635E
cf7e831b70086aaedd4f,1,#FAF6ED
cf7e831b70086aaedd4f,18, #B7B0A5
cf7e831b70086aaedd4f,20, #8F8980
cf7f336758757dc4ae85,39, #968E76
cf7f336758757dc4ae85,4, #F8F6ED
cf7f336758757dc4ae85,39, #B6A880
cf7f336758757dc4ae85,7, #807152
cf7f336758757dc4ae85,0,#66553E
cf7f336758757dc4ae85,9, #D6CFB7
cf7ff436efb07f995de9,12, #5E5341
cf7ff436efb07f995de9,13, #C0AE8B
cf7ff436efb07f995de9,10, #F2EEDE
cf7ff436efb07f995de9,29,#8E8576
cf7ff436efb07f995de9,12, #100F12
cf7ff436efb07f995de9,21, #2E2C36
cf8547f7da3a463c8794,5, #534738
cf8547f7da3a463c8794,46, #F5F3E7
cf8547f7da3a463c8794,17, #A99E89
cf8547f7da3a463c8794,27,#D7CFBA
cf8547f7da3a463c8794,0, #251C12
cf8547f7da3a463c8794,3, #897C65
cf88348a36f297a2fdbe,11, #7C7667
cf88348a36f297a2fdbe,16, #BFB9AA
cf88348a36f297a2fdbe,0, #FEFEF9
cf88348a36f297a2fdbe,53,#E3DECD
cf88348a36f297a2fdbe,2, #403C32
cf88348a36f297a2fdbe,11, #9F9A8B
cf88348a36f297a2fdbe,4, #5E594B
cf900ff4760b0fd023c7,0,#FEFEF2
cf900ff4760b0fd023c7,17, #A09D91
cf900ff4760b0fd023c7,26, #E5E2D3
cf900ff4760b0fd023c7,14, #6C6A61
cf900ff4760b0fd023c7,24, #C6C3B5
cf900ff4760b0fd023c7,16, #3D3C36
cf95a6773cf8713822f6,13, #ABA694
cf95a6773cf8713822f6,12, #463A33
cf95a6773cf8713822f6,4, #2F231E
cf95a6773cf8713822f6,22, #6B6258
cf95a6773cf8713822f6,35,#D1D1C0
cf95a6773cf8713822f6,12, #918979
cf96be6844021e7c5dc7,9, #9F8165
cf96be6844021e7c5dc7,12, #AE9C81
cf96be6844021e7c5dc7,12, #866C55
cf96be6844021e7c5dc7,12, #C1B79F
cf96be6844021e7c5dc7,17, #E1D7BF
cf96be6844021e7c5dc7,5, #574B3F
cf96be6844021e7c5dc7,30,#F9F8F4
cf9830892347a898ce11,3, #66603D
cf9830892347a898ce11,8, #9B8440
cf9830892347a898ce11,51,#0C0B0A
cf9830892347a898ce11,1, #C0B572
cf9830892347a898ce11,2, #924E19
cf9830892347a898ce11,33, #44311B
cf9bfb1a2a674504a865,13, #B7AFA0
cf9bfb1a2a674504a865,3, #564F4A
cf9bfb1a2a674504a865,16, #938A7C
cf9bfb1a2a674504a865,6, #786C60
cf9bfb1a2a674504a865,57, #DAD5CA
cf9bfb1a2a674504a865,1,#FEFEFE
cf9caf1ed08e20c7fc54,2, #AC9459
cf9caf1ed08e20c7fc54,1, #E3E0C6
cf9caf1ed08e20c7fc54,35, #382D15
cf9caf1ed08e20c7fc54,2, #C1B38E
cf9caf1ed08e20c7fc54,3, #6E4D20
cf9caf1ed08e20c7fc54,1, #947837
cf9caf1ed08e20c7fc54,53,#0F0E09
cfa2ae57d9a892bd47c8,5, #ABA29A
cfa2ae57d9a892bd47c8,11, #5A5451
cfa2ae57d9a892bd47c8,3, #89817B
cfa2ae57d9a892bd47c8,1,#FBF1E5
cfa2ae57d9a892bd47c8,74, #D6C9BF
cfa2ae57d9a892bd47c8,2, #2B2827
cfa734dcb2e5626f6bd0,7, #8B8474
cfa734dcb2e5626f6bd0,8, #F0EAD5
cfa734dcb2e5626f6bd0,0, #FFFEF5
cfa734dcb2e5626f6bd0,10, #666053
cfa734dcb2e5626f6bd0,11, #B6AA94
cfa734dcb2e5626f6bd0,13, #3F3C34
cfa734dcb2e5626f6bd0,47,#D8CDB4
cfac598c2129b9cb6c5c,13,#EBE1CC
cfac598c2129b9cb6c5c,2, #393433
cfac598c2129b9cb6c5c,22, #C7BDAC
cfac598c2129b9cb6c5c,20, #A69E92
cfac598c2129b9cb6c5c,25, #5F5955
cfac598c2129b9cb6c5c,16, #8B837A
cfb1790c6c8132be7ec7,34, #B1BBB9
cfb1790c6c8132be7ec7,18, #9EA096
cfb1790c6c8132be7ec7,9, #5C5B54
cfb1790c6c8132be7ec7,26,#0D0D09
cfb1790c6c8132be7ec7,7, #848274
cfb1790c6c8132be7ec7,2, #393831
cfb4e3d39097f61539e6,8, #B1A67D
cfb4e3d39097f61539e6,3, #928353
cfb4e3d39097f61539e6,8, #716A47
cfb4e3d39097f61539e6,44,#4E4B34
cfb4e3d39097f61539e6,13, #85919A
cfb4e3d39097f61539e6,13, #727B87
cfb4e3d39097f61539e6,7, #2C291C
cfb84dede2218042eacd,3, #CBB994
cfb84dede2218042eacd,6, #6C5940
cfb84dede2218042eacd,3, #EDE8D2
cfb84dede2218042eacd,7, #94826A
cfb84dede2218042eacd,3, #4D3E28
cfb84dede2218042eacd,75,#1E160E
cfb8b496ac5043d6f53d,3, #61675D
cfb8b496ac5043d6f53d,73,#F6EFDC
cfb8b496ac5043d6f53d,1, #101A13
cfb8b496ac5043d6f53d,3, #353F37
cfb8b496ac5043d6f53d,13, #C2BDAB
cfb8b496ac5043d6f53d,5, #8C8E82
cfbedd4a7d6db17a120c,16, #3B3A36
cfbedd4a7d6db17a120c,7, #88847B
cfbedd4a7d6db17a120c,12, #A7A398
cfbedd4a7d6db17a120c,5,#F3EEDF
cfbedd4a7d6db17a120c,12, #69665F
cfbedd4a7d6db17a120c,46, #D2CEC1
cfc04bfe491a58cdfbb1,12, #6A5F40
cfc04bfe491a58cdfbb1,4, #7B7053
cfc04bfe491a58cdfbb1,28,#4E4630
cfc04bfe491a58cdfbb1,19, #2C291F
cfc04bfe491a58cdfbb1,12, #9E998A
cfc04bfe491a58cdfbb1,21, #89826F
cfcc96b74c6af6e2921f,9, #6B3E2D
cfcc96b74c6af6e2921f,1, #BBA96C
cfcc96b74c6af6e2921f,0, #A5A098
cfcc96b74c6af6e2921f,0, #C5C1B6
cfcc96b74c6af6e2921f,80,#1C120C
cfcc96b74c6af6e2921f,2, #86765C
cfcc96b74c6af6e2921f,7, #2D2D2D
cfcd517a594cc16e31e8,29, #BDB29A
cfcd517a594cc16e31e8,4,#FCFBF4
cfcd517a594cc16e31e8,27, #47433B
cfcd517a594cc16e31e8,20, #7A7362
cfcd517a594cc16e31e8,4, #E1D9C3
cfcd517a594cc16e31e8,12, #9F9886
cfce928b530d6fd45ebd,4, #929087
cfce928b530d6fd45ebd,63,#E4E2D9
cfce928b530d6fd45ebd,3, #7E7C74
cfce928b530d6fd45ebd,11, #A9A79F
cfce928b530d6fd45ebd,16, #C5C2BB
cfce928b530d6fd45ebd,1, #605F58
cfd874158f7c4c70cbfc,6, #7D7261
cfd874158f7c4c70cbfc,9, #5F5649
cfd874158f7c4c70cbfc,18, #BFB39D
cfd874158f7c4c70cbfc,4, #3C362F
cfd874158f7c4c70cbfc,20, #F7F4ED
cfd874158f7c4c70cbfc,30,#E0D4BD
cfd874158f7c4c70cbfc,10, #968D7E
cfdd14bbed31dd21ab7a,15, #684A35
cfdd14bbed31dd21ab7a,28,#D3C8AB
cfdd14bbed31dd21ab7a,4, #8E6F50
cfdd14bbed31dd21ab7a,43, #F4F1E0
cfdd14bbed31dd21ab7a,4, #9D917C
cfdd14bbed31dd21ab7a,2, #BAA987
cfdec615a6a4ddc6baf8,5, #584639
cfdec615a6a4ddc6baf8,7, #7C6D5C
cfdec615a6a4ddc6baf8,2, #B6B09C
cfdec615a6a4ddc6baf8,63, #D1CBB3
cfdec615a6a4ddc6baf8,3, #9F9582
cfdec615a6a4ddc6baf8,17,#F0EBD0
cfdfd9ae0dca42edb495,1, #CCC7B9
cfdfd9ae0dca42edb495,12, #89857A
cfdfd9ae0dca42edb495,4,#F4F2E7
cfdfd9ae0dca42edb495,0, #AAA499
cfdfd9ae0dca42edb495,30, #59554B
cfdfd9ae0dca42edb495,51, #302C24
cfe507f80c311ddfc1ac,7, #D7CFB2
cfe507f80c311ddfc1ac,19, #8D836F
cfe507f80c311ddfc1ac,17, #42382E
cfe507f80c311ddfc1ac,10, #B3A68C
cfe507f80c311ddfc1ac,39, #685F50
cfe507f80c311ddfc1ac,5,#F8F7E5
cfe9b5658c6f96ed0928,9, #AAA698
cfe9b5658c6f96ed0928,14, #D1CDBB
cfe9b5658c6f96ed0928,23, #5F5D53
cfe9b5658c6f96ed0928,6,#F5F3E8
cfe9b5658c6f96ed0928,10, #34332C
cfe9b5658c6f96ed0928,36, #8A867C
cff50acf5246337ed290,21,#897F75
cff50acf5246337ed290,1, #393330
cff50acf5246337ed290,19, #BAAEA0
cff50acf5246337ed290,12, #5C544E
cff50acf5246337ed290,17, #FAF5EB
cff50acf5246337ed290,27, #DFD0C0
d003228ed9aa3d7ac623,2, #827E6F
d003228ed9aa3d7ac623,27, #CDC9B8
d003228ed9aa3d7ac623,62,#F8F7F0
d003228ed9aa3d7ac623,2, #5B594B
d003228ed9aa3d7ac623,4, #A5A192
d003228ed9aa3d7ac623,0, #373429
d005a9d889a1cafbecf0,7, #C5BBA9
d005a9d889a1cafbecf0,26, #827461
d005a9d889a1cafbecf0,2,#F4EEE8
d005a9d889a1cafbecf0,7, #DDD4C6
d005a9d889a1cafbecf0,56, #AB9B87
d005a9d889a1cafbecf0,0, #504A43
d00a304342551a2e526c,13, #A19D8F
d00a304342551a2e526c,7, #7E7A6E
d00a304342551a2e526c,31,#DCD7C7
d00a304342551a2e526c,0, #38372F
d00a304342551a2e526c,10, #BDB8AA
d00a304342551a2e526c,26, #F9F6E6
d00a304342551a2e526c,10, #5B584D
d01161299e9b7a0c145f,22, #ACA088
d01161299e9b7a0c145f,4, #6A6356
d01161299e9b7a0c145f,2, #4C4841
d01161299e9b7a0c145f,8, #837C69
d01161299e9b7a0c145f,8,#F9F6EF
d01161299e9b7a0c145f,53, #D7CAAD
d0145907a121ad126949,6, #F5F1E7
d0145907a121ad126949,12, #8C867A
d0145907a121ad126949,9, #716C61
d0145907a121ad126949,32,#D3CCBD
d0145907a121ad126949,17, #595449
d0145907a121ad126949,10, #37332B
d0145907a121ad126949,11, #AEA89A
d01985f9a5994bd859df,23,#E7D7B4
d01985f9a5994bd859df,9, #A49679
d01985f9a5994bd859df,15, #6C5B43
d01985f9a5994bd859df,6, #B8AA8B
d01985f9a5994bd859df,22, #CDBF9E
d01985f9a5994bd859df,8, #53402B
d01985f9a5994bd859df,14, #887960
d0274f81abd057f378e9,8, #9B9386
d0274f81abd057f378e9,6, #715B44
d0274f81abd057f378e9,10,#EBEAE9
d0274f81abd057f378e9,17, #BCAC90
d0274f81abd057f378e9,47, #D6CAB1
d0274f81abd057f378e9,9, #8F7D65
d02d9e3e86ef68f781e6,22, #8C8773
d02d9e3e86ef68f781e6,17, #444234
d02d9e3e86ef68f781e6,1, #ACAEAC
d02d9e3e86ef68f781e6,42,#141312
d02d9e3e86ef68f781e6,2, #EBDD8E
d02d9e3e86ef68f781e6,10, #E3E3E4
d02d9e3e86ef68f781e6,1, #CFBD73
d0307502938b3dcd9d1e,1, #8B8668
d0307502938b3dcd9d1e,15, #19170F
d0307502938b3dcd9d1e,18, #675536
d0307502938b3dcd9d1e,58,#42331F
d0307502938b3dcd9d1e,4, #7C6C4B
d0307502938b3dcd9d1e,0, #A58456
d0307502938b3dcd9d1e,0, #AAA582
d0317d8e1b559a42c973,13, #B3A67A
d0317d8e1b559a42c973,9, #7C7049
d0317d8e1b559a42c973,25, #C8BD93
d0317d8e1b559a42c973,20, #998D68
d0317d8e1b559a42c973,21,#E5E0C6
d0317d8e1b559a42c973,9, #564E35
d0349d54bad635309267,0, #E9E7E1
d0349d54bad635309267,2, #AD9E94
d0349d54bad635309267,12, #4F3F3C
d0349d54bad635309267,75, #17191B
d0349d54bad635309267,6, #966856
d0349d54bad635309267,1,#CCC5BE
d03526d63b253663022c,33, #D1C7B0
d03526d63b253663022c,10, #B2A68A
d03526d63b253663022c,13, #423524
d03526d63b253663022c,17, #8C795E
d03526d63b253663022c,18,#655539
d03526d63b253663022c,6, #181513
d0353ba376058eaf07c8,12, #7C6F63
d0353ba376058eaf07c8,7, #644F42
d0353ba376058eaf07c8,18, #B3AA9C
d0353ba376058eaf07c8,2, #3F2A1F
d0353ba376058eaf07c8,17, #938578
d0353ba376058eaf07c8,41,#D8D6C8
d039a18942d242bdc0a6,3, #857F47
d039a18942d242bdc0a6,25, #B0A469
d039a18942d242bdc0a6,0,#D2D3B7
d039a18942d242bdc0a6,17, #605A3A
d039a18942d242bdc0a6,24, #26240E
d039a18942d242bdc0a6,28, #BCB997
d03abdf2b358d056a397,26, #5A3F29
d03abdf2b358d056a397,2, #ECDFBF
d03abdf2b358d056a397,3, #988E7A
d03abdf2b358d056a397,3, #B5AEA2
d03abdf2b358d056a397,48,#231B15
d03abdf2b358d056a397,15, #857156
d03c1dca54d0914ad734,15, #6D6855
d03c1dca54d0914ad734,8, #454235
d03c1dca54d0914ad734,0,#FFFEEF
d03c1dca54d0914ad734,14, #938D78
d03c1dca54d0914ad734,40, #E3DAC6
d03c1dca54d0914ad734,20, #B7B09B
d046b40358ae8fd6f6f2,5, #69675B
d046b40358ae8fd6f6f2,1,#FAF6E5
d046b40358ae8fd6f6f2,4, #3E3D34
d046b40358ae8fd6f6f2,66, #DAD6C6
d046b40358ae8fd6f6f2,10, #BCB7A9
d046b40358ae8fd6f6f2,11, #989587
d0481270444704659c04,1, #7C694E
d0481270444704659c04,32, #EFEDDF
d0481270444704659c04,7, #DED9C4
d0481270444704659c04,0,#FEFEFA
d0481270444704659c04,53, #C6BC9D
d0481270444704659c04,5, #9D9179
d04c333ff83001191e59,16,#636045
d04c333ff83001191e59,20, #9B532D
d04c333ff83001191e59,16, #BEB07F
d04c333ff83001191e59,19, #8F7E5C
d04c333ff83001191e59,26, #2D2820
d04c333ff83001191e59,1, #F2E1B4
d0562bc7c6d8c7a61ea1,0, #454137
d0562bc7c6d8c7a61ea1,4, #5D584D
d0562bc7c6d8c7a61ea1,25, #D5CEBF
d0562bc7c6d8c7a61ea1,26, #7B7569
d0562bc7c6d8c7a61ea1,7,#F7F6F1
d0562bc7c6d8c7a61ea1,36, #A39C8F
d06028c84030929d64eb,17, #C4BEAB
d06028c84030929d64eb,8, #ECE2CD
d06028c84030929d64eb,24,#9F9A89
d06028c84030929d64eb,13, #414139
d06028c84030929d64eb,0, #FEFDF7
d06028c84030929d64eb,20, #797667
d06028c84030929d64eb,16, #5A5A4E
d0667e0d7aab5269b38a,5,#FCFCEC
d0667e0d7aab5269b38a,16, #777259
d0667e0d7aab5269b38a,16, #AEA68B
d0667e0d7aab5269b38a,3, #484532
d0667e0d7aab5269b38a,1, #232313
d0667e0d7aab5269b38a,56, #E6D9B6
d07416a8e095f6bcf84a,4, #AAA69A
d07416a8e095f6bcf84a,84,#F2EFE7
d07416a8e095f6bcf84a,4, #CCC7BB
d07416a8e095f6bcf84a,1, #676357
d07416a8e095f6bcf84a,4, #847F73
d07416a8e095f6bcf84a,0, #4A463D
d07508c1b051fce3497b,26, #BCB49A
d07508c1b051fce3497b,9, #6F6C5C
d07508c1b051fce3497b,42, #E0DAC1
d07508c1b051fce3497b,5,#F9F8F3
d07508c1b051fce3497b,7, #3B3A2F
d07508c1b051fce3497b,7, #9A9685
d078d4f0e569cf9285a6,29,#3B301B
d078d4f0e569cf9285a6,60, #1B190F
d078d4f0e569cf9285a6,3, #866A3D
d078d4f0e569cf9285a6,2, #B99557
d078d4f0e569cf9285a6,0, #D2BF79
d078d4f0e569cf9285a6,3, #624426
d07d7f975a7e7a3e5487,5, #8C7E63
d07d7f975a7e7a3e5487,6, #97907D
d07d7f975a7e7a3e5487,35, #EFEAD6
d07d7f975a7e7a3e5487,16,#D8D1B3
d07d7f975a7e7a3e5487,34, #BAB196
d07d7f975a7e7a3e5487,1, #736148
d084410daf4b2e68d8e6,11, #827B68
d084410daf4b2e68d8e6,3, #403E34
d084410daf4b2e68d8e6,38, #D2CBB4
d084410daf4b2e68d8e6,13, #605B4C
d084410daf4b2e68d8e6,16,#F9F7EB
d084410daf4b2e68d8e6,14, #A9A18D
d0846aed1ab356631a6b,6, #8E8475
d0846aed1ab356631a6b,7, #786B60
d0846aed1ab356631a6b,47,#C6C4B6
d0846aed1ab356631a6b,15, #F2F2EF
d0846aed1ab356631a6b,9, #58463E
d0846aed1ab356631a6b,10, #A5A195
d0846aed1ab356631a6b,2, #DCDBD1
d0863729ca5875382368,62, #DCD1BB
d0863729ca5875382368,15, #AEA391
d0863729ca5875382368,7, #897F6E
d0863729ca5875382368,3,#F7ECD6
d0863729ca5875382368,2, #3A3630
d0863729ca5875382368,8, #625B4D
d092af278b69cf6ebc60,6, #8D7C68
d092af278b69cf6ebc60,10, #AEA393
d092af278b69cf6ebc60,24, #69543F
d092af278b69cf6ebc60,7,#F6F3EA
d092af278b69cf6ebc60,13, #452F1F
d092af278b69cf6ebc60,36, #D8D0BD
d09c33ae41eea40d88b3,30,#121009
d09c33ae41eea40d88b3,39, #452D22
d09c33ae41eea40d88b3,4, #82735F
d09c33ae41eea40d88b3,6, #735340
d09c33ae41eea40d88b3,7, #CABCA8
d09c33ae41eea40d88b3,10, #AD937E
d09ce39ec78cc6a6b774,9, #9D998B
d09ce39ec78cc6a6b774,8, #D3CCB9
d09ce39ec78cc6a6b774,0, #352F28
d09ce39ec78cc6a6b774,5, #58564B
d09ce39ec78cc6a6b774,6, #7E7B6D
d09ce39ec78cc6a6b774,56,#EDE9DC
d09ce39ec78cc6a6b774,14, #B7B2A2
d09d1c0cbeb43fccbf39,7,#F8F6E7
d09d1c0cbeb43fccbf39,8, #4E5748
d09d1c0cbeb43fccbf39,26, #B9B7A1
d09d1c0cbeb43fccbf39,17, #DED9C2
d09d1c0cbeb43fccbf39,14, #979884
d09d1c0cbeb43fccbf39,25, #74765F
d0ac04cbfc6e759c75ac,65, #3C3620
d0ac04cbfc6e759c75ac,3, #AA8252
d0ac04cbfc6e759c75ac,0, #DBD0A2
d0ac04cbfc6e759c75ac,13,#1A170E
d0ac04cbfc6e759c75ac,4, #C4AB73
d0ac04cbfc6e759c75ac,12, #7B673D
d0ac776e1a7c90206e68,25, #84705F
d0ac776e1a7c90206e68,6,#A79585
d0ac776e1a7c90206e68,0, #3E3B39
d0ac776e1a7c90206e68,49, #C6BDAE
d0ac776e1a7c90206e68,9, #EFE9DB
d0ac776e1a7c90206e68,9, #62564D
d0aefafef5ab16919372,15, #403D24
d0aefafef5ab16919372,14, #726F58
d0aefafef5ab16919372,12, #1F1F0F
d0aefafef5ab16919372,46, #BBB195
d0aefafef5ab16919372,5, #9C8D6E
d0aefafef5ab16919372,4,#5E5738
d0b919a4da0649beb005,9, #AD9B6A
d0b919a4da0649beb005,37,#9A8753
d0b919a4da0649beb005,2, #E2D9A7
d0b919a4da0649beb005,38, #6D5635
d0b919a4da0649beb005,2, #C7B886
d0b919a4da0649beb005,9, #4A3520
d0d016764994a76f4711,13, #C5BEA5
d0d016764994a76f4711,43, #918B78
d0d016764994a76f4711,4, #413F39
d0d016764994a76f4711,20, #5F5C51
d0d016764994a76f4711,17, #E1DDC9
d0d016764994a76f4711,0,#FBF8E7
d0d095619ae30ba10f76,23, #4A3C33
d0d095619ae30ba10f76,9, #C3BCA5
d0d095619ae30ba10f76,28, #756B5E
d0d095619ae30ba10f76,0,#F4EEDA
d0d095619ae30ba10f76,7, #DFD9C3
d0d095619ae30ba10f76,30, #9B9382
d0d0cc3edf7d48da33c0,9, #B4ADA0
d0d0cc3edf7d48da33c0,16, #837D71
d0d0cc3edf7d48da33c0,17, #D2CABA
d0d0cc3edf7d48da33c0,11, #9B9589
d0d0cc3edf7d48da33c0,1, #F1E7D4
d0d0cc3edf7d48da33c0,33,#666257
d0d0cc3edf7d48da33c0,10, #423F38
d0d107a2a0be4a85ce47,27,#ECE6D5
d0d107a2a0be4a85ce47,23, #D4C9B2
d0d107a2a0be4a85ce47,12, #A7A08D
d0d107a2a0be4a85ce47,8, #6E6857
d0d107a2a0be4a85ce47,12, #4C493D
d0d107a2a0be4a85ce47,9, #FBFAF6
d0d107a2a0be4a85ce47,6, #87806D
d0d321e2485dfb284f18,9,#F8F8FA
d0d321e2485dfb284f18,45, #3D393D
d0d321e2485dfb284f18,19, #7B5535
d0d321e2485dfb284f18,10, #938D8E
d0d321e2485dfb284f18,12, #6D6A70
d0d321e2485dfb284f18,3, #CEC7C4
d0d5a228f6426754f868,16, #8E887E
d0d5a228f6426754f868,4,#FCF8F1
d0d5a228f6426754f868,17, #6E6961
d0d5a228f6426754f868,12, #443F3D
d0d5a228f6426754f868,28, #DBD3C3
d0d5a228f6426754f868,18, #AEA79A
d0de6d853e58b28d8312,50,#5A3C1E
d0de6d853e58b28d8312,2, #988852
d0de6d853e58b28d8312,0, #C9B76E
d0de6d853e58b28d8312,0, #B2A05F
d0de6d853e58b28d8312,7, #917334
d0de6d853e58b28d8312,0, #E2D58F
d0de6d853e58b28d8312,37, #282011
d0e186713fa748db1434,25, #605E51
d0e186713fa748db1434,1,#F8F4ED
d0e186713fa748db1434,9, #DDD5C3
d0e186713fa748db1434,41, #8B8676
d0e186713fa748db1434,20, #B9B19E
d0e186713fa748db1434,1, #434339
d0e287bb2c8cf3c8e1d1,2, #E9E9E8
d0e287bb2c8cf3c8e1d1,17, #A19B90
d0e287bb2c8cf3c8e1d1,4, #7A7069
d0e287bb2c8cf3c8e1d1,3, #291F15
d0e287bb2c8cf3c8e1d1,38,#62574F
d0e287bb2c8cf3c8e1d1,21, #42382C
d0e287bb2c8cf3c8e1d1,12, #C5C3B5
d0ec51f82150e46d8c61,2, #FDFBF6
d0ec51f82150e46d8c61,7, #F2ECD9
d0ec51f82150e46d8c61,15, #D6CBB3
d0ec51f82150e46d8c61,23, #989085
d0ec51f82150e46d8c61,8, #6F6761
d0ec51f82150e46d8c61,26,#847A73
d0ec51f82150e46d8c61,15, #B6AA98
d0ecb6220df7b63bb340,1,#F9F2DF
d0ecb6220df7b63bb340,17, #E0D8C7
d0ecb6220df7b63bb340,13, #B9B3A6
d0ecb6220df7b63bb340,34, #6D6661
d0ecb6220df7b63bb340,15, #46423F
d0ecb6220df7b63bb340,17, #958F86
d0ed2c559428a46ec07e,2,#232329
d0ed2c559428a46ec07e,13, #4E4B50
d0ed2c559428a46ec07e,21, #9C917C
d0ed2c559428a46ec07e,12, #CCC4C0
d0ed2c559428a46ec07e,22, #747272
d0ed2c559428a46ec07e,27, #ACA6A5
d0ee1b9c33dbd3f1056b,18, #676353
d0ee1b9c33dbd3f1056b,39,#F0EAD8
d0ee1b9c33dbd3f1056b,6, #85806E
d0ee1b9c33dbd3f1056b,13, #434237
d0ee1b9c33dbd3f1056b,7, #CCC4AC
d0ee1b9c33dbd3f1056b,14, #A49E8B
d104303cc19ae1960755,5, #7E8079
d104303cc19ae1960755,15, #DDDDD2
d104303cc19ae1960755,53, #181914
d104303cc19ae1960755,16, #F9F9F1
d104303cc19ae1960755,3, #AFB2AC
d104303cc19ae1960755,4,#53554D
d10db7c6d01bfab19820,8, #769172
d10db7c6d01bfab19820,7, #475138
d10db7c6d01bfab19820,6, #ADA798
d10db7c6d01bfab19820,4, #686356
d10db7c6d01bfab19820,19, #F9F8F1
d10db7c6d01bfab19820,1, #1E1E1D
d10db7c6d01bfab19820,51,#D8D1C3
d1184246c367a549f804,22, #707265
d1184246c367a549f804,25, #DBD6C8
d1184246c367a549f804,10, #908F83
d1184246c367a549f804,11,#F6F3E8
d1184246c367a549f804,11, #44473C
d1184246c367a549f804,18, #B6B3A6
d11ff85ed701328258a3,5, #8F8959
d11ff85ed701328258a3,6, #756E44
d11ff85ed701328258a3,28, #564828
d11ff85ed701328258a3,4, #B1A665
d11ff85ed701328258a3,4, #B8B78F
d11ff85ed701328258a3,1, #171206
d11ff85ed701328258a3,48,#312710
d1216cd777bbefab8ed6,8, #908D7E
d1216cd777bbefab8ed6,3, #302F27
d1216cd777bbefab8ed6,8, #6F6C5E
d1216cd777bbefab8ed6,27, #C1BBAB
d1216cd777bbefab8ed6,9, #504D42
d1216cd777bbefab8ed6,41,#F0EBD9
d1326cdb9da8eec9da0d,12, #BAB29F
d1326cdb9da8eec9da0d,65,#DDD8C4
d1326cdb9da8eec9da0d,6, #6A6253
d1326cdb9da8eec9da0d,7, #998E74
d1326cdb9da8eec9da0d,0, #16110A
d1326cdb9da8eec9da0d,4, #3F372A
d1326cdb9da8eec9da0d,1, #F7F6F0
d132d58197a88461e7a8,2, #EAEBDC
d132d58197a88461e7a8,9, #4C4637
d132d58197a88461e7a8,9, #9E9B8A
d132d58197a88461e7a8,32, #D4D3BF
d132d58197a88461e7a8,37,#B9B8AA
d132d58197a88461e7a8,5, #686456
d132d58197a88461e7a8,3, #807C6B
d139bb10ac8c94cfcc7e,14, #474740
d139bb10ac8c94cfcc7e,3,#F8F7F2
d139bb10ac8c94cfcc7e,1, #E2DDD1
d139bb10ac8c94cfcc7e,15, #727065
d139bb10ac8c94cfcc7e,46, #BAB6AA
d139bb10ac8c94cfcc7e,18, #928F85
d13ff244f80b047df726,54,#A18F6F
d13ff244f80b047df726,3, #414652
d13ff244f80b047df726,15, #664123
d13ff244f80b047df726,2, #5A606F
d13ff244f80b047df726,0, #D1C3A9
d13ff244f80b047df726,16, #7F6440
d13ff244f80b047df726,6, #261D17
d14900cd26c7daf450bc,10, #59584D
d14900cd26c7daf450bc,19, #8F8A7D
d14900cd26c7daf450bc,31, #DED9CC
d14900cd26c7daf450bc,20, #BBB7AB
d14900cd26c7daf450bc,15,#F7F2E6
d14900cd26c7daf450bc,2, #36362E
d14c1a411f3193ae3aac,9,#F7F5E7
d14c1a411f3193ae3aac,23, #D2D0C3
d14c1a411f3193ae3aac,17, #696960
d14c1a411f3193ae3aac,11, #474941
d14c1a411f3193ae3aac,10, #B1AFA3
d14c1a411f3193ae3aac,27, #8C8B80
d1502043d2569913b7ba,11, #A19C8E
d1502043d2569913b7ba,17,#F7F2E2
d1502043d2569913b7ba,51, #CBC5B6
d1502043d2569913b7ba,8, #848074
d1502043d2569913b7ba,8, #656155
d1502043d2569913b7ba,2, #3A372F
d153da2e4ae88d33d956,12, #AD8270
d153da2e4ae88d33d956,29, #613A2C
d153da2e4ae88d33d956,5,#1E100A
d153da2e4ae88d33d956,21, #DFBFA6
d153da2e4ae88d33d956,13, #8E5E47
d153da2e4ae88d33d956,17, #CDA18B
d155186e27a41b41e2e8,9, #615D4F
d155186e27a41b41e2e8,12, #989382
d155186e27a41b41e2e8,13, #B1AC9B
d155186e27a41b41e2e8,20, #F5F2DE
d155186e27a41b41e2e8,25, #CFCAB8
d155186e27a41b41e2e8,18,#7F7A6A
d159d48340740cd83b3a,24, #4A4122
d159d48340740cd83b3a,8, #2E2518
d159d48340740cd83b3a,13, #6B5D3C
d159d48340740cd83b3a,8, #8A7749
d159d48340740cd83b3a,4, #AEA378
d159d48340740cd83b3a,3, #958861
d159d48340740cd83b3a,38,#C6C19E
d161e884722b73e478e9,15, #757051
d161e884722b73e478e9,15, #ABA98E
d161e884722b73e478e9,13, #8C8D73
d161e884722b73e478e9,6, #C7C4A7
d161e884722b73e478e9,10, #211509
d161e884722b73e478e9,28,#443014
d161e884722b73e478e9,10, #5A5239
d165c5290a54962fd5e8,12, #C3BFAE
d165c5290a54962fd5e8,1, #AFA584
d165c5290a54962fd5e8,31, #303030
d165c5290a54962fd5e8,7, #0A0F19
d165c5290a54962fd5e8,7, #8D805D
d165c5290a54962fd5e8,7, #7C5539
d165c5290a54962fd5e8,32,#E7E0CB
d1687dd267a36532adaf,0, #C9BD90
d1687dd267a36532adaf,30, #2E2319
d1687dd267a36532adaf,1, #BBA679
d1687dd267a36532adaf,4, #5F523D
d1687dd267a36532adaf,56,#0D0609
d1687dd267a36532adaf,1, #A48F6A
d1687dd267a36532adaf,4, #836E4F
d169983411b7f427db24,8, #EAE4C4
d169983411b7f427db24,0, #89724A
d169983411b7f427db24,32,#B6AD96
d169983411b7f427db24,7, #68604A
d169983411b7f427db24,19, #CDC7A8
d169983411b7f427db24,19, #8E8569
d169983411b7f427db24,12, #3D3A2F
d16d090eac46bc9b13d0,27,#E7DCC9
d16d090eac46bc9b13d0,8, #55544C
d16d090eac46bc9b13d0,16, #171613
d16d090eac46bc9b13d0,11, #A89F8B
d16d090eac46bc9b13d0,15, #797564
d16d090eac46bc9b13d0,18, #3A372A
d16d090eac46bc9b13d0,1, #C7BEAD
d1792b3addddbf653bba,9, #AEA89D
d1792b3addddbf653bba,12, #90867C
d1792b3addddbf653bba,30,#C4C2B6
d1792b3addddbf653bba,11, #DFDED6
d1792b3addddbf653bba,11, #6A5B50
d1792b3addddbf653bba,1, #F9F9F7
d1792b3addddbf653bba,22, #453227
d179db58b3a537d0a8d3,36, #D3CAAC
d179db58b3a537d0a8d3,15, #483B2E
d179db58b3a537d0a8d3,11, #9E9581
d179db58b3a537d0a8d3,11,#8A775A
d179db58b3a537d0a8d3,0, #EAE7DB
d179db58b3a537d0a8d3,24, #6E604A
d18026a743d06520e267,13, #767168
d18026a743d06520e267,4, #2D251E
d18026a743d06520e267,38,#F8F6F1
d18026a743d06520e267,19, #D5CEBB
d18026a743d06520e267,8, #A29781
d18026a743d06520e267,11, #524B3F
d18026a743d06520e267,3, #B8B0A1
d18ff619467b1d030d01,19, #C7D1D5
d18ff619467b1d030d01,19, #162431
d18ff619467b1d030d01,8, #988971
d18ff619467b1d030d01,1,#86A9CE
d18ff619467b1d030d01,9, #C0B299
d18ff619467b1d030d01,41, #6A686A
d1922cf682c729bbc7ec,37, #5C7A91
d1922cf682c729bbc7ec,24, #ADB6AE
d1922cf682c729bbc7ec,35, #889AA3
d1922cf682c729bbc7ec,0, #DCDECB
d1922cf682c729bbc7ec,1, #C7CCBD
d1922cf682c729bbc7ec,0,#797B70
d199ab8169a99887a310,45, #371E12
d199ab8169a99887a310,2, #3F3A2A
d199ab8169a99887a310,3, #7B6841
d199ab8169a99887a310,35,#080704
d199ab8169a99887a310,1, #A37B48
d199ab8169a99887a310,11, #634425
d19ce2a23bbf451be336,26, #73645A
d19ce2a23bbf451be336,18,#948576
d19ce2a23bbf451be336,4, #4F3F35
d19ce2a23bbf451be336,11, #F0EDD7
d19ce2a23bbf451be336,6, #2B1E19
d19ce2a23bbf451be336,33, #BCB09E
d1a1551489c04f82ceaa,34, #6C695B
d1a1551489c04f82ceaa,17, #9D998A
d1a1551489c04f82ceaa,4,#FAFAF6
d1a1551489c04f82ceaa,14, #C0BCAA
d1a1551489c04f82ceaa,21, #E5E1D0
d1a1551489c04f82ceaa,6, #414036
d1a30fb136a48dae147a,52,#0C0B08
d1a30fb136a48dae147a,4, #A79C71
d1a30fb136a48dae147a,13, #574B2C
d1a30fb136a48dae147a,19, #2E220D
d1a30fb136a48dae147a,6, #887D54
d1a30fb136a48dae147a,4, #78653C
d1b8b0bb387d4ff94f7d,9, #C1BEA1
d1b8b0bb387d4ff94f7d,3,#DBDBC5
d1b8b0bb387d4ff94f7d,23, #9EA091
d1b8b0bb387d4ff94f7d,22, #172025
d1b8b0bb387d4ff94f7d,34, #50573E
d1b8b0bb387d4ff94f7d,5, #84845A
d1be5b281cd4f4f22bd2,31, #47473E
d1be5b281cd4f4f22bd2,7, #C2BBA7
d1be5b281cd4f4f22bd2,1,#FBF9F5
d1be5b281cd4f4f22bd2,19, #E1D9C4
d1be5b281cd4f4f22bd2,17, #A39D8A
d1be5b281cd4f4f22bd2,23, #7B7767
d1c47423ae171c03260d,17, #746C64
d1c47423ae171c03260d,5, #C5BEAB
d1c47423ae171c03260d,20, #544C48
d1c47423ae171c03260d,9,#FBFAF4
d1c47423ae171c03260d,35, #E9E2CA
d1c47423ae171c03260d,12, #9B9387
d1c606ff5d797c74af4f,6, #514B3A
d1c606ff5d797c74af4f,32,#CBC7AF
d1c606ff5d797c74af4f,16, #6E664C
d1c606ff5d797c74af4f,0, #3D3829
d1c606ff5d797c74af4f,32, #ACA482
d1c606ff5d797c74af4f,11, #8F8769
d1c606ff5d797c74af4f,0, #E5E2CD
d1c77785f8753ff3f8ad,0, #958677
d1c77785f8753ff3f8ad,9, #FAF9EB
d1c77785f8753ff3f8ad,0, #ABA091
d1c77785f8753ff3f8ad,86,#E7E4CF
d1c77785f8753ff3f8ad,3, #CDC6B3
d1c77785f8753ff3f8ad,0, #504C43
d1c77785f8753ff3f8ad,0, #706B5F
d1c886ba4e5e64277c4a,10, #595C51
d1c886ba4e5e64277c4a,45,#ECEADD
d1c886ba4e5e64277c4a,12, #C0BDB1
d1c886ba4e5e64277c4a,3, #3A3C35
d1c886ba4e5e64277c4a,12, #75776A
d1c886ba4e5e64277c4a,15, #959587
d1c969e4c82d537cf985,8,#E5E4E4
d1c969e4c82d537cf985,2, #BDB7AE
d1c969e4c82d537cf985,7, #544636
d1c969e4c82d537cf985,57, #968C76
d1c969e4c82d537cf985,18, #6A5F50
d1c969e4c82d537cf985,5, #392B22
d1d973c4b5703b213c2c,5, #17130A
d1d973c4b5703b213c2c,14, #A69769
d1d973c4b5703b213c2c,14, #937F4C
d1d973c4b5703b213c2c,22, #775E2B
d1d973c4b5703b213c2c,11, #67481E
d1d973c4b5703b213c2c,31,#3B2815
d1d973c4b5703b213c2c,0, #906C24
d1e09d8dbac310d78b9e,27,#6E603C
d1e09d8dbac310d78b9e,8, #988855
d1e09d8dbac310d78b9e,17, #211B10
d1e09d8dbac310d78b9e,9, #A09D84
d1e09d8dbac310d78b9e,26, #463C23
d1e09d8dbac310d78b9e,1, #E6DEB6
d1e09d8dbac310d78b9e,9, #BDB27D
d1e43b471a776fce4b49,25, #E5E1CA
d1e43b471a776fce4b49,8, #7F7564
d1e43b471a776fce4b49,1, #35281E
d1e43b471a776fce4b49,2, #4F4132
d1e43b471a776fce4b49,44,#C6C1AB
d1e43b471a776fce4b49,4, #655847
d1e43b471a776fce4b49,12, #A79F8A
d1e96cf9a243265e9e51,3,#EFEEE7
d1e96cf9a243265e9e51,15, #D2CCBB
d1e96cf9a243265e9e51,16, #5A5750
d1e96cf9a243265e9e51,20, #898377
d1e96cf9a243265e9e51,18, #B7AF9C
d1e96cf9a243265e9e51,25, #353633
d1ef084d9fcef5dd333c,7, #444037
d1ef084d9fcef5dd333c,10, #C6C1B1
d1ef084d9fcef5dd333c,22, #625D50
d1ef084d9fcef5dd333c,3, #A9A394
d1ef084d9fcef5dd333c,47,#E9E3D4
d1ef084d9fcef5dd333c,7, #868072
d1f38266eb3d61c4788b,53,#C5C1AC
d1f38266eb3d61c4788b,5, #332F2A
d1f38266eb3d61c4788b,6, #514E46
d1f38266eb3d61c4788b,7, #F2F1E5
d1f38266eb3d61c4788b,8, #726E5F
d1f38266eb3d61c4788b,9, #191612
d1f38266eb3d61c4788b,9, #918E80
d1f84d6e1dcf83eeb2ae,13, #625342
d1f84d6e1dcf83eeb2ae,10, #47382A
d1f84d6e1dcf83eeb2ae,7, #AFA68C
d1f84d6e1dcf83eeb2ae,3, #998E79
d1f84d6e1dcf83eeb2ae,12, #7F7462
d1f84d6e1dcf83eeb2ae,48,#D9CDAC
d1f84d6e1dcf83eeb2ae,3, #2D1F16
d1fb8868cca95a331ace,0, #6A5C40
d1fb8868cca95a331ace,14, #9F9781
d1fb8868cca95a331ace,2, #847C63
d1fb8868cca95a331ace,1, #DED8C7
d1fb8868cca95a331ace,2,#F8F5EC
d1fb8868cca95a331ace,78, #BFBAA6
d209f61b56cfdf7697b9,11, #968A6C
d209f61b56cfdf7697b9,14, #B2A382
d209f61b56cfdf7697b9,1, #6E664D
d209f61b56cfdf7697b9,46, #D7C59F
d209f61b56cfdf7697b9,0, #3C3626
d209f61b56cfdf7697b9,25,#F8E5BB
d21070b6cf2f2ecaf4f5,24, #D3CCB5
d21070b6cf2f2ecaf4f5,12, #B3A893
d21070b6cf2f2ecaf4f5,7, #352720
d21070b6cf2f2ecaf4f5,44, #F5F2D8
d21070b6cf2f2ecaf4f5,4,#8C8073
d21070b6cf2f2ecaf4f5,6, #695A50
d222cb9727c1a1f6c971,54, #3D3024
d222cb9727c1a1f6c971,7,#100E0B
d222cb9727c1a1f6c971,0, #E5D1C0
d222cb9727c1a1f6c971,6, #BAA99B
d222cb9727c1a1f6c971,23, #6C5D4C
d222cb9727c1a1f6c971,8, #9A7B4D
d229e60dc230b1780a1b,25, #D5CFC0
d229e60dc230b1780a1b,1, #2D2211
d229e60dc230b1780a1b,3, #4F4637
d229e60dc230b1780a1b,11, #857F73
d229e60dc230b1780a1b,3, #F2F1F0
d229e60dc230b1780a1b,50,#B5AE9F
d229e60dc230b1780a1b,4, #686153
d22ef0243da76e39d905,29,#F1EACE
d22ef0243da76e39d905,15, #6C5E3B
d22ef0243da76e39d905,7, #1A0E08
d22ef0243da76e39d905,23, #A19674
d22ef0243da76e39d905,12, #CEC5A3
d22ef0243da76e39d905,11, #433319
d2327741b790aa033ecb,9, #95744B
d2327741b790aa033ecb,0, #C0B897
d2327741b790aa033ecb,55,#291F11
d2327741b790aa033ecb,6, #A7936D
d2327741b790aa033ecb,10, #5C3C22
d2327741b790aa033ecb,17, #7D5C39
d240940d319a62f289eb,1,#6D6554
d240940d319a62f289eb,3, #FBFAF4
d240940d319a62f289eb,9, #A3977E
d240940d319a62f289eb,66, #EAE2C8
d240940d319a62f289eb,13, #C8B794
d240940d319a62f289eb,6, #D9CCAC
d247476f23242c38ffe9,9, #1E2B2D
d247476f23242c38ffe9,21, #717569
d247476f23242c38ffe9,14, #4A534D
d247476f23242c38ffe9,25, #9D9A89
d247476f23242c38ffe9,21, #C6BEA8
d247476f23242c38ffe9,7,#F6F1DF
d25256f9d0f655181fc2,3, #271F16
d25256f9d0f655181fc2,5, #9A762E
d25256f9d0f655181fc2,0, #B19E71
d25256f9d0f655181fc2,39, #7B5325
d25256f9d0f655181fc2,0, #786B4E
d25256f9d0f655181fc2,48,#584029
d25256f9d0f655181fc2,1, #9E8756
d25d4ac7bb8d1e3b90cc,10, #8E8979
d25d4ac7bb8d1e3b90cc,10, #444237
d25d4ac7bb8d1e3b90cc,11, #6B6759
d25d4ac7bb8d1e3b90cc,20, #C7C0B0
d25d4ac7bb8d1e3b90cc,8, #ABA494
d25d4ac7bb8d1e3b90cc,38,#EAE5D5
d26081f5896e3b9a4036,2, #918775
d26081f5896e3b9a4036,1, #674D37
d26081f5896e3b9a4036,10, #D7B3A3
d26081f5896e3b9a4036,78,#F3F0DA
d26081f5896e3b9a4036,0, #D38C87
d26081f5896e3b9a4036,3, #856B51
d26081f5896e3b9a4036,3, #B2A587
d278f2a6cf3e5fe10de4,32,#D4C9B2
d278f2a6cf3e5fe10de4,8, #464137
d278f2a6cf3e5fe10de4,10, #6F645A
d278f2a6cf3e5fe10de4,18, #EFEBE0
d278f2a6cf3e5fe10de4,1, #242019
d278f2a6cf3e5fe10de4,7, #968872
d278f2a6cf3e5fe10de4,20, #B2A48D
d27cec79cd49ab4f0ecc,17, #4B3218
d27cec79cd49ab4f0ecc,75, #1D160D
d27cec79cd49ab4f0ecc,0, #B9A068
d27cec79cd49ab4f0ecc,1, #9D8A5F
d27cec79cd49ab4f0ecc,2, #886F45
d27cec79cd49ab4f0ecc,1,#70562D
d2881235a270c278804b,17, #493F3A
d2881235a270c278804b,6, #B8AB9E
d2881235a270c278804b,12, #726761
d2881235a270c278804b,42,#E7E0CF
d2881235a270c278804b,4, #968A86
d2881235a270c278804b,16, #231D18
d289069b8752a5e2d600,26, #64534B
d289069b8752a5e2d600,22, #97897E
d289069b8752a5e2d600,20, #7E6E65
d289069b8752a5e2d600,11, #412F29
d289069b8752a5e2d600,11,#F3EBDA
d289069b8752a5e2d600,7, #C3B9AB
d28d5c53665a029eb4ab,34, #343127
d28d5c53665a029eb4ab,1, #A6925B
d28d5c53665a029eb4ab,3, #8A7E50
d28d5c53665a029eb4ab,2, #70623E
d28d5c53665a029eb4ab,1, #C1A971
d28d5c53665a029eb4ab,54,#534A34
d28d5c53665a029eb4ab,0, #E1CD86
d29118469d73c1d92c06,12, #5C6E57
d29118469d73c1d92c06,7, #ABB18D
d29118469d73c1d92c06,33,#0E1209
d29118469d73c1d92c06,23, #E9E1C4
d29118469d73c1d92c06,6, #8B986D
d29118469d73c1d92c06,7, #CFCCAB
d29118469d73c1d92c06,9, #353A27
d29309d11035190b7d9a,49, #5A4A30
d29309d11035190b7d9a,2, #948A74
d29309d11035190b7d9a,4, #BBB39B
d29309d11035190b7d9a,23,#080605
d29309d11035190b7d9a,9, #2F2419
d29309d11035190b7d9a,9, #7D6D4F
d29693a71de020ddacf0,4,#040201
d29693a71de020ddacf0,0, #927445
d29693a71de020ddacf0,19, #1C180E
d29693a71de020ddacf0,2, #8C856F
d29693a71de020ddacf0,23, #73583E
d29693a71de020ddacf0,49, #563D26
d2a4235933ee39cb47b9,63, #18140F
d2a4235933ee39cb47b9,1, #898075
d2a4235933ee39cb47b9,2, #695E4C
d2a4235933ee39cb47b9,4, #C5C2BA
d2a4235933ee39cb47b9,23,#3F392C
d2a4235933ee39cb47b9,4, #A69E94
d2a737a7a9ffa803989b,3, #5C4E44
d2a737a7a9ffa803989b,4, #A09685
d2a737a7a9ffa803989b,3, #7D6F61
d2a737a7a9ffa803989b,4, #F8F6F0
d2a737a7a9ffa803989b,4, #B9B19C
d2a737a7a9ffa803989b,3, #3F312B
d2a737a7a9ffa803989b,75,#D5D0BE
d2ac20f632f9edefafe2,1, #413F3B
d2ac20f632f9edefafe2,20, #D0C7BA
d2ac20f632f9edefafe2,18, #B1A99E
d2ac20f632f9edefafe2,6, #938E85
d2ac20f632f9edefafe2,7, #635E59
d2ac20f632f9edefafe2,39,#EBE3D5
d2ac20f632f9edefafe2,5, #7C7770
d2af4d314ced666c479f,12, #A18F68
d2af4d314ced666c479f,0,#EAE2C4
d2af4d314ced666c479f,7, #B8C0BC
d2af4d314ced666c479f,54, #5F492C
d2af4d314ced666c479f,16, #282315
d2af4d314ced666c479f,9, #7E7354
d2b4d5b7c90aeb51d1c9,9, #AA9F88
d2b4d5b7c90aeb51d1c9,25, #D1C8B3
d2b4d5b7c90aeb51d1c9,1, #362B1E
d2b4d5b7c90aeb51d1c9,5, #807664
d2b4d5b7c90aeb51d1c9,2, #5C5040
d2b4d5b7c90aeb51d1c9,54,#F6F3E6
d2b4d5b7c90aeb51d1c9,0, #17110A
d2b7d1ef8ebe1e08acca,7, #897E6C
d2b7d1ef8ebe1e08acca,8, #54463A
d2b7d1ef8ebe1e08acca,52,#DCCEAE
d2b7d1ef8ebe1e08acca,11, #ADA18B
d2b7d1ef8ebe1e08acca,7, #6F6354
d2b7d1ef8ebe1e08acca,12, #2E2219
d2bc008b2ff2be41785b,5, #CAC5B8
d2bc008b2ff2be41785b,14, #5B5B53
d2bc008b2ff2be41785b,14, #868379
d2bc008b2ff2be41785b,6, #AEA99E
d2bc008b2ff2be41785b,13,#F1ECDC
d2bc008b2ff2be41785b,45, #393833
d2bfdc01cdd4cff6a1f0,3, #A5A097
d2bfdc01cdd4cff6a1f0,0, #837F74
d2bfdc01cdd4cff6a1f0,7, #C4BEB5
d2bfdc01cdd4cff6a1f0,0,#6D695E
d2bfdc01cdd4cff6a1f0,5, #DFD8CE
d2bfdc01cdd4cff6a1f0,83, #F7F4F1
d2c3bd042e52e9495088,5, #F9F8F3
d2c3bd042e52e9495088,15, #56483D
d2c3bd042e52e9495088,22, #3A2D23
d2c3bd042e52e9495088,25,#786D62
d2c3bd042e52e9495088,12, #C3B8A2
d2c3bd042e52e9495088,12, #E4DEC6
d2c3bd042e52e9495088,5, #999389
d2c57a199a651cac9482,18,#DBD1C0
d2c57a199a651cac9482,2, #7D6B55
d2c57a199a651cac9482,5, #9C8E7C
d2c57a199a651cac9482,1, #B6A692
d2c57a199a651cac9482,2, #C5B6A4
d2c57a199a651cac9482,69, #F6EEE0
d2d22177e9b8e9cbb2ad,4, #F1EAC3
d2d22177e9b8e9cbb2ad,46,#322B23
d2d22177e9b8e9cbb2ad,0, #8E8F8B
d2d22177e9b8e9cbb2ad,2, #DFC78A
d2d22177e9b8e9cbb2ad,11, #B39961
d2d22177e9b8e9cbb2ad,33, #715D4B
d2d22177e9b8e9cbb2ad,0, #B2B6BF
d2d2e83abf550f547909,4, #6D371C
d2d2e83abf550f547909,19, #9A7F57
d2d2e83abf550f547909,0,#F6E290
d2d2e83abf550f547909,26, #CEB778
d2d2e83abf550f547909,29, #6D5538
d2d2e83abf550f547909,19, #292317
d2d4ee6ab16fe4ef6402,0,#494331
d2d4ee6ab16fe4ef6402,53, #B0B59F
d2d4ee6ab16fe4ef6402,10, #8A7C52
d2d4ee6ab16fe4ef6402,19, #908B71
d2d4ee6ab16fe4ef6402,15, #9D9B81
d2d4ee6ab16fe4ef6402,0, #5F655C
d2e01844775a2bd3e29c,1, #AABD7B
d2e01844775a2bd3e29c,16, #635A45
d2e01844775a2bd3e29c,27, #443422
d2e01844775a2bd3e29c,11, #929657
d2e01844775a2bd3e29c,43,#180D06
d2e01844775a2bd3e29c,0, #8B2F1A
d2e01844775a2bd3e29c,0, #611E0E
d2e37b5c2192920ef878,17, #A1998D
d2e37b5c2192920ef878,8, #4E382C
d2e37b5c2192920ef878,3,#F8F8F6
d2e37b5c2192920ef878,9, #7C6C5F
d2e37b5c2192920ef878,22, #DDDBD3
d2e37b5c2192920ef878,38, #C1BCAF
d2f819b17ab77505e7a0,33, #D2C9B7
d2f819b17ab77505e7a0,0, #6D5645
d2f819b17ab77505e7a0,1, #A49A8D
d2f819b17ab77505e7a0,63,#EBE4D4
d2f819b17ab77505e7a0,0, #513625
d2f819b17ab77505e7a0,0, #807567
d2fb997a0e2b85ca6d9b,10, #BCB9AB
d2fb997a0e2b85ca6d9b,9, #9E9B8E
d2fb997a0e2b85ca6d9b,2, #31312A
d2fb997a0e2b85ca6d9b,4, #4D4C42
d2fb997a0e2b85ca6d9b,10, #737166
d2fb997a0e2b85ca6d9b,62,#E9E6D7
d3053fd42e823248aee4,17, #A9A497
d3053fd42e823248aee4,0, #49473E
d3053fd42e823248aee4,13,#F4EEDE
d3053fd42e823248aee4,46, #CDC6B8
d3053fd42e823248aee4,20, #878377
d3053fd42e823248aee4,2, #605F52
d30a7e5f5f936171d9fe,0, #3C4029
d30a7e5f5f936171d9fe,14, #2C1F0D
d30a7e5f5f936171d9fe,72,#100E06
d30a7e5f5f936171d9fe,0, #847644
d30a7e5f5f936171d9fe,9, #5A3A17
d30a7e5f5f936171d9fe,1, #6B5A2A
d30a7e5f5f936171d9fe,0, #A9965C
d31842c21a9b808c72d4,36, #DDD6B5
d31842c21a9b808c72d4,5, #4A3F32
d31842c21a9b808c72d4,23, #9C8C71
d31842c21a9b808c72d4,17, #BAAE90
d31842c21a9b808c72d4,17, #6D5F4A
d31842c21a9b808c72d4,0,#FCF9E7
d31e626d0b22869cdffc,3, #765F3B
d31e626d0b22869cdffc,2, #937748
d31e626d0b22869cdffc,2, #CFAF69
d31e626d0b22869cdffc,2, #B58F52
d31e626d0b22869cdffc,13, #5B402D
d31e626d0b22869cdffc,9, #100D0C
d31e626d0b22869cdffc,65,#29211E
d3220f874b7fdaba1ab6,2, #DEDCCB
d3220f874b7fdaba1ab6,5, #36231D
d3220f874b7fdaba1ab6,7, #584842
d3220f874b7fdaba1ab6,8, #7B736E
d3220f874b7fdaba1ab6,69, #AEAB9D
d3220f874b7fdaba1ab6,6,#F8F6EC
d326bd5134da059a2793,5, #666460
d326bd5134da059a2793,3, #3A3938
d326bd5134da059a2793,32,#EFEDE5
d326bd5134da059a2793,15, #A6A39D
d326bd5134da059a2793,31, #CBC6BD
d326bd5134da059a2793,11, #82807B
d3328ceb1adee026c8d5,16, #D3CFBB
d3328ceb1adee026c8d5,4, #F3EFD9
d3328ceb1adee026c8d5,17, #B7B3A1
d3328ceb1adee026c8d5,21,#949182
d3328ceb1adee026c8d5,11, #555449
d3328ceb1adee026c8d5,7, #393930
d3328ceb1adee026c8d5,21, #6F6E61
d339124fe269be78a778,1, #EDEBCC
d339124fe269be78a778,29, #453715
d339124fe269be78a778,2, #D6CCA0
d339124fe269be78a778,50,#171205
d339124fe269be78a778,6, #776337
d339124fe269be78a778,9, #A3955E
d33a442b21d42f003cd5,5, #8C8C82
d33a442b21d42f003cd5,52, #E2DECB
d33a442b21d42f003cd5,2, #3C3F4B
d33a442b21d42f003cd5,9, #B3B2A7
d33a442b21d42f003cd5,2, #676A65
d33a442b21d42f003cd5,27,#F9F9F2
d33aea5d23d21608b05a,24, #543D21
d33aea5d23d21608b05a,6,#C4B495
d33aea5d23d21608b05a,12, #A98F4F
d33aea5d23d21608b05a,5, #24150E
d33aea5d23d21608b05a,41, #E5DBC4
d33aea5d23d21608b05a,9, #8A6D2F
d34f7b384b8c4e39868c,0, #988348
d34f7b384b8c4e39868c,1, #8A743C
d34f7b384b8c4e39868c,7, #5D4119
d34f7b384b8c4e39868c,64,#1C1209
d34f7b384b8c4e39868c,3, #6E5420
d34f7b384b8c4e39868c,21, #3D2C15
d34f7b384b8c4e39868c,1, #735F32
d3505e1ee281a1f11e43,14, #412F21
d3505e1ee281a1f11e43,0,#FEFAEA
d3505e1ee281a1f11e43,41, #90816A
d3505e1ee281a1f11e43,18, #E0DAC8
d3505e1ee281a1f11e43,16, #67523A
d3505e1ee281a1f11e43,8, #BDB49E
d35787c7a122f1474367,20, #513F27
d35787c7a122f1474367,7, #D1C395
d35787c7a122f1474367,30,#999882
d35787c7a122f1474367,14, #30281C
d35787c7a122f1474367,0, #A18856
d35787c7a122f1474367,26, #716A4E
d35905ae34a0d4a0ae6c,25, #A19B8F
d35905ae34a0d4a0ae6c,1, #453F37
d35905ae34a0d4a0ae6c,25, #C8C2B5
d35905ae34a0d4a0ae6c,12, #7F796E
d35905ae34a0d4a0ae6c,26,#E9E4D8
d35905ae34a0d4a0ae6c,6, #615C52
d35905ae34a0d4a0ae6c,0, #FEFEF6
d36368d6464389641b2a,16, #807953
d36368d6464389641b2a,7, #A19675
d36368d6464389641b2a,46, #4A4628
d36368d6464389641b2a,6, #241F13
d36368d6464389641b2a,2,#C1B698
d36368d6464389641b2a,19, #68633D
d3683558837a7aef896e,6, #ABA599
d3683558837a7aef896e,9, #55504A
d3683558837a7aef896e,74, #DDD8CB
d3683558837a7aef896e,5, #776F65
d3683558837a7aef896e,0,#FEFCF3
d3683558837a7aef896e,3, #272726
d368eed03d70ec10e34c,17, #747166
d368eed03d70ec10e34c,11, #B2AFA1
d368eed03d70ec10e34c,41, #DAD6C3
d368eed03d70ec10e34c,1,#FDFBE9
d368eed03d70ec10e34c,16, #46443A
d368eed03d70ec10e34c,11, #939085
d36a19c552de334f6570,18, #CAC5B2
d36a19c552de334f6570,7,#F9F9F6
d36a19c552de334f6570,62, #E4E1D3
d36a19c552de334f6570,2, #716155
d36a19c552de334f6570,0, #4C3930
d36a19c552de334f6570,7, #A2998B
d36a2c4d08a652288568,14, #433D30
d36a2c4d08a652288568,10, #1D1B14
d36a2c4d08a652288568,15, #978B76
d36a2c4d08a652288568,23, #C5BAA1
d36a2c4d08a652288568,18, #52565A
d36a2c4d08a652288568,17,#7B91B1
d36cb07c6b1e3bb3ab80,21, #3E3C32
d36cb07c6b1e3bb3ab80,13, #615D4F
d36cb07c6b1e3bb3ab80,14, #807968
d36cb07c6b1e3bb3ab80,30, #AFA792
d36cb07c6b1e3bb3ab80,2,#F6F5EA
d36cb07c6b1e3bb3ab80,17, #DBD2B8
d374b88d6c55151e2ef8,67,#333122
d374b88d6c55151e2ef8,5, #BAA17B
d374b88d6c55151e2ef8,2, #AE893C
d374b88d6c55151e2ef8,12, #7E6436
d374b88d6c55151e2ef8,4, #898873
d374b88d6c55151e2ef8,1, #D2B444
d374b88d6c55151e2ef8,5, #D6CCAA
d37d0e9768b3a8884b43,5, #968C76
d37d0e9768b3a8884b43,28, #CBC4AF
d37d0e9768b3a8884b43,0, #564534
d37d0e9768b3a8884b43,53,#E4DFCD
d37d0e9768b3a8884b43,5, #B6AC92
d37d0e9768b3a8884b43,3, #FBFAF2
d37d0e9768b3a8884b43,3, #6F5F4B
d37fe3a045134ef4acb3,4, #282823
d37fe3a045134ef4acb3,12,#BCB5A5
d37fe3a045134ef4acb3,7, #79746A
d37fe3a045134ef4acb3,55, #EFE6D1
d37fe3a045134ef4acb3,5, #958F84
d37fe3a045134ef4acb3,14, #4D4A45
d382348ee023a6e1e21a,13, #998C7D
d382348ee023a6e1e21a,4, #C9C0AB
d382348ee023a6e1e21a,13,#EDEBDE
d382348ee023a6e1e21a,21, #2F1F19
d382348ee023a6e1e21a,20, #513E36
d382348ee023a6e1e21a,26, #705F55
d382768afd74be3656b9,20, #B09895
d382768afd74be3656b9,9, #5B4640
d382768afd74be3656b9,37, #7B645F
d382768afd74be3656b9,23, #9A847C
d382768afd74be3656b9,8,#100A07
d382768afd74be3656b9,0, #392A25
d38383de472af4042036,0, #706040
d38383de472af4042036,0,#E5E1CC
d38383de472af4042036,72, #C5BCA0
d38383de472af4042036,1, #8A7E61
d38383de472af4042036,8, #D8D1B7
d38383de472af4042036,16, #AB9E7E
d3896e420c7e3d41837f,10, #807E73
d3896e420c7e3d41837f,41, #5C5B51
d3896e420c7e3d41837f,11, #3A3932
d3896e420c7e3d41837f,10, #9D9A8E
d3896e420c7e3d41837f,8, #C2BDB0
d3896e420c7e3d41837f,18,#ECE8D7
d3945eaf00cd0492e1c6,1, #413E36
d3945eaf00cd0492e1c6,7, #646055
d3945eaf00cd0492e1c6,20, #8C877C
d3945eaf00cd0492e1c6,57, #F1EAD6
d3945eaf00cd0492e1c6,5, #B6B0A2
d3945eaf00cd0492e1c6,8,#D3CCBB
d3985d2b982027c59d68,3, #7D705A
d3985d2b982027c59d68,71, #E2DBC6
d3985d2b982027c59d68,6, #A28E75
d3985d2b982027c59d68,12, #C5B79E
d3985d2b982027c59d68,2, #605644
d3985d2b982027c59d68,3,#F8F5EE
d39ed70cd256c77e8685,1, #AE9C5F
d39ed70cd256c77e8685,2, #8B763C
d39ed70cd256c77e8685,5, #6F5726
d39ed70cd256c77e8685,0, #CEC088
d39ed70cd256c77e8685,63,#1F1A10
d39ed70cd256c77e8685,0, #6C6F5E
d39ed70cd256c77e8685,27, #4F3C1A
d3a87a3f8a25380a6f45,2, #54585C
d3a87a3f8a25380a6f45,6, #7C7E7A
d3a87a3f8a25380a6f45,70,#F7F1E8
d3a87a3f8a25380a6f45,7, #B89B89
d3a87a3f8a25380a6f45,1, #AD7A67
d3a87a3f8a25380a6f45,11, #D5C1AD
d3ac6cb043f57d51f515,28, #2A2823
d3ac6cb043f57d51f515,2, #6E5331
d3ac6cb043f57d51f515,0, #9A7F51
d3ac6cb043f57d51f515,45,#191914
d3ac6cb043f57d51f515,1, #8A673B
d3ac6cb043f57d51f515,0, #504C42
d3ac6cb043f57d51f515,20, #4C3926
d3ae1ddec75642b6fa96,0, #A89879
d3ae1ddec75642b6fa96,1, #877758
d3ae1ddec75642b6fa96,0, #C0B79B
d3ae1ddec75642b6fa96,3, #76502B
d3ae1ddec75642b6fa96,49,#10100A
d3ae1ddec75642b6fa96,44, #45301F
d3b57d4f5cac23816061,34,#867966
d3b57d4f5cac23816061,28, #C2BBAA
d3b57d4f5cac23816061,10, #B6A891
d3b57d4f5cac23816061,0, #5B5C5F
d3b57d4f5cac23816061,12, #D9D4C0
d3b57d4f5cac23816061,0, #F3EDD7
d3b57d4f5cac23816061,12, #A4967F
d3be203f022a0348723b,49, #51411F
d3be203f022a0348723b,1, #B0AFA1
d3be203f022a0348723b,7, #C9CBCB
d3be203f022a0348723b,28,#22180B
d3be203f022a0348723b,3, #A29B6E
d3be203f022a0348723b,10, #777364
d3c0c6239510b7ef2a5c,0, #A2A59D
d3c0c6239510b7ef2a5c,2, #74715F
d3c0c6239510b7ef2a5c,50, #F7F5E4
d3c0c6239510b7ef2a5c,12, #4C4B41
d3c0c6239510b7ef2a5c,1, #8E8A79
d3c0c6239510b7ef2a5c,31,#D0CAB2
d3cbfa8107d8c9eb6ded,19, #BBB9AD
d3cbfa8107d8c9eb6ded,2, #948775
d3cbfa8107d8c9eb6ded,2, #7A7062
d3cbfa8107d8c9eb6ded,0, #2E2217
d3cbfa8107d8c9eb6ded,13, #A99D89
d3cbfa8107d8c9eb6ded,62,#D1CEBF
d3d12a0d66a031779a22,3, #E4E2D2
d3d12a0d66a031779a22,39,#655F4A
d3d12a0d66a031779a22,0, #EDD79C
d3d12a0d66a031779a22,0, #ABACA3
d3d12a0d66a031779a22,15, #A3926D
d3d12a0d66a031779a22,38, #2C221A
d3d12a0d66a031779a22,1, #D3B880
d3d52def18475b04eeba,12,#D7DCD5
d3d52def18475b04eeba,2, #2F1E16
d3d52def18475b04eeba,9, #4C3D2E
d3d52def18475b04eeba,12, #939188
d3d52def18475b04eeba,13, #6F675B
d3d52def18475b04eeba,49, #B9BAB1
d3d57b0adf19f7170a5f,16, #847761
d3d57b0adf19f7170a5f,12, #A39B88
d3d57b0adf19f7170a5f,4, #C9C2A7
d3d57b0adf19f7170a5f,7,#FCFAF6
d3d57b0adf19f7170a5f,8, #605142
d3d57b0adf19f7170a5f,51, #E9E5D0
d3d8b9d42fc3aaced2cb,5, #6A6152
d3d8b9d42fc3aaced2cb,3, #43372A
d3d8b9d42fc3aaced2cb,21, #DAD3BF
d3d8b9d42fc3aaced2cb,0, #1E170F
d3d8b9d42fc3aaced2cb,56,#F5F4EA
d3d8b9d42fc3aaced2cb,7, #A0957E
d3d8b9d42fc3aaced2cb,5, #BAB5A4
d3da16fd02f9942ad93a,24, #1B251F
d3da16fd02f9942ad93a,28, #49534F
d3da16fd02f9942ad93a,16, #E3D6BD
d3da16fd02f9942ad93a,16, #7E837B
d3da16fd02f9942ad93a,10,#FCF7E2
d3da16fd02f9942ad93a,3, #B6B2A3
d3dcb25a36d60705b116,6,#CECBBB
d3dcb25a36d60705b116,25, #5C4E33
d3dcb25a36d60705b116,31, #AEAB95
d3dcb25a36d60705b116,10, #6D6B53
d3dcb25a36d60705b116,4, #8B876D
d3dcb25a36d60705b116,21, #272316
d3e3659d02525383523c,2, #E4BE8D
d3e3659d02525383523c,6, #141007
d3e3659d02525383523c,53,#94876C
d3e3659d02525383523c,4, #CA9F74
d3e3659d02525383523c,15, #745F3A
d3e3659d02525383523c,3, #F0E0B2
d3e3659d02525383523c,13, #4F3F21
d3ebdfa8ce6d7139b540,17, #684748
d3ebdfa8ce6d7139b540,27, #A37C80
d3ebdfa8ce6d7139b540,9,#090605
d3ebdfa8ce6d7139b540,6, #322224
d3ebdfa8ce6d7139b540,27, #E7D4DA
d3ebdfa8ce6d7139b540,10, #CA99A0
d3f2c232fa53c255118d,3, #A6936D
d3f2c232fa53c255118d,12, #807160
d3f2c232fa53c255118d,23, #DAD1B0
d3f2c232fa53c255118d,1, #BDAE88
d3f2c232fa53c255118d,28,#614F41
d3f2c232fa53c255118d,21, #422F25
d3f2c232fa53c255118d,8, #F8F7F3
d400cd676bbe5a8e84b1,14, #D1CDBC
d400cd676bbe5a8e84b1,57,#F3F0E1
d400cd676bbe5a8e84b1,9, #B8B4A2
d400cd676bbe5a8e84b1,2, #4E4A3D
d400cd676bbe5a8e84b1,5, #75705F
d400cd676bbe5a8e84b1,11, #948F7E
d402bfdb4c10c9488220,51, #201D20
d402bfdb4c10c9488220,11,#7E6E50
d402bfdb4c10c9488220,0, #3C4C76
d402bfdb4c10c9488220,35, #B7AD89
d402bfdb4c10c9488220,0, #E3E0CB
d402bfdb4c10c9488220,0, #7587A4
d40f454854f90e961fa3,65,#1D1A15
d40f454854f90e961fa3,2, #685333
d40f454854f90e961fa3,0, #B4A070
d40f454854f90e961fa3,1, #98855A
d40f454854f90e961fa3,1, #746542
d40f454854f90e961fa3,28, #463926
d41a91d88180d79bdfd5,18, #9E9A8D
d41a91d88180d79bdfd5,58, #DFD9CA
d41a91d88180d79bdfd5,1, #F6F1E2
d41a91d88180d79bdfd5,1, #605C51
d41a91d88180d79bdfd5,8,#807C6F
d41a91d88180d79bdfd5,11, #C1BCAE
d41de2f764a34f5fe115,1, #6D695D
d41de2f764a34f5fe115,8, #5B493B
d41de2f764a34f5fe115,16, #957037
d41de2f764a34f5fe115,55,#BAA87D
d41de2f764a34f5fe115,1, #36291C
d41de2f764a34f5fe115,10, #C7C1A6
d41de2f764a34f5fe115,6, #938C77
d41efa2200f69ff7112e,5, #3D3625
d41efa2200f69ff7112e,24,#0F1010
d41efa2200f69ff7112e,3, #80745B
d41efa2200f69ff7112e,0, #5F5643
d41efa2200f69ff7112e,9, #A59B7D
d41efa2200f69ff7112e,56, #C5C1AC
d42514e7b7818e2465b6,1, #76694D
d42514e7b7818e2465b6,42,#0F0F0E
d42514e7b7818e2465b6,33, #343228
d42514e7b7818e2465b6,1, #9D875C
d42514e7b7818e2465b6,1, #B59D6B
d42514e7b7818e2465b6,18, #524E40
d4273b1fb65feb547ba0,7,#F7F5EF
d4273b1fb65feb547ba0,26, #C8C2AE
d4273b1fb65feb547ba0,35, #E1DBC9
d4273b1fb65feb547ba0,9, #ACA696
d4273b1fb65feb547ba0,6, #5D594E
d4273b1fb65feb547ba0,15, #8A8578
d4324b000b73a59bf3d1,2, #D9C285
d4324b000b73a59bf3d1,42,#1E1613
d4324b000b73a59bf3d1,25, #8F8271
d4324b000b73a59bf3d1,3, #E0DDD0
d4324b000b73a59bf3d1,4, #BA9A64
d4324b000b73a59bf3d1,20, #514535
d4324b000b73a59bf3d1,0, #B3B4B7
d434531f3e23556e3850,6, #848276
d434531f3e23556e3850,1, #36362E
d434531f3e23556e3850,6, #605F54
d434531f3e23556e3850,23, #D3CEC3
d434531f3e23556e3850,14, #ADAA9E
d434531f3e23556e3850,48,#F6F2E5
d43b36645ec560383e8b,5, #5D5E4B
d43b36645ec560383e8b,39,#212114
d43b36645ec560383e8b,13, #CED8DF
d43b36645ec560383e8b,18, #9FABAB
d43b36645ec560383e8b,1, #8A9087
d43b36645ec560383e8b,18, #3C3E2B
d43b36645ec560383e8b,2, #737563
d43c6121b82d87152101,16, #322918
d43c6121b82d87152101,0, #967E40
d43c6121b82d87152101,2, #211B0E
d43c6121b82d87152101,51,#4D3C20
d43c6121b82d87152101,25, #64522D
d43c6121b82d87152101,0, #9A8E73
d43c6121b82d87152101,3, #826C36
d44365a5d5bbf2a2ba27,2,#F3EEDB
d44365a5d5bbf2a2ba27,12, #7A776A
d44365a5d5bbf2a2ba27,27, #D7D1C0
d44365a5d5bbf2a2ba27,11, #B6B2A2
d44365a5d5bbf2a2ba27,26, #999587
d44365a5d5bbf2a2ba27,18, #4F4D44
d44543903b163b81b812,59,#34332F
d44543903b163b81b812,7, #48463A
d44543903b163b81b812,0, #98977F
d44543903b163b81b812,7, #5A5344
d44543903b163b81b812,1, #847C61
d44543903b163b81b812,2, #70664F
d44543903b163b81b812,22, #211E1B
d447898b9ce6043df1d9,20, #948F7F
d447898b9ce6043df1d9,17, #6E695B
d447898b9ce6043df1d9,9, #4E4A3F
d447898b9ce6043df1d9,9, #D5D1BD
d447898b9ce6043df1d9,13, #BAB5A2
d447898b9ce6043df1d9,26,#F3F1E6
d447898b9ce6043df1d9,2, #33322B
d44d4924e0efbb8de7ff,1, #FEFBF5
d44d4924e0efbb8de7ff,3, #A09486
d44d4924e0efbb8de7ff,56,#EFE9DD
d44d4924e0efbb8de7ff,0, #695C50
d44d4924e0efbb8de7ff,9, #BBAFA0
d44d4924e0efbb8de7ff,28, #CCC6B7
d44d4924e0efbb8de7ff,0, #837669
d45793ba83df96fc974a,14, #FAFAF6
d45793ba83df96fc974a,4, #888577
d45793ba83df96fc974a,4, #A19F92
d45793ba83df96fc974a,1, #46453D
d45793ba83df96fc974a,5, #69665A
d45793ba83df96fc974a,2, #BCB9AB
d45793ba83df96fc974a,66,#DCD9C8
d4646b5941bd5e11e5eb,13,#4E3827
d4646b5941bd5e11e5eb,62, #272828
d4646b5941bd5e11e5eb,5, #765E44
d4646b5941bd5e11e5eb,3, #A38C6C
d4646b5941bd5e11e5eb,0, #BEAE8E
d4646b5941bd5e11e5eb,12, #0F0F0C
d4702599e84374728e7f,2, #816728
d4702599e84374728e7f,64, #443316
d4702599e84374728e7f,7, #5C4B2D
d4702599e84374728e7f,0, #AC9D5E
d4702599e84374728e7f,21,#1E170A
d4702599e84374728e7f,2, #9C8541
d47353436c0e6240d22a,26, #989482
d47353436c0e6240d22a,3, #353227
d47353436c0e6240d22a,0,#FEFBEF
d47353436c0e6240d22a,19, #E3DCCB
d47353436c0e6240d22a,37, #BAB4A0
d47353436c0e6240d22a,12, #6B6753
d474d4c7ca90c1c0528d,26, #DCD7C4
d474d4c7ca90c1c0528d,20,#F9F8F0
d474d4c7ca90c1c0528d,11, #5F5C4F
d474d4c7ca90c1c0528d,3, #3F3D35
d474d4c7ca90c1c0528d,15, #B7B2A1
d474d4c7ca90c1c0528d,21, #8A8678
d476a0d7a6ca04a9f443,21, #181718
d476a0d7a6ca04a9f443,21, #838286
d476a0d7a6ca04a9f443,20, #4B494C
d476a0d7a6ca04a9f443,5, #B9B8BE
d476a0d7a6ca04a9f443,0, #CA5041
d476a0d7a6ca04a9f443,31,#ECEBEC
d47f5867bed49dde11b7,44,#D0C6AF
d47f5867bed49dde11b7,16, #AAA18B
d47f5867bed49dde11b7,21, #696350
d47f5867bed49dde11b7,13, #8C8571
d47f5867bed49dde11b7,1, #FAF5E7
d47f5867bed49dde11b7,2, #464033
d4964bcbd9784f96ae6f,93, #DCD5C0
d4964bcbd9784f96ae6f,5, #A79A81
d4964bcbd9784f96ae6f,0, #A58054
d4964bcbd9784f96ae6f,0, #91663F
d4964bcbd9784f96ae6f,0, #FCF7DF
d4964bcbd9784f96ae6f,1,#726D5D
d49d5defdda2775dea24,16, #F7F5E8
d49d5defdda2775dea24,54,#DCD6C2
d49d5defdda2775dea24,16, #B7B1A0
d49d5defdda2775dea24,2, #555044
d49d5defdda2775dea24,4, #736E61
d49d5defdda2775dea24,0, #312D21
d49d5defdda2775dea24,5, #948D7C
d49f1b88a99e970d60ab,3, #49483B
d49f1b88a99e970d60ab,19, #A5A08D
d49f1b88a99e970d60ab,10, #CCC8B5
d49f1b88a99e970d60ab,12, #84806E
d49f1b88a99e970d60ab,7, #686453
d49f1b88a99e970d60ab,47,#F4EFDE
d4adc13041d90cf3bf10,23, #CDC3AD
d4adc13041d90cf3bf10,13, #857B6A
d4adc13041d90cf3bf10,16, #A79D8B
d4adc13041d90cf3bf10,3,#6C6353
d4adc13041d90cf3bf10,42, #E4DED0
d4adc13041d90cf3bf10,1, #4F483D
d4ae70dce5fb0c76cb6b,17, #9D9787
d4ae70dce5fb0c76cb6b,8, #5D594C
d4ae70dce5fb0c76cb6b,6, #3C3A32
d4ae70dce5fb0c76cb6b,7, #787364
d4ae70dce5fb0c76cb6b,47, #CBC5B3
d4ae70dce5fb0c76cb6b,11,#EFEADB
d4b45e452b4a3408a955,12, #423E35
d4b45e452b4a3408a955,13, #AAA790
d4b45e452b4a3408a955,11, #8C8A79
d4b45e452b4a3408a955,23, #656153
d4b45e452b4a3408a955,0, #FBFEF5
d4b45e452b4a3408a955,27,#C6C3AA
d4b45e452b4a3408a955,11, #E4E6D6
d4b60bc6efc6b9d859b6,20,#929082
d4b60bc6efc6b9d859b6,15, #706E61
d4b60bc6efc6b9d859b6,20, #F9F5E1
d4b60bc6efc6b9d859b6,5, #403F35
d4b60bc6efc6b9d859b6,14, #BBB8A8
d4b60bc6efc6b9d859b6,11, #575649
d4b60bc6efc6b9d859b6,12, #DBD7C4
d4b89e8b31964cbc9531,17,#C0B89A
d4b89e8b31964cbc9531,7, #605D4D
d4b89e8b31964cbc9531,6, #4F422B
d4b89e8b31964cbc9531,54, #9C9D90
d4b89e8b31964cbc9531,9, #887F5E
d4b89e8b31964cbc9531,4, #221D14
d4bedd4322f013be5b65,1, #3C2E21
d4bedd4322f013be5b65,0,#F5F1EB
d4bedd4322f013be5b65,4, #756758
d4bedd4322f013be5b65,6, #6C4030
d4bedd4322f013be5b65,25, #A99983
d4bedd4322f013be5b65,60, #D4C8B4
d4c1600e0987692134c2,10, #484438
d4c1600e0987692134c2,34, #B5AE9D
d4c1600e0987692134c2,8, #6C6657
d4c1600e0987692134c2,10,#F7F5EB
d4c1600e0987692134c2,10, #898172
d4c1600e0987692134c2,26, #E0D9C7
d4c4f82da179e6e53492,14, #EEECE1
d4c4f82da179e6e53492,26, #A6A299
d4c4f82da179e6e53492,9, #5C5D54
d4c4f82da179e6e53492,37, #CECCC0
d4c4f82da179e6e53492,9,#807F76
d4c4f82da179e6e53492,2, #40423B
d4cd11da5d3cddc009d9,1, #39352E
d4cd11da5d3cddc009d9,8, #FAF7F2
d4cd11da5d3cddc009d9,55,#DED7C7
d4cd11da5d3cddc009d9,13, #989186
d4cd11da5d3cddc009d9,5, #555047
d4cd11da5d3cddc009d9,5, #BEB7AA
d4cd11da5d3cddc009d9,8, #736D63
d4cf4562e0f511bb9fd9,22,#F2ECDB
d4cf4562e0f511bb9fd9,13, #423D3D
d4cf4562e0f511bb9fd9,17, #5D5755
d4cf4562e0f511bb9fd9,44, #847C76
d4cf4562e0f511bb9fd9,2, #AFA89C
d4cf4562e0f511bb9fd9,0, #D0C9B9
d4d8d8b23766c0827d08,16, #524E46
d4d8d8b23766c0827d08,3, #282722
d4d8d8b23766c0827d08,11, #787369
d4d8d8b23766c0827d08,19, #A39D8E
d4d8d8b23766c0827d08,18, #D4CEB8
d4d8d8b23766c0827d08,30,#F8F3DC
d4da8a8efbeed1aeed64,10, #39230D
d4da8a8efbeed1aeed64,4, #932C1F
d4da8a8efbeed1aeed64,2, #BF5538
d4da8a8efbeed1aeed64,1, #F9F8E7
d4da8a8efbeed1aeed64,26, #BBAA73
d4da8a8efbeed1aeed64,3, #E2D7A8
d4da8a8efbeed1aeed64,50,#6F6651
d4dc03b1ef8ec4336cbb,10, #A39D8D
d4dc03b1ef8ec4336cbb,17, #CBC3AE
d4dc03b1ef8ec4336cbb,36,#F5F0E0
d4dc03b1ef8ec4336cbb,17, #44433A
d4dc03b1ef8ec4336cbb,11, #6B665A
d4dc03b1ef8ec4336cbb,6, #898375
d4dde41dc55728fd10ef,12, #645D4F
d4dde41dc55728fd10ef,8, #8C826C
d4dde41dc55728fd10ef,7, #AEA18C
d4dde41dc55728fd10ef,35,#F6F4EC
d4dde41dc55728fd10ef,19, #CFC4AE
d4dde41dc55728fd10ef,15, #2B2019
d4e8146ba2064c70e32b,3,#F6F3E8
d4e8146ba2064c70e32b,58, #85796C
d4e8146ba2064c70e32b,16, #716257
d4e8146ba2064c70e32b,9, #B9AC92
d4e8146ba2064c70e32b,2, #D6CEBC
d4e8146ba2064c70e32b,10, #9A9285
d4eac784f97b312ee775,9, #F3F1E3
d4eac784f97b312ee775,40,#BAB5A2
d4eac784f97b312ee775,24, #DCD9C6
d4eac784f97b312ee775,10, #7B7664
d4eac784f97b312ee775,9, #96917F
d4eac784f97b312ee775,1, #3F3C30
d4eac784f97b312ee775,4, #5B5747
d4eb3f3bb03d9cfa322e,65,#0F0E07
d4eb3f3bb03d9cfa322e,4, #A08659
d4eb3f3bb03d9cfa322e,1, #A59D7D
d4eb3f3bb03d9cfa322e,21, #3A2E1A
d4eb3f3bb03d9cfa322e,3, #786640
d4eb3f3bb03d9cfa322e,2, #634E2B
d4ec85c821f5cfa550be,12, #827C76
d4ec85c821f5cfa550be,3, #B3B0A8
d4ec85c821f5cfa550be,25, #322620
d4ec85c821f5cfa550be,2, #DEDED5
d4ec85c821f5cfa550be,0,#FEFEFC
d4ec85c821f5cfa550be,54, #564E46
d4ed78b9dfbb7e705ff5,0, #332E26
d4ed78b9dfbb7e705ff5,21, #F3E8DA
d4ed78b9dfbb7e705ff5,3, #4C4439
d4ed78b9dfbb7e705ff5,1, #71685C
d4ed78b9dfbb7e705ff5,68,#CBC0B2
d4ed78b9dfbb7e705ff5,1, #888076
d4ed78b9dfbb7e705ff5,2, #A79E92
d4f433fa04e51ab783ce,0, #C1AE8B
d4f433fa04e51ab783ce,9, #4B3124
d4f433fa04e51ab783ce,0, #D9C9A3
d4f433fa04e51ab783ce,1, #A7906C
d4f433fa04e51ab783ce,78,#1B1816
d4f433fa04e51ab783ce,9, #866844
d4f8f6c993196ca035a1,0, #B59F71
d4f8f6c993196ca035a1,12, #574F43
d4f8f6c993196ca035a1,0, #988763
d4f8f6c993196ca035a1,2, #857355
d4f8f6c993196ca035a1,22, #212121
d4f8f6c993196ca035a1,9, #755D48
d4f8f6c993196ca035a1,51,#3A3633
d4f9efe6d8908d011d9e,5, #7C6743
d4f9efe6d8908d011d9e,1,#F4EEDB
d4f9efe6d8908d011d9e,3, #D2CAAC
d4f9efe6d8908d011d9e,21, #B6A988
d4f9efe6d8908d011d9e,15, #E1DCC6
d4f9efe6d8908d011d9e,53, #8F8163
d4ffac01a06f71d137b9,45, #6C5239
d4ffac01a06f71d137b9,21, #C8C8C7
d4ffac01a06f71d137b9,0,#E6E6E6
d4ffac01a06f71d137b9,21, #2C2217
d4ffac01a06f71d137b9,6, #8F7F6C
d4ffac01a06f71d137b9,4, #ACACAB
d500d60199a35bf39d77,18, #655E4D
d500d60199a35bf39d77,3, #FCF9F1
d500d60199a35bf39d77,7, #C6BDAA
d500d60199a35bf39d77,22,#3E372A
d500d60199a35bf39d77,14, #7D7665
d500d60199a35bf39d77,17, #E6DDC8
d500d60199a35bf39d77,15, #A19B89
d504d1f804f2f08802b4,1, #D5D3C6
d504d1f804f2f08802b4,64,#686258
d504d1f804f2f08802b4,9, #948F7E
d504d1f804f2f08802b4,4, #ABA696
d504d1f804f2f08802b4,4, #817969
d504d1f804f2f08802b4,6, #BFBBAC
d504d1f804f2f08802b4,8, #4C473C
d505d3ac8786a5765da5,20, #555440
d505d3ac8786a5765da5,4, #171108
d505d3ac8786a5765da5,0, #CBB88B
d505d3ac8786a5765da5,0, #734225
d505d3ac8786a5765da5,21, #887C58
d505d3ac8786a5765da5,43,#949F99
d505d3ac8786a5765da5,9, #3F371C
d507f13bde87c8bb115b,39, #7D776F
d507f13bde87c8bb115b,20, #A39E92
d507f13bde87c8bb115b,2,#F4EBD8
d507f13bde87c8bb115b,3, #3E3B39
d507f13bde87c8bb115b,19, #57514E
d507f13bde87c8bb115b,14, #CEC8B8
d50925c16be9847f897b,8,#F3ECDA
d50925c16be9847f897b,2, #D5CDBB
d50925c16be9847f897b,3, #89786D
d50925c16be9847f897b,73, #321B17
d50925c16be9847f897b,6, #AFA193
d50925c16be9847f897b,5, #685349
d50db391b8dac599b923,42,#3B3B36
d50db391b8dac599b923,2, #DBD1AC
d50db391b8dac599b923,24, #5D5746
d50db391b8dac599b923,24, #1C1B1B
d50db391b8dac599b923,2, #BBA97C
d50db391b8dac599b923,3, #86795D
d50deede93441df5478f,0, #A89653
d50deede93441df5478f,0, #AEA6A0
d50deede93441df5478f,0, #866F49
d50deede93441df5478f,25, #513622
d50deede93441df5478f,11, #18140C
d50deede93441df5478f,12, #655134
d50deede93441df5478f,50,#2E2316
d5196a631c5c1e5248f8,45, #312D14
d5196a631c5c1e5248f8,8, #978D54
d5196a631c5c1e5248f8,22, #4F4C24
d5196a631c5c1e5248f8,4, #B7AC71
d5196a631c5c1e5248f8,14, #6F6F3C
d5196a631c5c1e5248f8,6,#181707
d51a44ff50c3ce16cb2a,9, #9E9382
d51a44ff50c3ce16cb2a,34, #EAE4D8
d51a44ff50c3ce16cb2a,0,#FEFCF5
d51a44ff50c3ce16cb2a,2, #837567
d51a44ff50c3ce16cb2a,4, #6D5F54
d51a44ff50c3ce16cb2a,47, #CBC1AD
d51ce681f45bdad42e20,3,#F8F6F3
d51ce681f45bdad42e20,20, #A9A69D
d51ce681f45bdad42e20,19, #5C5C53
d51ce681f45bdad42e20,9, #85837A
d51ce681f45bdad42e20,37, #D3CFC4
d51ce681f45bdad42e20,9, #343530
d51db9b37b339e204374,0, #473D2C
d51db9b37b339e204374,6, #817266
d51db9b37b339e204374,37, #DED2B4
d51db9b37b339e204374,33, #A79F94
d51db9b37b339e204374,5,#F9F7F2
d51db9b37b339e204374,16, #685547
d52fbb7e717e9e67cb85,17,#4C4238
d52fbb7e717e9e67cb85,10, #827A68
d52fbb7e717e9e67cb85,31, #CCC5A4
d52fbb7e717e9e67cb85,15, #9F9881
d52fbb7e717e9e67cb85,9, #312821
d52fbb7e717e9e67cb85,15, #675F50
d5366d018d9c8066c2ec,0, #FFFBE7
d5366d018d9c8066c2ec,4, #433E3A
d5366d018d9c8066c2ec,21, #5F5850
d5366d018d9c8066c2ec,3, #E8E0CE
d5366d018d9c8066c2ec,4, #D0C3B2
d5366d018d9c8066c2ec,18, #81776C
d5366d018d9c8066c2ec,47,#A89C8E
d53f22308ad0266530cf,9, #5A5631
d53f22308ad0266530cf,12,#756F3E
d53f22308ad0266530cf,26, #322F1C
d53f22308ad0266530cf,1, #F7EE9C
d53f22308ad0266530cf,36, #9F995E
d53f22308ad0266530cf,13, #D3CA85
d5473cbea30f1d2d618d,20, #1F1D22
d5473cbea30f1d2d618d,4, #4C4440
d5473cbea30f1d2d618d,6, #626263
d5473cbea30f1d2d618d,2, #A4A6A7
d5473cbea30f1d2d618d,9, #958D82
d5473cbea30f1d2d618d,4, #332E31
d5473cbea30f1d2d618d,51,#070A10
d5487d6c526fe2306dcb,47,#EBE3CF
d5487d6c526fe2306dcb,8, #8D8575
d5487d6c526fe2306dcb,19, #C4BAA6
d5487d6c526fe2306dcb,6, #AAA28E
d5487d6c526fe2306dcb,8, #686254
d5487d6c526fe2306dcb,0, #FFFFFE
d5487d6c526fe2306dcb,9, #423F38
d54eb8b1c22748d103f1,15, #6F6A5B
d54eb8b1c22748d103f1,23, #A29C8C
d54eb8b1c22748d103f1,16, #4C4940
d54eb8b1c22748d103f1,27, #C8BEA8
d54eb8b1c22748d103f1,1,#EEE7D3
d54eb8b1c22748d103f1,15, #898373
d54f2e1b77f6543367de,5, #F6F5EF
d54f2e1b77f6543367de,2, #8F8C81
d54f2e1b77f6543367de,33, #2C2A22
d54f2e1b77f6543367de,2, #CBC7BC
d54f2e1b77f6543367de,11, #514E42
d54f2e1b77f6543367de,0, #A7A39A
d54f2e1b77f6543367de,44,#706C5F
d54fcec337747160c547,1, #5A5446
d54fcec337747160c547,64,#E1D5C2
d54fcec337747160c547,4, #C0B7A7
d54fcec337747160c547,24, #FAF4E6
d54fcec337747160c547,0, #373227
d54fcec337747160c547,2, #A0998A
d54fcec337747160c547,2, #827B6C
d550c25aff32335451b0,16, #B3ADA0
d550c25aff32335451b0,4, #6C695B
d550c25aff32335451b0,65, #DCD5C8
d550c25aff32335451b0,0,#FDF7EA
d550c25aff32335451b0,3, #454337
d550c25aff32335451b0,9, #8A8678
d559b8f6c156be02fb2f,22,#798795
d559b8f6c156be02fb2f,16, #7F7657
d559b8f6c156be02fb2f,6, #CCCAAE
d559b8f6c156be02fb2f,18, #524C32
d559b8f6c156be02fb2f,18, #A39F85
d559b8f6c156be02fb2f,17, #1C190D
d562e92a6f5850431b46,2, #807157
d562e92a6f5850431b46,0, #625B4F
d562e92a6f5850431b46,0, #968672
d562e92a6f5850431b46,14, #745730
d562e92a6f5850431b46,53,#1A1A12
d562e92a6f5850431b46,29, #463729
d5674019b0542d5948f5,5, #473F35
d5674019b0542d5948f5,1, #1F1912
d5674019b0542d5948f5,19, #766D5D
d5674019b0542d5948f5,20, #999079
d5674019b0542d5948f5,25,#B3AE97
d5674019b0542d5948f5,7, #E5E4D0
d5674019b0542d5948f5,19, #CCC9B0
d56cada40b6edaa7b44f,4, #D8CBB9
d56cada40b6edaa7b44f,44, #68615D
d56cada40b6edaa7b44f,19, #938C82
d56cada40b6edaa7b44f,15, #B4AB9C
d56cada40b6edaa7b44f,15, #3A3736
d56cada40b6edaa7b44f,1,#F6EFE1
d56dfab829ee9d629564,9, #756857
d56dfab829ee9d629564,29, #4E433B
d56dfab829ee9d629564,5, #998966
d56dfab829ee9d629564,11, #B5AD92
d56dfab829ee9d629564,0,#E1DCC0
d56dfab829ee9d629564,44, #1D181B
d56efac5286b5839cb9e,13, #747374
d56efac5286b5839cb9e,46,#1A1917
d56efac5286b5839cb9e,6, #CACACD
d56efac5286b5839cb9e,4, #555455
d56efac5286b5839cb9e,3, #E9E9EC
d56efac5286b5839cb9e,4, #3A3938
d56efac5286b5839cb9e,21, #A3A2A4
d5761ebf4944d83f077c,1, #C6C7C0
d5761ebf4944d83f077c,1, #8E8F8A
d5761ebf4944d83f077c,11, #686864
d5761ebf4944d83f077c,10, #EDECE7
d5761ebf4944d83f077c,1, #252420
d5761ebf4944d83f077c,72,#40403C
d5761ebf4944d83f077c,1, #ACACA6
d57fe4561aec4f29f4ee,9, #F7F3E7
d57fe4561aec4f29f4ee,4, #2A291D
d57fe4561aec4f29f4ee,59,#D8CFB8
d57fe4561aec4f29f4ee,4, #706456
d57fe4561aec4f29f4ee,8, #52493D
d57fe4561aec4f29f4ee,5, #9B8A71
d57fe4561aec4f29f4ee,7, #BCAE95
d580d95fa4a61594b79e,49,#BBB6AA
d580d95fa4a61594b79e,6, #D9D8CF
d580d95fa4a61594b79e,11, #8D8379
d580d95fa4a61594b79e,9, #503E34
d580d95fa4a61594b79e,13, #F2F2EF
d580d95fa4a61594b79e,2, #3B271E
d580d95fa4a61594b79e,7, #6C5D53
d593badbf65ac73885f0,6, #7C756C
d593badbf65ac73885f0,11, #C1B9AC
d593badbf65ac73885f0,2, #514C48
d593badbf65ac73885f0,0, #FEFEF5
d593badbf65ac73885f0,54,#ECE6D8
d593badbf65ac73885f0,13, #D9D1C2
d593badbf65ac73885f0,12, #A1998E
d59645869103f4078456,24,#F2EFE0
d59645869103f4078456,1, #857157
d59645869103f4078456,60, #D6D3C2
d59645869103f4078456,9, #BCB297
d59645869103f4078456,0, #715B40
d59645869103f4078456,2, #988C78
d5975334e121993c59b2,1, #424035
d5975334e121993c59b2,23,#85806D
d5975334e121993c59b2,14, #DDD7BE
d5975334e121993c59b2,17, #A5A08A
d5975334e121993c59b2,13, #626050
d5975334e121993c59b2,21, #F6F2DB
d5975334e121993c59b2,7, #C2BBA3
d59d6357d93048b8037d,11,#F2F2EF
d59d6357d93048b8037d,12, #80705A
d59d6357d93048b8037d,21, #55493E
d59d6357d93048b8037d,23, #C7B693
d59d6357d93048b8037d,9, #DCD4BC
d59d6357d93048b8037d,21, #A2957D
d59dffbd1861c54f0b70,2, #58461F
d59dffbd1861c54f0b70,57,#161009
d59dffbd1861c54f0b70,9, #77381A
d59dffbd1861c54f0b70,0, #9E8D58
d59dffbd1861c54f0b70,28, #3D2711
d59dffbd1861c54f0b70,0, #B8AC79
d59dffbd1861c54f0b70,1, #866937
d5a6422e1816c93f47d7,25,#F0ECDA
d5a6422e1816c93f47d7,16, #807B6F
d5a6422e1816c93f47d7,12, #A29E90
d5a6422e1816c93f47d7,17, #5B584C
d5a6422e1816c93f47d7,24, #C4BFB1
d5a6422e1816c93f47d7,3, #39362D
d5a7ccb7dc614195adb9,20, #DDD5BB
d5a7ccb7dc614195adb9,0, #6C5D47
d5a7ccb7dc614195adb9,7, #C8BA9C
d5a7ccb7dc614195adb9,65,#F6F4E6
d5a7ccb7dc614195adb9,0, #86775F
d5a7ccb7dc614195adb9,5, #A69980
d5ad0540a2d3a5a50668,2, #504E44
d5ad0540a2d3a5a50668,8, #989384
d5ad0540a2d3a5a50668,22, #B2AC9C
d5ad0540a2d3a5a50668,31, #CBC5B3
d5ad0540a2d3a5a50668,2, #797467
d5ad0540a2d3a5a50668,32,#ECE9D8
d5b627e251d936e44fee,1, #434139
d5b627e251d936e44fee,4, #A8A495
d5b627e251d936e44fee,5, #CECABA
d5b627e251d936e44fee,3, #858276
d5b627e251d936e44fee,82,#F4F2E4
d5b627e251d936e44fee,2, #656258
d5b6dacfff69018c9ece,43,#B3A681
d5b6dacfff69018c9ece,20, #836F48
d5b6dacfff69018c9ece,15, #3E3423
d5b6dacfff69018c9ece,2, #868B84
d5b6dacfff69018c9ece,1, #261F17
d5b6dacfff69018c9ece,0, #A8864D
d5b6dacfff69018c9ece,15, #604C2D
d5c6cb73c1c336743a39,0, #D8D3C3
d5c6cb73c1c336743a39,32,#3A321F
d5c6cb73c1c336743a39,0, #B4A993
d5c6cb73c1c336743a39,29, #181510
d5c6cb73c1c336743a39,2, #9A8E6C
d5c6cb73c1c336743a39,4, #7D7155
d5c6cb73c1c336743a39,29, #644D2B
d5c93040c7d7e1821502,8, #A4A192
d5c93040c7d7e1821502,20, #59594C
d5c93040c7d7e1821502,18, #787869
d5c93040c7d7e1821502,28,#F4F1DE
d5c93040c7d7e1821502,6, #CDC9B6
d5c93040c7d7e1821502,18, #313028
d5d31ee4d55b9d47bf54,2,#E9DDBD
d5d31ee4d55b9d47bf54,49, #4E4437
d5d31ee4d55b9d47bf54,8, #A08B70
d5d31ee4d55b9d47bf54,6, #CFC0A4
d5d31ee4d55b9d47bf54,21, #7A6A56
d5d31ee4d55b9d47bf54,11, #B8A586
d5e06eb8545adf843f10,22, #43433B
d5e06eb8545adf843f10,0,#F9F4DE
d5e06eb8545adf843f10,19, #D5CFBB
d5e06eb8545adf843f10,29, #6E6B5F
d5e06eb8545adf843f10,12, #ACA796
d5e06eb8545adf843f10,15, #908C7D
d5f65a8bf9cacb9c2619,13, #F1F0E3
d5f65a8bf9cacb9c2619,20, #B9BBB6
d5f65a8bf9cacb9c2619,13,#858780
d5f65a8bf9cacb9c2619,40, #10100B
d5f65a8bf9cacb9c2619,7, #33342E
d5f65a8bf9cacb9c2619,4, #5D5F59
d604d103162c108d4160,35, #8F8C80
d604d103162c108d4160,17, #B6B2A6
d604d103162c108d4160,2,#FAF8EF
d604d103162c108d4160,9, #3A3934
d604d103162c108d4160,17, #67655B
d604d103162c108d4160,18, #DCD7C9
d613d5c5bfba5fb0dbd8,13, #61513A
d613d5c5bfba5fb0dbd8,9, #877B5C
d613d5c5bfba5fb0dbd8,4, #383024
d613d5c5bfba5fb0dbd8,17, #BFB599
d613d5c5bfba5fb0dbd8,35,#A09476
d613d5c5bfba5fb0dbd8,20, #D0C8AF
d618d5329bbedc9cb121,4,#F9F6ED
d618d5329bbedc9cb121,16, #504E42
d618d5329bbedc9cb121,22, #9C9889
d618d5329bbedc9cb121,12, #7D796B
d618d5329bbedc9cb121,14, #B8B3A3
d618d5329bbedc9cb121,29, #DDD8C7
d6199f1926407cb51f9e,8,#F6F6F3
d6199f1926407cb51f9e,13, #706E69
d6199f1926407cb51f9e,19, #4C4945
d6199f1926407cb51f9e,15, #27231E
d6199f1926407cb51f9e,31, #A5A19A
d6199f1926407cb51f9e,10, #D8D7D0
d61d82aefd7f8e93b32f,6, #453E39
d61d82aefd7f8e93b32f,27, #D9D1C1
d61d82aefd7f8e93b32f,18, #C4B7A0
d61d82aefd7f8e93b32f,24, #9C9487
d61d82aefd7f8e93b32f,16, #6E665D
d61d82aefd7f8e93b32f,6,#F8F3E0
d623be39236c6194bbcb,0, #C9B97F
d623be39236c6194bbcb,0,#E4DBB3
d623be39236c6194bbcb,6, #866E46
d623be39236c6194bbcb,64, #211A10
d623be39236c6194bbcb,21, #7A4830
d623be39236c6194bbcb,6, #AB9362
d623caf2e11d0b46264f,22, #D0CAB8
d623caf2e11d0b46264f,2, #37352D
d623caf2e11d0b46264f,14, #5A584D
d623caf2e11d0b46264f,33, #AAA597
d623caf2e11d0b46264f,19, #827E71
d623caf2e11d0b46264f,7,#F2EEDF
d628763994c499afe24a,8, #3D3931
d628763994c499afe24a,7, #646054
d628763994c499afe24a,17, #878275
d628763994c499afe24a,20, #D6D0C0
d628763994c499afe24a,35,#FAF5E6
d628763994c499afe24a,9, #B4ADA0
d637e54a7c3c6eb48be6,38, #E1DFCF
d637e54a7c3c6eb48be6,4, #1E1C17
d637e54a7c3c6eb48be6,7, #C0BCA9
d637e54a7c3c6eb48be6,20,#968D74
d637e54a7c3c6eb48be6,19, #4E493E
d637e54a7c3c6eb48be6,9, #776E55
d63a6c0ccc3e71a9ce7c,59,#1B1A17
d63a6c0ccc3e71a9ce7c,3, #8F816C
d63a6c0ccc3e71a9ce7c,8, #5D5647
d63a6c0ccc3e71a9ce7c,21, #4C3222
d63a6c0ccc3e71a9ce7c,0, #BCAC8F
d63a6c0ccc3e71a9ce7c,0, #AB977A
d63a6c0ccc3e71a9ce7c,5, #776C57
d63c84e02230a06f5580,19, #757168
d63c84e02230a06f5580,16, #525048
d63c84e02230a06f5580,12, #949086
d63c84e02230a06f5580,6, #F9F6EA
d63c84e02230a06f5580,2, #383731
d63c84e02230a06f5580,21,#B9B4A9
d63c84e02230a06f5580,21, #E1DCD0
d63dfce7945a2b78cd98,10, #8C704F
d63dfce7945a2b78cd98,11,#F8F4D2
d63dfce7945a2b78cd98,32, #21201A
d63dfce7945a2b78cd98,5, #D4C88E
d63dfce7945a2b78cd98,12, #AD906A
d63dfce7945a2b78cd98,26, #5F4D37
d63feaa973aee04aaa7d,3, #DDCE82
d63feaa973aee04aaa7d,7, #BBAA74
d63feaa973aee04aaa7d,10, #242212
d63feaa973aee04aaa7d,1,#F6F0BF
d63feaa973aee04aaa7d,49, #89633C
d63feaa973aee04aaa7d,26, #594E2E
d643586413c89177a1b4,4, #8D7F59
d643586413c89177a1b4,0, #CCBD94
d643586413c89177a1b4,7, #5A4F36
d643586413c89177a1b4,43,#201C10
d643586413c89177a1b4,4, #6F6650
d643586413c89177a1b4,34, #393221
d643586413c89177a1b4,5, #AF9F73
d648cbb21609a559d966,1, #291710
d648cbb21609a559d966,7, #A79E90
d648cbb21609a559d966,32, #CBC1AB
d648cbb21609a559d966,3,#F5F2E5
d648cbb21609a559d966,12, #887B6E
d648cbb21609a559d966,42, #59473C
d656be919013a053ade4,24, #5F593D
d656be919013a053ade4,20, #221A0F
d656be919013a053ade4,0, #CDBE95
d656be919013a053ade4,0, #B8A078
d656be919013a053ade4,15, #997B49
d656be919013a053ade4,5, #833C23
d656be919013a053ade4,32,#4D331C
d65cd183674f9a97df90,8, #7F7C6E
d65cd183674f9a97df90,11, #BAB5A5
d65cd183674f9a97df90,3, #393831
d65cd183674f9a97df90,28,#D5CEBC
d65cd183674f9a97df90,25, #5A584E
d65cd183674f9a97df90,3, #9F9A8C
d65cd183674f9a97df90,18, #ECE7D8
d66a95aad4b15b5ed573,39, #A49C7C
d66a95aad4b15b5ed573,27, #8B7E5C
d66a95aad4b15b5ed573,2,#DDD5BD
d66a95aad4b15b5ed573,9, #685938
d66a95aad4b15b5ed573,3, #4A482E
d66a95aad4b15b5ed573,17, #BDB698
d66d2e644b43dff7ca98,7,#E0E1D5
d66d2e644b43dff7ca98,13, #9AA1A1
d66d2e644b43dff7ca98,7, #636563
d66d2e644b43dff7ca98,3, #434240
d66d2e644b43dff7ca98,53, #C0C6C3
d66d2e644b43dff7ca98,14, #7F8281
d68bd5242ed6aa16a6de,9, #C2BBAB
d68bd5242ed6aa16a6de,5,#9F998C
d68bd5242ed6aa16a6de,76, #EEE9D6
d68bd5242ed6aa16a6de,3, #595348
d68bd5242ed6aa16a6de,4, #7C776B
d68bd5242ed6aa16a6de,0, #332F27
d68bd5c5d00ef9a9ea0e,8, #A29A8E
d68bd5c5d00ef9a9ea0e,5, #665C55
d68bd5c5d00ef9a9ea0e,35,#F9F2E9
d68bd5c5d00ef9a9ea0e,3, #3E3833
d68bd5c5d00ef9a9ea0e,38, #CCC0AF
d68bd5c5d00ef9a9ea0e,7, #877D72
d692d511a9c4099363ab,2, #53412D
d692d511a9c4099363ab,35,#E1DFCB
d692d511a9c4099363ab,12, #A39B82
d692d511a9c4099363ab,0, #F9F7E5
d692d511a9c4099363ab,10, #85775E
d692d511a9c4099363ab,25, #C3BFA8
d692d511a9c4099363ab,11, #6A5A41
d694f747332cfb9bd5d3,16, #C4BDA8
d694f747332cfb9bd5d3,11, #A0977F
d694f747332cfb9bd5d3,62,#E3DECC
d694f747332cfb9bd5d3,2, #5B5344
d694f747332cfb9bd5d3,2, #1C160E
d694f747332cfb9bd5d3,0, #FEFEFA
d694f747332cfb9bd5d3,4, #827761
d69a7cede1d150fee70a,0, #7A63A6
d69a7cede1d150fee70a,5, #A297B2
d69a7cede1d150fee70a,7, #8F8577
d69a7cede1d150fee70a,47, #CFCCC6
d69a7cede1d150fee70a,25, #6D5D4C
d69a7cede1d150fee70a,13,#F8F7EC
d69abb29a392b5a1c4ce,0, #413E39
d69abb29a392b5a1c4ce,0, #B37264
d69abb29a392b5a1c4ce,8, #BEA389
d69abb29a392b5a1c4ce,4, #74614C
d69abb29a392b5a1c4ce,19, #E1D7BF
d69abb29a392b5a1c4ce,5, #948A6F
d69abb29a392b5a1c4ce,61,#F9F4E5
d69b2bab61e9999595f7,1, #807860
d69b2bab61e9999595f7,13, #BD9D64
d69b2bab61e9999595f7,7, #E1CF97
d69b2bab61e9999595f7,24, #6E432E
d69b2bab61e9999595f7,19, #AC793C
d69b2bab61e9999595f7,33,#0F0B0C
d6a55e9cbef23cb1ba67,23, #2A211E
d6a55e9cbef23cb1ba67,10, #6F6253
d6a55e9cbef23cb1ba67,14, #4A3F36
d6a55e9cbef23cb1ba67,9,#EAE4CC
d6a55e9cbef23cb1ba67,16, #CFC8B0
d6a55e9cbef23cb1ba67,25, #A99D85
d6ae6a6a35e2156a37e2,34, #E4DBCB
d6ae6a6a35e2156a37e2,4, #43403B
d6ae6a6a35e2156a37e2,0,#FEFEF6
d6ae6a6a35e2156a37e2,17, #928B7F
d6ae6a6a35e2156a37e2,18, #6C665D
d6ae6a6a35e2156a37e2,23, #B7AF9F
d6b0bb857966aae10924,25, #968F80
d6b0bb857966aae10924,2, #434138
d6b0bb857966aae10924,5, #D9D3C0
d6b0bb857966aae10924,25, #6C665A
d6b0bb857966aae10924,4,#F5F4E9
d6b0bb857966aae10924,36, #B9B19E
d6bed0d2a868e474173c,0, #716C68
d6bed0d2a868e474173c,2, #CFB66A
d6bed0d2a868e474173c,0, #E9D895
d6bed0d2a868e474173c,57,#4E3B22
d6bed0d2a868e474173c,12, #8C6C31
d6bed0d2a868e474173c,1, #AE924C
d6bed0d2a868e474173c,24, #17110C
d6c065569d8ae03a837a,10, #B5B1A6
d6c065569d8ae03a837a,29, #D3CDC1
d6c065569d8ae03a837a,12,#827E74
d6c065569d8ae03a837a,0, #403D35
d6c065569d8ae03a837a,43, #F1ECDF
d6c065569d8ae03a837a,3, #5F5C52
d6c218872ecc8c9afcbf,5, #906F3F
d6c218872ecc8c9afcbf,1, #8B9291
d6c218872ecc8c9afcbf,61,#433126
d6c218872ecc8c9afcbf,4, #66685E
d6c218872ecc8c9afcbf,19, #0E1009
d6c218872ecc8c9afcbf,7, #744021
d6c218872ecc8c9afcbf,0, #A38A69
d6d678f5d5dd26056d50,24, #736E60
d6d678f5d5dd26056d50,15, #928D7F
d6d678f5d5dd26056d50,20, #454239
d6d678f5d5dd26056d50,14, #B1AB99
d6d678f5d5dd26056d50,5,#FAF8ED
d6d678f5d5dd26056d50,19, #DBD7C4
d6d708c538c0f309dfc8,5, #9A9792
d6d708c538c0f309dfc8,53,#7C7262
d6d708c538c0f309dfc8,3, #25201E
d6d708c538c0f309dfc8,2, #080706
d6d708c538c0f309dfc8,24, #493E34
d6d708c538c0f309dfc8,5, #EDEBDF
d6d708c538c0f309dfc8,4, #C1BFB4
d6d7b3f92d223ccc5eb6,16, #292414
d6d7b3f92d223ccc5eb6,3, #D9CC92
d6d7b3f92d223ccc5eb6,17, #74653E
d6d7b3f92d223ccc5eb6,37, #574726
d6d7b3f92d223ccc5eb6,13, #998650
d6d7b3f92d223ccc5eb6,10,#B6A66F
d6de76052bc18a8516db,12, #63533A
d6de76052bc18a8516db,2, #776B4E
d6de76052bc18a8516db,2, #8C7F5E
d6de76052bc18a8516db,6, #201D16
d6de76052bc18a8516db,15, #3D3223
d6de76052bc18a8516db,33,#BBB393
d6de76052bc18a8516db,28, #999680
d6e290c26f500bb0bca1,4, #A99F85
d6e290c26f500bb0bca1,3, #BFB89C
d6e290c26f500bb0bca1,22, #D4CFB4
d6e290c26f500bb0bca1,11, #473424
d6e290c26f500bb0bca1,10, #8C816B
d6e290c26f500bb0bca1,36,#F0EEDD
d6e290c26f500bb0bca1,11, #6E5B42
d6e2bc39f1fe2b7a78e2,2,#F4F2EC
d6e2bc39f1fe2b7a78e2,5, #555145
d6e2bc39f1fe2b7a78e2,33, #BCB29D
d6e2bc39f1fe2b7a78e2,21, #948E7E
d6e2bc39f1fe2b7a78e2,29, #D8D1C2
d6e2bc39f1fe2b7a78e2,7, #7C7664
d6e8abc71383d8602df4,7, #777162
d6e8abc71383d8602df4,9, #524933
d6e8abc71383d8602df4,0, #B0AFAA
d6e8abc71383d8602df4,78,#100F0D
d6e8abc71383d8602df4,0, #C7BE83
d6e8abc71383d8602df4,0, #92918E
d6e8abc71383d8602df4,3, #B1A36F
d6ea78271d8b2a5521c9,21, #C6CDC6
d6ea78271d8b2a5521c9,28, #211F11
d6ea78271d8b2a5521c9,8,#656950
d6ea78271d8b2a5521c9,3, #818B77
d6ea78271d8b2a5521c9,21, #99ABB0
d6ea78271d8b2a5521c9,16, #5E4826
d6ece7fcae7a3946b539,44, #C9C2B3
d6ece7fcae7a3946b539,9, #524F42
d6ece7fcae7a3946b539,29, #EDE6D8
d6ece7fcae7a3946b539,2, #323024
d6ece7fcae7a3946b539,6,#777264
d6ece7fcae7a3946b539,7, #9F998B
d6ed7f74dcab98ab0db6,2, #231913
d6ed7f74dcab98ab0db6,36,#F8F6F0
d6ed7f74dcab98ab0db6,11, #595245
d6ed7f74dcab98ab0db6,8, #36312C
d6ed7f74dcab98ab0db6,23, #C6C0B4
d6ed7f74dcab98ab0db6,12, #7E7A71
d6ed7f74dcab98ab0db6,4, #A69E8D
d6ede23d0de19d4b3e00,20, #B9B5A9
d6ede23d0de19d4b3e00,1, #3E3C33
d6ede23d0de19d4b3e00,8,#F9F8EF
d6ede23d0de19d4b3e00,19, #938F83
d6ede23d0de19d4b3e00,35, #E0DDCF
d6ede23d0de19d4b3e00,14, #656257
d6f8c1184b67c948d297,4, #FDFAF3
d6f8c1184b67c948d297,0, #4B443E
d6f8c1184b67c948d297,3, #948D82
d6f8c1184b67c948d297,2, #6F675E
d6f8c1184b67c948d297,67,#ECE4D3
d6f8c1184b67c948d297,12, #D0C7B7
d6f8c1184b67c948d297,8, #B1A99B
d6fb6f345dc623ca1d6e,4, #84755B
d6fb6f345dc623ca1d6e,3, #6A5638
d6fb6f345dc623ca1d6e,4, #A49C7F
d6fb6f345dc623ca1d6e,25, #3F3120
d6fb6f345dc623ca1d6e,3, #BDB89E
d6fb6f345dc623ca1d6e,1, #D8D5BD
d6fb6f345dc623ca1d6e,57,#110E07
d70e99e1891192c24111,18, #6B634C
d70e99e1891192c24111,9, #C9C2B1
d70e99e1891192c24111,25, #ABA282
d70e99e1891192c24111,9, #464439
d70e99e1891192c24111,0, #2F2D23
d70e99e1891192c24111,33,#8C856E
d70e99e1891192c24111,3, #F4EDE2
d70f78911376cf08a569,15, #E9E7DD
d70f78911376cf08a569,3, #B7B7B2
d70f78911376cf08a569,32, #4E4546
d70f78911376cf08a569,27, #75706F
d70f78911376cf08a569,1,#999794
d70f78911376cf08a569,19, #2B2323
d710e259d18f05306a25,14, #2B2922
d710e259d18f05306a25,0, #E8D2A6
d710e259d18f05306a25,1, #8B8D76
d710e259d18f05306a25,1, #C19857
d710e259d18f05306a25,69,#616251
d710e259d18f05306a25,10, #997947
d710e259d18f05306a25,1, #CCB488
d711f8d4999e0d473e16,53, #D4CFBE
d711f8d4999e0d473e16,9, #F4F3E9
d711f8d4999e0d473e16,2,#B4B0A1
d711f8d4999e0d473e16,21, #4B4A42
d711f8d4999e0d473e16,5, #989689
d711f8d4999e0d473e16,8, #77756A
d7184a2410f5f8541ae7,19, #8C8378
d7184a2410f5f8541ae7,5, #5E554C
d7184a2410f5f8541ae7,39, #E0D6C9
d7184a2410f5f8541ae7,4,#FAF6F6
d7184a2410f5f8541ae7,1, #352E2A
d7184a2410f5f8541ae7,29, #BAAFA0
d71bf9ccfe83a23f4748,14, #C0BCAC
d71bf9ccfe83a23f4748,9, #525450
d71bf9ccfe83a23f4748,57,#EEE8D6
d71bf9ccfe83a23f4748,7, #7B7D74
d71bf9ccfe83a23f4748,8, #9D9D90
d71bf9ccfe83a23f4748,2, #262A28
d72269ff60ba8a253b40,42,#DAD8C9
d72269ff60ba8a253b40,8, #6C5543
d72269ff60ba8a253b40,6, #A8957D
d72269ff60ba8a253b40,7, #837463
d72269ff60ba8a253b40,23, #C8BBA1
d72269ff60ba8a253b40,10, #372820
d723431de32f165c6af4,3, #F0F0F0
d723431de32f165c6af4,9,#6E6E6E
d723431de32f165c6af4,10, #BBBBBB
d723431de32f165c6af4,29, #121212
d723431de32f165c6af4,39, #424242
d723431de32f165c6af4,8, #8E8E8E
d728a0f129c613b1e6da,16, #D8D4C2
d728a0f129c613b1e6da,19, #7C7A6D
d728a0f129c613b1e6da,3, #303028
d728a0f129c613b1e6da,19, #525147
d728a0f129c613b1e6da,36, #A9A596
d728a0f129c613b1e6da,4,#F5F2E0
d7308e21cc419a54c12d,2, #D5D6D1
d7308e21cc419a54c12d,26, #5D512B
d7308e21cc419a54c12d,5, #9B947A
d7308e21cc419a54c12d,23, #0A0909
d7308e21cc419a54c12d,36,#25241B
d7308e21cc419a54c12d,2, #707160
d7308e21cc419a54c12d,2, #BBB6A2
d73bf5a7ef0875d99855,2, #7E7D5A
d73bf5a7ef0875d99855,48,#E1DDB3
d73bf5a7ef0875d99855,12, #232012
d73bf5a7ef0875d99855,6, #655C2D
d73bf5a7ef0875d99855,21, #3F391E
d73bf5a7ef0875d99855,2, #9F9A69
d73bf5a7ef0875d99855,5, #B9B584
d73c8455a0c76e08621f,0, #605A4A
d73c8455a0c76e08621f,6, #807A68
d73c8455a0c76e08621f,9, #B9B29E
d73c8455a0c76e08621f,1,#FBF5E2
d73c8455a0c76e08621f,77, #DBD4C1
d73c8455a0c76e08621f,4, #A09985
d73e8e3eb27680b534cd,16, #AFAA99
d73e8e3eb27680b534cd,5, #747065
d73e8e3eb27680b534cd,17,#59574E
d73e8e3eb27680b534cd,14, #8D897D
d73e8e3eb27680b534cd,16, #D3CDBA
d73e8e3eb27680b534cd,14, #F5F3E8
d73e8e3eb27680b534cd,15, #3B3934
d73fcb0d3a6c8a397962,2, #A19689
d73fcb0d3a6c8a397962,0, #B6AC9C
d73fcb0d3a6c8a397962,17, #554C45
d73fcb0d3a6c8a397962,26,#0A0909
d73fcb0d3a6c8a397962,7, #827870
d73fcb0d3a6c8a397962,45, #432C1D
d74ef2a5980ddfe2c762,1, #85725B
d74ef2a5980ddfe2c762,4,#F9F7EC
d74ef2a5980ddfe2c762,1, #574C39
d74ef2a5980ddfe2c762,4, #AE987E
d74ef2a5980ddfe2c762,82, #DFD7C2
d74ef2a5980ddfe2c762,5, #C9BDA6
d755e790e1cc668d1488,12, #D3C9AC
d755e790e1cc668d1488,25,#EAE2C8
d755e790e1cc668d1488,0, #FEFCE9
d755e790e1cc668d1488,22, #3D201A
d755e790e1cc668d1488,20, #6D5A41
d755e790e1cc668d1488,8, #B2A78B
d755e790e1cc668d1488,10, #94866B
d756c3891be3f3fca736,23, #B9B09A
d756c3891be3f3fca736,44, #EBE4D4
d756c3891be3f3fca736,16,#988F7B
d756c3891be3f3fca736,8, #CEC7B4
d756c3891be3f3fca736,5, #686152
d756c3891be3f3fca736,1, #393631
d7639b8e3feef18c106a,20, #4F4642
d7639b8e3feef18c106a,13, #2D2725
d7639b8e3feef18c106a,0, #DEDDD4
d7639b8e3feef18c106a,2, #F8F7F3
d7639b8e3feef18c106a,39,#6D635B
d7639b8e3feef18c106a,8, #BCB2A2
d7639b8e3feef18c106a,16, #92897F
d765fcc1079e8dd68fb5,4, #3C3A34
d765fcc1079e8dd68fb5,8, #5C574E
d765fcc1079e8dd68fb5,23,#EFE5D3
d765fcc1079e8dd68fb5,18, #D3C9B6
d765fcc1079e8dd68fb5,19, #B3AA99
d765fcc1079e8dd68fb5,11, #777065
d765fcc1079e8dd68fb5,13, #948C7D
d76947988979922607eb,0, #6F695D
d76947988979922607eb,2,#8B867B
d76947988979922607eb,12, #B9B5A9
d76947988979922607eb,3, #A39E93
d76947988979922607eb,28, #D9D3C5
d76947988979922607eb,51, #F3EEE1
d76c4147cffca1b37339,2,#F6F4EB
d76c4147cffca1b37339,10, #68605B
d76c4147cffca1b37339,9, #372F2A
d76c4147cffca1b37339,18, #B4B0A8
d76c4147cffca1b37339,27, #8C8681
d76c4147cffca1b37339,32, #D6D4C4
d775285ce9984d4b4da1,4, #C2B08A
d775285ce9984d4b4da1,5, #766139
d775285ce9984d4b4da1,38, #46412A
d775285ce9984d4b4da1,3, #E1CFA1
d775285ce9984d4b4da1,0, #F7EECD
d775285ce9984d4b4da1,7, #A0885D
d775285ce9984d4b4da1,41,#1F1D11
d77bc619f7ba1f140d7f,1, #AC9663
d77bc619f7ba1f140d7f,53,#332D1E
d77bc619f7ba1f140d7f,0, #C3B077
d77bc619f7ba1f140d7f,1, #766845
d77bc619f7ba1f140d7f,37, #1C1B14
d77bc619f7ba1f140d7f,1, #9A7F51
d77bc619f7ba1f140d7f,3, #52472E
d7839e0dbb8007c22d5e,0, #130D04
d7839e0dbb8007c22d5e,38,#685E41
d7839e0dbb8007c22d5e,7, #A6A28F
d7839e0dbb8007c22d5e,0, #ABB3C0
d7839e0dbb8007c22d5e,21, #3B301A
d7839e0dbb8007c22d5e,11, #DFDBC2
d7839e0dbb8007c22d5e,19, #8E8465
d7884f7274f027ff3bcf,6, #9F9889
d7884f7274f027ff3bcf,30, #D7CCBA
d7884f7274f027ff3bcf,25, #B9B1A0
d7884f7274f027ff3bcf,0,#F5E7CD
d7884f7274f027ff3bcf,21, #807A6D
d7884f7274f027ff3bcf,14, #545049
d789d7bebcf740b7416d,10,#D5CEA8
d789d7bebcf740b7416d,14, #B7AB86
d789d7bebcf740b7416d,6, #F3EFDC
d789d7bebcf740b7416d,22, #71614D
d789d7bebcf740b7416d,18, #473B2F
d789d7bebcf740b7416d,25, #978868
d78b9e56b6c8f7d11df0,5, #725A38
d78b9e56b6c8f7d11df0,52,#574129
d78b9e56b6c8f7d11df0,0, #C9B684
d78b9e56b6c8f7d11df0,36, #27241C
d78b9e56b6c8f7d11df0,0, #B09F73
d78b9e56b6c8f7d11df0,4, #8A754E
d78b9e56b6c8f7d11df0,0, #9C8E66
d7a0769c8c1c9a7a2076,9, #7E8077
d7a0769c8c1c9a7a2076,9, #202928
d7a0769c8c1c9a7a2076,8, #585E59
d7a0769c8c1c9a7a2076,11, #ADA593
d7a0769c8c1c9a7a2076,15, #D8CEB8
d7a0769c8c1c9a7a2076,44,#F9F5E2
d7a1df7d61734d826d99,8, #FCF9F1
d7a1df7d61734d826d99,10, #8C8477
d7a1df7d61734d826d99,13, #A8A090
d7a1df7d61734d826d99,14, #70695F
d7a1df7d61734d826d99,36,#E7DDC7
d7a1df7d61734d826d99,9, #C3BBA8
d7a1df7d61734d826d99,6, #4D4742
d7a7316f0dab56c7dc09,0,#F4EFE1
d7a7316f0dab56c7dc09,14, #B8AD97
d7a7316f0dab56c7dc09,52, #D5D0C0
d7a7316f0dab56c7dc09,0, #463924
d7a7316f0dab56c7dc09,17, #978D78
d7a7316f0dab56c7dc09,14, #736D5D
d7b03bbc70aac079c49d,11, #5F5039
d7b03bbc70aac079c49d,10, #AA977A
d7b03bbc70aac079c49d,2, #3E3323
d7b03bbc70aac079c49d,7, #9A8568
d7b03bbc70aac079c49d,0, #D5CFB8
d7b03bbc70aac079c49d,11, #817662
d7b03bbc70aac079c49d,55,#C0B49B
d7b101d8ec6ddd5c486e,10, #796B5B
d7b101d8ec6ddd5c486e,11, #A49982
d7b101d8ec6ddd5c486e,1, #57473C
d7b101d8ec6ddd5c486e,65, #DBD6C7
d7b101d8ec6ddd5c486e,2, #BEB6A1
d7b101d8ec6ddd5c486e,9,#F8F6F1
d7b13be04d68d3a6130b,38,#DFD2B2
d7b13be04d68d3a6130b,12, #807462
d7b13be04d68d3a6130b,5, #34251B
d7b13be04d68d3a6130b,4, #9F9480
d7b13be04d68d3a6130b,14, #625444
d7b13be04d68d3a6130b,5, #BAAE98
d7b13be04d68d3a6130b,20, #48392B
d7b1a8d637fd2ef34130,9, #67594E
d7b1a8d637fd2ef34130,21, #887E70
d7b1a8d637fd2ef34130,36,#E2DBC3
d7b1a8d637fd2ef34130,10, #A7A091
d7b1a8d637fd2ef34130,6, #43332A
d7b1a8d637fd2ef34130,1, #F7F0DA
d7b1a8d637fd2ef34130,14, #C5BFAA
d7b7d22591deb38acd29,57,#554A40
d7b7d22591deb38acd29,15, #C9C7BA
d7b7d22591deb38acd29,2, #090807
d7b7d22591deb38acd29,6, #A49F94
d7b7d22591deb38acd29,4, #2D2721
d7b7d22591deb38acd29,8, #7E7357
d7b7d22591deb38acd29,4, #F2EFE5
d7c19e6ed8145c15774d,15, #767268
d7c19e6ed8145c15774d,33,#EEE9D7
d7c19e6ed8145c15774d,15, #989489
d7c19e6ed8145c15774d,14, #5B574E
d7c19e6ed8145c15774d,0, #28231E
d7c19e6ed8145c15774d,15, #C0BBAC
d7c19e6ed8145c15774d,6, #413E35
d7c9b1754b426634ed54,3, #BFA66E
d7c9b1754b426634ed54,0, #EFE19D
d7c9b1754b426634ed54,14, #836E4F
d7c9b1754b426634ed54,1, #E0C675
d7c9b1754b426634ed54,63,#5E523D
d7c9b1754b426634ed54,3, #3E3626
d7c9b1754b426634ed54,13, #998464
d7ceb89b49bc20f2a9c6,70, #E4DDCA
d7ceb89b49bc20f2a9c6,4, #715E4C
d7ceb89b49bc20f2a9c6,3, #9E9281
d7ceb89b49bc20f2a9c6,14, #50372A
d7ceb89b49bc20f2a9c6,5, #847566
d7ceb89b49bc20f2a9c6,1,#BEB5A4
d7d8af6f76dfaf6ae11b,4, #2A231B
d7d8af6f76dfaf6ae11b,15, #958161
d7d8af6f76dfaf6ae11b,21, #413528
d7d8af6f76dfaf6ae11b,13, #826E4E
d7d8af6f76dfaf6ae11b,0, #BEAA84
d7d8af6f76dfaf6ae11b,42,#67553C
d7d8af6f76dfaf6ae11b,1, #A79577
d7d9542b907da9f05e65,28, #866D49
d7d9542b907da9f05e65,21, #A39170
d7d9542b907da9f05e65,11, #DED1B7
d7d9542b907da9f05e65,14,#5D452E
d7d9542b907da9f05e65,19, #C2AD87
d7d9542b907da9f05e65,4, #2C2925
d7ddea716beb57cf24ea,17, #67635A
d7ddea716beb57cf24ea,15, #837E75
d7ddea716beb57cf24ea,26,#4B4841
d7ddea716beb57cf24ea,18, #CAC4B8
d7ddea716beb57cf24ea,4, #31302A
d7ddea716beb57cf24ea,14, #A39E94
d7ddea716beb57cf24ea,1, #F5EDDD
d7de4400eb0328583de2,2, #414039
d7de4400eb0328583de2,11, #BFBDB3
d7de4400eb0328583de2,9, #58574E
d7de4400eb0328583de2,12, #DAD8CE
d7de4400eb0328583de2,28,#77756C
d7de4400eb0328583de2,23, #A29F96
d7de4400eb0328583de2,11, #F7F6F0
d7e2c37799f35ab713c7,5,#FCFAF5
d7e2c37799f35ab713c7,5, #7F7765
d7e2c37799f35ab713c7,0, #564F40
d7e2c37799f35ab713c7,9, #A69F8D
d7e2c37799f35ab713c7,18, #CEC3AB
d7e2c37799f35ab713c7,61, #EEE6D0
d7e63aa31bbb90760f90,17, #A9A699
d7e63aa31bbb90760f90,6, #55534A
d7e63aa31bbb90760f90,11, #7C7A6F
d7e63aa31bbb90760f90,0, #39362F
d7e63aa31bbb90760f90,41, #CECABA
d7e63aa31bbb90760f90,23,#F6F3DF
d7e6982de5205cc253a4,33, #2C211C
d7e6982de5205cc253a4,8, #A29A8D
d7e6982de5205cc253a4,36, #D6D1B9
d7e6982de5205cc253a4,12, #54473D
d7e6982de5205cc253a4,4, #796F64
d7e6982de5205cc253a4,4,#F7F5E1
d7eac71353163ff0a1c4,9, #9B9785
d7eac71353163ff0a1c4,6, #403C2D
d7eac71353163ff0a1c4,6, #5C5744
d7eac71353163ff0a1c4,9, #B5AF97
d7eac71353163ff0a1c4,27,#F8F6EC
d7eac71353163ff0a1c4,17, #7E7965
d7eac71353163ff0a1c4,23, #D2CBB2
d7ebbe430cb96a8bc15c,20, #46381E
d7ebbe430cb96a8bc15c,5, #261F13
d7ebbe430cb96a8bc15c,11,#949268
d7ebbe430cb96a8bc15c,24, #757848
d7ebbe430cb96a8bc15c,0, #89673A
d7ebbe430cb96a8bc15c,37, #5F5E2D
d7f9f95beaf53236f181,1, #3C392D
d7f9f95beaf53236f181,11,#F8F7F3
d7f9f95beaf53236f181,0, #181713
d7f9f95beaf53236f181,1, #AEA68E
d7f9f95beaf53236f181,1, #736D59
d7f9f95beaf53236f181,82, #D7D3BF
d7fc8c717abc49a13bd9,26, #988E7E
d7fc8c717abc49a13bd9,3, #DAD0AE
d7fc8c717abc49a13bd9,48, #E3E0CB
d7fc8c717abc49a13bd9,6, #C2B599
d7fc8c717abc49a13bd9,9,#F5F5F1
d7fc8c717abc49a13bd9,4, #7F7262
d80a39688e3d66b62e9a,1, #767364
d80a39688e3d66b62e9a,3, #939182
d80a39688e3d66b62e9a,2, #ADAB9A
d80a39688e3d66b62e9a,8, #D2D0BB
d80a39688e3d66b62e9a,1, #4C4A3D
d80a39688e3d66b62e9a,82,#F8F8F2
d810fedb7bb982f0c7e1,7, #99978F
d810fedb7bb982f0c7e1,8, #F5F4ED
d810fedb7bb982f0c7e1,23, #B2AFA8
d810fedb7bb982f0c7e1,25,#D4D3CB
d810fedb7bb982f0c7e1,12, #848179
d810fedb7bb982f0c7e1,6, #434039
d810fedb7bb982f0c7e1,16, #66635B
d814b542cd3f20caa41a,9, #AFA48E
d814b542cd3f20caa41a,40, #DFDBCD
d814b542cd3f20caa41a,10, #8B8071
d814b542cd3f20caa41a,0,#FDF8E4
d814b542cd3f20caa41a,15, #766856
d814b542cd3f20caa41a,23, #5B4934
d81d55e659a72c05231a,0, #C2BEA2
d81d55e659a72c05231a,51, #1E180E
d81d55e659a72c05231a,8, #7F7452
d81d55e659a72c05231a,22,#4D3F26
d81d55e659a72c05231a,13, #645838
d81d55e659a72c05231a,3, #9E9575
d825edfcb6c58e0e0b95,2, #2E1C12
d825edfcb6c58e0e0b95,94,#070505
d825edfcb6c58e0e0b95,0, #95876D
d825edfcb6c58e0e0b95,1, #59432A
d825edfcb6c58e0e0b95,1, #736145
d825edfcb6c58e0e0b95,0, #AFA288
d827954a0cdaab8c6514,3, #676545
d827954a0cdaab8c6514,0, #7C7B59
d827954a0cdaab8c6514,46, #46310D
d827954a0cdaab8c6514,2, #565132
d827954a0cdaab8c6514,8,#000000
d827954a0cdaab8c6514,38, #201103
d827a3c2a40d2ff76542,21, #70654C
d827a3c2a40d2ff76542,12, #8C8265
d827a3c2a40d2ff76542,3, #3B3524
d827a3c2a40d2ff76542,0,#F2E7B5
d827a3c2a40d2ff76542,10, #DCCB94
d827a3c2a40d2ff76542,52, #AE9F73
d837a66db50dd40d24e9,5, #413F33
d837a66db50dd40d24e9,27, #E6DEC2
d837a66db50dd40d24e9,5, #686455
d837a66db50dd40d24e9,5, #989380
d837a66db50dd40d24e9,50,#F9F7E6
d837a66db50dd40d24e9,5, #C6BFA7
d839be6e8de10655b6d3,1, #68726F
d839be6e8de10655b6d3,41, #554E34
d839be6e8de10655b6d3,6, #887A53
d839be6e8de10655b6d3,20, #8F8C77
d839be6e8de10655b6d3,8, #29241B
d839be6e8de10655b6d3,21,#BFB089
d83ce05183afe6cce125,32, #9D8B7C
d83ce05183afe6cce125,10,#F4EEE1
d83ce05183afe6cce125,11, #D9C7B0
d83ce05183afe6cce125,25, #846D5E
d83ce05183afe6cce125,13, #BFA78F
d83ce05183afe6cce125,6, #56463D
d83dc746ebf96e1c5199,13, #B6B09D
d83dc746ebf96e1c5199,3, #625E51
d83dc746ebf96e1c5199,64,#DDD8C7
d83dc746ebf96e1c5199,0, #150F09
d83dc746ebf96e1c5199,0, #FEFDF3
d83dc746ebf96e1c5199,13, #928771
d83dc746ebf96e1c5199,4, #3B3123
d83e2456806de5eb1757,23, #22231A
d83e2456806de5eb1757,23, #6C6147
d83e2456806de5eb1757,2, #C1B89B
d83e2456806de5eb1757,6, #EFE8CF
d83e2456806de5eb1757,25,#454436
d83e2456806de5eb1757,18, #96875E
d83fe0311f7e3cd95611,13, #9D9993
d83fe0311f7e3cd95611,5, #64605D
d83fe0311f7e3cd95611,11, #85807C
d83fe0311f7e3cd95611,9, #F7F5EB
d83fe0311f7e3cd95611,43,#D6D2C7
d83fe0311f7e3cd95611,2, #413F3D
d83fe0311f7e3cd95611,13, #B4B0A9
d840a303e5c9b18e44fb,8, #3B3C32
d840a303e5c9b18e44fb,41, #F0EBDC
d840a303e5c9b18e44fb,14, #68685B
d840a303e5c9b18e44fb,8, #ADA99D
d840a303e5c9b18e44fb,15,#CCC7BB
d840a303e5c9b18e44fb,12, #908F81
d8450ea90a04bd71e8b1,18, #5C4E3C
d8450ea90a04bd71e8b1,5, #B19B79
d8450ea90a04bd71e8b1,21, #897356
d8450ea90a04bd71e8b1,38,#2D2720
d8450ea90a04bd71e8b1,7, #E4D8B3
d8450ea90a04bd71e8b1,9, #CEB990
d84879dbbd484da9ff5a,4, #8A7E58
d84879dbbd484da9ff5a,27, #969277
d84879dbbd484da9ff5a,27, #A6A790
d84879dbbd484da9ff5a,0, #5C635B
d84879dbbd484da9ff5a,3, #73653F
d84879dbbd484da9ff5a,34,#B5B8A1
d84879dbbd484da9ff5a,0, #574824
d84b599de99aaf00a05c,3, #938F80
d84b599de99aaf00a05c,5, #726E5E
d84b599de99aaf00a05c,3, #D2CDBA
d84b599de99aaf00a05c,2, #B0AB98
d84b599de99aaf00a05c,81,#F5F4E9
d84b599de99aaf00a05c,4, #4C493B
d85051290e1796837b82,4, #48453A
d85051290e1796837b82,21, #968971
d85051290e1796837b82,41, #E3DEC8
d85051290e1796837b82,20, #BFB9A6
d85051290e1796837b82,5,#F9F9F2
d85051290e1796837b82,6, #686456
d85177a63a9910e7cd3c,5, #B4A184
d85177a63a9910e7cd3c,3, #888578
d85177a63a9910e7cd3c,0, #3A382F
d85177a63a9910e7cd3c,55,#F8F5E8
d85177a63a9910e7cd3c,29, #D8CFBC
d85177a63a9910e7cd3c,4, #5F5D51
d854432f89c0efe358f5,8, #575851
d854432f89c0efe358f5,22, #848379
d854432f89c0efe358f5,17, #CFCDC0
d854432f89c0efe358f5,2, #3D3E3A
d854432f89c0efe358f5,11, #ABAA9F
d854432f89c0efe358f5,37,#F4F2E7
d854fe65509fe4479d3d,7, #D3CDC2
d854fe65509fe4479d3d,5, #B8B2A7
d854fe65509fe4479d3d,2, #413D34
d854fe65509fe4479d3d,2, #827C6F
d854fe65509fe4479d3d,8, #9B958B
d854fe65509fe4479d3d,68,#F3EFE7
d854fe65509fe4479d3d,4, #625D50
d855e18ab7ea8e0a91ce,7, #876437
d855e18ab7ea8e0a91ce,0, #CBB67F
d855e18ab7ea8e0a91ce,2, #BBA671
d855e18ab7ea8e0a91ce,18, #4B3B29
d855e18ab7ea8e0a91ce,6, #763D25
d855e18ab7ea8e0a91ce,59,#2C2623
d855e18ab7ea8e0a91ce,5, #A58D5A
d85c7c7b045e2044cc6f,0, #C7C3B1
d85c7c7b045e2044cc6f,43,#563B17
d85c7c7b045e2044cc6f,0, #B4AB87
d85c7c7b045e2044cc6f,0, #9F9266
d85c7c7b045e2044cc6f,28, #161107
d85c7c7b045e2044cc6f,17, #827754
d85c7c7b045e2044cc6f,9, #79602F
d85d9597a13f22c25fbc,81, #6F6A5F
d85d9597a13f22c25fbc,3, #A69D88
d85d9597a13f22c25fbc,2, #BEBBAA
d85d9597a13f22c25fbc,5, #49443A
d85d9597a13f22c25fbc,3, #D5D2C4
d85d9597a13f22c25fbc,4,#858172
d8631cc1ff37f2a39737,36, #473C25
d8631cc1ff37f2a39737,1, #684D26
d8631cc1ff37f2a39737,6, #A49C76
d8631cc1ff37f2a39737,5, #6A5C3E
d8631cc1ff37f2a39737,41,#222018
d8631cc1ff37f2a39737,3, #857552
d8631cc1ff37f2a39737,4, #96865E
d865f6903e7c316ed5a2,52, #2F261F
d865f6903e7c316ed5a2,0,#C1BBAF
d865f6903e7c316ed5a2,1, #9D968C
d865f6903e7c316ed5a2,22, #60564E
d865f6903e7c316ed5a2,11, #7D746C
d865f6903e7c316ed5a2,12, #EAE6D5
d86dfcfeee8c866aa603,22, #C8AF76
d86dfcfeee8c866aa603,10,#20201D
d86dfcfeee8c866aa603,42, #77503B
d86dfcfeee8c866aa603,1, #F7E9BD
d86dfcfeee8c866aa603,3, #E2D1A5
d86dfcfeee8c866aa603,19, #857554
d86f093c103aafeb7dbb,13, #786B50
d86f093c103aafeb7dbb,32,#8E8062
d86f093c103aafeb7dbb,9, #65573D
d86f093c103aafeb7dbb,20, #292218
d86f093c103aafeb7dbb,13, #534129
d86f093c103aafeb7dbb,0, #C2B693
d86f093c103aafeb7dbb,9, #A99B7C
d875554b9110ba439c2d,3,#38352D
d875554b9110ba439c2d,12, #5C5744
d875554b9110ba439c2d,13, #938868
d875554b9110ba439c2d,38, #A59A7C
d875554b9110ba439c2d,25, #C2B695
d875554b9110ba439c2d,7, #7F7557
d87fa0736be8b0d8096e,27, #8F8B6F
d87fa0736be8b0d8096e,12, #554E35
d87fa0736be8b0d8096e,9, #AE9E7A
d87fa0736be8b0d8096e,11, #413922
d87fa0736be8b0d8096e,23,#706E55
d87fa0736be8b0d8096e,15, #252011
d880368eb67513b3a73d,16, #4F3B25
d880368eb67513b3a73d,71, #19150F
d880368eb67513b3a73d,4, #C09469
d880368eb67513b3a73d,4, #6C5737
d880368eb67513b3a73d,2,#E1B386
d880368eb67513b3a73d,1, #947858
d88d27e0e26a0e1e820a,1, #423024
d88d27e0e26a0e1e820a,6, #979081
d88d27e0e26a0e1e820a,12, #665749
d88d27e0e26a0e1e820a,10, #807467
d88d27e0e26a0e1e820a,4, #BDB7A4
d88d27e0e26a0e1e820a,64,#E8E2D0
d89550c519d82a8f8de4,32, #7C7873
d89550c519d82a8f8de4,1, #5C4F4A
d89550c519d82a8f8de4,33, #BDBCB3
d89550c519d82a8f8de4,24, #E2E0D3
d89550c519d82a8f8de4,7, #9A9693
d89550c519d82a8f8de4,1,#FAF8F0
d8962a7f4cb41d5fa5b8,6, #4F453A
d8962a7f4cb41d5fa5b8,6, #0D0906
d8962a7f4cb41d5fa5b8,38,#35251B
d8962a7f4cb41d5fa5b8,26, #722C15
d8962a7f4cb41d5fa5b8,2, #918679
d8962a7f4cb41d5fa5b8,0, #B2ACA1
d8962a7f4cb41d5fa5b8,20, #8E513B
d89ba9215036ee3cf454,27, #C8B098
d89ba9215036ee3cf454,22, #7F745F
d89ba9215036ee3cf454,8, #4C4234
d89ba9215036ee3cf454,11, #9E8F79
d89ba9215036ee3cf454,20, #F1E2D0
d89ba9215036ee3cf454,8,#15110B
d89ddd4a6c83327ab942,45,#F0EDE4
d89ddd4a6c83327ab942,11, #8A877A
d89ddd4a6c83327ab942,10, #424239
d89ddd4a6c83327ab942,7, #CAC5B4
d89ddd4a6c83327ab942,14, #6A685C
d89ddd4a6c83327ab942,10, #ACA99A
d89f669bc25e2e8e0b42,14, #4B3B2E
d89f669bc25e2e8e0b42,5, #8F8B84
d89f669bc25e2e8e0b42,10,#C6CDD0
d89f669bc25e2e8e0b42,54, #B0B1AA
d89f669bc25e2e8e0b42,12, #71685F
d89f669bc25e2e8e0b42,1, #271913
d8a667200daa4c8afc67,2, #817966
d8a667200daa4c8afc67,47,#E0DAC4
d8a667200daa4c8afc67,22, #F8F7ED
d8a667200daa4c8afc67,8, #615F53
d8a667200daa4c8afc67,6, #282723
d8a667200daa4c8afc67,2, #A1977F
d8a667200daa4c8afc67,8, #BCB49A
d8bca819711fb46092c9,3, #7A7668
d8bca819711fb46092c9,6,#C8C5B4
d8bca819711fb46092c9,0, #353226
d8bca819711fb46092c9,5, #9B9889
d8bca819711fb46092c9,80, #F2F0DE
d8bca819711fb46092c9,2, #5D5A4C
d8c1951b409d73bdddd8,45, #583822
d8c1951b409d73bdddd8,16, #766448
d8c1951b409d73bdddd8,9, #AE9979
d8c1951b409d73bdddd8,17,#1D1611
d8c1951b409d73bdddd8,2, #C9BD9F
d8c1951b409d73bdddd8,8, #93825E
d8c3a202769d97cdbcd3,22, #FBFAF4
d8c3a202769d97cdbcd3,8, #B4B0A4
d8c3a202769d97cdbcd3,10, #908D82
d8c3a202769d97cdbcd3,35,#D7D3C6
d8c3a202769d97cdbcd3,4, #34332C
d8c3a202769d97cdbcd3,12, #59584F
d8c3a202769d97cdbcd3,5, #737168
d8cb4f864bed72680f97,17, #D4D0BF
d8cb4f864bed72680f97,39, #2C1E19
d8cb4f864bed72680f97,3, #B5AEA0
d8cb4f864bed72680f97,4,#F5F4E8
d8cb4f864bed72680f97,30, #6A5B51
d8cb4f864bed72680f97,5, #968C7F
d8cbdb19f9c761f17e5f,28,#F5EEE1
d8cbdb19f9c761f17e5f,10, #686560
d8cbdb19f9c761f17e5f,18, #DBD3C7
d8cbdb19f9c761f17e5f,10, #42413E
d8cbdb19f9c761f17e5f,10, #817D78
d8cbdb19f9c761f17e5f,8, #A09C95
d8cbdb19f9c761f17e5f,12, #BBB6AC
d8cbec9f1aa75aa05f45,2, #6C5E57
d8cbec9f1aa75aa05f45,4, #CCC4B5
d8cbec9f1aa75aa05f45,63,#F2EFE4
d8cbec9f1aa75aa05f45,0, #857871
d8cbec9f1aa75aa05f45,2, #362923
d8cbec9f1aa75aa05f45,13, #504139
d8cbec9f1aa75aa05f45,11, #A19890
d8ccf1e8ab9cb9de8351,4, #695642
d8ccf1e8ab9cb9de8351,0,#FFFEF9
d8ccf1e8ab9cb9de8351,12, #E3DFCD
d8ccf1e8ab9cb9de8351,44, #8E836D
d8ccf1e8ab9cb9de8351,5, #483527
d8ccf1e8ab9cb9de8351,31, #C8B88F
d8cd39a5e55b7979ee4e,7, #B2A98A
d8cd39a5e55b7979ee4e,26, #403228
d8cd39a5e55b7979ee4e,5, #CAC4AC
d8cd39a5e55b7979ee4e,3, #E0DFCE
d8cd39a5e55b7979ee4e,33,#645340
d8cd39a5e55b7979ee4e,0, #FBFBE8
d8cd39a5e55b7979ee4e,24, #8F8468
d8d7fa34583d79a0cd52,46, #D4CEB7
d8d7fa34583d79a0cd52,14, #726654
d8d7fa34583d79a0cd52,19, #4B4239
d8d7fa34583d79a0cd52,5, #8E836F
d8d7fa34583d79a0cd52,8,#F1EFE8
d8d7fa34583d79a0cd52,6, #AEA591
d8dffae6c9af27dd4201,16, #D3CFBD
d8dffae6c9af27dd4201,40, #6A685D
d8dffae6c9af27dd4201,8, #4F4D44
d8dffae6c9af27dd4201,9, #A6A393
d8dffae6c9af27dd4201,13, #888579
d8dffae6c9af27dd4201,11,#F7F5E9
d8e2cd78e3419d688c87,38, #6D736A
d8e2cd78e3419d688c87,7,#F6F5EB
d8e2cd78e3419d688c87,1, #B8B5A0
d8e2cd78e3419d688c87,1, #D6D3C1
d8e2cd78e3419d688c87,42, #545B53
d8e2cd78e3419d688c87,9, #919282
d8ef2c3fd1e4c9c2b80e,1, #B59C71
d8ef2c3fd1e4c9c2b80e,5, #715331
d8ef2c3fd1e4c9c2b80e,7, #5D4225
d8ef2c3fd1e4c9c2b80e,3, #7F6440
d8ef2c3fd1e4c9c2b80e,50,#201912
d8ef2c3fd1e4c9c2b80e,6, #997E54
d8ef2c3fd1e4c9c2b80e,24, #3F3023
d8f38d65ca3eb817cba4,90,#F2EDDB
d8f38d65ca3eb817cba4,0, #79776D
d8f38d65ca3eb817cba4,1, #B9B6A9
d8f38d65ca3eb817cba4,4, #D6D1C2
d8f38d65ca3eb817cba4,2, #969389
d8f38d65ca3eb817cba4,0, #58574F
d8f7e9471d82024187b8,13, #C2BAAA
d8f7e9471d82024187b8,11, #847E74
d8f7e9471d82024187b8,6, #322F28
d8f7e9471d82024187b8,33,#565248
d8f7e9471d82024187b8,12, #A59A8B
d8f7e9471d82024187b8,13, #6F6A61
d8f7e9471d82024187b8,8, #E4DCCC
d8f988aa12f85754bf06,66, #171B08
d8f988aa12f85754bf06,7, #62643D
d8f988aa12f85754bf06,0, #989877
d8f988aa12f85754bf06,24, #3B4221
d8f988aa12f85754bf06,0,#C1BF9D
d8f988aa12f85754bf06,1, #7F805A
d9019334bd948d840905,19, #DDD3BC
d9019334bd948d840905,19, #B8AE98
d9019334bd948d840905,0,#FDFBEE
d9019334bd948d840905,29, #8D8572
d9019334bd948d840905,23, #565143
d9019334bd948d840905,7, #333029
d906936ccff6e9fd963c,25,#F0EAD4
d906936ccff6e9fd963c,14, #C5BFAD
d906936ccff6e9fd963c,22, #535147
d906936ccff6e9fd963c,24, #797669
d906936ccff6e9fd963c,3, #3A3932
d906936ccff6e9fd963c,10, #A19C8E
d906d672400508d36bd5,2, #8E8872
d906d672400508d36bd5,4, #6E654B
d906d672400508d36bd5,51, #302518
d906d672400508d36bd5,0, #B3AC95
d906d672400508d36bd5,10,#0D0B06
d906d672400508d36bd5,31, #5B472C
d90de1bd695dc543d627,3,#C9C2B0
d90de1bd695dc543d627,3, #AFAA9A
d90de1bd695dc543d627,1, #938E80
d90de1bd695dc543d627,3, #5F5D4F
d90de1bd695dc543d627,10, #7C7969
d90de1bd695dc543d627,76, #E5DECB
d913ba48db6261d8ddf1,4, #59554B
d913ba48db6261d8ddf1,6, #C9C5B3
d913ba48db6261d8ddf1,2, #7F7A6D
d913ba48db6261d8ddf1,1, #34332E
d913ba48db6261d8ddf1,4, #A09A8C
d913ba48db6261d8ddf1,80,#EEE9D7
d915035c995dd9f7882d,26, #644B37
d915035c995dd9f7882d,6, #A38E6B
d915035c995dd9f7882d,58, #807156
d915035c995dd9f7882d,5,#3D372F
d915035c995dd9f7882d,0, #CCC19F
d915035c995dd9f7882d,2, #B5A886
d91677baeb47a9386efe,7,#F6F4EE
d91677baeb47a9386efe,51, #DFD9CB
d91677baeb47a9386efe,2, #635D4E
d91677baeb47a9386efe,8, #A6A08D
d91677baeb47a9386efe,18, #C1BBA9
d91677baeb47a9386efe,11, #857F6F
d926084ca64f783c9da2,8, #8B8779
d926084ca64f783c9da2,9, #AFAB9D
d926084ca64f783c9da2,47, #F5F2E4
d926084ca64f783c9da2,6, #4D493E
d926084ca64f783c9da2,21,#D6D2C2
d926084ca64f783c9da2,6, #6D695C
d9302c8348d46abc557d,15, #A9A296
d9302c8348d46abc557d,1, #38352E
d9302c8348d46abc557d,4, #575247
d9302c8348d46abc557d,7, #827C70
d9302c8348d46abc557d,5, #F6EEE5
d9302c8348d46abc557d,24, #DCD3CB
d9302c8348d46abc557d,41,#C4BBB1
d935a8f6728febf93d0e,18, #4A3625
d935a8f6728febf93d0e,25, #DFDCC9
d935a8f6728febf93d0e,23, #C0B799
d935a8f6728febf93d0e,20, #918267
d935a8f6728febf93d0e,0,#FDFBEC
d935a8f6728febf93d0e,11, #6A563C
d9380daaeb50bf49d811,17, #424138
d9380daaeb50bf49d811,9, #D5D0BC
d9380daaeb50bf49d811,11, #B7B29F
d9380daaeb50bf49d811,18, #6F6B5E
d9380daaeb50bf49d811,25,#EBE7D3
d9380daaeb50bf49d811,9, #959182
d9380daaeb50bf49d811,8, #FBFAF5
d942fc9480655052c3d0,69,#1F170E
d942fc9480655052c3d0,1, #8A7B63
d942fc9480655052c3d0,8, #463827
d942fc9480655052c3d0,4, #6A533D
d942fc9480655052c3d0,5, #9A9E9D
d942fc9480655052c3d0,9, #BFBDB7
d942fc9480655052c3d0,0, #BA9976
d94be50d1b0b91fbe255,23, #987E54
d94be50d1b0b91fbe255,8, #584630
d94be50d1b0b91fbe255,19, #D7C8AA
d94be50d1b0b91fbe255,13, #73634A
d94be50d1b0b91fbe255,31, #C2AA7A
d94be50d1b0b91fbe255,3,#232323
d950355d6e442a1c908a,16, #CBC6B2
d950355d6e442a1c908a,30,#F4F1DB
d950355d6e442a1c908a,14, #565246
d950355d6e442a1c908a,9, #949081
d950355d6e442a1c908a,11, #ADA897
d950355d6e442a1c908a,12, #797568
d950355d6e442a1c908a,4, #353229
d952767eda3963ed7ed9,0, #5B5147
d952767eda3963ed7ed9,33, #CBC8BD
d952767eda3963ed7ed9,2, #F9F4E6
d952767eda3963ed7ed9,38,#E1DBD1
d952767eda3963ed7ed9,3, #8E8B83
d952767eda3963ed7ed9,2, #606663
d952767eda3963ed7ed9,17, #AEA99E
d95f65644e0b290a4f2c,21, #A6A395
d95f65644e0b290a4f2c,5,#D0CDBE
d95f65644e0b290a4f2c,16, #656358
d95f65644e0b290a4f2c,16, #47463F
d95f65644e0b290a4f2c,17, #F1F0E6
d95f65644e0b290a4f2c,22, #807E71
d9635a30da20738df8fc,11, #BCAE90
d9635a30da20738df8fc,20, #928875
d9635a30da20738df8fc,15,#FAFAF9
d9635a30da20738df8fc,10, #383029
d9635a30da20738df8fc,16, #63584A
d9635a30da20738df8fc,24, #D6CFB8
d9684778dabadc576fde,7, #BAAB78
d9684778dabadc576fde,15, #705838
d9684778dabadc576fde,28,#433624
d9684778dabadc576fde,11, #19170E
d9684778dabadc576fde,13, #8A7348
d9684778dabadc576fde,7, #CBC5AF
d9684778dabadc576fde,16, #A18D61
d96a7f90bc65c8d45872,2, #A08A6F
d96a7f90bc65c8d45872,46,#151008
d96a7f90bc65c8d45872,1, #B9AF97
d96a7f90bc65c8d45872,8, #7F6F59
d96a7f90bc65c8d45872,27, #512A1D
d96a7f90bc65c8d45872,13, #695136
d96cbca936e38b70a627,8, #877144
d96cbca936e38b70a627,1, #CCB780
d96cbca936e38b70a627,8, #9B8B66
d96cbca936e38b70a627,19, #4C391C
d96cbca936e38b70a627,1, #B6A36F
d96cbca936e38b70a627,28, #685532
d96cbca936e38b70a627,33,#1D150B
d96ce7e73ab352b5c706,53, #DFD9CA
d96ce7e73ab352b5c706,19, #B5AFA4
d96ce7e73ab352b5c706,11, #6F6862
d96ce7e73ab352b5c706,0,#FBF6E3
d96ce7e73ab352b5c706,9, #908A82
d96ce7e73ab352b5c706,6, #463E3B
d96d986d8187ec853232,33, #14100C
d96d986d8187ec853232,31, #363022
d96d986d8187ec853232,1, #9B9785
d96d986d8187ec853232,5, #6A6652
d96d986d8187ec853232,0,#BDBBB7
d96d986d8187ec853232,28, #ECEBEB
d97327fead13000e97bf,9, #F9F7EC
d97327fead13000e97bf,11, #524E44
d97327fead13000e97bf,52,#D0C8B1
d97327fead13000e97bf,2, #383630
d97327fead13000e97bf,11, #ABA490
d97327fead13000e97bf,1, #E6E1CC
d97327fead13000e97bf,11, #7A7567
d9744136a3d34c8098ad,2,#F6F3E9
d9744136a3d34c8098ad,18, #78726C
d9744136a3d34c8098ad,13, #3C3936
d9744136a3d34c8098ad,19, #D4CEBD
d9744136a3d34c8098ad,12, #5D5753
d9744136a3d34c8098ad,33, #99948A
d975eced0209599cd55f,6, #8A7B5C
d975eced0209599cd55f,13, #D6D3BD
d975eced0209599cd55f,64, #B0A98E
d975eced0209599cd55f,6,#F4F1E6
d975eced0209599cd55f,1, #422E1D
d975eced0209599cd55f,6, #675335
d9794538dffb81d79ded,17, #97794B
d9794538dffb81d79ded,10, #FAFAF9
d9794538dffb81d79ded,0,#7C5D38
d9794538dffb81d79ded,18, #E5E1D2
d9794538dffb81d79ded,40, #A59B88
d9794538dffb81d79ded,12, #D1C7AA
d995c3317e2e76aaf508,2, #8E8251
d995c3317e2e76aaf508,0, #586258
d995c3317e2e76aaf508,7, #4B4525
d995c3317e2e76aaf508,1, #BFBA9A
d995c3317e2e76aaf508,16, #7B6039
d995c3317e2e76aaf508,31, #251F0F
d995c3317e2e76aaf508,40,#9F9B79
d9967659c2a8a01d00a6,2, #43433A
d9967659c2a8a01d00a6,7, #9E9C90
d9967659c2a8a01d00a6,18, #C1BEB0
d9967659c2a8a01d00a6,59,#EDEADB
d9967659c2a8a01d00a6,3, #626257
d9967659c2a8a01d00a6,7, #7E7E72
d9add3b9421d104c599c,39, #514634
d9add3b9421d104c599c,9, #77643F
d9add3b9421d104c599c,2, #94876A
d9add3b9421d104c599c,44,#1F1E1B
d9add3b9421d104c599c,1, #AB9C7A
d9add3b9421d104c599c,1, #CCBEA0
d9add3b9421d104c599c,0, #A18533
d9aef36b970a57a13072,46,#D7CEA5
d9aef36b970a57a13072,10, #756B46
d9aef36b970a57a13072,9, #4D412C
d9aef36b970a57a13072,20, #1B100A
d9aef36b970a57a13072,0, #9BAA9E
d9aef36b970a57a13072,11, #B39F65
d9aef36b970a57a13072,0, #7D8C83
d9b21c526324edab59d8,5, #BFB9A8
d9b21c526324edab59d8,7, #A69E89
d9b21c526324edab59d8,7, #EEE8DB
d9b21c526324edab59d8,8, #D8D0BE
d9b21c526324edab59d8,13, #857365
d9b21c526324edab59d8,45,#263039
d9b21c526324edab59d8,12, #4E4036
d9b31ef936b6fb7a9c8a,34, #746E60
d9b31ef936b6fb7a9c8a,24, #A29B8B
d9b31ef936b6fb7a9c8a,3, #302F28
d9b31ef936b6fb7a9c8a,13, #4C493E
d9b31ef936b6fb7a9c8a,9,#F8F7F2
d9b31ef936b6fb7a9c8a,14, #D8D1BB
d9ccb2b55d6a82974ca0,7,#FAFAF6
d9ccb2b55d6a82974ca0,3, #424138
d9ccb2b55d6a82974ca0,25, #E8E2CB
d9ccb2b55d6a82974ca0,24, #888475
d9ccb2b55d6a82974ca0,20, #BCB6A1
d9ccb2b55d6a82974ca0,18, #5E5B4F
d9cd7414dac0b23f384e,18,#EFEFE1
d9cd7414dac0b23f384e,21, #807362
d9cd7414dac0b23f384e,4, #A09687
d9cd7414dac0b23f384e,0, #272725
d9cd7414dac0b23f384e,23, #5E5246
d9cd7414dac0b23f384e,31, #CAC9BA
d9d48ef6390536abbd6c,37, #716A5B
d9d48ef6390536abbd6c,15, #938D7E
d9d48ef6390536abbd6c,5, #D4CBB3
d9d48ef6390536abbd6c,14, #454236
d9d48ef6390536abbd6c,7, #B3AC95
d9d48ef6390536abbd6c,19,#F6F3E8
d9d6bca0a8a1c12c0d8f,37, #21200C
d9d6bca0a8a1c12c0d8f,1, #727255
d9d6bca0a8a1c12c0d8f,0, #908261
d9d6bca0a8a1c12c0d8f,9,#040505
d9d6bca0a8a1c12c0d8f,50, #3E412A
d9d6bca0a8a1c12c0d8f,0, #989D90
d9ded693085e0233c61c,59,#D5CDBE
d9ded693085e0233c61c,19, #908074
d9ded693085e0233c61c,11, #B1A499
d9ded693085e0233c61c,1, #F9F5E9
d9ded693085e0233c61c,7, #74563F
d9ded693085e0233c61c,1, #5A2F1A
d9e07e9471dbca319661,2, #49453B
d9e07e9471dbca319661,18, #E6DED0
d9e07e9471dbca319661,28, #918C7F
d9e07e9471dbca319661,32, #BAB4A6
d9e07e9471dbca319661,0,#FEF9EE
d9e07e9471dbca319661,17, #6B665A
d9e8acefb6efb28da16d,16,#CDC5B2
d9e8acefb6efb28da16d,19, #F3EED8
d9e8acefb6efb28da16d,23, #837F6D
d9e8acefb6efb28da16d,12, #676455
d9e8acefb6efb28da16d,11, #434136
d9e8acefb6efb28da16d,16, #AFA996
d9eed9fd62558e896873,9,#F6EDDC
d9eed9fd62558e896873,4, #B2A999
d9eed9fd62558e896873,21, #978F80
d9eed9fd62558e896873,10, #D0C5B5
d9eed9fd62558e896873,15, #7B7366
d9eed9fd62558e896873,38, #504B44
d9f30267aacae39ed89b,24, #6C6145
d9f30267aacae39ed89b,47, #393429
d9f30267aacae39ed89b,9, #948760
d9f30267aacae39ed89b,5, #B8A66D
d9f30267aacae39ed89b,8,#1B1A14
d9f30267aacae39ed89b,5, #DED190
d9fa04e3bdd0d5f5f8dd,16, #DEDACA
d9fa04e3bdd0d5f5f8dd,37, #52483A
d9fa04e3bdd0d5f5f8dd,15, #B7B2A4
d9fa04e3bdd0d5f5f8dd,14, #887B5E
d9fa04e3bdd0d5f5f8dd,9, #2E2920
d9fa04e3bdd0d5f5f8dd,6,#F9F8F2
d9fb2fdf41a57d8157f9,0,#F9F7F4
d9fb2fdf41a57d8157f9,74, #BAB3A2
d9fb2fdf41a57d8157f9,9, #91887A
d9fb2fdf41a57d8157f9,8, #DDD9CC
d9fb2fdf41a57d8157f9,6, #645143
d9fb2fdf41a57d8157f9,1, #462E20
d9fc850805e519d57651,15, #C5C0AE
d9fc850805e519d57651,15,#FAF8F0
d9fc850805e519d57651,15, #A6A191
d9fc850805e519d57651,9, #444137
d9fc850805e519d57651,27, #E1DCCA
d9fc850805e519d57651,16, #797566
d9fc9b9f0c8d65d00760,44, #221B10
d9fc9b9f0c8d65d00760,0, #A7A392
d9fc9b9f0c8d65d00760,2, #827B5E
d9fc9b9f0c8d65d00760,23, #554D33
d9fc9b9f0c8d65d00760,28, #F9F9F8
d9fc9b9f0c8d65d00760,0,#D4D2CE
d9ff058b8e06a1cae3a7,34, #CEC2B2
d9ff058b8e06a1cae3a7,18,#8C7A6C
d9ff058b8e06a1cae3a7,10, #F3EEE3
d9ff058b8e06a1cae3a7,12, #AE9D8D
d9ff058b8e06a1cae3a7,3, #48372E
d9ff058b8e06a1cae3a7,20, #6D5547
da00204eacd444786429,0, #C69A44
da00204eacd444786429,0, #B7832A
da00204eacd444786429,1, #32351F
da00204eacd444786429,0, #A56E1C
da00204eacd444786429,17, #5E250B
da00204eacd444786429,78,#180E07
da00204eacd444786429,2, #8D5211
da15a5f9afa6b0a950e8,14, #B6B1A1
da15a5f9afa6b0a950e8,6,#D3CCBA
da15a5f9afa6b0a950e8,3, #40413C
da15a5f9afa6b0a950e8,5, #F3EDE0
da15a5f9afa6b0a950e8,29, #606156
da15a5f9afa6b0a950e8,41, #8E8C7D
da1d3cf95f873d414b18,0, #625D4F
da1d3cf95f873d414b18,87,#F6F5ED
da1d3cf95f873d414b18,7, #D3CEBA
da1d3cf95f873d414b18,1, #95907F
da1d3cf95f873d414b18,1, #B6B09D
da1d3cf95f873d414b18,0, #434037
da1d3cf95f873d414b18,0, #797463
da1eff73599361fbb132,3, #3E3823
da1eff73599361fbb132,3, #74633E
da1eff73599361fbb132,11, #D4CEAA
da1eff73599361fbb132,4, #5A4F2E
da1eff73599361fbb132,6, #948563
da1eff73599361fbb132,9, #B89F75
da1eff73599361fbb132,60,#17140D
da2a01d3fc320780aa48,10, #1F1409
da2a01d3fc320780aa48,23, #3C2713
da2a01d3fc320780aa48,3, #AD9556
da2a01d3fc320780aa48,43,#765C38
da2a01d3fc320780aa48,1, #E1D5A0
da2a01d3fc320780aa48,5, #987A3C
da2a01d3fc320780aa48,12, #C9B77B
da3e9f7cf7a56c856ffc,47, #373128
da3e9f7cf7a56c856ffc,29, #544936
da3e9f7cf7a56c856ffc,17, #665D44
da3e9f7cf7a56c856ffc,0, #928561
da3e9f7cf7a56c856ffc,0,#A4966E
da3e9f7cf7a56c856ffc,5, #7C7151
da47fff5b8b41b8b444e,8, #413F39
da47fff5b8b41b8b444e,19, #636055
da47fff5b8b41b8b444e,20, #DDD6C3
da47fff5b8b41b8b444e,6, #C1BBA8
da47fff5b8b41b8b444e,14, #928D7E
da47fff5b8b41b8b444e,30,#F7F5E7
da493f3c9d0951e90432,6,#F8F6E2
da493f3c9d0951e90432,12, #7B7E72
da493f3c9d0951e90432,15, #50554D
da493f3c9d0951e90432,15, #181E16
da493f3c9d0951e90432,35, #D9D2BD
da493f3c9d0951e90432,14, #ACAA9A
da5422b5890cd73f43a6,86,#F4F3E5
da5422b5890cd73f43a6,6, #C4C3B1
da5422b5890cd73f43a6,3, #A3A192
da5422b5890cd73f43a6,2, #7B796C
da5422b5890cd73f43a6,0, #3D3B31
da5422b5890cd73f43a6,0, #59574B
da560e6a19e009068781,4, #5B584F
da560e6a19e009068781,12, #A3A096
da560e6a19e009068781,3, #3A3830
da560e6a19e009068781,8, #C3C0B5
da560e6a19e009068781,11, #7A786D
da560e6a19e009068781,60,#EBE7DA
da56d4648ef57563b86d,11,#F4EEDC
da56d4648ef57563b86d,24, #B4AE9E
da56d4648ef57563b86d,16, #686558
da56d4648ef57563b86d,16, #8E8A7C
da56d4648ef57563b86d,1, #403C34
da56d4648ef57563b86d,29, #D7D1C1
da587079dbe125bd9cf7,7, #48433E
da587079dbe125bd9cf7,6,#8A8377
da587079dbe125bd9cf7,3, #D6CEBF
da587079dbe125bd9cf7,7, #AFA89B
da587079dbe125bd9cf7,59, #F5EDDB
da587079dbe125bd9cf7,14, #686259
da598f3ab1c07d6c0014,0, #A9A58C
da598f3ab1c07d6c0014,2, #5C5744
da598f3ab1c07d6c0014,0, #978C6C
da598f3ab1c07d6c0014,3, #7E7457
da598f3ab1c07d6c0014,44,#140F09
da598f3ab1c07d6c0014,43, #2F271A
da598f3ab1c07d6c0014,6, #58422E
da608ea8250a9bc59e85,60, #887864
da608ea8250a9bc59e85,3,#FBF9F4
da608ea8250a9bc59e85,28, #BCB29E
da608ea8250a9bc59e85,3, #654E35
da608ea8250a9bc59e85,2, #E5DECF
da608ea8250a9bc59e85,1, #452A17
da6541ff33118bcc921d,5, #B3AA94
da6541ff33118bcc921d,0, #453927
da6541ff33118bcc921d,53,#FBF9F0
da6541ff33118bcc921d,3, #D1CAB8
da6541ff33118bcc921d,34, #E9E3CF
da6541ff33118bcc921d,2, #847B65
da6541ff33118bcc921d,0, #605645
da77c0885281eb093bc8,7, #4C4636
da77c0885281eb093bc8,14, #685B41
da77c0885281eb093bc8,3, #DBD1B6
da77c0885281eb093bc8,7, #29251A
da77c0885281eb093bc8,31,#BDB59A
da77c0885281eb093bc8,20, #A19A81
da77c0885281eb093bc8,15, #8A7958
da78cf069815ac84c9a6,38,#A4947E
da78cf069815ac84c9a6,1, #DACFBD
da78cf069815ac84c9a6,14, #CAB9A1
da78cf069815ac84c9a6,2, #5D5144
da78cf069815ac84c9a6,15, #7C6F5D
da78cf069815ac84c9a6,26, #FBF8EF
da78cf069815ac84c9a6,1, #EDE2D1
da849b0e62f70441b30c,25, #D1CBBC
da849b0e62f70441b30c,30,#F6F4E8
da849b0e62f70441b30c,12, #6B675C
da849b0e62f70441b30c,14, #AAA598
da849b0e62f70441b30c,10, #8C887C
da849b0e62f70441b30c,6, #3C3A33
da9e9709b7d2b264737e,3, #49433E
da9e9709b7d2b264737e,5,#FBFAF3
da9e9709b7d2b264737e,17, #B8AD96
da9e9709b7d2b264737e,6, #766E64
da9e9709b7d2b264737e,9, #938C80
da9e9709b7d2b264737e,57, #DED3BF
da9f281c08bc6f7638f6,0,#6E6053
da9f281c08bc6f7638f6,29, #B5984F
da9f281c08bc6f7638f6,11, #52311F
da9f281c08bc6f7638f6,20, #EDDB8B
da9f281c08bc6f7638f6,18, #21130F
da9f281c08bc6f7638f6,19, #A25228
daa84a058599b05ab5c6,22, #706F62
daa84a058599b05ab5c6,16, #D8D2C1
daa84a058599b05ab5c6,7, #918E81
daa84a058599b05ab5c6,7, #B0AC9E
daa84a058599b05ab5c6,44, #4A4941
daa84a058599b05ab5c6,2,#F8F7F0
dab025d6b5545c617758,35,#D0CA9A
dab025d6b5545c617758,10, #574717
dab025d6b5545c617758,27, #B5AE7B
dab025d6b5545c617758,9, #302003
dab025d6b5545c617758,9, #746736
dab025d6b5545c617758,1, #807961
dab025d6b5545c617758,6, #998B4F
dac3abc5d6120ffc4571,22, #B58259
dac3abc5d6120ffc4571,12, #D4D7CE
dac3abc5d6120ffc4571,23, #856844
dac3abc5d6120ffc4571,10, #A9AA97
dac3abc5d6120ffc4571,27,#464232
dac3abc5d6120ffc4571,3, #181816
dac48603d4476cf6c2ce,13, #8F8C81
dac48603d4476cf6c2ce,25, #CDC4AE
dac48603d4476cf6c2ce,20, #B6A990
dac48603d4476cf6c2ce,28,#EBE6D4
dac48603d4476cf6c2ce,9, #66655D
dac48603d4476cf6c2ce,2, #41403D
dad38589c4f8b74593ae,43,#392D16
dad38589c4f8b74593ae,18, #1D190C
dad38589c4f8b74593ae,22, #503716
dad38589c4f8b74593ae,0, #676234
dad38589c4f8b74593ae,0, #98833A
dad38589c4f8b74593ae,2, #876D2D
dad38589c4f8b74593ae,12, #6A5223
dad3b4be07dcfe0b2a69,51, #DCDAD2
dad3b4be07dcfe0b2a69,25, #B2AAB4
dad3b4be07dcfe0b2a69,12, #7C6C82
dad3b4be07dcfe0b2a69,0,#FEFEEF
dad3b4be07dcfe0b2a69,2, #604E3B
dad3b4be07dcfe0b2a69,6, #968E80
dad5c2fd34064add991e,39,#514D40
dad5c2fd34064add991e,0, #B59665
dad5c2fd34064add991e,20, #796F5E
dad5c2fd34064add991e,0, #B4A888
dad5c2fd34064add991e,5, #9A8D74
dad5c2fd34064add991e,10, #171711
dad5c2fd34064add991e,23, #34322B
dad7a95b744d5c9540db,18, #352F29
dad7a95b744d5c9540db,3, #F6F3E9
dad7a95b744d5c9540db,31,#D8D3BE
dad7a95b744d5c9540db,16, #554E45
dad7a95b744d5c9540db,6, #BCB5A2
dad7a95b744d5c9540db,16, #716960
dad7a95b744d5c9540db,6, #958F83
dae054edae2585c3822d,0, #9E7445
dae054edae2585c3822d,0, #BFAA6D
dae054edae2585c3822d,0, #DDCE8C
dae054edae2585c3822d,40, #393526
dae054edae2585c3822d,6, #76714D
dae054edae2585c3822d,0, #A58D59
dae054edae2585c3822d,50,#725937
dae0afa31eb4fb8ce922,8, #A39A76
dae0afa31eb4fb8ce922,16, #48463F
dae0afa31eb4fb8ce922,0, #B8B9B8
dae0afa31eb4fb8ce922,59,#161516
dae0afa31eb4fb8ce922,3, #F1F1F1
dae0afa31eb4fb8ce922,6, #767364
dae0afa31eb4fb8ce922,3, #D6D7D7
daee48b6b3110fd0a115,17, #F8F3E4
daee48b6b3110fd0a115,8, #78746A
daee48b6b3110fd0a115,7, #949085
daee48b6b3110fd0a115,1, #37352D
daee48b6b3110fd0a115,41,#DCD6C7
daee48b6b3110fd0a115,6, #58554C
daee48b6b3110fd0a115,16, #B5AFA3
daf2e533b06c12ed811d,7, #575658
daf2e533b06c12ed811d,22,#E8D9C9
daf2e533b06c12ed811d,2, #45403B
daf2e533b06c12ed811d,9, #CABEAE
daf2e533b06c12ed811d,19, #AA9783
daf2e533b06c12ed811d,21, #7C7268
daf2e533b06c12ed811d,16, #FAF5E8
dafd6a110efea2a63770,25, #4D422D
dafd6a110efea2a63770,1, #998C6B
dafd6a110efea2a63770,46, #9F9F92
dafd6a110efea2a63770,1,#B8B4A3
dafd6a110efea2a63770,20, #796A4C
dafd6a110efea2a63770,4, #29261C
daffadf1dde70dd98e5c,2, #A9A37B
daffadf1dde70dd98e5c,44,#433A1F
daffadf1dde70dd98e5c,0, #E4DCB4
daffadf1dde70dd98e5c,8, #262011
daffadf1dde70dd98e5c,2, #938B60
daffadf1dde70dd98e5c,37, #726139
daffadf1dde70dd98e5c,2, #C9B891
db06db1b86392b15a9da,22, #7F7161
db06db1b86392b15a9da,14,#F4F2E1
db06db1b86392b15a9da,3, #382719
db06db1b86392b15a9da,23, #5D4B38
db06db1b86392b15a9da,25, #C5BDBF
db06db1b86392b15a9da,9, #9888A5
db10b6800e2872ab4a4c,5,#0C0B06
db10b6800e2872ab4a4c,10, #221E13
db10b6800e2872ab4a4c,14, #6E6959
db10b6800e2872ab4a4c,36, #39382D
db10b6800e2872ab4a4c,18, #525044
db10b6800e2872ab4a4c,14, #868573
db197f6ca986a41be08c,20, #C8BFAA
db197f6ca986a41be08c,13, #6C6557
db197f6ca986a41be08c,5, #474339
db197f6ca986a41be08c,6, #AAA290
db197f6ca986a41be08c,9, #918A79
db197f6ca986a41be08c,45,#E7DFCC
db1d29579da308f7495f,1, #8E7F59
db1d29579da308f7495f,1, #725F3E
db1d29579da308f7495f,6, #593F2D
db1d29579da308f7495f,0, #ADA27D
db1d29579da308f7495f,47,#0A0908
db1d29579da308f7495f,43, #30271F
db21a6e9e6e9123f477b,8, #181810
db21a6e9e6e9123f477b,27, #693E21
db21a6e9e6e9123f477b,3, #9C8E4F
db21a6e9e6e9123f477b,11, #7B6E3A
db21a6e9e6e9123f477b,9,#ACA371
db21a6e9e6e9123f477b,39, #C9C08B
db26593d8ddac646a46d,17, #471B1A
db26593d8ddac646a46d,5, #705752
db26593d8ddac646a46d,10, #8E9B99
db26593d8ddac646a46d,25, #050303
db26593d8ddac646a46d,3, #CFCEC0
db26593d8ddac646a46d,38,#F3F2EC
db2b504eb66ffa4f7a1a,44,#ECE6D0
db2b504eb66ffa4f7a1a,14, #C7C2AE
db2b504eb66ffa4f7a1a,10, #A19C8B
db2b504eb66ffa4f7a1a,4, #85806E
db2b504eb66ffa4f7a1a,8, #6B6655
db2b504eb66ffa4f7a1a,5, #464437
db2b504eb66ffa4f7a1a,12, #FAF9F3
db3a05a06e381af31079,13, #9C9987
db3a05a06e381af31079,1,#E7E4CE
db3a05a06e381af31079,9, #D3D0BB
db3a05a06e381af31079,34, #B7B4A0
db3a05a06e381af31079,33, #7B7969
db3a05a06e381af31079,8, #58574A
db3a7aabece503e3fa4e,3, #AD9E8A
db3a7aabece503e3fa4e,1, #403E3B
db3a7aabece503e3fa4e,34, #E0D6C2
db3a7aabece503e3fa4e,13, #8D7A67
db3a7aabece503e3fa4e,6, #5C564E
db3a7aabece503e3fa4e,38,#F6EFE3
db3a7aabece503e3fa4e,2, #C7B39A
db40f69b6f54d546a2eb,19, #3C3933
db40f69b6f54d546a2eb,21,#5F5A51
db40f69b6f54d546a2eb,17, #CAC2B0
db40f69b6f54d546a2eb,14, #827C71
db40f69b6f54d546a2eb,10, #999387
db40f69b6f54d546a2eb,2, #F0E9D8
db40f69b6f54d546a2eb,15, #ADA79C
db42174cf6bd937d24ee,1, #AD956B
db42174cf6bd937d24ee,1, #645F50
db42174cf6bd937d24ee,1, #ADA791
db42174cf6bd937d24ee,28, #26241C
db42174cf6bd937d24ee,2, #887B62
db42174cf6bd937d24ee,53,#0B0B0B
db42174cf6bd937d24ee,11, #473E2D
db462502146fc06f2fe2,11, #716C64
db462502146fc06f2fe2,52, #DCD5C9
db462502146fc06f2fe2,18, #4F4C47
db462502146fc06f2fe2,10, #9E988E
db462502146fc06f2fe2,0,#FEFEF6
db462502146fc06f2fe2,7, #292722
db481d2afcae3d74af01,23, #8F8F72
db481d2afcae3d74af01,2, #A9A788
db481d2afcae3d74af01,17, #535845
db481d2afcae3d74af01,0, #947B4B
db481d2afcae3d74af01,27,#727359
db481d2afcae3d74af01,15, #212019
db481d2afcae3d74af01,13, #36392D
db4a9b1efabd22ce51e4,4, #78632F
db4a9b1efabd22ce51e4,9, #907538
db4a9b1efabd22ce51e4,21, #574221
db4a9b1efabd22ce51e4,2, #AF985A
db4a9b1efabd22ce51e4,60,#241F14
db4a9b1efabd22ce51e4,0, #C4AC6A
db4a9b1efabd22ce51e4,1, #9A864D
db4dd7a335d9196dece5,21, #655A3E
db4dd7a335d9196dece5,1, #B5A58B
db4dd7a335d9196dece5,0, #D5CBB4
db4dd7a335d9196dece5,51,#17140C
db4dd7a335d9196dece5,22, #3B3937
db4dd7a335d9196dece5,0, #EBE5D2
db4dd7a335d9196dece5,1, #8D8167
db4f47d8b34dbdbad708,15, #9B9587
db4f47d8b34dbdbad708,0,#FEFDEE
db4f47d8b34dbdbad708,11, #726F62
db4f47d8b34dbdbad708,33, #E8E1D0
db4f47d8b34dbdbad708,23, #48473D
db4f47d8b34dbdbad708,15, #C4BEAF
db5698b25f0c9f0fab99,32, #DEDDC6
db5698b25f0c9f0fab99,3, #9D9883
db5698b25f0c9f0fab99,9,#373225
db5698b25f0c9f0fab99,31, #584D35
db5698b25f0c9f0fab99,3, #CCC291
db5698b25f0c9f0fab99,20, #847754
db6d50518e3f39d8f289,4, #897A61
db6d50518e3f39d8f289,2, #B49D80
db6d50518e3f39d8f289,9, #744926
db6d50518e3f39d8f289,36,#1C1611
db6d50518e3f39d8f289,45, #3E2F24
db6d50518e3f39d8f289,0, #CCC7B7
db703ce2e0fe229edad4,2,#FBF9F2
db703ce2e0fe229edad4,36, #67645A
db703ce2e0fe229edad4,6, #DBD5C3
db703ce2e0fe229edad4,15, #8B867A
db703ce2e0fe229edad4,14, #B0AA99
db703ce2e0fe229edad4,24, #42413A
db7281ac018e3a967d9d,5, #786043
db7281ac018e3a967d9d,7, #A18C59
db7281ac018e3a967d9d,6, #CAB67A
db7281ac018e3a967d9d,0, #E9E2AC
db7281ac018e3a967d9d,41,#0A0A07
db7281ac018e3a967d9d,38, #3A3323
db757c732c440295c106,5, #C8C5A8
db757c732c440295c106,2, #7A765A
db757c732c440295c106,8, #685931
db757c732c440295c106,50,#090909
db757c732c440295c106,11, #A6975E
db757c732c440295c106,22, #322C1B
db79a43c8ef12e5d3eef,14, #7E786B
db79a43c8ef12e5d3eef,18, #C2BBAB
db79a43c8ef12e5d3eef,15, #5E594D
db79a43c8ef12e5d3eef,22,#A19A8C
db79a43c8ef12e5d3eef,1, #3E3B31
db79a43c8ef12e5d3eef,26, #EDE9DD
db8030ed463bc0b0f272,42,#ABA176
db8030ed463bc0b0f272,0, #F4F6F5
db8030ed463bc0b0f272,21, #867C56
db8030ed463bc0b0f272,18, #4F4833
db8030ed463bc0b0f272,6, #DAD7B8
db8030ed463bc0b0f272,0, #B4B4AF
db8030ed463bc0b0f272,9, #1C1B15
db84fa35bf6a1d3c1ff7,2, #605E52
db84fa35bf6a1d3c1ff7,0, #47463B
db84fa35bf6a1d3c1ff7,34, #959283
db84fa35bf6a1d3c1ff7,9, #B8B3A7
db84fa35bf6a1d3c1ff7,26,#E5E0D4
db84fa35bf6a1d3c1ff7,26, #797668
db92edf13a84389cfd62,9, #251F16
db92edf13a84389cfd62,15, #DBD3B7
db92edf13a84389cfd62,3, #C4B289
db92edf13a84389cfd62,9, #817457
db92edf13a84389cfd62,4, #A0957E
db92edf13a84389cfd62,35,#EBEAE0
db92edf13a84389cfd62,21, #544E40
db94975c316db28bd10b,7, #979483
db94975c316db28bd10b,3, #4D4D3F
db94975c316db28bd10b,73,#F4EFDC
db94975c316db28bd10b,7, #D2CCBC
db94975c316db28bd10b,4, #767563
db94975c316db28bd10b,3, #B6B1A1
db982d7cd9187839e739,4, #B6AE9D
db982d7cd9187839e739,8, #81756A
db982d7cd9187839e739,60,#ECE8D5
db982d7cd9187839e739,8, #988F83
db982d7cd9187839e739,5, #FBFAF6
db982d7cd9187839e739,6, #695B53
db982d7cd9187839e739,5, #D4CEB8
db9c81be714dcfacd3b1,11, #857757
db9c81be714dcfacd3b1,14, #CABF9E
db9c81be714dcfacd3b1,2, #322920
db9c81be714dcfacd3b1,4,#6F828F
db9c81be714dcfacd3b1,20, #5E5642
db9c81be714dcfacd3b1,46, #A0977A
db9e51fcd6c83dd1779e,12, #969280
db9e51fcd6c83dd1779e,7, #C4BFAD
db9e51fcd6c83dd1779e,0,#FEFEFE
db9e51fcd6c83dd1779e,56, #E9E4D5
db9e51fcd6c83dd1779e,1, #434239
db9e51fcd6c83dd1779e,21, #686556
dba69822e88fd6edbc73,36, #DDD1B9
dba69822e88fd6edbc73,2, #484139
dba69822e88fd6edbc73,22, #B7AD98
dba69822e88fd6edbc73,10, #6C6357
dba69822e88fd6edbc73,24, #8A8272
dba69822e88fd6edbc73,2,#F8F6EB
dbabadddcbeeb0c58a61,0, #3B2B15
dbabadddcbeeb0c58a61,6,#B2A78E
dbabadddcbeeb0c58a61,80, #D7CFB6
dbabadddcbeeb0c58a61,0, #574930
dbabadddcbeeb0c58a61,7, #907566
dbabadddcbeeb0c58a61,5, #FAFAF4
dbabf6cb91113cfbe001,11, #525246
dbabf6cb91113cfbe001,1, #37372F
dbabf6cb91113cfbe001,21,#787768
dbabf6cb91113cfbe001,12, #D5D0BF
dbabf6cb91113cfbe001,21, #9C998A
dbabf6cb91113cfbe001,18, #B9B4A5
dbabf6cb91113cfbe001,11, #F5F2E1
dbaf030923527aa67d3e,2, #938A75
dbaf030923527aa67d3e,27, #C8BEA8
dbaf030923527aa67d3e,56,#E4DBC7
dbaf030923527aa67d3e,1, #766E5A
dbaf030923527aa67d3e,0, #564E3F
dbaf030923527aa67d3e,11, #A9A08A
dbaf030923527aa67d3e,0, #FEFBEC
dbafb708bedd5fdc6616,1,#FBFAF0
dbafb708bedd5fdc6616,12, #B7AF89
dbafb708bedd5fdc6616,22, #574D32
dbafb708bedd5fdc6616,43, #140F0A
dbafb708bedd5fdc6616,5, #E2DBB6
dbafb708bedd5fdc6616,13, #908459
dbb3a16d38973cae2fb2,4, #563F2B
dbb3a16d38973cae2fb2,15, #B5AC95
dbb3a16d38973cae2fb2,4,#F3F0E7
dbb3a16d38973cae2fb2,5, #6F6654
dbb3a16d38973cae2fb2,5, #958B77
dbb3a16d38973cae2fb2,64, #D0CBB2
dbb468af9ccb9bff3c46,0, #B4A888
dbb468af9ccb9bff3c46,1, #9F8762
dbb468af9ccb9bff3c46,0, #C5BC9F
dbb468af9ccb9bff3c46,42, #1A1209
dbb468af9ccb9bff3c46,6, #614023
dbb468af9ccb9bff3c46,44,#402B1A
dbb468af9ccb9bff3c46,3, #816340
dbbcc15af3d5e98638e9,8, #A18B79
dbbcc15af3d5e98638e9,3, #FAFAF5
dbbcc15af3d5e98638e9,3, #7C6C59
dbbcc15af3d5e98638e9,64,#E6DDC4
dbbcc15af3d5e98638e9,0, #A6605C
dbbcc15af3d5e98638e9,14, #D6CAAD
dbbcc15af3d5e98638e9,4, #C4A089
dbc10eb8853724a78e53,11, #C8BCA0
dbc10eb8853724a78e53,8, #584030
dbc10eb8853724a78e53,59,#E6DFC5
dbc10eb8853724a78e53,7, #735F4D
dbc10eb8853724a78e53,3, #3D281D
dbc10eb8853724a78e53,3, #A89981
dbc10eb8853724a78e53,4, #92816B
dbc38cc26bcdfce21e77,1, #C0BDB3
dbc38cc26bcdfce21e77,71,#1A130C
dbc38cc26bcdfce21e77,5, #544834
dbc38cc26bcdfce21e77,9, #9D9E96
dbc38cc26bcdfce21e77,4, #8A7D60
dbc38cc26bcdfce21e77,3, #612A14
dbc38cc26bcdfce21e77,3, #635E54
dbc6010b9361ad354811,29, #D3CCBA
dbc6010b9361ad354811,2, #4E4A43
dbc6010b9361ad354811,16, #B0AA98
dbc6010b9361ad354811,20, #68625A
dbc6010b9361ad354811,27, #8F897E
dbc6010b9361ad354811,3,#F4F0EA
dbceaf8ab6125d5a63b9,7, #79704F
dbceaf8ab6125d5a63b9,30,#A2966E
dbceaf8ab6125d5a63b9,17, #CEBC85
dbceaf8ab6125d5a63b9,14, #0E0D06
dbceaf8ab6125d5a63b9,3, #9F7F3F
dbceaf8ab6125d5a63b9,11, #2F2917
dbceaf8ab6125d5a63b9,14, #675530
dbd5daaa5b51379ee495,6, #DFE0D9
dbd5daaa5b51379ee495,31,#79776F
dbd5daaa5b51379ee495,5, #191716
dbd5daaa5b51379ee495,9, #AEA58C
dbd5daaa5b51379ee495,27, #644C42
dbd5daaa5b51379ee495,0, #E6D894
dbd5daaa5b51379ee495,19, #442E2B
dbd85506c1daf84ee0cb,14, #5B4F47
dbd85506c1daf84ee0cb,2,#F2F5F7
dbd85506c1daf84ee0cb,19, #CCD0D2
dbd85506c1daf84ee0cb,34, #8C877D
dbd85506c1daf84ee0cb,24, #AFA496
dbd85506c1daf84ee0cb,3, #212120
dbe14fb708261756b32b,14, #AD8E4F
dbe14fb708261756b32b,0, #F5E5BF
dbe14fb708261756b32b,36, #786A3F
dbe14fb708261756b32b,4, #1E1A0E
dbe14fb708261756b32b,33, #4E3E21
dbe14fb708261756b32b,9,#D3B781
dbe177c1a367f3f1a9e5,7, #C3BBA9
dbe177c1a367f3f1a9e5,6, #6D665A
dbe177c1a367f3f1a9e5,10, #8E8779
dbe177c1a367f3f1a9e5,1, #47423A
dbe177c1a367f3f1a9e5,7, #ABA393
dbe177c1a367f3f1a9e5,65,#E8DEC9
dbe5b921b6e04929d75b,42, #79725F
dbe5b921b6e04929d75b,0, #E1DEC6
dbe5b921b6e04929d75b,6, #9F967E
dbe5b921b6e04929d75b,40, #3F463F
dbe5b921b6e04929d75b,7,#122122
dbe5b921b6e04929d75b,2, #BEB79D
dbf330c47a5d89e49a7a,3, #F5EFE4
dbf330c47a5d89e49a7a,23, #C2B7A4
dbf330c47a5d89e49a7a,0, #5A564D
dbf330c47a5d89e49a7a,3, #787269
dbf330c47a5d89e49a7a,0, #413E38
dbf330c47a5d89e49a7a,9, #9E9789
dbf330c47a5d89e49a7a,59,#DAD1C5
dbf44f34b974c19b16eb,3, #896350
dbf44f34b974c19b16eb,5, #9E8E7B
dbf44f34b974c19b16eb,80, #F1E9DC
dbf44f34b974c19b16eb,2, #544F49
dbf44f34b974c19b16eb,8, #C6B9A0
dbf44f34b974c19b16eb,0,#393634
dbf87a8274cb3bb538d8,2, #A39277
dbf87a8274cb3bb538d8,1, #494435
dbf87a8274cb3bb538d8,3, #7A7465
dbf87a8274cb3bb538d8,3, #BDB9AF
dbf87a8274cb3bb538d8,49,#0B0B0B
dbf87a8274cb3bb538d8,0, #D5D5CE
dbf87a8274cb3bb538d8,39, #2B2920
dbfd49953638887cfbd0,5, #B3A88D
dbfd49953638887cfbd0,6, #988F79
dbfd49953638887cfbd0,10, #6D6556
dbfd49953638887cfbd0,26, #D0C6A7
dbfd49953638887cfbd0,41,#F5F2DF
dbfd49953638887cfbd0,8, #433F35
dc14d2f44b02d7be5735,4, #BA9E8B
dc14d2f44b02d7be5735,2, #7E7464
dc14d2f44b02d7be5735,73,#F5EEE1
dc14d2f44b02d7be5735,17, #D8D0C2
dc14d2f44b02d7be5735,0, #494B4A
dc14d2f44b02d7be5735,0, #CD816F
dc19c8a0ee297356c353,6, #896D3F
dc19c8a0ee297356c353,10, #403830
dc19c8a0ee297356c353,7, #69391F
dc19c8a0ee297356c353,0, #9C8753
dc19c8a0ee297356c353,8, #6C5534
dc19c8a0ee297356c353,34,#16140F
dc19c8a0ee297356c353,31, #3C261A
dc20d17351f132f65a73,16, #AFAFA1
dc20d17351f132f65a73,14, #625D49
dc20d17351f132f65a73,45, #49412D
dc20d17351f132f65a73,1,#302C1F
dc20d17351f132f65a73,15, #A4966A
dc20d17351f132f65a73,7, #84764A
dc269bc7047697227387,0, #D6CEB4
dc269bc7047697227387,4, #AE9C77
dc269bc7047697227387,79,#463D31
dc269bc7047697227387,3, #C9B490
dc269bc7047697227387,4, #7B694D
dc269bc7047697227387,2, #907E5D
dc269bc7047697227387,5, #22221F
dc2938a7f951c658b877,1, #222022
dc2938a7f951c658b877,7, #444346
dc2938a7f951c658b877,24, #B3B1B5
dc2938a7f951c658b877,16, #767579
dc2938a7f951c658b877,0, #CA5143
dc2938a7f951c658b877,49,#EEECEE
dc29a3d7fb20c1dafaa5,59, #483D2C
dc29a3d7fb20c1dafaa5,0, #F4F1E8
dc29a3d7fb20c1dafaa5,1,#D5CDB7
dc29a3d7fb20c1dafaa5,2, #A99F7D
dc29a3d7fb20c1dafaa5,10, #7D7153
dc29a3d7fb20c1dafaa5,24, #282219
dc330f355ea45603bd16,28,#212112
dc330f355ea45603bd16,3, #9F986D
dc330f355ea45603bd16,44, #4B4226
dc330f355ea45603bd16,0, #CEC9AE
dc330f355ea45603bd16,20, #7B7045
dc330f355ea45603bd16,2, #B5B08D
dc3a942b9161240a25e3,24, #7C7755
dc3a942b9161240a25e3,14, #9B9671
dc3a942b9161240a25e3,35, #5D5A3E
dc3a942b9161240a25e3,5, #B3AE8F
dc3a942b9161240a25e3,15, #333220
dc3a942b9161240a25e3,4,#C7C3AC
dc3c644eed339ae4bc93,17, #BFB479
dc3c644eed339ae4bc93,15, #322D21
dc3c644eed339ae4bc93,18,#7C5B37
dc3c644eed339ae4bc93,18, #4C4531
dc3c644eed339ae4bc93,13, #9B8962
dc3c644eed339ae4bc93,2, #F6EFBA
dc3c644eed339ae4bc93,13, #E1D798
dc40644b26950afc014f,49,#323226
dc40644b26950afc014f,24, #4F5041
dc40644b26950afc014f,6, #6D6D59
dc40644b26950afc014f,0, #EEECBC
dc40644b26950afc014f,8, #18170F
dc40644b26950afc014f,9, #999A85
dc40644b26950afc014f,0, #CCCAA6
dc466e3adeb4ede7c57b,8, #8B867A
dc466e3adeb4ede7c57b,11, #5F5A50
dc466e3adeb4ede7c57b,31,#F7F5EE
dc466e3adeb4ede7c57b,1, #D9D4C5
dc466e3adeb4ede7c57b,43, #3F3D35
dc466e3adeb4ede7c57b,2, #B7B2A4
dc48965ecf7568a830fd,21, #696143
dc48965ecf7568a830fd,15, #968A5A
dc48965ecf7568a830fd,18, #AAAE8A
dc48965ecf7568a830fd,2,#D6D29E
dc48965ecf7568a830fd,4, #292513
dc48965ecf7568a830fd,36, #493B1D
dc4c4a096a8305dc4bd4,43, #BDB9AA
dc4c4a096a8305dc4bd4,2, #E0DAC9
dc4c4a096a8305dc4bd4,25, #8D887E
dc4c4a096a8305dc4bd4,19, #685F57
dc4c4a096a8305dc4bd4,5, #4C3E35
dc4c4a096a8305dc4bd4,2,#F8F7F0
dc5e5e43c2431fe545e6,20, #7D776C
dc5e5e43c2431fe545e6,6, #FBF9F0
dc5e5e43c2431fe545e6,19, #ABA595
dc5e5e43c2431fe545e6,21,#ECE4D0
dc5e5e43c2431fe545e6,9, #5A554E
dc5e5e43c2431fe545e6,1, #403C38
dc5e5e43c2431fe545e6,20, #D1C8B5
dc67bebcc7ec9cb193bf,6, #84806E
dc67bebcc7ec9cb193bf,16, #FAF9F5
dc67bebcc7ec9cb193bf,2, #D7D3C7
dc67bebcc7ec9cb193bf,24, #2A2820
dc67bebcc7ec9cb193bf,0, #A7A39A
dc67bebcc7ec9cb193bf,14, #494639
dc67bebcc7ec9cb193bf,35,#636051
dc681810c612a14a916a,11, #BCB7A6
dc681810c612a14a916a,13, #696556
dc681810c612a14a916a,6, #A6A190
dc681810c612a14a916a,12, #8A8778
dc681810c612a14a916a,8, #423F35
dc681810c612a14a916a,8, #D5D1BF
dc681810c612a14a916a,38,#F2F1E6
dc6c26621593f75f794b,13, #8B948A
dc6c26621593f75f794b,15, #25251A
dc6c26621593f75f794b,24,#696D54
dc6c26621593f75f794b,24, #4E4F37
dc6c26621593f75f794b,12, #6F7D76
dc6c26621593f75f794b,4, #ACB0AF
dc6c26621593f75f794b,5, #0C0F0D
dc6f04e9f786fbadb34b,42, #451A0F
dc6f04e9f786fbadb34b,7, #8C7F68
dc6f04e9f786fbadb34b,19, #5C4932
dc6f04e9f786fbadb34b,15, #786952
dc6f04e9f786fbadb34b,12, #A49C89
dc6f04e9f786fbadb34b,3,#C2BEAE
dc6fdaaa6c230e6ecfdb,5, #85705F
dc6fdaaa6c230e6ecfdb,9, #414844
dc6fdaaa6c230e6ecfdb,39, #F3EAC0
dc6fdaaa6c230e6ecfdb,7, #9E9985
dc6fdaaa6c230e6ecfdb,24, #C1BEAA
dc6fdaaa6c230e6ecfdb,13,#101915
dc7c3fe0ae6e4d1b10f9,1, #F9F0B9
dc7c3fe0ae6e4d1b10f9,14, #222018
dc7c3fe0ae6e4d1b10f9,1, #B89F59
dc7c3fe0ae6e4d1b10f9,5, #A17D44
dc7c3fe0ae6e4d1b10f9,16, #735D37
dc7c3fe0ae6e4d1b10f9,1, #D9C58A
dc7c3fe0ae6e4d1b10f9,58,#443E29
dc7f82503dfc7e00e0c0,9, #958E7A
dc7f82503dfc7e00e0c0,5,#FAF8F5
dc7f82503dfc7e00e0c0,5, #706957
dc7f82503dfc7e00e0c0,69, #E4DAC3
dc7f82503dfc7e00e0c0,0, #504B3F
dc7f82503dfc7e00e0c0,9, #C2B79D
dc86b44050b4be94c887,7, #646255
dc86b44050b4be94c887,17, #B9B2A2
dc86b44050b4be94c887,6, #A09A8D
dc86b44050b4be94c887,55,#E6DBC8
dc86b44050b4be94c887,3, #48463B
dc86b44050b4be94c887,9, #827E71
dc91acce88db2abe9e90,12, #725026
dc91acce88db2abe9e90,51,#403720
dc91acce88db2abe9e90,23, #19150D
dc91acce88db2abe9e90,5, #BD9D63
dc91acce88db2abe9e90,2, #7A693F
dc91acce88db2abe9e90,4, #9B814D
dc9d0e23e54000113cb7,7, #806E56
dc9d0e23e54000113cb7,19, #614F3C
dc9d0e23e54000113cb7,3,#C8BB99
dc9d0e23e54000113cb7,3, #998D78
dc9d0e23e54000113cb7,60, #392F26
dc9d0e23e54000113cb7,6, #F3EFE2
dca1cc1a72f4ab0d4870,3, #4C493C
dca1cc1a72f4ab0d4870,28,#8C8677
dca1cc1a72f4ab0d4870,21, #6A6558
dca1cc1a72f4ab0d4870,18, #DCD6C1
dca1cc1a72f4ab0d4870,18, #BEB8A6
dca1cc1a72f4ab0d4870,9, #A9A393
dca6350394bb4046bb03,1, #A29D7E
dca6350394bb4046bb03,19, #403928
dca6350394bb4046bb03,0, #BFBCA7
dca6350394bb4046bb03,14, #75735F
dca6350394bb4046bb03,30,#262219
dca6350394bb4046bb03,11, #0F0C08
dca6350394bb4046bb03,22, #4F4C3E
dcae91d6b795f1993dd9,3,#FCF9EF
dcae91d6b795f1993dd9,7, #999283
dcae91d6b795f1993dd9,8, #726B5E
dcae91d6b795f1993dd9,37, #B8B2A0
dcae91d6b795f1993dd9,4, #423C33
dcae91d6b795f1993dd9,38, #E3DDCB
dcaf229e86b6b0aa600f,2, #B8B59F
dcaf229e86b6b0aa600f,15, #807655
dcaf229e86b6b0aa600f,5, #27241D
dcaf229e86b6b0aa600f,24, #8F8D77
dcaf229e86b6b0aa600f,6, #A8A691
dcaf229e86b6b0aa600f,18, #4D3E2C
dcaf229e86b6b0aa600f,26,#6C6242
dcb58edf6c0b1e4d2f03,2, #F6F1E3
dcb58edf6c0b1e4d2f03,12, #918C82
dcb58edf6c0b1e4d2f03,18, #767269
dcb58edf6c0b1e4d2f03,12, #ACA79C
dcb58edf6c0b1e4d2f03,16, #D3CDC0
dcb58edf6c0b1e4d2f03,19,#3C3932
dcb58edf6c0b1e4d2f03,17, #5D5952
dcba9fe9bb8e9d58c9bc,3, #8D836A
dcba9fe9bb8e9d58c9bc,6, #664427
dcba9fe9bb8e9d58c9bc,42,#14120A
dcba9fe9bb8e9d58c9bc,0, #BCB69C
dcba9fe9bb8e9d58c9bc,39, #3B2C18
dcba9fe9bb8e9d58c9bc,7, #71654C
dcceff4e9a5a0cc59394,0, #AF9C77
dcceff4e9a5a0cc59394,0, #777770
dcceff4e9a5a0cc59394,3, #94866D
dcceff4e9a5a0cc59394,41, #594632
dcceff4e9a5a0cc59394,0, #854228
dcceff4e9a5a0cc59394,5, #746752
dcceff4e9a5a0cc59394,47,#212017
dcd6fd34110c27f4313b,11, #C6BCB4
dcd6fd34110c27f4313b,7, #7F7267
dcd6fd34110c27f4313b,0, #443937
dcd6fd34110c27f4313b,57,#B7AA95
dcd6fd34110c27f4313b,5, #A1917A
dcd6fd34110c27f4313b,0, #655A54
dcd6fd34110c27f4313b,16, #E3DED7
dcda32e911cdf7273019,2, #3A3932
dcda32e911cdf7273019,11, #706D65
dcda32e911cdf7273019,17, #8B877F
dcda32e911cdf7273019,17, #AFABA2
dcda32e911cdf7273019,29,#EBE7DD
dcda32e911cdf7273019,10, #C8C4BB
dcda32e911cdf7273019,11, #54524A
dcdae6764c80b04efc81,5, #958B76
dcdae6764c80b04efc81,5, #746652
dcdae6764c80b04efc81,13, #CFC5B9
dcdae6764c80b04efc81,11, #38281F
dcdae6764c80b04efc81,8, #5B4B3A
dcdae6764c80b04efc81,51,#F9F5EE
dcdae6764c80b04efc81,2, #B8AD93
dcde537968b81c9f8a1d,12, #857968
dcde537968b81c9f8a1d,34,#E9E2C9
dcde537968b81c9f8a1d,7, #392A21
dcde537968b81c9f8a1d,15, #A9A18F
dcde537968b81c9f8a1d,14, #D0C8AF
dcde537968b81c9f8a1d,3, #F9F6E9
dcde537968b81c9f8a1d,11, #5F5042
dce0ed02b310f9706367,11, #F8F8F4
dce0ed02b310f9706367,23, #878883
dce0ed02b310f9706367,18, #54554F
dce0ed02b310f9706367,12, #D9DAD5
dce0ed02b310f9706367,12,#BABBB6
dce0ed02b310f9706367,21, #262621
dce5a511d96a30224bf1,11, #84765E
dce5a511d96a30224bf1,18, #1C1B1B
dce5a511d96a30224bf1,5, #FAF7E0
dce5a511d96a30224bf1,37,#524C40
dce5a511d96a30224bf1,5, #EEDDB0
dce5a511d96a30224bf1,18, #B09A75
dce5a511d96a30224bf1,2, #D8BB8A
dcea2e6651a88b9438d8,9,#C6C0B3
dcea2e6651a88b9438d8,16, #9F998E
dcea2e6651a88b9438d8,48, #EEEAE1
dcea2e6651a88b9438d8,10, #635E53
dcea2e6651a88b9438d8,10, #7F786D
dcea2e6651a88b9438d8,3, #454038
dceaad866e171e92c8d6,17, #292417
dceaad866e171e92c8d6,11, #5A4624
dceaad866e171e92c8d6,1, #9B7C41
dceaad866e171e92c8d6,0, #AE8F57
dceaad866e171e92c8d6,12, #705629
dceaad866e171e92c8d6,13, #846730
dceaad866e171e92c8d6,41,#433520
dced5afac1bba5ab5004,13, #B2AEA0
dced5afac1bba5ab5004,9,#F1EDDF
dced5afac1bba5ab5004,0, #424237
dced5afac1bba5ab5004,4, #878476
dced5afac1bba5ab5004,70, #D1CEC0
dced5afac1bba5ab5004,2, #605E52
dcf9b7e6099517a93101,2, #9A8E79
dcf9b7e6099517a93101,0, #7C756B
dcf9b7e6099517a93101,0, #3D3A35
dcf9b7e6099517a93101,22, #B7B09F
dcf9b7e6099517a93101,73,#E6E0CE
dcf9b7e6099517a93101,0, #60574C
dcfe7255dada6a8e7dad,0, #534A38
dcfe7255dada6a8e7dad,21, #E8E2CF
dcfe7255dada6a8e7dad,63,#F7F6EE
dcfe7255dada6a8e7dad,1, #8A7E64
dcfe7255dada6a8e7dad,4, #CFCBBA
dcfe7255dada6a8e7dad,0, #6C6756
dcfe7255dada6a8e7dad,9, #A69E88
dcff3377285c3014225d,13, #62635E
dcff3377285c3014225d,5, #D2C5A8
dcff3377285c3014225d,10, #99988C
dcff3377285c3014225d,56,#F2EFDC
dcff3377285c3014225d,5, #BBAF96
dcff3377285c3014225d,7, #83837A
dcff7ed423ea29cbe684,4, #CDBF90
dcff7ed423ea29cbe684,6, #A46943
dcff7ed423ea29cbe684,10, #888A6E
dcff7ed423ea29cbe684,3, #E7D7AD
dcff7ed423ea29cbe684,46,#655B4B
dcff7ed423ea29cbe684,12, #B1A576
dcff7ed423ea29cbe684,16, #191617
dd01167a80c0bcdd9f27,52,#F7F5EA
dd01167a80c0bcdd9f27,1, #392E22
dd01167a80c0bcdd9f27,4, #71695A
dd01167a80c0bcdd9f27,28, #D3CCB7
dd01167a80c0bcdd9f27,9, #A79E8B
dd01167a80c0bcdd9f27,0, #1B140C
dd01167a80c0bcdd9f27,3, #514637
dd0142761d9e45b50939,18, #372D23
dd0142761d9e45b50939,1, #8F7C3C
dd0142761d9e45b50939,36, #6C4E2A
dd0142761d9e45b50939,0, #D7C477
dd0142761d9e45b50939,1, #C2AE61
dd0142761d9e45b50939,40,#171819
dd0142761d9e45b50939,1, #B59A3F
dd02fad13749f9a97aa1,12, #614733
dd02fad13749f9a97aa1,17, #BFBCB1
dd02fad13749f9a97aa1,20, #211812
dd02fad13749f9a97aa1,14, #8B806D
dd02fad13749f9a97aa1,13,#796B56
dd02fad13749f9a97aa1,22, #ACA08C
dd059df117bf5d0fbfad,11, #7A776E
dd059df117bf5d0fbfad,33, #34332E
dd059df117bf5d0fbfad,9, #CBBFA8
dd059df117bf5d0fbfad,12, #9F9B8E
dd059df117bf5d0fbfad,5,#F0EDDE
dd059df117bf5d0fbfad,27, #595650
dd075c498d40289161a2,65,#382D1D
dd075c498d40289161a2,12, #12110B
dd075c498d40289161a2,3, #86714B
dd075c498d40289161a2,1, #9D896E
dd075c498d40289161a2,6, #715F3B
dd075c498d40289161a2,0, #A6A082
dd075c498d40289161a2,11, #514C42
dd0763892aea10dc8fe4,20, #E3DDCF
dd0763892aea10dc8fe4,8, #8B887D
dd0763892aea10dc8fe4,18, #40413A
dd0763892aea10dc8fe4,11, #6B6960
dd0763892aea10dc8fe4,1,#FAF9F5
dd0763892aea10dc8fe4,38, #B7B2A6
dd0782356dbaf83dc3a7,11, #99865A
dd0782356dbaf83dc3a7,7,#8AA5B8
dd0782356dbaf83dc3a7,23, #65654F
dd0782356dbaf83dc3a7,13, #C1B793
dd0782356dbaf83dc3a7,5, #2A2D23
dd0782356dbaf83dc3a7,37, #CED9DD
dd0e5209d270eb8f64a5,6, #F8F6EF
dd0e5209d270eb8f64a5,12, #DAD3C4
dd0e5209d270eb8f64a5,28,#756F60
dd0e5209d270eb8f64a5,14, #555144
dd0e5209d270eb8f64a5,15, #BAB2A2
dd0e5209d270eb8f64a5,18, #9F9889
dd0e5209d270eb8f64a5,3, #38362E
dd1b5d84c13773c31fda,4, #EAE6D8
dd1b5d84c13773c31fda,36, #75684B
dd1b5d84c13773c31fda,37, #322D23
dd1b5d84c13773c31fda,15, #989281
dd1b5d84c13773c31fda,3, #D0C4A8
dd1b5d84c13773c31fda,2,#030102
dd25fbb1a9a411e86ec1,2, #7A8689
dd25fbb1a9a411e86ec1,0, #C3BDA1
dd25fbb1a9a411e86ec1,14, #12100A
dd25fbb1a9a411e86ec1,5, #8D7C54
dd25fbb1a9a411e86ec1,4, #4F6070
dd25fbb1a9a411e86ec1,5, #A19775
dd25fbb1a9a411e86ec1,66,#514A3A
dd2c7c535418e32cedb3,32,#F7F7F2
dd2c7c535418e32cedb3,11, #CDC8B6
dd2c7c535418e32cedb3,12, #47453D
dd2c7c535418e32cedb3,30, #737165
dd2c7c535418e32cedb3,0, #2A2922
dd2c7c535418e32cedb3,12, #A39F8F
dd2c92688802ed4a6232,40, #928472
dd2c92688802ed4a6232,11, #D1C7AE
dd2c92688802ed4a6232,32, #B4A893
dd2c92688802ed4a6232,1, #5D452E
dd2c92688802ed4a6232,10,#F3EFE4
dd2c92688802ed4a6232,2, #78644D
dd3233806f8fc4636c67,5, #E8E8C8
dd3233806f8fc4636c67,4, #A5836A
dd3233806f8fc4636c67,35,#5C4630
dd3233806f8fc4636c67,15, #856851
dd3233806f8fc4636c67,3, #C3C6AB
dd3233806f8fc4636c67,29, #0F0F07
dd3233806f8fc4636c67,6, #9DA69E
dd3683649b9015dac4f7,37,#DBD5BF
dd3683649b9015dac4f7,0, #56535B
dd3683649b9015dac4f7,24, #B9B6A9
dd3683649b9015dac4f7,0, #666F86
dd3683649b9015dac4f7,4, #917563
dd3683649b9015dac4f7,12, #969694
dd3683649b9015dac4f7,20, #F8F5E4
dd36c7bfe2f0ceec2b23,9, #AEA995
dd36c7bfe2f0ceec2b23,20,#F5EFD7
dd36c7bfe2f0ceec2b23,12, #626050
dd36c7bfe2f0ceec2b23,8, #3C3B2F
dd36c7bfe2f0ceec2b23,10, #868271
dd36c7bfe2f0ceec2b23,39, #D7D0BA
dd39d6e9a530ac268795,8, #B6AF98
dd39d6e9a530ac268795,29,#FCF8DF
dd39d6e9a530ac268795,9, #5B6054
dd39d6e9a530ac268795,18, #8E8D7B
dd39d6e9a530ac268795,4, #222B26
dd39d6e9a530ac268795,28, #DDD1B4
dd41825f7dac527f5e49,69,#EFEDDD
dd41825f7dac527f5e49,2, #34322A
dd41825f7dac527f5e49,6, #C9C3AE
dd41825f7dac527f5e49,7, #9A9889
dd41825f7dac527f5e49,8, #5F5E52
dd41825f7dac527f5e49,4, #7E7C6F
dd41eac573d9a44f63a8,10, #AFA17C
dd41eac573d9a44f63a8,24, #D2CBAF
dd41eac573d9a44f63a8,17, #473F2B
dd41eac573d9a44f63a8,25, #6C5F43
dd41eac573d9a44f63a8,10, #9A865C
dd41eac573d9a44f63a8,12,#272113
dd41ef93800d1ef72b38,13, #916F3C
dd41ef93800d1ef72b38,25,#584B43
dd41ef93800d1ef72b38,16, #261211
dd41ef93800d1ef72b38,17, #D1C291
dd41ef93800d1ef72b38,12, #8C8979
dd41ef93800d1ef72b38,4, #EFEFEB
dd41ef93800d1ef72b38,9, #BF9E54
dd42f6cf9e19731fe753,19, #424138
dd42f6cf9e19731fe753,14, #666557
dd42f6cf9e19731fe753,13, #ADA896
dd42f6cf9e19731fe753,3, #E3DDCA
dd42f6cf9e19731fe753,0, #F9F6E9
dd42f6cf9e19731fe753,24,#CAC4B0
dd42f6cf9e19731fe753,23, #868373
dd4469bd7869da94ca74,13, #F4ECDE
dd4469bd7869da94ca74,10, #C6B6A3
dd4469bd7869da94ca74,13, #8B7561
dd4469bd7869da94ca74,16,#DACEBD
dd4469bd7869da94ca74,14, #AF9D8A
dd4469bd7869da94ca74,31, #655144
dd511e4a3b946a3c3424,5, #DBD2B2
dd511e4a3b946a3c3424,17, #18130D
dd511e4a3b946a3c3424,23, #42321F
dd511e4a3b946a3c3424,0, #ACAFB7
dd511e4a3b946a3c3424,29,#625B4C
dd511e4a3b946a3c3424,1, #C2AD7B
dd511e4a3b946a3c3424,21, #968D72
dd56634a163412d4bdac,2, #B7AFA7
dd56634a163412d4bdac,33,#FBF1DE
dd56634a163412d4bdac,23, #DACFBF
dd56634a163412d4bdac,23, #444040
dd56634a163412d4bdac,9, #77706D
dd56634a163412d4bdac,7, #968F89
dd5998aaf1e87968bc51,6,#F9F8EF
dd5998aaf1e87968bc51,12, #403E35
dd5998aaf1e87968bc51,18, #E0DAC8
dd5998aaf1e87968bc51,22, #BFBAA9
dd5998aaf1e87968bc51,21, #9A9687
dd5998aaf1e87968bc51,18, #747062
dd5aa35a0c5f5133de9c,19, #5C5A44
dd5aa35a0c5f5133de9c,4, #AA9E6A
dd5aa35a0c5f5133de9c,34,#1A1915
dd5aa35a0c5f5133de9c,33, #383933
dd5aa35a0c5f5133de9c,7, #968148
dd5aa35a0c5f5133de9c,0, #778172
dd5aa35a0c5f5133de9c,0, #D3C988
dd66eced38b26c0b9472,23, #D7D3C8
dd66eced38b26c0b9472,13, #B7B3A9
dd66eced38b26c0b9472,18, #6F6C65
dd66eced38b26c0b9472,21, #959188
dd66eced38b26c0b9472,2,#F7F4E7
dd66eced38b26c0b9472,20, #43423C
dd6f644644f726c24d7a,11, #7A4127
dd6f644644f726c24d7a,3, #95745A
dd6f644644f726c24d7a,3, #6B6352
dd6f644644f726c24d7a,6, #C9BDA2
dd6f644644f726c24d7a,34,#100E0B
dd6f644644f726c24d7a,9, #A79378
dd6f644644f726c24d7a,31, #402A19
dd71ca4a5ea77caf2de4,25, #544A30
dd71ca4a5ea77caf2de4,4, #B5AB89
dd71ca4a5ea77caf2de4,2, #847B59
dd71ca4a5ea77caf2de4,4, #726641
dd71ca4a5ea77caf2de4,19, #9C9471
dd71ca4a5ea77caf2de4,33,#322B1D
dd71ca4a5ea77caf2de4,10, #191911
dd72fa3ae06a6c95a020,9, #343B34
dd72fa3ae06a6c95a020,2, #06110C
dd72fa3ae06a6c95a020,60, #F6EDD5
dd72fa3ae06a6c95a020,11,#B9AE95
dd72fa3ae06a6c95a020,10, #696B5C
dd72fa3ae06a6c95a020,6, #938D7A
dd735e564a69b08b2a9b,7, #584F42
dd735e564a69b08b2a9b,6, #747053
dd735e564a69b08b2a9b,33, #18110D
dd735e564a69b08b2a9b,0, #D3D2D0
dd735e564a69b08b2a9b,0, #ABABA9
dd735e564a69b08b2a9b,0, #8D8C7F
dd735e564a69b08b2a9b,51,#633B27
dd77c922d2d9f141eb37,2, #CBCCCC
dd77c922d2d9f141eb37,24, #484135
dd77c922d2d9f141eb37,2, #F1EBD2
dd77c922d2d9f141eb37,2, #D1BD97
dd77c922d2d9f141eb37,37,#948871
dd77c922d2d9f141eb37,11, #0C0908
dd77c922d2d9f141eb37,19, #6C6251
dd7804499dbe9c35278a,3, #B7B2A1
dd7804499dbe9c35278a,6, #9D9A88
dd7804499dbe9c35278a,71,#FBF5DD
dd7804499dbe9c35278a,2, #CBC6B4
dd7804499dbe9c35278a,6, #E1DAC5
dd7804499dbe9c35278a,0, #5A5948
dd7804499dbe9c35278a,8, #777462
dd7b84b6c9f6845ffed4,0, #4B4640
dd7b84b6c9f6845ffed4,26,#FAF5ED
dd7b84b6c9f6845ffed4,5, #B39685
dd7b84b6c9f6845ffed4,5, #906C5F
dd7b84b6c9f6845ffed4,6, #CCBDAB
dd7b84b6c9f6845ffed4,56, #E3DACB
dd817c4bdb8e10190be2,31, #F1EDD9
dd817c4bdb8e10190be2,0,#352E27
dd817c4bdb8e10190be2,28, #C7C1B1
dd817c4bdb8e10190be2,5, #4F4840
dd817c4bdb8e10190be2,15, #736C60
dd817c4bdb8e10190be2,19, #9C9788
dd87157ab46a825157fa,3, #363023
dd87157ab46a825157fa,33,#938A6E
dd87157ab46a825157fa,6, #504731
dd87157ab46a825157fa,23, #7D7155
dd87157ab46a825157fa,1, #C5BB9C
dd87157ab46a825157fa,19, #ABA180
dd87157ab46a825157fa,13, #635840
dd8b2695d142d730882a,42,#F4F2EA
dd8b2695d142d730882a,3, #B3AC9A
dd8b2695d142d730882a,14, #908C7F
dd8b2695d142d730882a,15, #6D695E
dd8b2695d142d730882a,19, #D4CCB6
dd8b2695d142d730882a,4, #4D4940
dd8c9eb26475246d5a0b,4, #6C615A
dd8c9eb26475246d5a0b,5, #A28C79
dd8c9eb26475246d5a0b,2, #DBCFBE
dd8c9eb26475246d5a0b,0, #433D39
dd8c9eb26475246d5a0b,0, #FEFEF6
dd8c9eb26475246d5a0b,81,#EEE5D8
dd8c9eb26475246d5a0b,4, #CBAB8E
dd8ec199e3d1f4a3920c,17, #ECE4CF
dd8ec199e3d1f4a3920c,0, #FEFEF3
dd8ec199e3d1f4a3920c,9, #6B675A
dd8ec199e3d1f4a3920c,17, #A9A08D
dd8ec199e3d1f4a3920c,11, #868171
dd8ec199e3d1f4a3920c,33,#CFC3AD
dd8ec199e3d1f4a3920c,9, #4C4A41
dd939376b4480ea50dc8,23, #B8A99A
dd939376b4480ea50dc8,15, #493833
dd939376b4480ea50dc8,0, #F6F0D9
dd939376b4480ea50dc8,15, #6B5B54
dd939376b4480ea50dc8,12, #8D7D71
dd939376b4480ea50dc8,3, #2D1D18
dd939376b4480ea50dc8,28,#DAD1BE
dd982f245fbee903ac62,7, #805830
dd982f245fbee903ac62,3, #CBB789
dd982f245fbee903ac62,27, #5B371B
dd982f245fbee903ac62,11, #997848
dd982f245fbee903ac62,9, #B59B69
dd982f245fbee903ac62,2, #DACA9F
dd982f245fbee903ac62,37,#1B1108
dda5b3c0e766ea14052c,1, #4F4028
dda5b3c0e766ea14052c,21, #CECBAF
dda5b3c0e766ea14052c,30,#8F8469
dda5b3c0e766ea14052c,24, #6C5E42
dda5b3c0e766ea14052c,6, #AC9F80
dda5b3c0e766ea14052c,9, #BFB597
dda5b3c0e766ea14052c,6, #E0E0CC
ddac90390cca1dbb4be3,8, #7F7158
ddac90390cca1dbb4be3,29,#B6BBBF
ddac90390cca1dbb4be3,7, #A09372
ddac90390cca1dbb4be3,8, #373529
ddac90390cca1dbb4be3,4, #AEAC95
ddac90390cca1dbb4be3,20, #DBDAD2
ddac90390cca1dbb4be3,21, #5F4F3C
ddaf5cb300669eb780bd,2, #A0A6A3
ddaf5cb300669eb780bd,0, #91412A
ddaf5cb300669eb780bd,22,#15120C
ddaf5cb300669eb780bd,15, #8C816E
ddaf5cb300669eb780bd,54, #522A20
ddaf5cb300669eb780bd,4, #585147
ddb0844dbead44d76fd5,5, #C8C2B4
ddb0844dbead44d76fd5,1, #FEFDF7
ddb0844dbead44d76fd5,24, #322F2A
ddb0844dbead44d76fd5,37,#57524A
ddb0844dbead44d76fd5,23, #7F7A6D
ddb0844dbead44d76fd5,5, #EBE5D6
ddb0844dbead44d76fd5,2, #A49D90
ddc6833cdf0c688f2b1f,34, #AE9A76
ddc6833cdf0c688f2b1f,10, #0C0903
ddc6833cdf0c688f2b1f,0, #382D16
ddc6833cdf0c688f2b1f,0, #5F5131
ddc6833cdf0c688f2b1f,2, #937B54
ddc6833cdf0c688f2b1f,0, #7A6B47
ddc6833cdf0c688f2b1f,51,#C5B895
ddc6f558c62d2db22705,15, #6A6561
ddc6f558c62d2db22705,3, #423F3F
ddc6f558c62d2db22705,34,#F6EFDE
ddc6f558c62d2db22705,12, #C2BBAD
ddc6f558c62d2db22705,22, #999389
ddc6f558c62d2db22705,12, #DFD6C6
ddc7112391df21d76e19,4, #D1CCBF
ddc7112391df21d76e19,36, #292720
ddc7112391df21d76e19,2,#F7F5F1
ddc7112391df21d76e19,6, #635D4B
ddc7112391df21d76e19,41, #94876C
ddc7112391df21d76e19,9, #B5A98F
ddcb107190260c525c9f,57,#16160E
ddcb107190260c525c9f,0, #A79B71
ddcb107190260c525c9f,0, #949377
ddcb107190260c525c9f,0, #887D56
ddcb107190260c525c9f,0, #5A4F36
ddcb107190260c525c9f,0, #68644E
ddcb107190260c525c9f,39, #2D2D21
ddcdbdf2c1d3a2d130ec,60, #4A4020
ddcdbdf2c1d3a2d130ec,4, #778377
ddcdbdf2c1d3a2d130ec,5, #646548
ddcdbdf2c1d3a2d130ec,2, #9AA8A7
ddcdbdf2c1d3a2d130ec,0, #C5CDC7
ddcdbdf2c1d3a2d130ec,26,#1A190B
ddd6730fda168e3c2bcd,2,#F6EFE6
ddd6730fda168e3c2bcd,18, #90877E
ddd6730fda168e3c2bcd,18, #D9CDBC
ddd6730fda168e3c2bcd,15, #443E3B
ddd6730fda168e3c2bcd,19, #716961
ddd6730fda168e3c2bcd,25, #B1A79A
dddab0489321e2ae5594,18, #4F4F48
dddab0489321e2ae5594,3,#F8F6F2
dddab0489321e2ae5594,7, #32332F
dddab0489321e2ae5594,18, #A5A196
dddab0489321e2ae5594,15, #75736A
dddab0489321e2ae5594,37, #D1CDC2
dddcf5fc1dbf759c4724,0, #2E2D22
dddcf5fc1dbf759c4724,22, #DFDCCA
dddcf5fc1dbf759c4724,2, #5D5B4C
dddcf5fc1dbf759c4724,9, #908E7C
dddcf5fc1dbf759c4724,51,#F8F6E6
dddcf5fc1dbf759c4724,13, #BFBCAB
dddd7533389cfc4880cf,28, #8F8C80
dddd7533389cfc4880cf,27, #626157
dddd7533389cfc4880cf,5, #3A3A34
dddd7533389cfc4880cf,24, #E8E4D2
dddd7533389cfc4880cf,1,#FEFBED
dddd7533389cfc4880cf,14, #C3C0AF
ddee95e8a5061daf818a,9, #978E56
ddee95e8a5061daf818a,0, #703E0F
ddee95e8a5061daf818a,23, #352F17
ddee95e8a5061daf818a,0, #C2BC8C
ddee95e8a5061daf818a,22, #636139
ddee95e8a5061daf818a,44,#14120C
ddeec461e65af7745f3a,24, #6A6961
ddeec461e65af7745f3a,23, #A6A699
ddeec461e65af7745f3a,15, #404039
ddeec461e65af7745f3a,3, #F4F2DC
ddeec461e65af7745f3a,21, #CFCEBD
ddeec461e65af7745f3a,11,#89887E
ddf04f870d4b849be4c8,18, #9EA39F
ddf04f870d4b849be4c8,7,#E1E1D0
ddf04f870d4b849be4c8,12, #7F827F
ddf04f870d4b849be4c8,4, #53524F
ddf04f870d4b849be4c8,5, #6A6B66
ddf04f870d4b849be4c8,52, #BDC4C0
ddf0abb3d9841d9819e6,14, #666764
ddf0abb3d9841d9819e6,12,#C7CCC4
ddf0abb3d9841d9819e6,23, #868B88
ddf0abb3d9841d9819e6,3, #50504C
ddf0abb3d9841d9819e6,17, #A5ABA8
ddf0abb3d9841d9819e6,27, #E4E6DC
ddf7b2253f703b133e8a,17, #513A2A
ddf7b2253f703b133e8a,8, #8A7F69
ddf7b2253f703b133e8a,1,#6D6149
ddf7b2253f703b133e8a,3, #C5B89D
ddf7b2253f703b133e8a,6, #A09E91
ddf7b2253f703b133e8a,62, #13110C
ddf927b7d1dc429bba96,25, #D4CEB9
ddf927b7d1dc429bba96,8, #767365
ddf927b7d1dc429bba96,33,#F5F1E1
ddf927b7d1dc429bba96,17, #B3AE9C
ddf927b7d1dc429bba96,10, #949082
ddf927b7d1dc429bba96,0, #403E34
ddf927b7d1dc429bba96,3, #5C594D
ddfd86523254aebb70c9,12, #827C6B
ddfd86523254aebb70c9,10, #434036
ddfd86523254aebb70c9,5, #FAF9F5
ddfd86523254aebb70c9,11, #CFC7B3
ddfd86523254aebb70c9,30,#E7E1CC
ddfd86523254aebb70c9,9, #656152
ddfd86523254aebb70c9,20, #AAA391
de01bdeeacfef2f0c405,23, #554E38
de01bdeeacfef2f0c405,25, #D0CAA9
de01bdeeacfef2f0c405,7, #1A1709
de01bdeeacfef2f0c405,24, #322F1A
de01bdeeacfef2f0c405,11,#ADA37F
de01bdeeacfef2f0c405,8, #877C5B
de039e8365d7523d6c6d,7, #7D7B6F
de039e8365d7523d6c6d,18, #383831
de039e8365d7523d6c6d,45, #CFCAC0
de039e8365d7523d6c6d,0,#F8F2E6
de039e8365d7523d6c6d,15, #5B5B50
de039e8365d7523d6c6d,12, #A09D91
de0e4a88e7146eb8bed0,11, #412B21
de0e4a88e7146eb8bed0,5,#776A5C
de0e4a88e7146eb8bed0,26, #5B483A
de0e4a88e7146eb8bed0,11, #958C7B
de0e4a88e7146eb8bed0,41, #BCB6A2
de0e4a88e7146eb8bed0,2, #DCD8C3
de1447c88a96627dc52e,10, #6F6A59
de1447c88a96627dc52e,22, #AAA18C
de1447c88a96627dc52e,23, #4D493E
de1447c88a96627dc52e,15,#87806E
de1447c88a96627dc52e,0, #EFE6D1
de1447c88a96627dc52e,28, #D4C9B1
de1b4bcc0093fdd0c392,13, #45433C
de1b4bcc0093fdd0c392,11, #8F8B83
de1b4bcc0093fdd0c392,1, #2C2A27
de1b4bcc0093fdd0c392,18, #69655D
de1b4bcc0093fdd0c392,24,#F4F3F0
de1b4bcc0093fdd0c392,10, #ACA79E
de1b4bcc0093fdd0c392,20, #CBC2B3
de26361f6d67f715ee74,21, #797567
de26361f6d67f715ee74,11, #34332B
de26361f6d67f715ee74,30, #595649
de26361f6d67f715ee74,9,#F1EDDA
de26361f6d67f715ee74,22, #A5A090
de26361f6d67f715ee74,4, #D2CEBD
de282aedbc345f52e3bb,8, #54331F
de282aedbc345f52e3bb,62,#1E1A12
de282aedbc345f52e3bb,4, #AF9259
de282aedbc345f52e3bb,8, #97814C
de282aedbc345f52e3bb,12, #806B3D
de282aedbc345f52e3bb,3, #6A452A
de2a55bef32a1c5a36bc,0,#C8C5AD
de2a55bef32a1c5a36bc,19, #292C22
de2a55bef32a1c5a36bc,16, #727561
de2a55bef32a1c5a36bc,31, #4C5545
de2a55bef32a1c5a36bc,18, #949581
de2a55bef32a1c5a36bc,12, #B0AF97
de2f9c000e6f45cb6851,15, #D8CDB9
de2f9c000e6f45cb6851,2,#F4EDE5
de2f9c000e6f45cb6851,33, #7F786A
de2f9c000e6f45cb6851,4, #29231E
de2f9c000e6f45cb6851,18, #565048
de2f9c000e6f45cb6851,25, #ABA292
de3352d5dcc76211a05a,7, #D0CDBF
de3352d5dcc76211a05a,8, #625F56
de3352d5dcc76211a05a,6, #403E37
de3352d5dcc76211a05a,51, #F5F4EE
de3352d5dcc76211a05a,9,#7F7C73
de3352d5dcc76211a05a,15, #A8A499
de359b65cbb40bcae3fd,0, #FDFAEA
de359b65cbb40bcae3fd,2, #C6BFA6
de359b65cbb40bcae3fd,1, #A59E88
de359b65cbb40bcae3fd,75,#E8DFC4
de359b65cbb40bcae3fd,5, #635E4F
de359b65cbb40bcae3fd,13, #434036
de359b65cbb40bcae3fd,2, #827C69
de4ae14b1096690b3e30,15, #416091
de4ae14b1096690b3e30,33, #7493AC
de4ae14b1096690b3e30,0, #B4C7C8
de4ae14b1096690b3e30,23, #555D67
de4ae14b1096690b3e30,0,#403F3B
de4ae14b1096690b3e30,26, #747776
de4d41c04ab76ff8d3e0,4, #EAD494
de4d41c04ab76ff8d3e0,6, #A38E5C
de4d41c04ab76ff8d3e0,49,#1A1813
de4d41c04ab76ff8d3e0,9, #C7B06D
de4d41c04ab76ff8d3e0,14, #463A29
de4d41c04ab76ff8d3e0,15, #7E6D49
de4d41c04ab76ff8d3e0,0, #84806E
de57d14ec2e18e4fb1b1,4, #171211
de57d14ec2e18e4fb1b1,15, #EFEDE2
de57d14ec2e18e4fb1b1,5, #B8B5AB
de57d14ec2e18e4fb1b1,12, #423830
de57d14ec2e18e4fb1b1,4,#86817D
de57d14ec2e18e4fb1b1,57, #706445
de57e7969ddc092c7339,12, #201F13
de57e7969ddc092c7339,6,#FDFAE6
de57e7969ddc092c7339,19, #C1B799
de57e7969ddc092c7339,40, #E8DABA
de57e7969ddc092c7339,11, #635F4A
de57e7969ddc092c7339,10, #98927A
de6c7f8e2f73116362c1,59,#2A2319
de6c7f8e2f73116362c1,14, #505144
de6c7f8e2f73116362c1,18, #926541
de6c7f8e2f73116362c1,3, #C9AF8C
de6c7f8e2f73116362c1,0, #E0D3BE
de6c7f8e2f73116362c1,2, #918978
de6daeafca5dc14a857b,13, #5F5345
de6daeafca5dc14a857b,15, #938976
de6daeafca5dc14a857b,14, #786C5D
de6daeafca5dc14a857b,3, #47382D
de6daeafca5dc14a857b,45, #DED2B2
de6daeafca5dc14a857b,7,#B4AA93
de715838c3afc7a17da7,3, #8E7D6B
de715838c3afc7a17da7,4,#F9E8D1
de715838c3afc7a17da7,4, #74695A
de715838c3afc7a17da7,81, #DCCAB3
de715838c3afc7a17da7,4, #AEA18F
de715838c3afc7a17da7,2, #544A40
de731d06f213fdde4fe3,38,#C4C1B0
de731d06f213fdde4fe3,5, #2A2019
de731d06f213fdde4fe3,12, #EDEADF
de731d06f213fdde4fe3,12, #4D4035
de731d06f213fdde4fe3,6, #A09A8E
de731d06f213fdde4fe3,8, #897F71
de731d06f213fdde4fe3,15, #6C6054
de73dd4d7c159a7c3332,18, #898675
de73dd4d7c159a7c3332,10, #B7B4A5
de73dd4d7c159a7c3332,15, #413C29
de73dd4d7c159a7c3332,26,#605B49
de73dd4d7c159a7c3332,19, #DDDAC9
de73dd4d7c159a7c3332,0, #FAF5E1
de73dd4d7c159a7c3332,9, #241F12
de76a8b9e7551437b9d8,19, #A3A087
de76a8b9e7551437b9d8,38,#F4F2ED
de76a8b9e7551437b9d8,27, #677279
de76a8b9e7551437b9d8,5, #54403C
de76a8b9e7551437b9d8,4, #CFCCB1
de76a8b9e7551437b9d8,5, #15161C
de7c12f3f2caedb8edfc,14, #969086
de7c12f3f2caedb8edfc,8, #B9B2A6
de7c12f3f2caedb8edfc,8, #D9D3C6
de7c12f3f2caedb8edfc,40,#4F4B44
de7c12f3f2caedb8edfc,5, #33302A
de7c12f3f2caedb8edfc,22, #767168
de7c12f3f2caedb8edfc,0, #F5EEE0
de7cf78ca33cec5da8ad,11, #968D78
de7cf78ca33cec5da8ad,42, #CBC5B1
de7cf78ca33cec5da8ad,16, #E6E2D5
de7cf78ca33cec5da8ad,0, #291E0F
de7cf78ca33cec5da8ad,21, #655F4F
de7cf78ca33cec5da8ad,8,#B6A98F
de857b3dc63e023187a6,6, #BAB7A4
de857b3dc63e023187a6,12, #59574A
de857b3dc63e023187a6,30,#DBD7C5
de857b3dc63e023187a6,13, #807D6C
de857b3dc63e023187a6,4, #39382F
de857b3dc63e023187a6,11, #A19F8E
de857b3dc63e023187a6,21, #F9F8F2
de94ac08c39517298f27,58,#0F0F07
de94ac08c39517298f27,8, #6E6041
de94ac08c39517298f27,19, #827654
de94ac08c39517298f27,0, #A59574
de94ac08c39517298f27,0, #D1C19E
de94ac08c39517298f27,13, #3F3A26
de94ac08c39517298f27,0, #E9E3D6
de98dc768b96b0857c01,66, #D9D4C3
de98dc768b96b0857c01,12,#F5F3EE
de98dc768b96b0857c01,3, #7F705C
de98dc768b96b0857c01,8, #A09681
de98dc768b96b0857c01,5, #C2BAA5
de98dc768b96b0857c01,3, #604F40
de9cd23c1a681649f0e6,21,#F2EFE4
de9cd23c1a681649f0e6,10, #9D927D
de9cd23c1a681649f0e6,18, #69553C
de9cd23c1a681649f0e6,11, #C5BCA5
de9cd23c1a681649f0e6,25, #847156
de9cd23c1a681649f0e6,12, #3F2C1E
de9dbbd9d78b8c4477d0,2,#F4EDDC
de9dbbd9d78b8c4477d0,30, #D3CCBF
de9dbbd9d78b8c4477d0,14, #837C76
de9dbbd9d78b8c4477d0,22, #ACA69C
de9dbbd9d78b8c4477d0,21, #595350
de9dbbd9d78b8c4477d0,8, #363332
de9f59fc6d15b03103f3,12, #AAA292
de9f59fc6d15b03103f3,24, #5A544C
de9f59fc6d15b03103f3,3, #F9F6F2
de9f59fc6d15b03103f3,26,#857D71
de9f59fc6d15b03103f3,18, #C9C0B1
de9f59fc6d15b03103f3,11, #E8DECF
de9f59fc6d15b03103f3,2, #393530
dea0e3a23496faa90e67,8, #4F575C
dea0e3a23496faa90e67,28,#474738
dea0e3a23496faa90e67,4, #5C6F86
dea0e3a23496faa90e67,11, #8E8F7A
dea0e3a23496faa90e67,27, #2C2914
dea0e3a23496faa90e67,19, #6B6545
dea0e3a23496faa90e67,1, #8E7D47
dea89dbb5e6ba5924a1a,1, #1C1F1D
dea89dbb5e6ba5924a1a,9, #DCE5E8
dea89dbb5e6ba5924a1a,22, #584A33
dea89dbb5e6ba5924a1a,11, #B4AD89
dea89dbb5e6ba5924a1a,32, #6E7264
dea89dbb5e6ba5924a1a,22,#A2B5C8
deb1a3328ccc3c2a450c,4,#CFCDC2
deb1a3328ccc3c2a450c,28, #5D5B52
deb1a3328ccc3c2a450c,4, #F2F0E6
deb1a3328ccc3c2a450c,22, #848178
deb1a3328ccc3c2a450c,12, #A9A79D
deb1a3328ccc3c2a450c,27, #3E3E37
dec190816503e7898332,23, #838072
dec190816503e7898332,9, #9D998A
dec190816503e7898332,19, #4D4C43
dec190816503e7898332,9, #C3BFB0
dec190816503e7898332,5,#EFEBDB
dec190816503e7898332,32, #68665A
dec3ca1f6d70bc8f0778,6, #665C4E
dec3ca1f6d70bc8f0778,5, #CFCCC5
dec3ca1f6d70bc8f0778,6, #7C7362
dec3ca1f6d70bc8f0778,21, #A59678
dec3ca1f6d70bc8f0778,43,#C4B9A0
dec3ca1f6d70bc8f0778,5, #574632
dec3ca1f6d70bc8f0778,9, #3D2F23
dec8f370115b4a873b43,9, #A49A80
dec8f370115b4a873b43,11, #C1B89C
dec8f370115b4a873b43,4, #8A8068
dec8f370115b4a873b43,1, #2D271D
dec8f370115b4a873b43,3, #4E4636
dec8f370115b4a873b43,64,#D4CCB1
dec8f370115b4a873b43,5, #6E6651
deceffc09945e3073a3b,25, #B3AC98
deceffc09945e3073a3b,1, #665F50
deceffc09945e3073a3b,26, #ECE5D1
deceffc09945e3073a3b,16, #8C8676
deceffc09945e3073a3b,28, #D2CAB4
deceffc09945e3073a3b,1,#FBF9F3
ded4b9b1e8af1623f6d0,4, #221814
ded4b9b1e8af1623f6d0,16, #403128
ded4b9b1e8af1623f6d0,12, #8D8F8D
ded4b9b1e8af1623f6d0,32, #6A6058
ded4b9b1e8af1623f6d0,33, #A9ADAD
ded4b9b1e8af1623f6d0,0,#C6D3DA
ded8c4ceb41393a15b53,10, #645E55
ded8c4ceb41393a15b53,2, #3D3934
ded8c4ceb41393a15b53,10, #8A8274
ded8c4ceb41393a15b53,25,#FAF4E2
ded8c4ceb41393a15b53,36, #DCD3BB
ded8c4ceb41393a15b53,14, #B3AB98
deda09f75f55e32d0cc3,11, #392F28
deda09f75f55e32d0cc3,3, #84795A
deda09f75f55e32d0cc3,4, #AAA79F
deda09f75f55e32d0cc3,59,#5F544B
deda09f75f55e32d0cc3,5, #F4F1E7
deda09f75f55e32d0cc3,9, #140F0E
deda09f75f55e32d0cc3,5, #D6D4C7
dedc7246d573dfb90c28,1, #787464
dedc7246d573dfb90c28,63,#FBFAF1
dedc7246d573dfb90c28,5, #CCC5B1
dedc7246d573dfb90c28,0, #595647
dedc7246d573dfb90c28,20, #E4DEC9
dedc7246d573dfb90c28,3, #969181
dedc7246d573dfb90c28,4, #B6AF9B
dee4e0cc80276dc5a54a,8, #9C9E7C
dee4e0cc80276dc5a54a,12, #4E523E
dee4e0cc80276dc5a54a,0, #B6B591
dee4e0cc80276dc5a54a,3, #413E2A
dee4e0cc80276dc5a54a,2, #6C5530
dee4e0cc80276dc5a54a,52,#7A7D63
dee4e0cc80276dc5a54a,18, #222219
dee596f48134370edf12,1, #555143
dee596f48134370edf12,4, #77715E
dee596f48134370edf12,8, #B6B09B
dee596f48134370edf12,10, #D9D4BF
dee596f48134370edf12,5, #959180
dee596f48134370edf12,69,#F5F2E4
dee7ecdda7110023fe88,0, #E9D57B
dee7ecdda7110023fe88,38,#A07F35
dee7ecdda7110023fe88,9, #BB9C47
dee7ecdda7110023fe88,18, #423219
dee7ecdda7110023fe88,4, #D3B658
dee7ecdda7110023fe88,28, #775C26
df01223938738a2386fe,0, #ACA273
df01223938738a2386fe,40, #16150F
df01223938738a2386fe,45,#2C2E28
df01223938738a2386fe,6, #5B4F2E
df01223938738a2386fe,0, #BEB894
df01223938738a2386fe,0, #806326
df01223938738a2386fe,5, #847A52
df0337450e82c55a8c91,3, #513F2C
df0337450e82c55a8c91,25, #B1A48A
df0337450e82c55a8c91,4, #695A43
df0337450e82c55a8c91,45,#D5C7A8
df0337450e82c55a8c91,1, #392819
df0337450e82c55a8c91,19, #8C7E66
df0cee2b6b44221b35e8,3, #C4AE7C
df0cee2b6b44221b35e8,28,#362B1C
df0cee2b6b44221b35e8,17, #9B876B
df0cee2b6b44221b35e8,2, #726C61
df0cee2b6b44221b35e8,47, #82533B
df0cee2b6b44221b35e8,0, #F5EBBF
df0d9329b554ad9b9a08,0, #B5A26E
df0d9329b554ad9b9a08,8, #817456
df0d9329b554ad9b9a08,0, #CFBD84
df0d9329b554ad9b9a08,11, #695833
df0d9329b554ad9b9a08,56,#4A3C24
df0d9329b554ad9b9a08,21, #2B1F10
df0d9329b554ad9b9a08,1, #9F8D5E
df0d9aec287ab46bf80c,1, #545E56
df0d9aec287ab46bf80c,22, #898D81
df0d9aec287ab46bf80c,19, #BFBBAB
df0d9aec287ab46bf80c,6,#FDFBED
df0d9aec287ab46bf80c,0, #334036
df0d9aec287ab46bf80c,50, #E3DAC3
df0e6b2c1492e95303ae,26,#F6F2DE
df0e6b2c1492e95303ae,4, #393833
df0e6b2c1492e95303ae,19, #545049
df0e6b2c1492e95303ae,7, #DDD4B9
df0e6b2c1492e95303ae,19, #736D61
df0e6b2c1492e95303ae,14, #BDB39B
df0e6b2c1492e95303ae,8, #97907D
df128767e6d86c00211d,7, #949187
df128767e6d86c00211d,0, #413E35
df128767e6d86c00211d,64,#F0EEE2
df128767e6d86c00211d,4, #78756A
df128767e6d86c00211d,1, #5D5A4F
df128767e6d86c00211d,22, #B9B6AB
df15fcb9b428abec18ac,15, #B4AB9A
df15fcb9b428abec18ac,1, #FEFEF9
df15fcb9b428abec18ac,12, #8E8776
df15fcb9b428abec18ac,46,#EFE9DC
df15fcb9b428abec18ac,3, #6C6657
df15fcb9b428abec18ac,19, #D2CBBA
df15fcb9b428abec18ac,0, #423D34
df161539a99b45bdb5f2,12, #5A3B1C
df161539a99b45bdb5f2,6, #7A6942
df161539a99b45bdb5f2,29, #9F936B
df161539a99b45bdb5f2,10, #1F170A
df161539a99b45bdb5f2,30,#BDB792
df161539a99b45bdb5f2,10, #D6CFA9
df1a8a2a9f75008745d0,2, #948564
df1a8a2a9f75008745d0,16, #494939
df1a8a2a9f75008745d0,4, #796949
df1a8a2a9f75008745d0,1, #ABA07F
df1a8a2a9f75008745d0,28, #4A321D
df1a8a2a9f75008745d0,46,#21170D
df22d24dbfa6ed601019,25, #201F1E
df22d24dbfa6ed601019,11, #9D9DA0
df22d24dbfa6ed601019,29, #5C5C5D
df22d24dbfa6ed601019,16,#3F3E3F
df22d24dbfa6ed601019,15, #7E7E81
df22d24dbfa6ed601019,1, #BFBEC2
df26f0209a37023f57fd,0,#FEFEF6
df26f0209a37023f57fd,78, #E3DBC8
df26f0209a37023f57fd,4, #807A69
df26f0209a37023f57fd,0, #565144
df26f0209a37023f57fd,4, #9E9889
df26f0209a37023f57fd,11, #B9B19F
df350a044038bdf531a9,11,#F9F7F3
df350a044038bdf531a9,9, #98958B
df350a044038bdf531a9,18, #6B685E
df350a044038bdf531a9,2, #3F3E35
df350a044038bdf531a9,52, #DFDAD0
df350a044038bdf531a9,5, #BDB8AF
df374bb6f4d2e0ba84b4,21, #E4DCC7
df374bb6f4d2e0ba84b4,8, #CFC5AE
df374bb6f4d2e0ba84b4,17, #A9A08E
df374bb6f4d2e0ba84b4,0, #676257
df374bb6f4d2e0ba84b4,0, #4A473E
df374bb6f4d2e0ba84b4,47,#F6F3E8
df374bb6f4d2e0ba84b4,3, #817D70
df3cb8dac581014ff4d9,5, #A8837B
df3cb8dac581014ff4d9,47, #C3BBA6
df3cb8dac581014ff4d9,6, #7C6C65
df3cb8dac581014ff4d9,1, #534E44
df3cb8dac581014ff4d9,0, #87959A
df3cb8dac581014ff4d9,38,#F8F6ED
df40d7e1a485a1bc6157,2, #B5AA9A
df40d7e1a485a1bc6157,3,#D1C9B6
df40d7e1a485a1bc6157,22, #8C8071
df40d7e1a485a1bc6157,20, #66594B
df40d7e1a485a1bc6157,6, #F3EFE3
df40d7e1a485a1bc6157,44, #433A31
df40e6242cf3d862aa04,14, #4E637A
df40e6242cf3d862aa04,0, #474F58
df40e6242cf3d862aa04,24, #ADB5B1
df40e6242cf3d862aa04,33,#708596
df40e6242cf3d862aa04,16, #8F9EA2
df40e6242cf3d862aa04,10, #DFDCCF
df40e6242cf3d862aa04,0, #F3EFE2
df4361dd161223948797,12, #6E6639
df4361dd161223948797,15, #0F100F
df4361dd161223948797,41,#312B1D
df4361dd161223948797,0, #D1CD89
df4361dd161223948797,6, #968C4B
df4361dd161223948797,20, #5F4021
df4361dd161223948797,2, #B6AD65
df44061d4330a453ae3b,7, #6F572B
df44061d4330a453ae3b,0, #A39163
df44061d4330a453ae3b,35,#15130A
df44061d4330a453ae3b,37, #3C2915
df44061d4330a453ae3b,1, #89784B
df44061d4330a453ae3b,17, #513B1E
df449930d96da7355b8e,1, #D1C09C
df449930d96da7355b8e,3, #A19272
df449930d96da7355b8e,42,#1F1911
df449930d96da7355b8e,2, #BBA983
df449930d96da7355b8e,5, #8D7A56
df449930d96da7355b8e,20, #68583C
df449930d96da7355b8e,22, #443B26
df4536967f9c934dcbac,0, #AD9959
df4536967f9c934dcbac,1, #8F7A41
df4536967f9c934dcbac,69,#1B1A12
df4536967f9c934dcbac,0, #D1C78F
df4536967f9c934dcbac,0, #C7B16F
df4536967f9c934dcbac,3, #6B6045
df4536967f9c934dcbac,23, #463E29
df4f632189dc990d52c4,33, #DFD8C6
df4f632189dc990d52c4,14, #444239
df4f632189dc990d52c4,1,#FAF3DF
df4f632189dc990d52c4,16, #777365
df4f632189dc990d52c4,13, #9B9685
df4f632189dc990d52c4,20, #BCB6A5
df5835c00f932593299a,13, #AFA893
df5835c00f932593299a,0, #130F0A
df5835c00f932593299a,4, #2D2822
df5835c00f932593299a,23, #E5E4CE
df5835c00f932593299a,23, #8A816F
df5835c00f932593299a,26,#5F5A52
df5835c00f932593299a,8, #45403A
df5947880966d68bb621,1, #BDB5B6
df5947880966d68bb621,4, #787173
df5947880966d68bb621,20, #4D4647
df5947880966d68bb621,56, #1E282A
df5947880966d68bb621,4, #9E8F8F
df5947880966d68bb621,12,#0A1012
df6062b5f08056ed99a7,14, #3C3B32
df6062b5f08056ed99a7,6, #C1BCB0
df6062b5f08056ed99a7,44,#ECE7D9
df6062b5f08056ed99a7,12, #838075
df6062b5f08056ed99a7,12, #68655B
df6062b5f08056ed99a7,8, #A5A196
df61ff2d228d2389d6ad,14, #614E35
df61ff2d228d2389d6ad,46, #E0D4B5
df61ff2d228d2389d6ad,19, #847252
df61ff2d228d2389d6ad,3, #C4B79B
df61ff2d228d2389d6ad,11, #A59A81
df61ff2d228d2389d6ad,4,#F7F5EC
df6cf4e5b42de2f513f4,1, #5A5C50
df6cf4e5b42de2f513f4,19, #E0D8C6
df6cf4e5b42de2f513f4,0, #414138
df6cf4e5b42de2f513f4,5, #AEACA0
df6cf4e5b42de2f513f4,4, #808075
df6cf4e5b42de2f513f4,67,#F9F7ED
df71aee6f8ac77cb3a16,52, #F1ECDE
df71aee6f8ac77cb3a16,5, #505045
df71aee6f8ac77cb3a16,2, #313229
df71aee6f8ac77cb3a16,10, #727164
df71aee6f8ac77cb3a16,12,#D1CCC0
df71aee6f8ac77cb3a16,15, #A5A295
df756619f8abba7cf559,25, #755430
df756619f8abba7cf559,16, #0F1410
df756619f8abba7cf559,5, #C0A667
df756619f8abba7cf559,34,#383121
df756619f8abba7cf559,0, #E1D09E
df756619f8abba7cf559,9, #A68E4E
df756619f8abba7cf559,7, #7D7750
df79f33094371b81f764,1, #CDBC8F
df79f33094371b81f764,63,#1B130B
df79f33094371b81f764,2, #A69874
df79f33094371b81f764,13, #7C6D4A
df79f33094371b81f764,9, #5F4D2F
df79f33094371b81f764,10, #553219
df7a82458ca466034209,6, #161808
df7a82458ca466034209,19, #DEDCCF
df7a82458ca466034209,14, #766B4F
df7a82458ca466034209,7, #8E907E
df7a82458ca466034209,30,#B8B49C
df7a82458ca466034209,20, #413F26
df8ba9735187240f58d9,63, #D5C7A8
df8ba9735187240f58d9,3, #A69E84
df8ba9735187240f58d9,8, #1E1D14
df8ba9735187240f58d9,5, #817A63
df8ba9735187240f58d9,14,#FAF4DC
df8ba9735187240f58d9,4, #514D3A
df8ece17634e16c2c58c,4,#D8D5CA
df8ece17634e16c2c58c,3, #BCB9AA
df8ece17634e16c2c58c,71, #736C5F
df8ece17634e16c2c58c,5, #989488
df8ece17634e16c2c58c,13, #544C3E
df8ece17634e16c2c58c,2, #F8F6EC
df95719337cd0269aa5a,22, #878686
df95719337cd0269aa5a,5, #B8B5AF
df95719337cd0269aa5a,22, #5F6061
df95719337cd0269aa5a,38, #38393B
df95719337cd0269aa5a,0,#EDEDE7
df95719337cd0269aa5a,11, #D5D2C9
df97e17302d005a6bc42,2, #89867A
df97e17302d005a6bc42,0, #565147
df97e17302d005a6bc42,0, #6F6B5F
df97e17302d005a6bc42,74,#F2F0E4
df97e17302d005a6bc42,0, #3E3A30
df97e17302d005a6bc42,4, #A5A195
df97e17302d005a6bc42,17, #C8C4B8
df97f0371202eb462209,14, #ADA690
df97f0371202eb462209,23, #D8CFB3
df97f0371202eb462209,30, #79716D
df97f0371202eb462209,18, #4D4942
df97f0371202eb462209,6, #262521
df97f0371202eb462209,6,#F9F2DB
df97f8077db71e36ef87,6,#7A98B5
df97f8077db71e36ef87,59, #C3CED9
df97f8077db71e36ef87,8, #202023
df97f8077db71e36ef87,15, #4A433E
df97f8077db71e36ef87,5, #A9A792
df97f8077db71e36ef87,4, #7A7052
df9b82dee7307b83eba3,87, #1E1C16
df9b82dee7307b83eba3,2, #D4D1BB
df9b82dee7307b83eba3,3, #9F9889
df9b82dee7307b83eba3,3,#544330
df9b82dee7307b83eba3,1, #6A6152
df9b82dee7307b83eba3,1, #8B7E69
df9c02e0a775609dab6f,0, #884E2E
df9c02e0a775609dab6f,0, #A09877
df9c02e0a775609dab6f,3, #695B3F
df9c02e0a775609dab6f,0, #B6AE8B
df9c02e0a775609dab6f,71,#1E1A12
df9c02e0a775609dab6f,21, #503A25
df9c02e0a775609dab6f,2, #917B56
dfa3a4d8990d25b53579,53, #93825F
dfa3a4d8990d25b53579,9, #B9A67C
dfa3a4d8990d25b53579,9, #7B6D4E
dfa3a4d8990d25b53579,18, #AC956E
dfa3a4d8990d25b53579,0,#4C4738
dfa3a4d8990d25b53579,7, #5F5946
dfa7cb7db0244a859dd1,6, #988B66
dfa7cb7db0244a859dd1,0, #D5D0AD
dfa7cb7db0244a859dd1,37,#605131
dfa7cb7db0244a859dd1,18, #B3A886
dfa7cb7db0244a859dd1,2, #C4BE9E
dfa7cb7db0244a859dd1,13, #37301F
dfa7cb7db0244a859dd1,20, #776B4A
dfaa79e2ba56aff94124,15, #0D0D0C
dfaa79e2ba56aff94124,1, #AD9D7E
dfaa79e2ba56aff94124,8, #716148
dfaa79e2ba56aff94124,56,#31261A
dfaa79e2ba56aff94124,1, #424036
dfaa79e2ba56aff94124,10, #724221
dfaa79e2ba56aff94124,6, #8E826A
dfb8d518e3907d712ae5,6, #90897D
dfb8d518e3907d712ae5,8, #B8AFA0
dfb8d518e3907d712ae5,1, #49443F
dfb8d518e3907d712ae5,0, #FFFEF2
dfb8d518e3907d712ae5,72,#EAE2D1
dfb8d518e3907d712ae5,6, #D1C8B8
dfb8d518e3907d712ae5,3, #6D665D
dfbfc832eb82803cf5b2,1, #3B3B31
dfbfc832eb82803cf5b2,21, #9D9C8B
dfbfc832eb82803cf5b2,10, #7B7B6C
dfbfc832eb82803cf5b2,42, #CECAB8
dfbfc832eb82803cf5b2,8, #56574A
dfbfc832eb82803cf5b2,15,#F6F3E1
dfc32e7e34a5aee8f6f2,31, #4E3323
dfc32e7e34a5aee8f6f2,0,#C0B389
dfc32e7e34a5aee8f6f2,5, #7D5A3A
dfc32e7e34a5aee8f6f2,12, #927C57
dfc32e7e34a5aee8f6f2,5, #B19C73
dfc32e7e34a5aee8f6f2,44, #1D1911
dfc85251c872f3b51b65,0, #8E7C6B
dfc85251c872f3b51b65,32, #2B2422
dfc85251c872f3b51b65,54,#090C0E
dfc85251c872f3b51b65,0, #B4A085
dfc85251c872f3b51b65,0, #CDC5B8
dfc85251c872f3b51b65,11, #6C5542
dfc8f89987250775672a,8, #876A48
dfc8f89987250775672a,24, #C0B894
dfc8f89987250775672a,5,#D7D3C4
dfc8f89987250775672a,36, #57412C
dfc8f89987250775672a,19, #A08960
dfc8f89987250775672a,4, #19150A
dfd09c650bc969f6cae2,4, #B2AEA4
dfd09c650bc969f6cae2,33,#F4F0E1
dfd09c650bc969f6cae2,4, #CFCCC1
dfd09c650bc969f6cae2,20, #332B24
dfd09c650bc969f6cae2,21, #827B72
dfd09c650bc969f6cae2,15, #595047
dfd7f32dd3650f94e1a3,2, #413E36
dfd7f32dd3650f94e1a3,23, #A6A092
dfd7f32dd3650f94e1a3,22, #7F7A6F
dfd7f32dd3650f94e1a3,15, #CAC3B4
dfd7f32dd3650f94e1a3,23,#F1ECD9
dfd7f32dd3650f94e1a3,13, #646056
dfd82a42155c531fbcfe,15, #AD7249
dfd82a42155c531fbcfe,1, #893B2F
dfd82a42155c531fbcfe,46, #3F352E
dfd82a42155c531fbcfe,9,#181A1A
dfd82a42155c531fbcfe,15, #786747
dfd82a42155c531fbcfe,10, #DBBD6C
dfd9d3d74e56f86d35bb,7, #F6F4ED
dfd9d3d74e56f86d35bb,20, #CAC5BC
dfd9d3d74e56f86d35bb,12, #817C76
dfd9d3d74e56f86d35bb,7, #AFAAA3
dfd9d3d74e56f86d35bb,6, #938F89
dfd9d3d74e56f86d35bb,28,#65615A
dfd9d3d74e56f86d35bb,15, #E0DBD2
dfdfae5436db33316d52,26, #281514
dfdfae5436db33316d52,1, #FAF9F5
dfdfae5436db33316d52,2, #A4987A
dfdfae5436db33316d52,49,#E1DBCA
dfdfae5436db33316d52,5, #7A6A58
dfdfae5436db33316d52,1, #574037
dfdfae5436db33316d52,11, #C5B89D
dfe7f8498fc037175567,2, #392921
dfe7f8498fc037175567,4, #54463C
dfe7f8498fc037175567,13,#A4917F
dfe7f8498fc037175567,55, #CCC0AD
dfe7f8498fc037175567,9, #826C5B
dfe7f8498fc037175567,15, #EEE6D7
dfeda805d00115e19ae9,13, #CCBDA0
dfeda805d00115e19ae9,23, #82725A
dfeda805d00115e19ae9,16, #695743
dfeda805d00115e19ae9,7,#F7F3E9
dfeda805d00115e19ae9,30, #A59985
dfeda805d00115e19ae9,8, #E0D6BC
dff0dc80d5b0d47d0cef,11, #898576
dff0dc80d5b0d47d0cef,43,#DBD5C3
dff0dc80d5b0d47d0cef,1, #504D43
dff0dc80d5b0d47d0cef,3, #F6F3E2
dff0dc80d5b0d47d0cef,18, #A49E8C
dff0dc80d5b0d47d0cef,7, #6F6B5E
dff0dc80d5b0d47d0cef,15, #BEB8A4
dff397d551e7e943dd33,16,#6A5E47
dff397d551e7e943dd33,49, #463D30
dff397d551e7e943dd33,0, #E3DCBE
dff397d551e7e943dd33,30, #1D1B17
dff397d551e7e943dd33,0, #C1AF86
dff397d551e7e943dd33,2, #978663
dffcd2e88597ad590fcd,13, #AEAA9B
dffcd2e88597ad590fcd,22, #FAFAF2
dffcd2e88597ad590fcd,1, #3C3A30
dffcd2e88597ad590fcd,16, #878275
dffcd2e88597ad590fcd,31,#E4E1D0
dffcd2e88597ad590fcd,8, #C9C6B6
dffcd2e88597ad590fcd,5, #5B584B
dfffa3bb8b7758988e85,25,#959181
dfffa3bb8b7758988e85,7, #F3EDD8
dfffa3bb8b7758988e85,13, #5A5B4F
dfffa3bb8b7758988e85,5, #41423A
dfffa3bb8b7758988e85,14, #727263
dfffa3bb8b7758988e85,24, #D0C9B4
dfffa3bb8b7758988e85,9, #B7B29F
e00d1bccf8636bd55fe1,10, #79776B
e00d1bccf8636bd55fe1,36,#F2EEE2
e00d1bccf8636bd55fe1,26, #9D9B8E
e00d1bccf8636bd55fe1,2, #3A3931
e00d1bccf8636bd55fe1,17, #CFCCBF
e00d1bccf8636bd55fe1,0, #D0AF78
e00d1bccf8636bd55fe1,6, #5D5B50
e014e0d689983b8b1d82,13,#C6C6B8
e014e0d689983b8b1d82,25, #8C8461
e014e0d689983b8b1d82,1, #C1AC6C
e014e0d689983b8b1d82,4, #17170C
e014e0d689983b8b1d82,29, #454329
e014e0d689983b8b1d82,25, #98A2A9
e017bbe802d4e7452a7a,15,#CDB69A
e017bbe802d4e7452a7a,16, #E2D1C0
e017bbe802d4e7452a7a,26, #8E7659
e017bbe802d4e7452a7a,5, #604C3A
e017bbe802d4e7452a7a,20, #A29586
e017bbe802d4e7452a7a,14, #F9F0E7
e0200270b1bde5a67986,6, #68674D
e0200270b1bde5a67986,5, #7E5B34
e0200270b1bde5a67986,2, #8E835B
e0200270b1bde5a67986,0, #AEA67E
e0200270b1bde5a67986,38,#24231B
e0200270b1bde5a67986,46, #4A4738
e0232d7d76a352ea77fe,0, #9D947D
e0232d7d76a352ea77fe,69,#2A180C
e0232d7d76a352ea77fe,0, #B7AE96
e0232d7d76a352ea77fe,0, #654E30
e0232d7d76a352ea77fe,0, #766240
e0232d7d76a352ea77fe,29, #57361D
e0232d7d76a352ea77fe,0, #857A63
e02890bc29f01121e1f4,1, #444139
e02890bc29f01121e1f4,40, #C4BEB3
e02890bc29f01121e1f4,20,#F1EBDC
e02890bc29f01121e1f4,10, #615E53
e02890bc29f01121e1f4,16, #827D72
e02890bc29f01121e1f4,11, #9D978C
e028e878d4b170855abb,51, #D6D0B7
e028e878d4b170855abb,13, #7C7A6B
e028e878d4b170855abb,0,#FDF8DA
e028e878d4b170855abb,3, #31312C
e028e878d4b170855abb,15, #A5A18E
e028e878d4b170855abb,14, #55544A
e0407397eedffac54571,21, #B9B3A4
e0407397eedffac54571,18, #D7D1C3
e0407397eedffac54571,26, #928C7D
e0407397eedffac54571,26, #696454
e0407397eedffac54571,3, #F0EBDF
e0407397eedffac54571,4,#454136
e040fcdeeb7989a4c071,42,#D2C6B6
e040fcdeeb7989a4c071,0, #64605E
e040fcdeeb7989a4c071,0, #4F4D4C
e040fcdeeb7989a4c071,3, #7F7368
e040fcdeeb7989a4c071,34, #F5EAD8
e040fcdeeb7989a4c071,11, #B9AF9F
e040fcdeeb7989a4c071,6, #9E9387
e04248d658c8803c5316,65,#14130D
e04248d658c8803c5316,0, #71562A
e04248d658c8803c5316,0, #968352
e04248d658c8803c5316,0, #856F41
e04248d658c8803c5316,1, #513A1F
e04248d658c8803c5316,32, #31281A
e0443edf1b0ebc4cec5b,4, #3D392E
e0443edf1b0ebc4cec5b,0, #FDFDF7
e0443edf1b0ebc4cec5b,8, #807867
e0443edf1b0ebc4cec5b,48,#E7E4D4
e0443edf1b0ebc4cec5b,16, #A79E8D
e0443edf1b0ebc4cec5b,4, #645D4F
e0443edf1b0ebc4cec5b,17, #CDC4AE
e0476046b2f8ded91e16,27,#474031
e0476046b2f8ded91e16,17, #181714
e0476046b2f8ded91e16,3, #E9D595
e0476046b2f8ded91e16,20, #CAB169
e0476046b2f8ded91e16,14, #A78F52
e0476046b2f8ded91e16,15, #846B37
e0476046b2f8ded91e16,0, #FAEFB2
e048e82c74b4afe0624a,0, #7A796D
e048e82c74b4afe0624a,19, #8B8353
e048e82c74b4afe0624a,11, #BDB59D
e048e82c74b4afe0624a,0, #DDDBC8
e048e82c74b4afe0624a,5, #CCCBB9
e048e82c74b4afe0624a,51,#A78F75
e048e82c74b4afe0624a,10, #9B9466
e0539e5310fe78c35725,1, #B16162
e0539e5310fe78c35725,10, #5B4839
e0539e5310fe78c35725,15, #422E24
e0539e5310fe78c35725,4, #CAB9A9
e0539e5310fe78c35725,18, #E7DEC7
e0539e5310fe78c35725,18, #756C5F
e0539e5310fe78c35725,30,#AB9F90
e05ab41a54ca16f7def0,32, #79766A
e05ab41a54ca16f7def0,2, #C6C0A8
e05ab41a54ca16f7def0,3, #A29E8D
e05ab41a54ca16f7def0,39, #F9F7EF
e05ab41a54ca16f7def0,14, #4C4B44
e05ab41a54ca16f7def0,7,#E8DFC4
e05bed3def13bfefa564,23, #1C1C1E
e05bed3def13bfefa564,60, #553F36
e05bed3def13bfefa564,3, #D1C097
e05bed3def13bfefa564,0,#6E6A66
e05bed3def13bfefa564,4, #936F4E
e05bed3def13bfefa564,7, #AC936D
e05c40756face2c87734,7, #EEEBD7
e05c40756face2c87734,40, #D9D3BD
e05c40756face2c87734,8,#9D927C
e05c40756face2c87734,7, #C1B99F
e05c40756face2c87734,6, #7C664F
e05c40756face2c87734,30, #513A2A
e060e9a1ab7770d33389,11, #FBFAF2
e060e9a1ab7770d33389,10, #9F9886
e060e9a1ab7770d33389,11, #434036
e060e9a1ab7770d33389,13, #7F7967
e060e9a1ab7770d33389,8, #635E50
e060e9a1ab7770d33389,24,#C5BCA5
e060e9a1ab7770d33389,21, #E7DFCA
e0614beab65ba2113eda,0, #FEFCEF
e0614beab65ba2113eda,38, #EAE4D7
e0614beab65ba2113eda,0,#695F48
e0614beab65ba2113eda,16, #C4A58A
e0614beab65ba2113eda,34, #D8CDB4
e0614beab65ba2113eda,9, #A07F67
e062548387db633d0be9,0, #F3EEDA
e062548387db633d0be9,11, #6E5E53
e062548387db633d0be9,3, #372623
e062548387db633d0be9,8, #8C7E70
e062548387db633d0be9,58,#D5CCB7
e062548387db633d0be9,9, #AB9D8B
e062548387db633d0be9,9, #53413A
e06542a60055d730f9b2,13, #848179
e06542a60055d730f9b2,17, #C8C4B9
e06542a60055d730f9b2,15, #68655E
e06542a60055d730f9b2,16, #A39F97
e06542a60055d730f9b2,14,#F3F0E2
e06542a60055d730f9b2,23, #3B3A34
e06b38de9fa4ea05020f,1, #E5E6D8
e06b38de9fa4ea05020f,11, #2D2921
e06b38de9fa4ea05020f,2, #CECEBE
e06b38de9fa4ea05020f,16, #B6B6A8
e06b38de9fa4ea05020f,16, #6E6A5E
e06b38de9fa4ea05020f,10, #514D41
e06b38de9fa4ea05020f,39,#939184
e0743acad92213a14f31,6, #776F3A
e0743acad92213a14f31,13, #727563
e0743acad92213a14f31,35,#898D7A
e0743acad92213a14f31,7, #B4AE91
e0743acad92213a14f31,18, #56635B
e0743acad92213a14f31,15, #4A4A35
e0743acad92213a14f31,3, #29291F
e07535452700e7ff7b41,5,#F5F3ED
e07535452700e7ff7b41,10, #ACA89C
e07535452700e7ff7b41,12, #8C8A7F
e07535452700e7ff7b41,35, #CBC7BA
e07535452700e7ff7b41,22, #616258
e07535452700e7ff7b41,14, #383A35
e078b5115eb9407b9a2c,0, #DFD9A2
e078b5115eb9407b9a2c,26, #635A38
e078b5115eb9407b9a2c,40,#423E29
e078b5115eb9407b9a2c,22, #827649
e078b5115eb9407b9a2c,6, #222014
e078b5115eb9407b9a2c,3, #BAA662
e078b5115eb9407b9a2c,1, #C7BE85
e07c988ad061af8683a1,7, #948761
e07c988ad061af8683a1,25, #5F6456
e07c988ad061af8683a1,0, #697873
e07c988ad061af8683a1,14, #171710
e07c988ad061af8683a1,8, #A8A689
e07c988ad061af8683a1,40,#40402F
e07c988ad061af8683a1,2, #CCC6A6
e07f7daab8a1db0d888c,1, #48483E
e07f7daab8a1db0d888c,24,#C7C0B1
e07f7daab8a1db0d888c,8, #A6A193
e07f7daab8a1db0d888c,45, #F1EADC
e07f7daab8a1db0d888c,9, #68665A
e07f7daab8a1db0d888c,10, #8A8678
e0825eb55f278fefda35,27, #726459
e0825eb55f278fefda35,38, #D6CAAE
e0825eb55f278fefda35,1,#F5F0E6
e0825eb55f278fefda35,7, #584940
e0825eb55f278fefda35,20, #9E917D
e0825eb55f278fefda35,4, #3E2E28
e08f4c7ef4ba87012c31,9, #783E24
e08f4c7ef4ba87012c31,7, #495052
e08f4c7ef4ba87012c31,1, #BCBBAF
e08f4c7ef4ba87012c31,2, #A7997D
e08f4c7ef4ba87012c31,2,#877860
e08f4c7ef4ba87012c31,76, #171F33
e09339fdd235a61e9568,1, #886D34
e09339fdd235a61e9568,20, #453922
e09339fdd235a61e9568,9, #667270
e09339fdd235a61e9568,28, #9B987E
e09339fdd235a61e9568,38,#CDBF97
e09339fdd235a61e9568,1, #090A0A
e098322c8e90e5ac041e,20, #786F5A
e098322c8e90e5ac041e,0, #D5CDC0
e098322c8e90e5ac041e,13, #5B5541
e098322c8e90e5ac041e,64,#2E2A22
e098322c8e90e5ac041e,0, #FAF6EB
e098322c8e90e5ac041e,0, #8E8575
e098322c8e90e5ac041e,0, #AEA595
e0a40b7aa5f4aba4cd72,6,#848076
e0a40b7aa5f4aba4cd72,53, #EDE8DA
e0a40b7aa5f4aba4cd72,3, #413F37
e0a40b7aa5f4aba4cd72,6, #6A675D
e0a40b7aa5f4aba4cd72,10, #9C988D
e0a40b7aa5f4aba4cd72,19, #C1BBB0
e0a4173ed8800ba0a828,1, #332D29
e0a4173ed8800ba0a828,45, #DBD1C3
e0a4173ed8800ba0a828,11, #A9A196
e0a4173ed8800ba0a828,33,#F8F2E7
e0a4173ed8800ba0a828,4, #81796F
e0a4173ed8800ba0a828,3, #5F5750
e0a5c9a06b75dcd3d5f1,23, #CAC4B9
e0a5c9a06b75dcd3d5f1,29, #504C44
e0a5c9a06b75dcd3d5f1,0,#F5F0E3
e0a5c9a06b75dcd3d5f1,21, #969187
e0a5c9a06b75dcd3d5f1,3, #322F28
e0a5c9a06b75dcd3d5f1,20, #746F66
e0a6755f3dc2092f1041,1, #1A1910
e0a6755f3dc2092f1041,7, #625748
e0a6755f3dc2092f1041,64, #DDD6C5
e0a6755f3dc2092f1041,10, #928977
e0a6755f3dc2092f1041,3,#FAF7EE
e0a6755f3dc2092f1041,11, #B9B1A0
e0a70fd9b2bc729c3f09,3, #948C68
e0a70fd9b2bc729c3f09,2, #574E35
e0a70fd9b2bc729c3f09,2, #776D4C
e0a70fd9b2bc729c3f09,1, #997B3E
e0a70fd9b2bc729c3f09,12, #503A14
e0a70fd9b2bc729c3f09,74,#1A1309
e0a70fd9b2bc729c3f09,2, #7C5E24
e0aa23f6f70c51656256,27, #442B27
e0aa23f6f70c51656256,39, #F2F0E7
e0aa23f6f70c51656256,12, #220D0F
e0aa23f6f70c51656256,9, #C7BDA5
e0aa23f6f70c51656256,4,#70554C
e0aa23f6f70c51656256,6, #A2967C
e0aa61dc475faee12d22,30, #F6F3E9
e0aa61dc475faee12d22,2, #665B46
e0aa61dc475faee12d22,1, #3E3225
e0aa61dc475faee12d22,44, #DDD8C7
e0aa61dc475faee12d22,7, #8F7F68
e0aa61dc475faee12d22,13,#BCB094
e0ac2d2068b819cec786,45, #E5DCCB
e0ac2d2068b819cec786,11, #5E5B54
e0ac2d2068b819cec786,9,#9E9A8F
e0ac2d2068b819cec786,15, #C0B9AB
e0ac2d2068b819cec786,4, #3C3A37
e0ac2d2068b819cec786,12, #7E7A71
e0ae2dc44c4987f681c3,42,#4D4C43
e0ae2dc44c4987f681c3,18, #7D765D
e0ae2dc44c4987f681c3,0, #E2DFD1
e0ae2dc44c4987f681c3,13, #B7B196
e0ae2dc44c4987f681c3,12, #959281
e0ae2dc44c4987f681c3,4, #F7F7EF
e0ae2dc44c4987f681c3,7, #CEC9B3
e0b7c73d62f938a09fe9,15, #9C998C
e0b7c73d62f938a09fe9,8, #BBB6A9
e0b7c73d62f938a09fe9,10, #736F63
e0b7c73d62f938a09fe9,5, #444137
e0b7c73d62f938a09fe9,48, #D4CFC1
e0b7c73d62f938a09fe9,11,#F6F3E2
e0ba4289ac6ac6d0dfb6,2, #424329
e0ba4289ac6ac6d0dfb6,3, #726131
e0ba4289ac6ac6d0dfb6,15, #AEA175
e0ba4289ac6ac6d0dfb6,2, #693E07
e0ba4289ac6ac6d0dfb6,4, #C9C0A0
e0ba4289ac6ac6d0dfb6,68,#1A150A
e0ba4289ac6ac6d0dfb6,3, #897C52
e0bafffdd0bc4ce24e27,46, #F9F2DE
e0bafffdd0bc4ce24e27,44, #E0D2BB
e0bafffdd0bc4ce24e27,0, #624836
e0bafffdd0bc4ce24e27,5, #C1AF99
e0bafffdd0bc4ce24e27,1,#846A56
e0bafffdd0bc4ce24e27,2, #A18F7C
e0c7ba7715e8b4b3563c,85, #F3F0DE
e0c7ba7715e8b4b3563c,5, #868274
e0c7ba7715e8b4b3563c,0, #3D382C
e0c7ba7715e8b4b3563c,1, #686355
e0c7ba7715e8b4b3563c,2,#D4D1BE
e0c7ba7715e8b4b3563c,4, #AFAC9B
e0ccb1510a332c77d0df,14, #151C1B
e0ccb1510a332c77d0df,4, #BCB8A1
e0ccb1510a332c77d0df,35, #56594A
e0ccb1510a332c77d0df,18,#373C31
e0ccb1510a332c77d0df,0, #E0DAC1
e0ccb1510a332c77d0df,26, #848471
e0d6fe0e572e69aedd9c,1, #CFBD78
e0d6fe0e572e69aedd9c,0, #E2DA9F
e0d6fe0e572e69aedd9c,4, #BA9E53
e0d6fe0e572e69aedd9c,1, #92762B
e0d6fe0e572e69aedd9c,34,#524C35
e0d6fe0e572e69aedd9c,58, #2A2517
e0da85c75e3f82ace84b,34,#C8BA9A
e0da85c75e3f82ace84b,11, #655645
e0da85c75e3f82ace84b,3, #483728
e0da85c75e3f82ace84b,3, #322016
e0da85c75e3f82ace84b,9, #897D69
e0da85c75e3f82ace84b,11, #AA9F85
e0da85c75e3f82ace84b,25, #E4D3AE
e0df3ca18e92b6265e0a,19, #686456
e0df3ca18e92b6265e0a,19, #D1C8B1
e0df3ca18e92b6265e0a,14, #938D7B
e0df3ca18e92b6265e0a,8, #B0A995
e0df3ca18e92b6265e0a,5, #403E36
e0df3ca18e92b6265e0a,31,#F6F3E1
e0e411d34d3db474fd22,7, #837863
e0e411d34d3db474fd22,1,#F8F7F0
e0e411d34d3db474fd22,14, #B4A990
e0e411d34d3db474fd22,5, #4E4436
e0e411d34d3db474fd22,71, #DDD6C1
e0e411d34d3db474fd22,0, #19120B
e0e7ba4e47977acdf791,17, #B7B09E
e0e7ba4e47977acdf791,17,#F1E8D6
e0e7ba4e47977acdf791,16, #6B6558
e0e7ba4e47977acdf791,1, #4A453A
e0e7ba4e47977acdf791,27, #928C7C
e0e7ba4e47977acdf791,18, #D2CAB7
e0ea10e9aab7d7ee152d,20, #1F2629
e0ea10e9aab7d7ee152d,34, #F2F1EC
e0ea10e9aab7d7ee152d,3,#A9AEA8
e0ea10e9aab7d7ee152d,9, #738077
e0ea10e9aab7d7ee152d,1, #CDCFCA
e0ea10e9aab7d7ee152d,30, #4F5C55
e0fa1aa6ee0bdb9d7c5b,36, #AAA090
e0fa1aa6ee0bdb9d7c5b,35, #7A7465
e0fa1aa6ee0bdb9d7c5b,2, #4F3F2D
e0fa1aa6ee0bdb9d7c5b,9, #C0B8A6
e0fa1aa6ee0bdb9d7c5b,14,#665C4B
e0fa1aa6ee0bdb9d7c5b,0, #D1CAB7
e10789bf577a6e03f0fa,3, #434037
e10789bf577a6e03f0fa,18, #DED8C8
e10789bf577a6e03f0fa,18, #C4BEAF
e10789bf577a6e03f0fa,2, #F4EFDF
e10789bf577a6e03f0fa,24,#A39E90
e10789bf577a6e03f0fa,16, #837F72
e10789bf577a6e03f0fa,16, #666355
e11a0636ff9ae04893a5,5, #BAB085
e11a0636ff9ae04893a5,28,#4C422B
e11a0636ff9ae04893a5,0, #A4674A
e11a0636ff9ae04893a5,28, #201F13
e11a0636ff9ae04893a5,0, #CCC49A
e11a0636ff9ae04893a5,11, #8D8A73
e11a0636ff9ae04893a5,24, #6A644C
e11d4f747db8fb576ce2,6, #E7DECA
e11d4f747db8fb576ce2,22, #827E70
e11d4f747db8fb576ce2,11, #D2CAB7
e11d4f747db8fb576ce2,22,#646156
e11d4f747db8fb576ce2,11, #414039
e11d4f747db8fb576ce2,26, #ADA692
e11f8b94b267b13871ee,17, #9B9E9F
e11f8b94b267b13871ee,15, #56585B
e11f8b94b267b13871ee,10, #7C7E7F
e11f8b94b267b13871ee,26, #BBC0C0
e11f8b94b267b13871ee,16, #333437
e11f8b94b267b13871ee,13,#DDDEDA
e12447ec13d11bd05ae1,17, #403E35
e12447ec13d11bd05ae1,19, #D7D4C2
e12447ec13d11bd05ae1,4,#F7F7ED
e12447ec13d11bd05ae1,29, #626057
e12447ec13d11bd05ae1,18, #8A877B
e12447ec13d11bd05ae1,10, #B1AE9E
e12fa5c16e3f65f152db,9,#0B0907
e12fa5c16e3f65f152db,6, #DACA94
e12fa5c16e3f65f152db,38, #341C17
e12fa5c16e3f65f152db,5, #AD9E73
e12fa5c16e3f65f152db,36, #624637
e12fa5c16e3f65f152db,3, #8E7B56
e133b605d484f8763d4c,2, #45433A
e133b605d484f8763d4c,4, #89877A
e133b605d484f8763d4c,1, #ACA99C
e133b605d484f8763d4c,87,#E4DFCF
e133b605d484f8763d4c,2, #6B685C
e133b605d484f8763d4c,2, #C4C1B3
e135780e4bd2c4178a95,20, #3B3734
e135780e4bd2c4178a95,25, #B8B1A5
e135780e4bd2c4178a95,16, #968F85
e135780e4bd2c4178a95,15, #69625B
e135780e4bd2c4178a95,1,#FCFAEC
e135780e4bd2c4178a95,20, #DCD4C4
e137440ed5688ddeae7c,47,#F8F6EC
e137440ed5688ddeae7c,3, #4F4233
e137440ed5688ddeae7c,14, #BAB29E
e137440ed5688ddeae7c,0, #17120A
e137440ed5688ddeae7c,6, #988C73
e137440ed5688ddeae7c,24, #E1D8C4
e137440ed5688ddeae7c,2, #776D5B
e1419c12a96c97449e12,7, #BBB0A4
e1419c12a96c97449e12,1, #D3D0CE
e1419c12a96c97449e12,2,#EFEDED
e1419c12a96c97449e12,63, #3E2D27
e1419c12a96c97449e12,11, #685749
e1419c12a96c97449e12,13, #90816F
e146616fd211feafcafc,7, #6D5A45
e146616fd211feafcafc,2, #493325
e146616fd211feafcafc,45,#E0DCC3
e146616fd211feafcafc,7, #8B7E67
e146616fd211feafcafc,6, #A89A7B
e146616fd211feafcafc,29, #C2BAA2
e14a3412440b59dd8bff,9, #988C7A
e14a3412440b59dd8bff,14, #EDE4D4
e14a3412440b59dd8bff,5, #7D7769
e14a3412440b59dd8bff,20, #B4AB99
e14a3412440b59dd8bff,3, #3E3C34
e14a3412440b59dd8bff,33,#D2CABC
e14a3412440b59dd8bff,12, #5B564C
e14f84692bf627e95e1c,3, #614E41
e14f84692bf627e95e1c,6, #B9AC92
e14f84692bf627e95e1c,78,#D7CEB6
e14f84692bf627e95e1c,4, #9A8971
e14f84692bf627e95e1c,3, #402C22
e14f84692bf627e95e1c,3, #7E6F5B
e14f84692bf627e95e1c,0, #FBF9EF
e15157e803e87be661f3,25, #402819
e15157e803e87be661f3,0, #C9BB90
e15157e803e87be661f3,1, #B29F70
e15157e803e87be661f3,3, #7E6637
e15157e803e87be661f3,2, #957E4E
e15157e803e87be661f3,34,#20170F
e15157e803e87be661f3,33, #734524
e15503ef91e6ef97e68e,0, #535047
e15503ef91e6ef97e68e,6, #6D5224
e15503ef91e6ef97e68e,61, #392F1B
e15503ef91e6ef97e68e,26,#19130C
e15503ef91e6ef97e68e,3, #7E6D4D
e15503ef91e6ef97e68e,1, #988764
e1586863eec855c3eda4,56, #483D23
e1586863eec855c3eda4,4, #BAAF89
e1586863eec855c3eda4,3, #9E906B
e1586863eec855c3eda4,12,#7A6644
e1586863eec855c3eda4,0, #D1CDAA
e1586863eec855c3eda4,21, #21190C
e16489e16317507c76f8,16, #6F6956
e16489e16317507c76f8,25, #DFD5B7
e16489e16317507c76f8,20,#8E8771
e16489e16317507c76f8,7, #514C3E
e16489e16317507c76f8,22, #B3AA90
e16489e16317507c76f8,7, #F9F6E4
e1675ec3d9fb34d9d893,3, #B3A691
e1675ec3d9fb34d9d893,2, #918472
e1675ec3d9fb34d9d893,8, #CFC6B3
e1675ec3d9fb34d9d893,6, #6A5846
e1675ec3d9fb34d9d893,9,#33261F
e1675ec3d9fb34d9d893,68, #E6E3D8
e179e4f3b13e4b42d501,15, #B7B0A0
e179e4f3b13e4b42d501,17, #D7D0BE
e179e4f3b13e4b42d501,2,#F7F5E8
e179e4f3b13e4b42d501,17, #504D42
e179e4f3b13e4b42d501,14, #9B9587
e179e4f3b13e4b42d501,31, #7B7668
e180a334ea6d45334afb,1, #E0C885
e180a334ea6d45334afb,1, #FBFCF7
e180a334ea6d45334afb,25, #1A140C
e180a334ea6d45334afb,4, #D6D4C2
e180a334ea6d45334afb,2, #C4A76D
e180a334ea6d45334afb,27, #8F8462
e180a334ea6d45334afb,37,#53462E
e1834b8690bbfd356afa,6, #C6C197
e1834b8690bbfd356afa,43,#453E1A
e1834b8690bbfd356afa,9, #201B0D
e1834b8690bbfd356afa,16, #596040
e1834b8690bbfd356afa,5, #7E5420
e1834b8690bbfd356afa,11, #7F7548
e1834b8690bbfd356afa,7, #93926D
e184c4796ff356b084c0,13, #726D5F
e184c4796ff356b084c0,4,#F9F4E8
e184c4796ff356b084c0,8, #938C7E
e184c4796ff356b084c0,42, #B7AF9E
e184c4796ff356b084c0,9, #423D33
e184c4796ff356b084c0,20, #DFD6C2
e18d08f699711be3ae2a,5, #7E7671
e18d08f699711be3ae2a,0, #453F3E
e18d08f699711be3ae2a,17, #A09992
e18d08f699711be3ae2a,30, #D4C4AF
e18d08f699711be3ae2a,44,#F5EDDF
e18d08f699711be3ae2a,2, #5F5755
e18dcf505d545b423d5c,12, #A69D85
e18dcf505d545b423d5c,1, #CCC5AD
e18dcf505d545b423d5c,0,#FFFFFD
e18dcf505d545b423d5c,52, #6A6251
e18dcf505d545b423d5c,24, #8E7F61
e18dcf505d545b423d5c,8, #E8E7D8
e191bd69d83575b3e91f,3, #5F5042
e191bd69d83575b3e91f,0, #F3F2EB
e191bd69d83575b3e91f,47,#C8C1A6
e191bd69d83575b3e91f,26, #DCDACB
e191bd69d83575b3e91f,3, #382A20
e191bd69d83575b3e91f,10, #AC9F83
e191bd69d83575b3e91f,8, #847765
e191c1d326bdc69ad8d0,1,#FEFDF0
e191c1d326bdc69ad8d0,25, #666359
e191c1d326bdc69ad8d0,19, #3A3A33
e191c1d326bdc69ad8d0,11, #C7C1AB
e191c1d326bdc69ad8d0,32, #E9E4CF
e191c1d326bdc69ad8d0,9, #9C9786
e19f50d34a5918edda85,0, #72715E
e19f50d34a5918edda85,27, #81857F
e19f50d34a5918edda85,31,#63593C
e19f50d34a5918edda85,2, #9B8C63
e19f50d34a5918edda85,14, #403729
e19f50d34a5918edda85,19, #AFA483
e19f50d34a5918edda85,3, #84693D
e1a91112224ea1062c6b,47,#161711
e1a91112224ea1062c6b,5, #5D5237
e1a91112224ea1062c6b,0, #CCBD95
e1a91112224ea1062c6b,3, #8B7653
e1a91112224ea1062c6b,8, #B39B72
e1a91112224ea1062c6b,34, #4A3923
e1b96c1d380d2aec754f,2,#E1DCCA
e1b96c1d380d2aec754f,13, #726F63
e1b96c1d380d2aec754f,4, #525046
e1b96c1d380d2aec754f,12, #969385
e1b96c1d380d2aec754f,62, #F5F4E8
e1b96c1d380d2aec754f,5, #BFB8A3
e1b9f2ec615ab5e331fb,0, #DBC288
e1b9f2ec615ab5e331fb,4, #B3996D
e1b9f2ec615ab5e331fb,20, #876C4A
e1b9f2ec615ab5e331fb,9, #32261A
e1b9f2ec615ab5e331fb,27, #634431
e1b9f2ec615ab5e331fb,0, #F0DCA0
e1b9f2ec615ab5e331fb,36,#070504
e1c1fff52f5122e26c88,31, #948B79
e1c1fff52f5122e26c88,10, #B0A895
e1c1fff52f5122e26c88,5,#E6E0C9
e1c1fff52f5122e26c88,3, #CCC5AB
e1c1fff52f5122e26c88,30, #7A6F60
e1c1fff52f5122e26c88,19, #574A3F
e1c725b28fdd94175abd,0, #D9CFAB
e1c725b28fdd94175abd,16, #786A46
e1c725b28fdd94175abd,7, #A18E67
e1c725b28fdd94175abd,44,#292216
e1c725b28fdd94175abd,1, #C3B790
e1c725b28fdd94175abd,29, #55472C
e1d20a98d8b0630ee015,8, #93866E
e1d20a98d8b0630ee015,15, #462A1C
e1d20a98d8b0630ee015,2, #A9A083
e1d20a98d8b0630ee015,18, #7E663F
e1d20a98d8b0630ee015,9, #5B4633
e1d20a98d8b0630ee015,45,#1A110C
e1d8b26ab12dc84f72e1,11, #634816
e1d8b26ab12dc84f72e1,1, #CCAE55
e1d8b26ab12dc84f72e1,74,#281B0C
e1d8b26ab12dc84f72e1,1, #7B703A
e1d8b26ab12dc84f72e1,5, #996A1C
e1d8b26ab12dc84f72e1,0, #E0CF81
e1d8b26ab12dc84f72e1,4, #AC8E3E
e1e038d0e866bdea313b,44, #D5CFB9
e1e038d0e866bdea313b,2, #7C7769
e1e038d0e866bdea313b,1, #5B574A
e1e038d0e866bdea313b,0, #3D382E
e1e038d0e866bdea313b,5,#ADA897
e1e038d0e866bdea313b,46, #F6F1DC
e1ed81b641491e889009,6, #AC915B
e1ed81b641491e889009,8, #DBC282
e1ed81b641491e889009,45, #553E2B
e1ed81b641491e889009,30,#19150F
e1ed81b641491e889009,7, #8D5D3E
e1ed81b641491e889009,2, #F7EAC0
e1f26b47dbea64081a4e,0, #6C6150
e1f26b47dbea64081a4e,5, #91846D
e1f26b47dbea64081a4e,7, #F8F7EF
e1f26b47dbea64081a4e,2, #534536
e1f26b47dbea64081a4e,2, #2F2517
e1f26b47dbea64081a4e,26, #BAB09B
e1f26b47dbea64081a4e,55,#E3DAC3
e1f8aac897c8a18eb7f5,0, #0E0B06
e1f8aac897c8a18eb7f5,3, #7C7566
e1f8aac897c8a18eb7f5,45,#F7F5EA
e1f8aac897c8a18eb7f5,34, #CDC5B3
e1f8aac897c8a18eb7f5,3, #5A5346
e1f8aac897c8a18eb7f5,9, #A19883
e1f8aac897c8a18eb7f5,2, #32281B
e1f939af7252e436903d,30, #675A3B
e1f939af7252e436903d,6, #B4A77D
e1f939af7252e436903d,4, #94895F
e1f939af7252e436903d,13,#4E3A22
e1f939af7252e436903d,0, #D6C293
e1f939af7252e436903d,45, #1D170D
e1fc0b9586e4dcdc9bf0,0, #3E321C
e1fc0b9586e4dcdc9bf0,3, #906A5E
e1fc0b9586e4dcdc9bf0,7,#9F9783
e1fc0b9586e4dcdc9bf0,2, #675947
e1fc0b9586e4dcdc9bf0,16, #C6BDA4
e1fc0b9586e4dcdc9bf0,70, #F2EEDE
e20277ad59d0989951f6,10, #BCB7A0
e20277ad59d0989951f6,20, #9B947F
e20277ad59d0989951f6,16, #D0CDBB
e20277ad59d0989951f6,45,#EDEADD
e20277ad59d0989951f6,2, #7E7353
e20277ad59d0989951f6,3, #605840
e2067131acd53f76e257,12, #2B2A28
e2067131acd53f76e257,10, #010101
e2067131acd53f76e257,14, #555653
e2067131acd53f76e257,5, #161412
e2067131acd53f76e257,12, #4D443F
e2067131acd53f76e257,27,#86817B
e2067131acd53f76e257,16, #6B6863
e206a4709a399fc36bd5,22,#B3A58D
e206a4709a399fc36bd5,25, #C8C3B6
e206a4709a399fc36bd5,20, #2B2625
e206a4709a399fc36bd5,10, #797678
e206a4709a399fc36bd5,11, #504C4F
e206a4709a399fc36bd5,10, #ECEADC
e2180997d59226854bc5,20,#F3F2E5
e2180997d59226854bc5,2, #7E6F58
e2180997d59226854bc5,3, #A19782
e2180997d59226854bc5,7, #C4BA9A
e2180997d59226854bc5,64, #E0DBC1
e2180997d59226854bc5,1, #574635
e21b17921c38df9e3924,17, #856B52
e21b17921c38df9e3924,3, #FBF9F5
e21b17921c38df9e3924,4, #50463A
e21b17921c38df9e3924,38,#E8DFC9
e21b17921c38df9e3924,15, #CAC1AA
e21b17921c38df9e3924,19, #AA997A
e21b17921c38df9e3924,0, #BE804C
e2248694b1c7267c1b71,43,#F8F7F3
e2248694b1c7267c1b71,8, #6E6A61
e2248694b1c7267c1b71,6, #4E4B43
e2248694b1c7267c1b71,17, #D7D2C9
e2248694b1c7267c1b71,8, #B8B1A3
e2248694b1c7267c1b71,1, #33312B
e2248694b1c7267c1b71,15, #918C83
e2304bcfd24245709fe4,12, #89847C
e2304bcfd24245709fe4,7, #3A3935
e2304bcfd24245709fe4,26, #B3AEA4
e2304bcfd24245709fe4,0,#FEFEF9
e2304bcfd24245709fe4,34, #E2DCD2
e2304bcfd24245709fe4,17, #67635C
e2317561d323206586bc,7, #9D8A6F
e2317561d323206586bc,0, #C3B598
e2317561d323206586bc,0,#753016
e2317561d323206586bc,3, #736045
e2317561d323206586bc,81, #13110C
e2317561d323206586bc,6, #4D4031
e232a1e2a9c3cccac56f,47, #D8D3BE
e232a1e2a9c3cccac56f,0,#F8F5E4
e232a1e2a9c3cccac56f,27, #A5A090
e232a1e2a9c3cccac56f,7, #4F4E44
e232a1e2a9c3cccac56f,14, #777467
e232a1e2a9c3cccac56f,2, #303029
e241972ab8bae5bdbda8,1, #C7C0B0
e241972ab8bae5bdbda8,41, #F9F4E5
e241972ab8bae5bdbda8,0, #6F685E
e241972ab8bae5bdbda8,53,#E1D8C5
e241972ab8bae5bdbda8,1, #8D867A
e241972ab8bae5bdbda8,0, #575149
e241972ab8bae5bdbda8,2, #AFA799
e246bba44243ffe15b02,1,#F7F5EE
e246bba44243ffe15b02,16, #4B4B42
e246bba44243ffe15b02,27, #959288
e246bba44243ffe15b02,15, #BCB8AE
e246bba44243ffe15b02,22, #D7D3C8
e246bba44243ffe15b02,16, #76746A
e249aa5203c4a5e48af5,0,#FDF7E7
e249aa5203c4a5e48af5,0, #582F18
e249aa5203c4a5e48af5,14, #8F7D6D
e249aa5203c4a5e48af5,5, #705237
e249aa5203c4a5e48af5,18, #B9AFA2
e249aa5203c4a5e48af5,58, #DFD9C9
e251945da6f956d6f197,9, #908980
e251945da6f956d6f197,20, #A69E95
e251945da6f956d6f197,17, #58524D
e251945da6f956d6f197,8, #EEE4DA
e251945da6f956d6f197,0, #35312E
e251945da6f956d6f197,31,#C3BAB2
e251945da6f956d6f197,12, #7A736B
e254e48f5547c2f43033,2, #2D2110
e254e48f5547c2f43033,20, #A7A191
e254e48f5547c2f43033,7, #888479
e254e48f5547c2f43033,52,#CDC8B7
e254e48f5547c2f43033,3, #EFEFED
e254e48f5547c2f43033,6, #726B5D
e254e48f5547c2f43033,6, #4C4233
e259aa2df63b4b40411c,76,#17140B
e259aa2df63b4b40411c,1, #8E7E60
e259aa2df63b4b40411c,17, #4B2E1B
e259aa2df63b4b40411c,0, #B4A783
e259aa2df63b4b40411c,0, #454637
e259aa2df63b4b40411c,3, #735E41
e27319928cf27c0fcf7b,5, #A1998F
e27319928cf27c0fcf7b,42,#CBC6B6
e27319928cf27c0fcf7b,5, #3F3A37
e27319928cf27c0fcf7b,9, #58524E
e27319928cf27c0fcf7b,9, #24201D
e27319928cf27c0fcf7b,21, #F0ECDD
e27319928cf27c0fcf7b,6, #79736E
e278daefce027a4404c3,6,#FBF7EF
e278daefce027a4404c3,21, #D2CDC3
e278daefce027a4404c3,8, #5F595A
e278daefce027a4404c3,28, #7E7876
e278daefce027a4404c3,6, #3F3A3C
e278daefce027a4404c3,28, #A5A09B
e27aa3afc6722364b04d,18, #8E887B
e27aa3afc6722364b04d,0, #3F3C35
e27aa3afc6722364b04d,20, #B6B0A0
e27aa3afc6722364b04d,4, #534F46
e27aa3afc6722364b04d,35,#D8D1C0
e27aa3afc6722364b04d,10, #F7F4E9
e27aa3afc6722364b04d,9, #6C675C
e27b6df7b9dd474e69d9,1, #574D42
e27b6df7b9dd474e69d9,11, #726351
e27b6df7b9dd474e69d9,0, #38332D
e27b6df7b9dd474e69d9,12, #AFA18B
e27b6df7b9dd474e69d9,47,#90806B
e27b6df7b9dd474e69d9,21, #E3DDCB
e27b6df7b9dd474e69d9,3, #C9BEA8
e27e9336c2c56487cc9c,50, #62472C
e27e9336c2c56487cc9c,21, #453020
e27e9336c2c56487cc9c,3, #7A6A43
e27e9336c2c56487cc9c,0, #B0A67A
e27e9336c2c56487cc9c,3,#948458
e27e9336c2c56487cc9c,20, #241811
e290f1440bbc469805fc,1,#D3CFC5
e290f1440bbc469805fc,92, #F3F0E7
e290f1440bbc469805fc,0, #9D9A92
e290f1440bbc469805fc,0, #B4B1AA
e290f1440bbc469805fc,2, #535049
e290f1440bbc469805fc,1, #7A776E
e29a409d139cf3cc61a2,2,#D3C6AC
e29a409d139cf3cc61a2,6, #F2EFE5
e29a409d139cf3cc61a2,41, #4B4134
e29a409d139cf3cc61a2,14, #B7A78E
e29a409d139cf3cc61a2,17, #938D80
e29a409d139cf3cc61a2,17, #786752
e2a26af39b3d90749c00,1, #2E3832
e2a26af39b3d90749c00,61, #342313
e2a26af39b3d90749c00,0, #938970
e2a26af39b3d90749c00,27,#090805
e2a26af39b3d90749c00,1, #71684F
e2a26af39b3d90749c00,7, #614D30
e2a7b282280584e6d079,7, #867F6A
e2a7b282280584e6d079,3, #6C5F48
e2a7b282280584e6d079,54,#A39884
e2a7b282280584e6d079,4, #2C2714
e2a7b282280584e6d079,7, #0E0903
e2a7b282280584e6d079,14, #534D33
e2a7b282280584e6d079,8, #403D1F
e2ba7fd594c26db477fc,5, #E1D29F
e2ba7fd594c26db477fc,15, #826956
e2ba7fd594c26db477fc,41,#51392A
e2ba7fd594c26db477fc,8, #F2EFDA
e2ba7fd594c26db477fc,0, #140D0B
e2ba7fd594c26db477fc,0, #ACB3C4
e2ba7fd594c26db477fc,28, #9A9381
e2bb998ac5cc22dc7a1a,4, #7D847F
e2bb998ac5cc22dc7a1a,12, #D4D3C3
e2bb998ac5cc22dc7a1a,30, #94642A
e2bb998ac5cc22dc7a1a,27, #C39C4E
e2bb998ac5cc22dc7a1a,20, #434848
e2bb998ac5cc22dc7a1a,4,#222118
e2bef4098d855864b50c,18, #D9D2C2
e2bef4098d855864b50c,2, #303029
e2bef4098d855864b50c,31,#716E63
e2bef4098d855864b50c,13, #B8B2A2
e2bef4098d855864b50c,21, #9A9688
e2bef4098d855864b50c,10, #4A4941
e2bef4098d855864b50c,2, #FAF8EB
e2c26c02b671be3e06ef,5, #776859
e2c26c02b671be3e06ef,3, #968879
e2c26c02b671be3e06ef,24, #C0B9AA
e2c26c02b671be3e06ef,3, #AA9D90
e2c26c02b671be3e06ef,0, #5F4939
e2c26c02b671be3e06ef,62,#D8D3C2
e2c29fcedd62bf4b1b9a,0, #C0AD74
e2c29fcedd62bf4b1b9a,7, #735C32
e2c29fcedd62bf4b1b9a,2, #8F723F
e2c29fcedd62bf4b1b9a,2, #A1874E
e2c29fcedd62bf4b1b9a,85,#3D3124
e2c29fcedd62bf4b1b9a,1, #1F1C16
e2c29fcedd62bf4b1b9a,0, #B19D64
e2c33b25d48966446153,22, #733740
e2c33b25d48966446153,0, #E0396A
e2c33b25d48966446153,0, #FCFCFC
e2c33b25d48966446153,15, #99948A
e2c33b25d48966446153,12, #B9B8B3
e2c33b25d48966446153,3, #88745A
e2c33b25d48966446153,44,#1C150E
e2c34fe3594386b40c1a,15, #878375
e2c34fe3594386b40c1a,3, #393830
e2c34fe3594386b40c1a,0,#FEFCF0
e2c34fe3594386b40c1a,25, #5E5B50
e2c34fe3594386b40c1a,18, #B5AF9F
e2c34fe3594386b40c1a,36, #E2DCC9
e2c95b4919157b779d84,10, #5C5C5D
e2c95b4919157b779d84,8, #393838
e2c95b4919157b779d84,13, #818082
e2c95b4919157b779d84,16, #A8A7AB
e2c95b4919157b779d84,7, #1B1B1A
e2c95b4919157b779d84,35,#CFCED3
e2c95b4919157b779d84,8, #E9E8EC
e2cdc7b99a48ffc28a44,3, #473429
e2cdc7b99a48ffc28a44,34,#969286
e2cdc7b99a48ffc28a44,32, #B9AE98
e2cdc7b99a48ffc28a44,10, #837E72
e2cdc7b99a48ffc28a44,2, #584635
e2cdc7b99a48ffc28a44,6, #5B5449
e2cdc7b99a48ffc28a44,11, #7C6D59
e2ce423765c1d162bb9e,6,#F3F0DB
e2ce423765c1d162bb9e,10, #7E7262
e2ce423765c1d162bb9e,43, #1F1715
e2ce423765c1d162bb9e,18, #584B40
e2ce423765c1d162bb9e,13, #A8A088
e2ce423765c1d162bb9e,6, #D1CBAC
e2d00f5f1411c1f89746,0, #595649
e2d00f5f1411c1f89746,1, #948F7C
e2d00f5f1411c1f89746,77,#E7E2CC
e2d00f5f1411c1f89746,8, #CBC3AB
e2d00f5f1411c1f89746,4, #A8A492
e2d00f5f1411c1f89746,2, #F9F9EE
e2d00f5f1411c1f89746,3, #7A7666
e2d52c6585d8b04ae215,85,#F1EDE2
e2d52c6585d8b04ae215,3, #A7A498
e2d52c6585d8b04ae215,2, #666257
e2d52c6585d8b04ae215,1, #868276
e2d52c6585d8b04ae215,3, #CDCABF
e2d52c6585d8b04ae215,2, #454137
e2d93a40bfa360440756,19, #76736A
e2d93a40bfa360440756,31,#E0DCD2
e2d93a40bfa360440756,11, #57554C
e2d93a40bfa360440756,11, #949188
e2d93a40bfa360440756,22, #B8B4AC
e2d93a40bfa360440756,1, #3F3D35
e2d93a40bfa360440756,2, #FBF8ED
e2e7dd2ecc1ff10d249b,0,#C5B577
e2e7dd2ecc1ff10d249b,9, #73663C
e2e7dd2ecc1ff10d249b,74, #4E3E27
e2e7dd2ecc1ff10d249b,1, #A5935B
e2e7dd2ecc1ff10d249b,12, #242019
e2e7dd2ecc1ff10d249b,1, #96713A
e2ed0da3f6a40220afc5,62,#F5F1E2
e2ed0da3f6a40220afc5,3, #605C51
e2ed0da3f6a40220afc5,17, #D6D0B8
e2ed0da3f6a40220afc5,4, #7E7A6B
e2ed0da3f6a40220afc5,3, #BBB6A2
e2ed0da3f6a40220afc5,7, #9F9A8A
e2ed0da3f6a40220afc5,1, #49463C
e2fb6f1690294ebd8f4b,3, #28261D
e2fb6f1690294ebd8f4b,18, #80806B
e2fb6f1690294ebd8f4b,24, #67593A
e2fb6f1690294ebd8f4b,39,#9D9D85
e2fb6f1690294ebd8f4b,7, #443827
e2fb6f1690294ebd8f4b,6, #C6C4AE
e304d4acf80fb7a4584f,0, #A08E68
e304d4acf80fb7a4584f,11, #3D3E2D
e304d4acf80fb7a4584f,57,#51201A
e304d4acf80fb7a4584f,14, #141210
e304d4acf80fb7a4584f,7, #56584C
e304d4acf80fb7a4584f,1, #817054
e304d4acf80fb7a4584f,6, #79462A
e3084aaea641502ae25e,2, #6B5949
e3084aaea641502ae25e,9, #DFD6BA
e3084aaea641502ae25e,6, #F4EDD6
e3084aaea641502ae25e,23, #867665
e3084aaea641502ae25e,22, #CABEA2
e3084aaea641502ae25e,33,#AC9D84
e3084aaea641502ae25e,0, #5A4737
e3089a0b120704ead58e,3, #6E8175
e3089a0b120704ead58e,16, #AC9E66
e3089a0b120704ead58e,2, #DAC796
e3089a0b120704ead58e,21, #151412
e3089a0b120704ead58e,1, #4E2C0E
e3089a0b120704ead58e,8, #897434
e3089a0b120704ead58e,44,#475850
e30ff553bd3384eae4ef,0,#DBD190
e30ff553bd3384eae4ef,6, #BEB35E
e30ff553bd3384eae4ef,46, #574731
e30ff553bd3384eae4ef,30, #726C55
e30ff553bd3384eae4ef,10, #AC874B
e30ff553bd3384eae4ef,4, #302D21
e313886a571551c271b6,2, #5E5C52
e313886a571551c271b6,3, #7D7A6F
e313886a571551c271b6,0, #413F36
e313886a571551c271b6,4, #9B988B
e313886a571551c271b6,83,#ECE9D7
e313886a571551c271b6,5, #BDBAAC
e317f350ebf57a77bf42,20, #9F9B92
e317f350ebf57a77bf42,16, #C9C4B9
e317f350ebf57a77bf42,23, #7A776E
e317f350ebf57a77bf42,14,#F5F2E6
e317f350ebf57a77bf42,23, #56544C
e317f350ebf57a77bf42,2, #373630
e31cc9aee5a5bc33313e,10, #ACA795
e31cc9aee5a5bc33313e,14, #3C3A30
e31cc9aee5a5bc33313e,16, #D6D0BE
e31cc9aee5a5bc33313e,13, #5D594C
e31cc9aee5a5bc33313e,19, #837E6E
e31cc9aee5a5bc33313e,26,#F7F4E4
e3241636d75bced6da95,8, #A0957E
e3241636d75bced6da95,55,#F7F5ED
e3241636d75bced6da95,22, #DAD3C0
e3241636d75bced6da95,0, #1E180F
e3241636d75bced6da95,4, #504537
e3241636d75bced6da95,4, #776E5D
e3241636d75bced6da95,4, #BAB2A0
e32f3f313b0c8a3bed4a,11, #8C8678
e32f3f313b0c8a3bed4a,3, #EFE6D5
e32f3f313b0c8a3bed4a,9, #A7A090
e32f3f313b0c8a3bed4a,18, #C2BAAB
e32f3f313b0c8a3bed4a,15, #6D675A
e32f3f313b0c8a3bed4a,6, #464139
e32f3f313b0c8a3bed4a,34,#D8D0C4
e332b12b83b4115744c2,2, #A7905A
e332b12b83b4115744c2,0, #CAB27C
e332b12b83b4115744c2,0, #716030
e332b12b83b4115744c2,10, #956F21
e332b12b83b4115744c2,44,#784410
e332b12b83b4115744c2,26, #3A2D13
e332b12b83b4115744c2,14, #181308
e33420071f6686efbaa2,34,#28221A
e33420071f6686efbaa2,8, #8C8158
e33420071f6686efbaa2,7, #A49667
e33420071f6686efbaa2,23, #594223
e33420071f6686efbaa2,0, #786E49
e33420071f6686efbaa2,12, #BAAB7A
e33420071f6686efbaa2,12, #6F5E32
e33d028b19078a569c7b,22, #BDB5A5
e33d028b19078a569c7b,3, #44413B
e33d028b19078a569c7b,30, #8C8574
e33d028b19078a569c7b,34,#DDD7C8
e33d028b19078a569c7b,0, #F6F0E0
e33d028b19078a569c7b,9, #655F52
e33d028b19078a569c7b,0, #292825
e33f6545cef264df801f,9, #7C6445
e33f6545cef264df801f,0,#C8C4B3
e33f6545cef264df801f,22, #917E59
e33f6545cef264df801f,30, #59452D
e33f6545cef264df801f,10, #A79C82
e33f6545cef264df801f,26, #28231A
e343247f6f400cf8774a,10, #ADAC9B
e343247f6f400cf8774a,12, #949383
e343247f6f400cf8774a,14, #D0CCB9
e343247f6f400cf8774a,28,#F7F3DE
e343247f6f400cf8774a,8, #636355
e343247f6f400cf8774a,15, #7A7A6B
e343247f6f400cf8774a,9, #424236
e3462b6aa9b13ff3cf66,26, #B4B0A0
e3462b6aa9b13ff3cf66,10,#F8F5EE
e3462b6aa9b13ff3cf66,3, #55524B
e3462b6aa9b13ff3cf66,15, #6C6A61
e3462b6aa9b13ff3cf66,31, #DDD7C0
e3462b6aa9b13ff3cf66,12, #8B887B
e34d9176c302b9754bd7,15, #1B1811
e34d9176c302b9754bd7,13, #7B5230
e34d9176c302b9754bd7,0, #BCA66F
e34d9176c302b9754bd7,52,#412E1F
e34d9176c302b9754bd7,4, #9B7D4D
e34d9176c302b9754bd7,11, #53472F
e34d9176c302b9754bd7,1, #AE955E
e34f0ea54b24becae35c,2, #CDC5BE
e34f0ea54b24becae35c,60,#161517
e34f0ea54b24becae35c,10, #8B573B
e34f0ea54b24becae35c,19, #533F33
e34f0ea54b24becae35c,2, #A89F97
e34f0ea54b24becae35c,4, #947968
e357651d702c198ca6df,11, #9B9689
e357651d702c198ca6df,6, #DCD7C9
e357651d702c198ca6df,51,#F6F1E2
e357651d702c198ca6df,20, #6E695E
e357651d702c198ca6df,4, #4C4940
e357651d702c198ca6df,5, #C0BBAE
e35e579cf9ce89b2bf01,0, #F4F0D8
e35e579cf9ce89b2bf01,49, #16150E
e35e579cf9ce89b2bf01,13,#7E7963
e35e579cf9ce89b2bf01,7, #A69E80
e35e579cf9ce89b2bf01,27, #4B4936
e35e579cf9ce89b2bf01,1, #DDD2A7
e36ae2dfabfa5fe062ee,75, #D2CBB6
e36ae2dfabfa5fe062ee,4,#9C8F96
e36ae2dfabfa5fe062ee,6, #807163
e36ae2dfabfa5fe062ee,0, #725896
e36ae2dfabfa5fe062ee,5, #674D3B
e36ae2dfabfa5fe062ee,7, #362319
e36f0e1e2ba75b867475,7, #826A34
e36f0e1e2ba75b867475,31,#D2CAAF
e36f0e1e2ba75b867475,37, #ACA07D
e36f0e1e2ba75b867475,11, #584621
e36f0e1e2ba75b867475,1, #37270B
e36f0e1e2ba75b867475,10, #988960
e37883213e8d8b3ed162,50,#F4F2E8
e37883213e8d8b3ed162,28, #D1CDB6
e37883213e8d8b3ed162,3, #B0AC97
e37883213e8d8b3ed162,4, #615E4F
e37883213e8d8b3ed162,8, #878472
e37883213e8d8b3ed162,4, #3C3A30
e37d27790a28f5fad9bd,10, #CBCCC6
e37d27790a28f5fad9bd,17, #A2A39E
e37d27790a28f5fad9bd,25,#6B6B66
e37d27790a28f5fad9bd,11, #21221D
e37d27790a28f5fad9bd,22, #3E3F3A
e37d27790a28f5fad9bd,12, #F5F5F2
e37e31295069cae6b0f7,7,#F5ECD6
e37e31295069cae6b0f7,12, #B6B0A0
e37e31295069cae6b0f7,11, #3C3B35
e37e31295069cae6b0f7,11, #908B7E
e37e31295069cae6b0f7,38, #DBD4C0
e37e31295069cae6b0f7,19, #67655A
e37ef579d70ddecfc956,27, #D7CCAE
e37ef579d70ddecfc956,6, #434034
e37ef579d70ddecfc956,13, #B4A88A
e37ef579d70ddecfc956,29, #6F6855
e37ef579d70ddecfc956,10, #978F79
e37ef579d70ddecfc956,12,#F8F5E6
e381f66e581bd14366e7,55,#16120D
e381f66e581bd14366e7,1, #CEC285
e381f66e581bd14366e7,19, #4C4420
e381f66e581bd14366e7,9, #AD9D63
e381f66e581bd14366e7,6, #867A49
e381f66e581bd14366e7,8, #6B5F32
e3830220349f5186d27d,14, #746F61
e3830220349f5186d27d,20, #46443A
e3830220349f5186d27d,29, #D8D3C1
e3830220349f5186d27d,13,#F8F7EB
e3830220349f5186d27d,10, #918B7B
e3830220349f5186d27d,12, #B3AD9B
e386204a746eff21af01,23,#EFE9D7
e386204a746eff21af01,16, #797464
e386204a746eff21af01,0, #FEFEFD
e386204a746eff21af01,15, #DBD2BE
e386204a746eff21af01,3, #555143
e386204a746eff21af01,18, #A49E8E
e386204a746eff21af01,21, #C5BEAC
e39236de32ea62082e34,50, #EBE7D6
e39236de32ea62082e34,3, #45463A
e39236de32ea62082e34,12, #908F7F
e39236de32ea62082e34,7,#ACAA99
e39236de32ea62082e34,14, #6A6A5B
e39236de32ea62082e34,12, #C6C3B2
e397440e842cd4a5e396,2, #978550
e397440e842cd4a5e396,3, #6D5C31
e397440e842cd4a5e396,6, #4F3E1C
e397440e842cd4a5e396,11,#050402
e397440e842cd4a5e396,74, #251B0D
e397440e842cd4a5e396,1, #937432
e398ac3c0f1fecb4fa74,20, #868E7E
e398ac3c0f1fecb4fa74,9, #0E0C06
e398ac3c0f1fecb4fa74,8,#4B432B
e398ac3c0f1fecb4fa74,43, #332714
e398ac3c0f1fecb4fa74,1, #B2B197
e398ac3c0f1fecb4fa74,15, #7D6B43
e39bce0bbd29b9ca658d,17,#F2F1E6
e39bce0bbd29b9ca658d,8, #54534A
e39bce0bbd29b9ca658d,24, #747168
e39bce0bbd29b9ca658d,2, #393933
e39bce0bbd29b9ca658d,23, #C6C3B7
e39bce0bbd29b9ca658d,24, #A09D93
e39c125e550b5c094e55,38, #D2CABC
e39c125e550b5c094e55,17,#F7F1E7
e39c125e550b5c094e55,17, #ABA49A
e39c125e550b5c094e55,9, #807B71
e39c125e550b5c094e55,4, #3C3936
e39c125e550b5c094e55,12, #58534E
e39d2bffcbcdb682365d,20, #C7C2B4
e39d2bffcbcdb682365d,21, #A8A598
e39d2bffcbcdb682365d,36,#EDE8D7
e39d2bffcbcdb682365d,10, #858376
e39d2bffcbcdb682365d,1, #393832
e39d2bffcbcdb682365d,9, #5F5E53
e39f005ccbbae93cb209,0, #38291F
e39f005ccbbae93cb209,3, #8E7F6E
e39f005ccbbae93cb209,73, #D7D2BB
e39f005ccbbae93cb209,8, #AAA28D
e39f005ccbbae93cb209,10,#F9F9F7
e39f005ccbbae93cb209,2, #655240
e3a82dc08d0a0e682713,23,#493325
e3a82dc08d0a0e682713,22, #918461
e3a82dc08d0a0e682713,17, #1D130E
e3a82dc08d0a0e682713,2, #F6F6F1
e3a82dc08d0a0e682713,16, #B4A67C
e3a82dc08d0a0e682713,3, #E2D7AA
e3a82dc08d0a0e682713,13, #71644A
e3af3dffa8d488ee8ef4,5,#F6F6F3
e3af3dffa8d488ee8ef4,10, #BBB088
e3af3dffa8d488ee8ef4,55, #412C1A
e3af3dffa8d488ee8ef4,17, #4D4E49
e3af3dffa8d488ee8ef4,4, #837750
e3af3dffa8d488ee8ef4,6, #D0CFCA
e3b2c22196e4ed10c117,15, #786F54
e3b2c22196e4ed10c117,7, #96A2A1
e3b2c22196e4ed10c117,7, #5F553D
e3b2c22196e4ed10c117,3, #B1A88C
e3b2c22196e4ed10c117,10, #221F15
e3b2c22196e4ed10c117,18, #938665
e3b2c22196e4ed10c117,37,#413924
e3b46bef433a6409132f,11, #7C6941
e3b46bef433a6409132f,10,#655534
e3b46bef433a6409132f,16, #B2A271
e3b46bef433a6409132f,15, #94855B
e3b46bef433a6409132f,29, #282411
e3b46bef433a6409132f,16, #4D411C
e3b71adf6c8235527a96,16, #877A55
e3b71adf6c8235527a96,11, #6D8389
e3b71adf6c8235527a96,8, #A1A192
e3b71adf6c8235527a96,3, #4E5D63
e3b71adf6c8235527a96,25, #222017
e3b71adf6c8235527a96,2, #D0C79A
e3b71adf6c8235527a96,31,#4F4330
e3d2a4b871d9ba1facbb,13, #978F7F
e3d2a4b871d9ba1facbb,5, #756D5F
e3d2a4b871d9ba1facbb,3, #564F44
e3d2a4b871d9ba1facbb,53, #CEC5B2
e3d2a4b871d9ba1facbb,24,#F4ECD4
e3d2a4b871d9ba1facbb,0, #3B372E
e3d445c8a02f958e0f75,12, #FCFAE5
e3d445c8a02f958e0f75,22, #AFA688
e3d445c8a02f958e0f75,10, #514C36
e3d445c8a02f958e0f75,13, #7C755A
e3d445c8a02f958e0f75,8, #1F1D11
e3d445c8a02f958e0f75,32,#E0D3B2
e3d65ee9e374cae4f70b,13, #B1A891
e3d65ee9e374cae4f70b,17, #817763
e3d65ee9e374cae4f70b,22, #3A3931
e3d65ee9e374cae4f70b,13,#EEE5CC
e3d65ee9e374cae4f70b,19, #575449
e3d65ee9e374cae4f70b,14, #CFC8B4
e3d731a018e92d542aff,4, #EAE2D5
e3d731a018e92d542aff,28, #C2AA93
e3d731a018e92d542aff,0,#4F4942
e3d731a018e92d542aff,41, #957C69
e3d731a018e92d542aff,24, #D9CAB8
e3d731a018e92d542aff,0, #FCF8ED
e3daac30ff8f027ef31b,18, #F7F6ED
e3daac30ff8f027ef31b,25, #DBD2B8
e3daac30ff8f027ef31b,5, #706656
e3daac30ff8f027ef31b,10, #928C7E
e3daac30ff8f027ef31b,32,#B9B098
e3daac30ff8f027ef31b,7, #3C372F
e3e5f5c4921a517eff12,5, #EEEFE9
e3e5f5c4921a517eff12,10, #C8C9C4
e3e5f5c4921a517eff12,69, #ADADA6
e3e5f5c4921a517eff12,3,#989592
e3e5f5c4921a517eff12,3, #5C514A
e3e5f5c4921a517eff12,6, #807975
e3eb967ad90d0813fa8d,14, #868275
e3eb967ad90d0813fa8d,22, #B9B3A2
e3eb967ad90d0813fa8d,16, #D8D3C2
e3eb967ad90d0813fa8d,24,#5F5D51
e3eb967ad90d0813fa8d,5, #3A3A32
e3eb967ad90d0813fa8d,5, #A39E8F
e3eb967ad90d0813fa8d,12, #F8F7F2
e3edaeeae52472b683f4,16, #676458
e3edaeeae52472b683f4,18, #B4AE9F
e3edaeeae52472b683f4,23, #CFC9B7
e3edaeeae52472b683f4,13,#F0E7D3
e3edaeeae52472b683f4,5, #45443E
e3edaeeae52472b683f4,22, #969182
e3f0bdbe842cf519ee95,0, #837D68
e3f0bdbe842cf519ee95,1, #FEFDEC
e3f0bdbe842cf519ee95,84,#F1EBD8
e3f0bdbe842cf519ee95,7, #D9D1B9
e3f0bdbe842cf519ee95,0, #6C6553
e3f0bdbe842cf519ee95,5, #B1AB95
e3f0bdbe842cf519ee95,1, #999381
e3f29f152d8943d7f124,1, #7D756B
e3f29f152d8943d7f124,1,#B0A896
e3f29f152d8943d7f124,18, #C9C2B1
e3f29f152d8943d7f124,8, #544E49
e3f29f152d8943d7f124,67, #F0ECE2
e3f29f152d8943d7f124,2, #968E80
e3f97908c75af6915499,0, #ECE1B8
e3f97908c75af6915499,13, #BAA26F
e3f97908c75af6915499,23, #0B0F15
e3f97908c75af6915499,1, #D8C99C
e3f97908c75af6915499,13, #2E2B2E
e3f97908c75af6915499,13, #8F7048
e3f97908c75af6915499,34,#5D4E3F
e4017eed69d1e1a8739e,15, #9F9C8F
e4017eed69d1e1a8739e,1, #424039
e4017eed69d1e1a8739e,14, #5D5A50
e4017eed69d1e1a8739e,20, #BFBCAF
e4017eed69d1e1a8739e,11, #7A776B
e4017eed69d1e1a8739e,36,#E4E0D0
e4019dcc95022528fc5b,0,#FEFDF6
e4019dcc95022528fc5b,7, #3A352B
e4019dcc95022528fc5b,18, #9F9887
e4019dcc95022528fc5b,51, #D1CBB9
e4019dcc95022528fc5b,20, #6F6859
e4019dcc95022528fc5b,1, #15110B
e40666f9d5a805eeadc3,18, #9C9886
e40666f9d5a805eeadc3,1, #C0BEAE
e40666f9d5a805eeadc3,12,#5D5845
e40666f9d5a805eeadc3,54, #7C7660
e40666f9d5a805eeadc3,5, #3C392B
e40666f9d5a805eeadc3,8, #ADAB9B
e40e29f53e792ac3de85,13,#D2CCBF
e40e29f53e792ac3de85,12, #B2AEA0
e40e29f53e792ac3de85,47, #F2ECDF
e40e29f53e792ac3de85,3, #4B4C3F
e40e29f53e792ac3de85,10, #706F61
e40e29f53e792ac3de85,12, #918E80
e4151ee9b18e89b87fda,7, #574324
e4151ee9b18e89b87fda,8, #BDAD7A
e4151ee9b18e89b87fda,7, #876025
e4151ee9b18e89b87fda,4, #AE904C
e4151ee9b18e89b87fda,53, #2F2415
e4151ee9b18e89b87fda,18,#0E0A07
e418ce92414e38106bc1,5, #604A2C
e418ce92414e38106bc1,23, #3E2419
e418ce92414e38106bc1,49,#16140E
e418ce92414e38106bc1,3, #B79C6B
e418ce92414e38106bc1,8, #9A7E50
e418ce92414e38106bc1,3, #753726
e418ce92414e38106bc1,7, #805E3A
e4239cfe63afb33d9fac,11, #ACAC90
e4239cfe63afb33d9fac,15, #8F8B65
e4239cfe63afb33d9fac,29,#1F1A0F
e4239cfe63afb33d9fac,4, #5E5837
e4239cfe63afb33d9fac,4, #C6C4A0
e4239cfe63afb33d9fac,11, #473C27
e4239cfe63afb33d9fac,23, #717255
e42de6b44bddd7d6098e,3, #C1C0B3
e42de6b44bddd7d6098e,16, #A1A094
e42de6b44bddd7d6098e,15, #7A7A6F
e42de6b44bddd7d6098e,14, #4C4C43
e42de6b44bddd7d6098e,0,#FCFCF0
e42de6b44bddd7d6098e,48, #DFDED2
e431b560580e279da100,0, #A18F5B
e431b560580e279da100,19, #232014
e431b560580e279da100,12, #6B5636
e431b560580e279da100,25, #373120
e431b560580e279da100,39,#513E28
e431b560580e279da100,0, #B9A26A
e431b560580e279da100,1, #867447
e4431373cf5adfcf47cf,54, #F1EDE1
e4431373cf5adfcf47cf,12, #D0CCC0
e4431373cf5adfcf47cf,13, #B1AEA3
e4431373cf5adfcf47cf,7,#918F83
e4431373cf5adfcf47cf,6, #79786C
e4431373cf5adfcf47cf,4, #56554A
e46119de6e485eca25dd,3, #383831
e46119de6e485eca25dd,18, #737267
e46119de6e485eca25dd,14, #C4BFB2
e46119de6e485eca25dd,1, #FBF7E8
e46119de6e485eca25dd,22, #DFD9CA
e46119de6e485eca25dd,14, #505047
e46119de6e485eca25dd,24,#A19D92
e4624a7d94affadfe19d,2, #5D5448
e4624a7d94affadfe19d,12, #8C836F
e4624a7d94affadfe19d,3, #2E2D2A
e4624a7d94affadfe19d,1,#F8F7EF
e4624a7d94affadfe19d,59, #D9D0B6
e4624a7d94affadfe19d,20, #B6AB8E
e47bfc6cd7a881565ea1,11, #262320
e47bfc6cd7a881565ea1,21, #A6A46D
e47bfc6cd7a881565ea1,13, #A46E3D
e47bfc6cd7a881565ea1,21,#596B56
e47bfc6cd7a881565ea1,1, #EAE59D
e47bfc6cd7a881565ea1,30, #713928
e47d1396cbaaffc64a5c,5, #3C3B33
e47d1396cbaaffc64a5c,1, #AEA791
e47d1396cbaaffc64a5c,12, #666354
e47d1396cbaaffc64a5c,33,#F6F0D8
e47d1396cbaaffc64a5c,2, #8B8673
e47d1396cbaaffc64a5c,43, #D8D0BA
e48137792e1be52d1f63,16, #9F9F7C
e48137792e1be52d1f63,35,#2F2818
e48137792e1be52d1f63,0, #AD7A56
e48137792e1be52d1f63,1, #C4BF8D
e48137792e1be52d1f63,12, #8A8967
e48137792e1be52d1f63,11, #86694B
e48137792e1be52d1f63,22, #594734
e48409b93cf8f8ab01fe,13, #444038
e48409b93cf8f8ab01fe,6, #908776
e48409b93cf8f8ab01fe,5, #ADA28D
e48409b93cf8f8ab01fe,6,#D2C9B4
e48409b93cf8f8ab01fe,43, #F6F2E1
e48409b93cf8f8ab01fe,23, #6C6455
e48c2bfde1bc55622fd9,10, #A19B89
e48c2bfde1bc55622fd9,2,#F8F5F0
e48c2bfde1bc55622fd9,7, #C5BCA8
e48c2bfde1bc55622fd9,32, #5B523F
e48c2bfde1bc55622fd9,13, #857A62
e48c2bfde1bc55622fd9,33, #E7E0CD
e48f88327406000f6cfb,1, #181815
e48f88327406000f6cfb,41,#98988C
e48f88327406000f6cfb,11, #BDB9A4
e48f88327406000f6cfb,10, #4F4D43
e48f88327406000f6cfb,11, #7C7969
e48f88327406000f6cfb,10, #302D29
e48f88327406000f6cfb,13, #686453
e4952dbc3ebbcec0bd27,8, #F8F3E2
e4952dbc3ebbcec0bd27,6, #B2A490
e4952dbc3ebbcec0bd27,3, #3D3831
e4952dbc3ebbcec0bd27,6, #756B5C
e4952dbc3ebbcec0bd27,10, #595246
e4952dbc3ebbcec0bd27,13, #948978
e4952dbc3ebbcec0bd27,51,#D4C6AF
e4a23bb6e36da5ae30dc,8, #BDA184
e4a23bb6e36da5ae30dc,70,#E8E0CB
e4a23bb6e36da5ae30dc,5, #89866D
e4a23bb6e36da5ae30dc,0, #524D41
e4a23bb6e36da5ae30dc,12, #DAC9AB
e4a23bb6e36da5ae30dc,0, #FEFBEB
e4a23bb6e36da5ae30dc,2, #8A5F4A
e4a4f8248f544db0b8af,16, #837D6D
e4a4f8248f544db0b8af,14, #5F594B
e4a4f8248f544db0b8af,19, #B6AA92
e4a4f8248f544db0b8af,0, #3E311E
e4a4f8248f544db0b8af,0, #EEEAD9
e4a4f8248f544db0b8af,38,#D0CABA
e4a4f8248f544db0b8af,9, #A29680
e4add0dce0216f0e1e46,28, #3F3F37
e4add0dce0216f0e1e46,17, #5B594E
e4add0dce0216f0e1e46,12, #ACA89A
e4add0dce0216f0e1e46,14, #F6F3E6
e4add0dce0216f0e1e46,6,#D4CEBB
e4add0dce0216f0e1e46,21, #7F7B6F
e4ae0672c7c446b583e2,22,#EFEDDC
e4ae0672c7c446b583e2,16, #CECBBA
e4ae0672c7c446b583e2,2, #3F4036
e4ae0672c7c446b583e2,13, #B0AD9E
e4ae0672c7c446b583e2,15, #908E80
e4ae0672c7c446b583e2,10, #767567
e4ae0672c7c446b583e2,19, #5A5A4E
e4afcbf7c240d074d465,11, #F8F8F7
e4afcbf7c240d074d465,3, #9E988F
e4afcbf7c240d074d465,3, #554235
e4afcbf7c240d074d465,2, #8B7F72
e4afcbf7c240d074d465,14, #E0E0D8
e4afcbf7c240d074d465,62,#BFBBAD
e4afcbf7c240d074d465,1, #75665A
e4b733117b57b5415f21,17, #A6A294
e4b733117b57b5415f21,13, #D7D2C1
e4b733117b57b5415f21,11, #3E3E36
e4b733117b57b5415f21,2,#FAF9F2
e4b733117b57b5415f21,29, #59584C
e4b733117b57b5415f21,26, #797668
e4bf9c7aa39a83693790,9, #B0A25D
e4bf9c7aa39a83693790,15, #5D5F39
e4bf9c7aa39a83693790,8, #D5C97B
e4bf9c7aa39a83693790,25, #1D1B0E
e4bf9c7aa39a83693790,12,#827E51
e4bf9c7aa39a83693790,28, #404023
e4c8e1372c2fabbc4fe4,20, #685F45
e4c8e1372c2fabbc4fe4,0, #C6C0B2
e4c8e1372c2fabbc4fe4,29,#2E3438
e4c8e1372c2fabbc4fe4,20, #0F0F0E
e4c8e1372c2fabbc4fe4,0, #7E261C
e4c8e1372c2fabbc4fe4,1, #B2A593
e4c8e1372c2fabbc4fe4,26, #8D8A7C
e4cb29a2e32784d56578,16,#868172
e4cb29a2e32784d56578,11, #413E35
e4cb29a2e32784d56578,25, #686356
e4cb29a2e32784d56578,15, #D2CBB9
e4cb29a2e32784d56578,10, #F6F1E1
e4cb29a2e32784d56578,19, #AAA495
e4ceac7fff49ef818e41,19, #918E81
e4ceac7fff49ef818e41,14, #B9B6A7
e4ceac7fff49ef818e41,12, #515045
e4ceac7fff49ef818e41,2, #38362D
e4ceac7fff49ef818e41,12, #6F6D62
e4ceac7fff49ef818e41,1, #FEFEEC
e4ceac7fff49ef818e41,37,#E1DCC9
e4d0b32a513f471ced09,14, #212019
e4d0b32a513f471ced09,33, #6C5C3E
e4d0b32a513f471ced09,21, #979B91
e4d0b32a513f471ced09,11, #C7B38C
e4d0b32a513f471ced09,12, #3C3933
e4d0b32a513f471ced09,5,#86785B
e4d4931bc1d2c6498f63,12, #C8BB8C
e4d4931bc1d2c6498f63,6, #45402F
e4d4931bc1d2c6498f63,31,#E5DBB0
e4d4931bc1d2c6498f63,12, #61573E
e4d4931bc1d2c6498f63,9, #B3A271
e4d4931bc1d2c6498f63,25, #817557
e4d4931bc1d2c6498f63,2, #FAF4D4
e4daacf18bf3b5d74515,7, #C3B493
e4daacf18bf3b5d74515,9, #F3F0E5
e4daacf18bf3b5d74515,21, #563E29
e4daacf18bf3b5d74515,27, #9A8C72
e4daacf18bf3b5d74515,0,#D6CCB6
e4daacf18bf3b5d74515,32, #7B6342
e4e5663bca8620103ecd,12, #713328
e4e5663bca8620103ecd,7, #A4A481
e4e5663bca8620103ecd,10, #9F7B63
e4e5663bca8620103ecd,3, #DFD2A3
e4e5663bca8620103ecd,10, #5F5C3C
e4e5663bca8620103ecd,47,#23231A
e4e5663bca8620103ecd,8, #9E4B41
e4e89a4b6cab83799eae,17, #50504A
e4e89a4b6cab83799eae,3, #32312E
e4e89a4b6cab83799eae,31,#F1EEE1
e4e89a4b6cab83799eae,25, #C6C4B4
e4e89a4b6cab83799eae,9, #7C7C73
e4e89a4b6cab83799eae,12, #A6A699
e4ecbb596c6db45c7cd5,14, #212115
e4ecbb596c6db45c7cd5,10, #A39B77
e4ecbb596c6db45c7cd5,17,#B3B09C
e4ecbb596c6db45c7cd5,12, #4C4C2A
e4ecbb596c6db45c7cd5,26, #D3CFBD
e4ecbb596c6db45c7cd5,17, #767041
e4f39e3d63eb4fc69f92,5, #989E9B
e4f39e3d63eb4fc69f92,26, #0F1219
e4f39e3d63eb4fc69f92,7,#565435
e4f39e3d63eb4fc69f92,17, #747868
e4f39e3d63eb4fc69f92,15, #D0D2C8
e4f39e3d63eb4fc69f92,27, #333F4F
e4f811751262132da3ac,20, #48301A
e4f811751262132da3ac,44,#211A10
e4f811751262132da3ac,8, #6C562F
e4f811751262132da3ac,1, #B49A6A
e4f811751262132da3ac,2, #876D3F
e4f811751262132da3ac,19, #604121
e4f811751262132da3ac,2, #988052
e4fc49e0df576812fe2a,26, #635F52
e4fc49e0df576812fe2a,17, #8F8879
e4fc49e0df576812fe2a,19, #AEA796
e4fc49e0df576812fe2a,16,#F0ECDD
e4fc49e0df576812fe2a,8, #2F2D28
e4fc49e0df576812fe2a,10, #CBC4B2
e50362642c3ceed3d304,9, #C7C098
e50362642c3ceed3d304,4, #5E5A3A
e50362642c3ceed3d304,4, #A29A78
e50362642c3ceed3d304,3, #E6DAAA
e50362642c3ceed3d304,8, #647169
e50362642c3ceed3d304,5, #3D3A29
e50362642c3ceed3d304,64,#1B1B16
e50617f3b0475cf49d44,22, #625E58
e50617f3b0475cf49d44,18, #D2CBBE
e50617f3b0475cf49d44,3,#F3F0E2
e50617f3b0475cf49d44,14, #3C3A37
e50617f3b0475cf49d44,26, #A8A297
e50617f3b0475cf49d44,13, #817C73
e508157ee04aecde4e35,25,#676153
e508157ee04aecde4e35,12, #E3DAC1
e508157ee04aecde4e35,17, #ACA38F
e508157ee04aecde4e35,6, #F9F4E0
e508157ee04aecde4e35,5, #3D3A33
e508157ee04aecde4e35,22, #8F8877
e508157ee04aecde4e35,8, #C6BDA7
e50b5faa30e0bba5355c,11, #7C7169
e50b5faa30e0bba5355c,24, #554943
e50b5faa30e0bba5355c,36, #231A16
e50b5faa30e0bba5355c,9, #978D82
e50b5faa30e0bba5355c,17, #C3BAAB
e50b5faa30e0bba5355c,1,#F0EDDB
e51094069b5f912f705e,0,#6C6C65
e51094069b5f912f705e,15, #728C9D
e51094069b5f912f705e,16, #CACFC2
e51094069b5f912f705e,8, #869DA8
e51094069b5f912f705e,22, #ADB6B1
e51094069b5f912f705e,35, #4A6E8E
e51215b4546c288b61f9,12,#F4ECCF
e51215b4546c288b61f9,10, #413F31
e51215b4546c288b61f9,25, #958F77
e51215b4546c288b61f9,2, #0E0F09
e51215b4546c288b61f9,39, #CBC0A2
e51215b4546c288b61f9,9, #64614D
e51482e8e668cba0d201,13, #878175
e51482e8e668cba0d201,2, #45433E
e51482e8e668cba0d201,20, #ADA699
e51482e8e668cba0d201,33, #DAD0C0
e51482e8e668cba0d201,10, #666159
e51482e8e668cba0d201,19,#FBF8F2
e515d7e7fc0ab22d2274,0, #AB5034
e515d7e7fc0ab22d2274,1, #626458
e515d7e7fc0ab22d2274,4, #5E4B32
e515d7e7fc0ab22d2274,50,#170E0B
e515d7e7fc0ab22d2274,31, #3E3021
e515d7e7fc0ab22d2274,6, #B8A371
e515d7e7fc0ab22d2274,5, #8C7A4F
e51a2efe4fe9b827f541,0, #DED5B3
e51a2efe4fe9b827f541,1, #A08B66
e51a2efe4fe9b827f541,0, #F4EDD2
e51a2efe4fe9b827f541,2, #CCB78F
e51a2efe4fe9b827f541,32, #382A17
e51a2efe4fe9b827f541,36,#120D06
e51a2efe4fe9b827f541,25, #805E40
e51a7ade174a37de0441,20, #F3EBD6
e51a7ade174a37de0441,14,#BCB5A7
e51a7ade174a37de0441,16, #7B7570
e51a7ade174a37de0441,5, #393836
e51a7ade174a37de0441,20, #989289
e51a7ade174a37de0441,23, #595452
e51a8486a9fd9782bb65,4, #817865
e51a8486a9fd9782bb65,2, #3F3325
e51a8486a9fd9782bb65,0, #19130B
e51a8486a9fd9782bb65,1, #F9F7F1
e51a8486a9fd9782bb65,82,#DBD3BE
e51a8486a9fd9782bb65,5, #AEA48D
e51a8486a9fd9782bb65,3, #5A4F3E
e51a893bebb39580b489,1, #7B796B
e51a893bebb39580b489,28, #D6D3C4
e51a893bebb39580b489,59,#F5F2E1
e51a893bebb39580b489,1, #5F5E51
e51a893bebb39580b489,1, #BEBBAE
e51a893bebb39580b489,2, #918F81
e51a893bebb39580b489,4, #A7A597
e51eefb56c3fca0221ba,22, #3B2415
e51eefb56c3fca0221ba,6, #795F48
e51eefb56c3fca0221ba,20, #5E422C
e51eefb56c3fca0221ba,33, #857F77
e51eefb56c3fca0221ba,12, #1C120A
e51eefb56c3fca0221ba,3,#9A9B98
e527f9485925e969ee6c,84,#EEE9D6
e527f9485925e969ee6c,3, #BAA189
e527f9485925e969ee6c,10, #D5C1B2
e527f9485925e969ee6c,1, #877D71
e527f9485925e969ee6c,0, #A86652
e527f9485925e969ee6c,0, #5F5754
e528dde4f92dc287dffd,10, #E1DDCD
e528dde4f92dc287dffd,4, #AAA798
e528dde4f92dc287dffd,5, #C7C3B4
e528dde4f92dc287dffd,1, #8A8779
e528dde4f92dc287dffd,0, #706E60
e528dde4f92dc287dffd,77,#F9F7E8
e52c23e3bbde3bc96cad,8, #7E8367
e52c23e3bbde3bc96cad,30,#D0D5C8
e52c23e3bbde3bc96cad,17, #7B683A
e52c23e3bbde3bc96cad,8, #554929
e52c23e3bbde3bc96cad,5, #A59456
e52c23e3bbde3bc96cad,5, #2E2A1A
e52c23e3bbde3bc96cad,22, #AAAA8B
e5308c4b6c33a727f028,10, #F1EADA
e5308c4b6c33a727f028,30,#D7CCB8
e5308c4b6c33a727f028,14, #756F64
e5308c4b6c33a727f028,21, #958F81
e5308c4b6c33a727f028,11, #535149
e5308c4b6c33a727f028,9, #B3AC9B
e5308c4b6c33a727f028,2, #FDFDF7
e53460ff906b262b3ce3,77, #D2CFB4
e53460ff906b262b3ce3,1, #535040
e53460ff906b262b3ce3,5,#6F6C56
e53460ff906b262b3ce3,1, #37362A
e53460ff906b262b3ce3,7, #B1AD93
e53460ff906b262b3ce3,6, #908C73
e535e2ef0f2fd2340b4e,14, #44413A
e535e2ef0f2fd2340b4e,14, #999289
e535e2ef0f2fd2340b4e,12, #827E77
e535e2ef0f2fd2340b4e,31, #636059
e535e2ef0f2fd2340b4e,19, #BBAF9D
e535e2ef0f2fd2340b4e,7,#DFD3C3
e539db84419da58dd2ff,19, #8D7E6D
e539db84419da58dd2ff,4,#EDECE0
e539db84419da58dd2ff,2, #B7A990
e539db84419da58dd2ff,28, #544032
e539db84419da58dd2ff,14, #715C4B
e539db84419da58dd2ff,29, #CFCAB8
e5408c3a9fd2c6fb8101,7, #747066
e5408c3a9fd2c6fb8101,22,#FAF7E6
e5408c3a9fd2c6fb8101,41, #A6A194
e5408c3a9fd2c6fb8101,2, #534F46
e5408c3a9fd2c6fb8101,24, #D9D3C2
e5408c3a9fd2c6fb8101,0, #2A261F
e542054d0ee5ab2ca4a2,54, #F5F3E8
e542054d0ee5ab2ca4a2,11,#DAD4C2
e542054d0ee5ab2ca4a2,8, #838176
e542054d0ee5ab2ca4a2,2, #242320
e542054d0ee5ab2ca4a2,9, #AEAA9D
e542054d0ee5ab2ca4a2,13, #57554C
e54f42826dda71e51f7c,15, #1C1A12
e54f42826dda71e51f7c,9,#959384
e54f42826dda71e51f7c,12, #83775D
e54f42826dda71e51f7c,9, #6A5B42
e54f42826dda71e51f7c,36, #AEB1AB
e54f42826dda71e51f7c,16, #493F31
e55507b0936bbee27b25,43, #E1DBCC
e55507b0936bbee27b25,1, #424138
e55507b0936bbee27b25,19, #6E6C60
e55507b0936bbee27b25,9, #BEBAAD
e55507b0936bbee27b25,2,#FAF6E6
e55507b0936bbee27b25,23, #9A978B
e557a007eae07188b782,7, #CAC5B9
e557a007eae07188b782,15,#887C75
e557a007eae07188b782,4, #B4A996
e557a007eae07188b782,71, #E1E0D5
e557a007eae07188b782,0, #FEFEF8
e557a007eae07188b782,2, #614743
e559586b2a1afb8986d4,45, #E3DDC7
e559586b2a1afb8986d4,4,#FCFAEF
e559586b2a1afb8986d4,1, #39382E
e559586b2a1afb8986d4,5, #555347
e559586b2a1afb8986d4,18, #7E7A6D
e559586b2a1afb8986d4,24, #B4B09E
e55a5c8c17250be3c3bc,11, #CFC8B6
e55a5c8c17250be3c3bc,76,#F3EEE2
e55a5c8c17250be3c3bc,1, #827C6E
e55a5c8c17250be3c3bc,0, #4C4B48
e55a5c8c17250be3c3bc,0, #666259
e55a5c8c17250be3c3bc,8, #A19C8C
e564c3ae70e0a08cb776,8, #B9B4A7
e564c3ae70e0a08cb776,28, #949085
e564c3ae70e0a08cb776,7, #48473F
e564c3ae70e0a08cb776,12,#D2CDBF
e564c3ae70e0a08cb776,13, #F4F1E3
e564c3ae70e0a08cb776,29, #6D6A60
e565f57f83d845bd5d7e,7, #B8B09B
e565f57f83d845bd5d7e,12, #342722
e565f57f83d845bd5d7e,8, #D5CEB8
e565f57f83d845bd5d7e,14, #827669
e565f57f83d845bd5d7e,12, #9D9586
e565f57f83d845bd5d7e,22,#605349
e565f57f83d845bd5d7e,22, #F1EFE4
e566b857db254c963e57,12, #A5A092
e566b857db254c963e57,8, #C1BCAE
e566b857db254c963e57,32,#DFD9C9
e566b857db254c963e57,10, #868173
e566b857db254c963e57,6, #3C3A33
e566b857db254c963e57,2, #F9F5E3
e566b857db254c963e57,26, #615D52
e57145aec6351c25fcb0,3, #B89D55
e57145aec6351c25fcb0,65,#1E190E
e57145aec6351c25fcb0,11, #463620
e57145aec6351c25fcb0,0, #695D33
e57145aec6351c25fcb0,6, #8A6D32
e57145aec6351c25fcb0,4, #988246
e57145aec6351c25fcb0,8, #724D1F
e57786f2e027fe335aff,14, #7A7969
e57786f2e027fe335aff,0,#F8F2DC
e57786f2e027fe335aff,21, #5F5F51
e57786f2e027fe335aff,3, #414238
e57786f2e027fe335aff,23, #A6A392
e57786f2e027fe335aff,35, #D5D0BE
e587633f986f956a6499,39, #484435
e587633f986f956a6499,18, #897A57
e587633f986f956a6499,14, #999678
e587633f986f956a6499,9,#262018
e587633f986f956a6499,0, #C0B390
e587633f986f956a6499,18, #64604C
e58c5fc9d17a079b7e17,38, #CDC6B4
e58c5fc9d17a079b7e17,18, #9C9A8A
e58c5fc9d17a079b7e17,19, #F7F2E1
e58c5fc9d17a079b7e17,16, #6A6C5F
e58c5fc9d17a079b7e17,4,#40453C
e58c5fc9d17a079b7e17,3, #141915
e593658df0cfd041b777,1, #B09C7D
e593658df0cfd041b777,0, #A57B4E
e593658df0cfd041b777,8, #726756
e593658df0cfd041b777,8,#21211B
e593658df0cfd041b777,0, #E4DFC8
e593658df0cfd041b777,80, #443C2E
e598954274b435c460b5,8, #84806F
e598954274b435c460b5,54, #D0C7B2
e598954274b435c460b5,12, #A7A191
e598954274b435c460b5,3, #48483F
e598954274b435c460b5,8,#F8F3E6
e598954274b435c460b5,11, #646254
e5a062f810b0c1750521,19, #E1DFD1
e5a062f810b0c1750521,27, #3A2B1F
e5a062f810b0c1750521,13, #BAB7AC
e5a062f810b0c1750521,0,#FEFAE8
e5a062f810b0c1750521,21, #918875
e5a062f810b0c1750521,18, #695B49
e5b8d65d071a2b26d158,6, #34352F
e5b8d65d071a2b26d158,12, #4E4F45
e5b8d65d071a2b26d158,36,#EAE5D9
e5b8d65d071a2b26d158,14, #6C6B5F
e5b8d65d071a2b26d158,10, #918F83
e5b8d65d071a2b26d158,19, #B9B4A3
e5c33428684690fc1507,15, #63594E
e5c33428684690fc1507,16, #BAAB98
e5c33428684690fc1507,2, #37302C
e5c33428684690fc1507,13, #908576
e5c33428684690fc1507,1,#FAF6EE
e5c33428684690fc1507,50, #E5D2BF
e5cd522361bac59fdf70,1, #B79F58
e5cd522361bac59fdf70,34,#867134
e5cd522361bac59fdf70,2, #211D15
e5cd522361bac59fdf70,10, #A08744
e5cd522361bac59fdf70,0, #070605
e5cd522361bac59fdf70,20, #363225
e5cd522361bac59fdf70,31, #62532A
e5cf6d0aa880383c409d,56, #A5A18F
e5cf6d0aa880383c409d,3, #F6F5E8
e5cf6d0aa880383c409d,12,#D1D0C5
e5cf6d0aa880383c409d,10, #45423E
e5cf6d0aa880383c409d,8, #191613
e5cf6d0aa880383c409d,9, #777364
e5d6d63b6bf99751f96d,9, #958561
e5d6d63b6bf99751f96d,45,#1E1910
e5d6d63b6bf99751f96d,9, #AC9E7A
e5d6d63b6bf99751f96d,9, #7C6C4A
e5d6d63b6bf99751f96d,10, #553F24
e5d6d63b6bf99751f96d,12, #6A5636
e5d6d63b6bf99751f96d,2, #C0B69B
e5d93e7b2b6bd4fe239d,35,#C5C8B2
e5d93e7b2b6bd4fe239d,31, #484023
e5d93e7b2b6bd4fe239d,1, #ABA67A
e5d93e7b2b6bd4fe239d,8, #282415
e5d93e7b2b6bd4fe239d,3, #938C60
e5d93e7b2b6bd4fe239d,18, #7E6F3E
e5d93e7b2b6bd4fe239d,0, #676F74
e5dbd75b25034337d400,1, #221F17
e5dbd75b25034337d400,21, #786E59
e5dbd75b25034337d400,10, #A39E86
e5dbd75b25034337d400,5, #C5BC98
e5dbd75b25034337d400,19, #4A4236
e5dbd75b25034337d400,15, #342E25
e5dbd75b25034337d400,27,#645540
e5e16df8d5de6e5d9d9d,10, #ADA79E
e5e16df8d5de6e5d9d9d,26, #F6F2EA
e5e16df8d5de6e5d9d9d,7, #65615B
e5e16df8d5de6e5d9d9d,12, #87827C
e5e16df8d5de6e5d9d9d,0, #292723
e5e16df8d5de6e5d9d9d,37,#CEC6BC
e5e16df8d5de6e5d9d9d,5, #44423D
e5e4f396f3f487bb1c0c,6, #5E5A4D
e5e4f396f3f487bb1c0c,2, #E7E0C6
e5e4f396f3f487bb1c0c,3, #8F8B7D
e5e4f396f3f487bb1c0c,2, #BCB296
e5e4f396f3f487bb1c0c,4, #787466
e5e4f396f3f487bb1c0c,25, #FAF8F1
e5e4f396f3f487bb1c0c,54,#3D392F
e5eadfa51fc7d09c5702,26,#9B8F79
e5eadfa51fc7d09c5702,7, #FCFCF7
e5eadfa51fc7d09c5702,10, #766650
e5eadfa51fc7d09c5702,21, #EBE9CD
e5eadfa51fc7d09c5702,23, #D1C7A1
e5eadfa51fc7d09c5702,6, #402A17
e5eadfa51fc7d09c5702,5, #604E39
e602beef94229a663b3c,14, #CEC293
e602beef94229a663b3c,4, #EBE6CE
e602beef94229a663b3c,4, #190A0B
e602beef94229a663b3c,0, #FEFEF9
e602beef94229a663b3c,48,#48392F
e602beef94229a663b3c,10, #978F6C
e602beef94229a663b3c,15, #776D50
e60cd0e6145626145d73,26,#BCB6A8
e60cd0e6145626145d73,10, #92928F
e60cd0e6145626145d73,9, #080603
e60cd0e6145626145d73,11, #767672
e60cd0e6145626145d73,10, #EDEBDD
e60cd0e6145626145d73,8, #565652
e60cd0e6145626145d73,23, #2F2D28
e612fd2e5641f0c89257,21, #84725E
e612fd2e5641f0c89257,16, #BAAB92
e612fd2e5641f0c89257,41, #DDD3BB
e612fd2e5641f0c89257,4,#F9F2D6
e612fd2e5641f0c89257,4, #6F5B4A
e612fd2e5641f0c89257,13, #9A8B74
e62128d2c1aea72d09b8,7, #6C6448
e62128d2c1aea72d09b8,1, #302B1B
e62128d2c1aea72d09b8,56,#B9B294
e62128d2c1aea72d09b8,5, #4D4631
e62128d2c1aea72d09b8,15, #867F62
e62128d2c1aea72d09b8,12, #9E9473
e62128d2c1aea72d09b8,1, #D6D3BC
e62e4047e0090e517b7e,14, #E5E0CA
e62e4047e0090e517b7e,6, #231916
e62e4047e0090e517b7e,13, #63544B
e62e4047e0090e517b7e,6, #3F312B
e62e4047e0090e517b7e,33,#CCC1B1
e62e4047e0090e517b7e,17, #B2A495
e62e4047e0090e517b7e,9, #8D7E73
e62fbfe4abce97cb817a,5, #1D160E
e62fbfe4abce97cb817a,6,#A68C60
e62fbfe4abce97cb817a,15, #77572B
e62fbfe4abce97cb817a,40, #423420
e62fbfe4abce97cb817a,23, #B5A584
e62fbfe4abce97cb817a,9, #8C7553
e635809ad9f1f3ad75ee,30, #D4CDBE
e635809ad9f1f3ad75ee,11, #868176
e635809ad9f1f3ad75ee,2, #646156
e635809ad9f1f3ad75ee,47,#F6F1E1
e635809ad9f1f3ad75ee,0, #4B4941
e635809ad9f1f3ad75ee,7, #A9A397
e6378e7118aacfcc9151,8, #FAFAF9
e6378e7118aacfcc9151,3, #E5E5DF
e6378e7118aacfcc9151,62,#C7C4B8
e6378e7118aacfcc9151,6, #584437
e6378e7118aacfcc9151,8, #796B5D
e6378e7118aacfcc9151,6, #948D81
e6378e7118aacfcc9151,3, #ABA495
e6462666958afd17a045,55, #DCD8CD
e6462666958afd17a045,4, #383832
e6462666958afd17a045,2,#FAF7EE
e6462666958afd17a045,10, #B6B2A8
e6462666958afd17a045,15, #88877C
e6462666958afd17a045,11, #5A5A51
e6593b00c42905c76fba,60, #DCD7C7
e6593b00c42905c76fba,0,#695234
e6593b00c42905c76fba,5, #AAA18D
e6593b00c42905c76fba,25, #C9C1AC
e6593b00c42905c76fba,0, #7A6546
e6593b00c42905c76fba,7, #8B806B
e65a4362d6d2a88426cd,0, #5F5A50
e65a4362d6d2a88426cd,74,#F9F8F5
e65a4362d6d2a88426cd,4, #A19A8F
e65a4362d6d2a88426cd,7, #E3DFD4
e65a4362d6d2a88426cd,6, #C2BDB1
e65a4362d6d2a88426cd,5, #7D776A
e65b7bfa5418c4ae1798,0, #4D4A3A
e65b7bfa5418c4ae1798,9, #A99579
e65b7bfa5418c4ae1798,41,#DAD4BD
e65b7bfa5418c4ae1798,1, #65614E
e65b7bfa5418c4ae1798,7, #BCB197
e65b7bfa5418c4ae1798,34, #F9F8F0
e65b7bfa5418c4ae1798,4, #857961
e65d63fe6091bf4747ed,0, #DFD5B2
e65d63fe6091bf4747ed,25, #6F6E7C
e65d63fe6091bf4747ed,0,#24253D
e65d63fe6091bf4747ed,22, #373A6A
e65d63fe6091bf4747ed,50, #AFA89B
e65d63fe6091bf4747ed,0, #F6F1D4
e65eaeeaa4cb14f997ed,12, #857C71
e65eaeeaa4cb14f997ed,26, #E9E2CE
e65eaeeaa4cb14f997ed,15, #655E59
e65eaeeaa4cb14f997ed,20, #A89B8B
e65eaeeaa4cb14f997ed,25, #CFC5AF
e65eaeeaa4cb14f997ed,0,#FEFDF6
e660197477130894c810,10, #696154
e660197477130894c810,51,#F1E3C7
e660197477130894c810,5, #8A7F6C
e660197477130894c810,5, #423E38
e660197477130894c810,4, #A59881
e660197477130894c810,22, #CABA9E
e660b737ee969d859bea,0, #B9BECB
e660b737ee969d859bea,21, #CBBC88
e660b737ee969d859bea,5, #F1F0D1
e660b737ee969d859bea,1, #1B1516
e660b737ee969d859bea,6, #87464C
e660b737ee969d859bea,46,#513E3B
e660b737ee969d859bea,17, #877D71
e667e8ee1ba1c3d4cab5,3, #B6A689
e667e8ee1ba1c3d4cab5,7, #9B8970
e667e8ee1ba1c3d4cab5,25,#0F0F0B
e667e8ee1ba1c3d4cab5,19, #4D4434
e667e8ee1ba1c3d4cab5,37, #29261D
e667e8ee1ba1c3d4cab5,7, #7B6D58
e669ca623a5badb14397,8, #928C72
e669ca623a5badb14397,52, #C7BB9A
e669ca623a5badb14397,12,#F7EFD3
e669ca623a5badb14397,8, #6A664F
e669ca623a5badb14397,8, #1A1A10
e669ca623a5badb14397,9, #454332
e66a5a1a23521a5af984,8, #A9A394
e66a5a1a23521a5af984,14, #847F70
e66a5a1a23521a5af984,36,#5C594F
e66a5a1a23521a5af984,3, #D6CFBF
e66a5a1a23521a5af984,26, #F2EBDA
e66a5a1a23521a5af984,3, #C0BAAA
e66a5a1a23521a5af984,7, #424038
e66c05df971ded4746d7,10, #494940
e66c05df971ded4746d7,12, #8A8679
e66c05df971ded4746d7,9, #A8A495
e66c05df971ded4746d7,56, #D2CDBD
e66c05df971ded4746d7,9, #706E62
e66c05df971ded4746d7,1,#F9F6EE
e66f9812931091a0b8e5,11, #A4A3A4
e66f9812931091a0b8e5,39, #D5D4CD
e66f9812931091a0b8e5,1,#FEFCEB
e66f9812931091a0b8e5,22, #282120
e66f9812931091a0b8e5,16, #797779
e66f9812931091a0b8e5,8, #4A464A
e689922d212e0dd057ee,4, #2C231A
e689922d212e0dd057ee,58, #F8F5EB
e689922d212e0dd057ee,16, #D5CDB8
e689922d212e0dd057ee,5, #938672
e689922d212e0dd057ee,5,#665B4E
e689922d212e0dd057ee,9, #ACA495
e68b3bf55b063139d84c,20, #998D60
e68b3bf55b063139d84c,6, #BFB792
e68b3bf55b063139d84c,25, #534B35
e68b3bf55b063139d84c,43, #1B150E
e68b3bf55b063139d84c,2, #F7F4DE
e68b3bf55b063139d84c,1,#DCD7BA
e68cbc2175aa6de30fb9,7, #B09B62
e68cbc2175aa6de30fb9,31, #8F6545
e68cbc2175aa6de30fb9,0, #F1EBBA
e68cbc2175aa6de30fb9,56, #453A24
e68cbc2175aa6de30fb9,2, #E1D493
e68cbc2175aa6de30fb9,1,#C5B777
e691da80b0a5ebf391e5,21, #75645B
e691da80b0a5ebf391e5,5, #9C8F83
e691da80b0a5ebf391e5,18, #301E1B
e691da80b0a5ebf391e5,3, #C4BAA9
e691da80b0a5ebf391e5,29, #503E37
e691da80b0a5ebf391e5,21,#F2E9D9
e694fdd06e559abed827,0, #B7AB6F
e694fdd06e559abed827,73,#2C240E
e694fdd06e559abed827,6, #7E641E
e694fdd06e559abed827,2, #A49558
e694fdd06e559abed827,12, #574C22
e694fdd06e559abed827,4, #967F34
e694fdd06e559abed827,0, #B79D31
e69a572257b3cd0a8032,42,#262622
e69a572257b3cd0a8032,0, #DAD4B2
e69a572257b3cd0a8032,2, #A39872
e69a572257b3cd0a8032,40, #594936
e69a572257b3cd0a8032,0, #E7EAD3
e69a572257b3cd0a8032,11, #7C6F51
e69a572257b3cd0a8032,1, #C3BA95
e69ad185d2b6a83b3207,22, #585548
e69ad185d2b6a83b3207,27, #ABA795
e69ad185d2b6a83b3207,20, #D3CFBB
e69ad185d2b6a83b3207,5, #323128
e69ad185d2b6a83b3207,9,#F3F1E3
e69ad185d2b6a83b3207,13, #7E7B6C
e69db54f124263969460,8, #8C877A
e69db54f124263969460,46,#DCD2BC
e69db54f124263969460,3, #4C493F
e69db54f124263969460,10, #686358
e69db54f124263969460,22, #F9F6EE
e69db54f124263969460,1, #312E26
e69db54f124263969460,7, #AFA998
e6a0cf8e30e8ce212d64,31,#302917
e6a0cf8e30e8ce212d64,26, #B3A574
e6a0cf8e30e8ce212d64,6, #897338
e6a0cf8e30e8ce212d64,8, #9D8E5D
e6a0cf8e30e8ce212d64,10, #6D5D31
e6a0cf8e30e8ce212d64,0, #181309
e6a0cf8e30e8ce212d64,16, #554927
e6a666f3aa938ea93753,49, #D5D0C5
e6a666f3aa938ea93753,6, #696663
e6a666f3aa938ea93753,11,#F7F5E9
e6a666f3aa938ea93753,17, #95918C
e6a666f3aa938ea93753,15, #B4B0A9
e6a666f3aa938ea93753,0, #43403E
e6aafb241d08b62f7e16,0, #4C493E
e6aafb241d08b62f7e16,9, #817C6C
e6aafb241d08b62f7e16,12, #F8F5E2
e6aafb241d08b62f7e16,42,#D9D2BA
e6aafb241d08b62f7e16,2, #615D50
e6aafb241d08b62f7e16,18, #A7A18F
e6aafb241d08b62f7e16,13, #C1BAA8
e6af7eb3517bc681ab9f,1, #33291F
e6af7eb3517bc681ab9f,5, #918586
e6af7eb3517bc681ab9f,26, #DEDBCB
e6af7eb3517bc681ab9f,3, #5F4E44
e6af7eb3517bc681ab9f,57, #B2ABAA
e6af7eb3517bc681ab9f,4,#F4F3EF
e6b91fbf40dc775333b0,18, #131412
e6b91fbf40dc775333b0,19,#9A9871
e6b91fbf40dc775333b0,3, #5A5640
e6b91fbf40dc775333b0,23, #E0CE83
e6b91fbf40dc775333b0,3, #837646
e6b91fbf40dc775333b0,32, #3D3623
e6ca4cf7c60b1bd5fd14,1, #A19B8C
e6ca4cf7c60b1bd5fd14,52,#FAF8EA
e6ca4cf7c60b1bd5fd14,30, #DFDAC8
e6ca4cf7c60b1bd5fd14,0, #3A382F
e6ca4cf7c60b1bd5fd14,12, #514F45
e6ca4cf7c60b1bd5fd14,0, #C4BEAC
e6ca4cf7c60b1bd5fd14,2, #797466
e6cacf0f2f431be1c5cb,14, #ADA692
e6cacf0f2f431be1c5cb,40,#E0D9C4
e6cacf0f2f431be1c5cb,3, #5E584A
e6cacf0f2f431be1c5cb,1, #F8F1DB
e6cacf0f2f431be1c5cb,10, #847E6E
e6cacf0f2f431be1c5cb,29, #CAC2AE
e6cacf0f2f431be1c5cb,0, #443F34
e6d34d0a91d941e977c9,5, #7D6235
e6d34d0a91d941e977c9,18, #633219
e6d34d0a91d941e977c9,0,#AFA57D
e6d34d0a91d941e977c9,8, #3B3F36
e6d34d0a91d941e977c9,65, #191A11
e6d34d0a91d941e977c9,2, #737460
e6df74bb1227bdd5fcfd,7, #CFCAB9
e6df74bb1227bdd5fcfd,17, #605F50
e6df74bb1227bdd5fcfd,3, #303026
e6df74bb1227bdd5fcfd,31,#EEEAD7
e6df74bb1227bdd5fcfd,8, #AEAB9B
e6df74bb1227bdd5fcfd,10, #48473A
e6df74bb1227bdd5fcfd,19, #8B8879
e6e290b613e60c7f95f2,21, #F1EADB
e6e290b613e60c7f95f2,15, #7C6558
e6e290b613e60c7f95f2,22,#978B80
e6e290b613e60c7f95f2,19, #D1C7B2
e6e290b613e60c7f95f2,4, #41261B
e6e290b613e60c7f95f2,5, #B7A999
e6e290b613e60c7f95f2,11, #664C3F
e6e6b27a3d6ba12b2f84,40, #D7D3C3
e6e6b27a3d6ba12b2f84,18, #6B685F
e6e6b27a3d6ba12b2f84,8, #918E84
e6e6b27a3d6ba12b2f84,6, #ADAA9D
e6e6b27a3d6ba12b2f84,14, #47443E
e6e6b27a3d6ba12b2f84,11,#F9F7F1
e6ecce05daa12ae4f7dc,1,#C88263
e6ecce05daa12ae4f7dc,2, #47382F
e6ecce05daa12ae4f7dc,5, #6E5F4F
e6ecce05daa12ae4f7dc,54, #EBDEB7
e6ecce05daa12ae4f7dc,25, #938676
e6ecce05daa12ae4f7dc,11, #C5AA90
e6f1ef2fff067dac64e2,38, #604F39
e6f1ef2fff067dac64e2,1, #DAD1A5
e6f1ef2fff067dac64e2,25, #212117
e6f1ef2fff067dac64e2,13, #A8A98A
e6f1ef2fff067dac64e2,1,#F5EFBF
e6f1ef2fff067dac64e2,19, #9D905E
e7005ff1c08a79e0a681,16, #ABA593
e7005ff1c08a79e0a681,9, #8D877C
e7005ff1c08a79e0a681,3, #F6F5EE
e7005ff1c08a79e0a681,15, #3C3733
e7005ff1c08a79e0a681,22,#D1CCB5
e7005ff1c08a79e0a681,18, #69635C
e7005ff1c08a79e0a681,13, #171413
e70281f1edb93f6b61ed,12, #C6BFAE
e70281f1edb93f6b61ed,49,#F1EDDF
e70281f1edb93f6b61ed,9, #6A635C
e70281f1edb93f6b61ed,10, #878078
e70281f1edb93f6b61ed,10, #433E3A
e70281f1edb93f6b61ed,7, #A29C90
e7079ed22f5b741c7909,57,#EFEDE3
e7079ed22f5b741c7909,2, #2C2B25
e7079ed22f5b741c7909,6, #6D6A5E
e7079ed22f5b741c7909,11, #BAB5A6
e7079ed22f5b741c7909,8, #4D4B42
e7079ed22f5b741c7909,12, #8B877B
e710e259067b7909da72,0, #F7F0DC
e710e259067b7909da72,2, #797567
e710e259067b7909da72,8, #615D53
e710e259067b7909da72,1, #9A9584
e710e259067b7909da72,79,#DCD5C1
e710e259067b7909da72,0, #BFB9A6
e710e259067b7909da72,6, #49473E
e7125ae01f695daf3dd9,1, #9E8C80
e7125ae01f695daf3dd9,0,#675748
e7125ae01f695daf3dd9,23, #5C3A2B
e7125ae01f695daf3dd9,0, #BEA897
e7125ae01f695daf3dd9,73, #1B120D
e7125ae01f695daf3dd9,0, #7D7267
e71851bcae6c3bb9187c,28, #271A10
e71851bcae6c3bb9187c,40, #908465
e71851bcae6c3bb9187c,5, #5D5437
e71851bcae6c3bb9187c,19, #4E3E20
e71851bcae6c3bb9187c,1,#C4B185
e71851bcae6c3bb9187c,4, #776A45
e718ebc8eb4df314f0a3,24, #95725F
e718ebc8eb4df314f0a3,39,#C9C4B6
e718ebc8eb4df314f0a3,1, #6F4741
e718ebc8eb4df314f0a3,2, #5B5E5E
e718ebc8eb4df314f0a3,28, #B08B82
e718ebc8eb4df314f0a3,4, #7B7F7E
e72317b69c277c6920fa,1, #FBF6E0
e72317b69c277c6920fa,16, #CAC0A7
e72317b69c277c6920fa,8, #95886E
e72317b69c277c6920fa,38, #A9A089
e72317b69c277c6920fa,0,#817359
e72317b69c277c6920fa,34, #E7E1CC
e723416e2e06d63e8f87,13, #5F5842
e723416e2e06d63e8f87,2, #A29C83
e723416e2e06d63e8f87,75,#38362D
e723416e2e06d63e8f87,2, #C3BEA6
e723416e2e06d63e8f87,2, #7D7661
e723416e2e06d63e8f87,3, #F5F2EA
e723416e2e06d63e8f87,0, #D9D7D0
e728cd2ccd98e1d4ce02,13, #9C9581
e728cd2ccd98e1d4ce02,1,#49463A
e728cd2ccd98e1d4ce02,5, #6B6656
e728cd2ccd98e1d4ce02,6, #DDD7C0
e728cd2ccd98e1d4ce02,66, #BDB79E
e728cd2ccd98e1d4ce02,5, #847E6B
e729de94edf59bd8909c,30, #D4D6C6
e729de94edf59bd8909c,15, #B1A78E
e729de94edf59bd8909c,10, #C1B79B
e729de94edf59bd8909c,9, #A1977F
e729de94edf59bd8909c,25,#CDC7AD
e729de94edf59bd8909c,8, #877F6C
e729fe8fd7655c1e68c9,10, #85826F
e729fe8fd7655c1e68c9,12,#0A0703
e729fe8fd7655c1e68c9,28, #86622E
e729fe8fd7655c1e68c9,44, #4D2511
e729fe8fd7655c1e68c9,3, #CAC1A2
e729fe8fd7655c1e68c9,0, #E5E3D7
e742661c4408e659059a,4, #B9B2A4
e742661c4408e659059a,34, #DDD3C0
e742661c4408e659059a,3, #9A9587
e742661c4408e659059a,2, #585449
e742661c4408e659059a,2, #7F7A6C
e742661c4408e659059a,52,#F9F6F0
e742e71933f956955290,37,#41371E
e742e71933f956955290,9, #655631
e742e71933f956955290,4, #7C6B43
e742e71933f956955290,10, #1D1A11
e742e71933f956955290,0, #4E5046
e742e71933f956955290,33, #98906F
e742e71933f956955290,4, #A1864F
e74d37095258eb375b96,12, #A09B8B
e74d37095258eb375b96,53,#EEEAD5
e74d37095258eb375b96,14, #C2BDAB
e74d37095258eb375b96,1, #403E36
e74d37095258eb375b96,12, #807B6D
e74d37095258eb375b96,6, #5E5B4F
e74e9ceb0138c24cf09d,43, #6C7476
e74e9ceb0138c24cf09d,4, #2D2414
e74e9ceb0138c24cf09d,4, #4B3E23
e74e9ceb0138c24cf09d,0,#3C4751
e74e9ceb0138c24cf09d,39, #A8A394
e74e9ceb0138c24cf09d,7, #645737
e750e2dc06e3b43f45a6,76, #DFD9C8
e750e2dc06e3b43f45a6,3, #9A9589
e750e2dc06e3b43f45a6,0, #434037
e750e2dc06e3b43f45a6,10,#B4AE9E
e750e2dc06e3b43f45a6,2, #5D594F
e750e2dc06e3b43f45a6,5, #7B766B
e751cbff909cca0527cc,24, #C7BF89
e751cbff909cca0527cc,15, #4E5430
e751cbff909cca0527cc,24,#7C6D41
e751cbff909cca0527cc,19, #9DA786
e751cbff909cca0527cc,0, #EADEAA
e751cbff909cca0527cc,7, #2F331F
e751cbff909cca0527cc,7, #898C5D
e75ba10f497e4250c222,7, #A5A29B
e75ba10f497e4250c222,3, #F6F3EA
e75ba10f497e4250c222,3, #070705
e75ba10f497e4250c222,9, #D2D0C3
e75ba10f497e4250c222,54,#594F45
e75ba10f497e4250c222,10, #312822
e75ba10f497e4250c222,10, #7F7456
e765ea6bcd5aed08e2cd,17, #F6F5E7
e765ea6bcd5aed08e2cd,2,#323430
e765ea6bcd5aed08e2cd,5, #D6D7CA
e765ea6bcd5aed08e2cd,11, #8D9291
e765ea6bcd5aed08e2cd,2, #B4B6B1
e765ea6bcd5aed08e2cd,61, #5B6161
e76a9b1210389250af3b,2, #827E6B
e76a9b1210389250af3b,51, #D0C8A9
e76a9b1210389250af3b,29, #42413A
e76a9b1210389250af3b,5,#F4F3EB
e76a9b1210389250af3b,10, #636052
e76a9b1210389250af3b,1, #A49F87
e76df3d574f5ad751848,29, #685638
e76df3d574f5ad751848,24, #836E4C
e76df3d574f5ad751848,9, #988362
e76df3d574f5ad751848,2,#1F1A14
e76df3d574f5ad751848,29, #433523
e76df3d574f5ad751848,4, #AE9C7B
e76f94b2f23dc6d5ceb4,0, #0D0C09
e76f94b2f23dc6d5ceb4,68, #695E55
e76f94b2f23dc6d5ceb4,16, #C1BEB3
e76f94b2f23dc6d5ceb4,6, #383229
e76f94b2f23dc6d5ceb4,4, #908B86
e76f94b2f23dc6d5ceb4,3,#F4F2E8
e771a213c83a84b365ed,31, #AAA282
e771a213c83a84b365ed,7, #EBEADF
e771a213c83a84b365ed,4, #CCC5AC
e771a213c83a84b365ed,25,#857D5F
e771a213c83a84b365ed,8, #353324
e771a213c83a84b365ed,22, #61593C
e7754c4d0afdd57c9099,29, #1C1911
e7754c4d0afdd57c9099,4, #816943
e7754c4d0afdd57c9099,44,#382C1D
e7754c4d0afdd57c9099,1, #A28555
e7754c4d0afdd57c9099,0, #BBA46F
e7754c4d0afdd57c9099,19, #57492F
e775749ccc7468509a91,2, #E8E5DD
e775749ccc7468509a91,10, #484336
e775749ccc7468509a91,1, #C7C4B9
e775749ccc7468509a91,75,#2A2A25
e775749ccc7468509a91,5, #6A6454
e775749ccc7468509a91,3, #9E9A8D
e775749ccc7468509a91,1, #868378
e77da986a5b9f65b6f2a,0, #FAF3E0
e77da986a5b9f65b6f2a,18, #C7BBA6
e77da986a5b9f65b6f2a,2, #433F36
e77da986a5b9f65b6f2a,10, #E1D6C0
e77da986a5b9f65b6f2a,12, #5F584A
e77da986a5b9f65b6f2a,25, #847A67
e77da986a5b9f65b6f2a,30,#A89E8C
e77f3d708dfe640b02fe,1, #36312F
e77f3d708dfe640b02fe,25, #A39B90
e77f3d708dfe640b02fe,23, #C8BFB0
e77f3d708dfe640b02fe,10, #5D5751
e77f3d708dfe640b02fe,21,#EEE5D1
e77f3d708dfe640b02fe,18, #807971
e7862cc566befbbb2979,3, #888577
e7862cc566befbbb2979,1, #C2C0AC
e7862cc566befbbb2979,3, #A8A594
e7862cc566befbbb2979,30, #E8E6D2
e7862cc566befbbb2979,45,#38342D
e7862cc566befbbb2979,6, #0E0A06
e7862cc566befbbb2979,9, #676358
e789f4affad878362951,36, #D6CEBE
e789f4affad878362951,11, #ADA593
e789f4affad878362951,13, #8E8878
e789f4affad878362951,21, #6A6456
e789f4affad878362951,16, #3D3B32
e789f4affad878362951,0,#FEFCF1
e790c1924e82d8221ee7,21, #969085
e790c1924e82d8221ee7,25, #3B3933
e790c1924e82d8221ee7,16, #D8D3C8
e790c1924e82d8221ee7,11, #B7B2A7
e790c1924e82d8221ee7,24, #6D685F
e790c1924e82d8221ee7,0,#F6F0E3
e796953393945f9d1f81,3,#F7F4ED
e796953393945f9d1f81,55, #E0D1B4
e796953393945f9d1f81,11, #49392D
e796953393945f9d1f81,5, #746856
e796953393945f9d1f81,11, #968C7A
e796953393945f9d1f81,12, #BEAE93
e7976d143f2c523ff835,29, #594722
e7976d143f2c523ff835,20, #885D29
e7976d143f2c523ff835,5, #AE8B3A
e7976d143f2c523ff835,2,#847C39
e7976d143f2c523ff835,31, #38311B
e7976d143f2c523ff835,10, #616230
e79905e77bebf2761295,19, #756B57
e79905e77bebf2761295,12, #C4B29D
e79905e77bebf2761295,18, #5F553D
e79905e77bebf2761295,30,#9B8E77
e79905e77bebf2761295,1, #E3D7C1
e79905e77bebf2761295,5, #0F0B06
e79905e77bebf2761295,12, #403622
e79a40d1d20aef678596,2, #886539
e79a40d1d20aef678596,11, #624E33
e79a40d1d20aef678596,13, #C3A577
e79a40d1d20aef678596,6, #4D3A24
e79a40d1d20aef678596,17, #2B1C11
e79a40d1d20aef678596,22, #746C55
e79a40d1d20aef678596,27,#A0865D
e79b798e2451d1de8a95,9, #757169
e79b798e2451d1de8a95,15, #5D5A51
e79b798e2451d1de8a95,1, #403D36
e79b798e2451d1de8a95,14, #97938A
e79b798e2451d1de8a95,53,#F3F0E5
e79b798e2451d1de8a95,5, #C6C1B5
e7a1abe89918b8ae8f9c,4, #AEAA9C
e7a1abe89918b8ae8f9c,0,#7D7A6F
e7a1abe89918b8ae8f9c,15, #FBFAF6
e7a1abe89918b8ae8f9c,29, #E5E0CE
e7a1abe89918b8ae8f9c,0, #908D85
e7a1abe89918b8ae8f9c,49, #CBC4B0
e7a496d62763ba673d24,54,#24231B
e7a496d62763ba673d24,39, #65482F
e7a496d62763ba673d24,0, #070601
e7a496d62763ba673d24,1, #CEBA82
e7a496d62763ba673d24,1, #EADCA5
e7a496d62763ba673d24,2, #7B7151
e7a496d62763ba673d24,1, #B29F6A
e7a4ad402c3629a680ba,14, #A29B8E
e7a4ad402c3629a680ba,57, #E5DCC9
e7a4ad402c3629a680ba,1,#FEFEFA
e7a4ad402c3629a680ba,8, #C1B8A8
e7a4ad402c3629a680ba,7, #534E49
e7a4ad402c3629a680ba,11, #7E776D
e7a88efd7b27f3c145cc,16, #988F7A
e7a88efd7b27f3c145cc,6, #DDD6BE
e7a88efd7b27f3c145cc,21, #BDB69F
e7a88efd7b27f3c145cc,11, #31291F
e7a88efd7b27f3c145cc,8, #716957
e7a88efd7b27f3c145cc,32,#664B39
e7a88efd7b27f3c145cc,3, #11100C
e7af8913cea8a769e543,9, #C3BEB3
e7af8913cea8a769e543,6, #A9A49A
e7af8913cea8a769e543,26,#4D4B43
e7af8913cea8a769e543,14, #EAE5D8
e7af8913cea8a769e543,17, #6F6B63
e7af8913cea8a769e543,15, #8B867E
e7af8913cea8a769e543,10, #2D2B26
e7b37b513f6f15102979,1, #93865D
e7b37b513f6f15102979,3, #4A3B20
e7b37b513f6f15102979,2, #AC9D70
e7b37b513f6f15102979,21, #291C0D
e7b37b513f6f15102979,1, #887747
e7b37b513f6f15102979,5, #685D37
e7b37b513f6f15102979,64,#0C0A09
e7b48475ebeec203b367,1, #9A8B53
e7b48475ebeec203b367,2, #7D673B
e7b48475ebeec203b367,72,#1D1D14
e7b48475ebeec203b367,0, #3E5348
e7b48475ebeec203b367,23, #6D4527
e7b48475ebeec203b367,0, #B9A96B
e7b4f0df04c329a7c08d,5, #6A5641
e7b4f0df04c329a7c08d,5, #A49885
e7b4f0df04c329a7c08d,6, #443327
e7b4f0df04c329a7c08d,3, #CBBEA2
e7b4f0df04c329a7c08d,72,#E7E1CD
e7b4f0df04c329a7c08d,5, #FAF9F6
e7b4f0df04c329a7c08d,2, #826F58
e7b6f6d66f7a331964dc,24, #503B2D
e7b6f6d66f7a331964dc,17,#1E0B09
e7b6f6d66f7a331964dc,5, #B9A98D
e7b6f6d66f7a331964dc,13, #988868
e7b6f6d66f7a331964dc,30, #746654
e7b6f6d66f7a331964dc,8, #D8D1BF
e7c2a4494b4d4c0bd0c0,1, #433128
e7c2a4494b4d4c0bd0c0,8, #F4F2EB
e7c2a4494b4d4c0bd0c0,65, #D4CEBA
e7c2a4494b4d4c0bd0c0,10, #9F9482
e7c2a4494b4d4c0bd0c0,2,#BFB399
e7c2a4494b4d4c0bd0c0,11, #6A594D
e7c3ae3980b8d80f0045,3, #A59E8F
e7c3ae3980b8d80f0045,7, #FBF6EC
e7c3ae3980b8d80f0045,0, #6D6558
e7c3ae3980b8d80f0045,78,#E2D9C7
e7c3ae3980b8d80f0045,1, #877E6F
e7c3ae3980b8d80f0045,0, #504B41
e7c3ae3980b8d80f0045,8, #C8C0AF
e7c5e5891511a967126b,2, #7B7961
e7c5e5891511a967126b,44, #C3BDA4
e7c5e5891511a967126b,44, #EDE6CD
e7c5e5891511a967126b,3, #404033
e7c5e5891511a967126b,0,#FEFEF9
e7c5e5891511a967126b,3, #9F9A82
e7c632cf9e13612051c2,3, #A39466
e7c632cf9e13612051c2,1, #CEC28D
e7c632cf9e13612051c2,0, #EEE8B6
e7c632cf9e13612051c2,1,#83764D
e7c632cf9e13612051c2,2, #5B4F2F
e7c632cf9e13612051c2,90, #242010
e7d1c07a444e90a48eaf,12, #716F66
e7d1c07a444e90a48eaf,19, #45453E
e7d1c07a444e90a48eaf,15, #DED9CC
e7d1c07a444e90a48eaf,9, #8C897F
e7d1c07a444e90a48eaf,2,#FAF8F4
e7d1c07a444e90a48eaf,39, #B4B0A5
e7d2da56076b04e3599e,15, #4F401F
e7d2da56076b04e3599e,72, #251F13
e7d2da56076b04e3599e,5, #937F3F
e7d2da56076b04e3599e,2, #7C5524
e7d2da56076b04e3599e,0,#63603E
e7d2da56076b04e3599e,2, #B6A963
e7d30134f9496f04068f,10, #6E6337
e7d30134f9496f04068f,15, #A49E78
e7d30134f9496f04068f,0,#424E54
e7d30134f9496f04068f,38, #4F3B1E
e7d30134f9496f04068f,20, #798174
e7d30134f9496f04068f,14, #1B180E
e7d80954b3f3e9cd6968,76,#0C0B09
e7d80954b3f3e9cd6968,4, #4C3B24
e7d80954b3f3e9cd6968,2, #9D8E6C
e7d80954b3f3e9cd6968,6, #2A261A
e7d80954b3f3e9cd6968,5, #826C47
e7d80954b3f3e9cd6968,1, #AC9E7F
e7d80954b3f3e9cd6968,3, #61563A
e7d9de098a926dc95984,12, #515146
e7d9de098a926dc95984,21, #D0C9B5
e7d9de098a926dc95984,14, #ABA795
e7d9de098a926dc95984,29,#F2EAD2
e7d9de098a926dc95984,5, #35352E
e7d9de098a926dc95984,17, #7C7A6C
e7e5d9393e1680b81380,24, #817C6F
e7e5d9393e1680b81380,20, #CBC4B3
e7e5d9393e1680b81380,20, #5E5A4E
e7e5d9393e1680b81380,11, #3C3A31
e7e5d9393e1680b81380,3,#F7F4E3
e7e5d9393e1680b81380,19, #A59F91
e7e654b790ad7400e45a,16, #837564
e7e654b790ad7400e45a,10, #362B24
e7e654b790ad7400e45a,22, #A09685
e7e654b790ad7400e45a,3,#EFEEE8
e7e654b790ad7400e45a,12, #64584C
e7e654b790ad7400e45a,34, #CAC2A6
e7efead408b62bea066b,12, #5C5651
e7efead408b62bea066b,5, #403D39
e7efead408b62bea066b,26, #A9A294
e7efead408b62bea066b,16, #D4CBBA
e7efead408b62bea066b,0,#FAF3E2
e7efead408b62bea066b,38, #847D74
e7f060c1e9ea93c28d31,5, #353115
e7f060c1e9ea93c28d31,29, #6B6942
e7f060c1e9ea93c28d31,13, #4F4A24
e7f060c1e9ea93c28d31,25, #A7B198
e7f060c1e9ea93c28d31,8, #908E61
e7f060c1e9ea93c28d31,16,#C4CDB3
e7f17051790beeff7c20,6, #907F67
e7f17051790beeff7c20,1, #F7F4E7
e7f17051790beeff7c20,10, #4F4640
e7f17051790beeff7c20,15, #AE9F88
e7f17051790beeff7c20,8, #302925
e7f17051790beeff7c20,47,#D8CDB5
e7f17051790beeff7c20,8, #6F6150
e7ff2cb8df56e0808bef,4, #B5B2A3
e7ff2cb8df56e0808bef,55,#95896A
e7ff2cb8df56e0808bef,4, #676031
e7ff2cb8df56e0808bef,0, #775441
e7ff2cb8df56e0808bef,16, #746853
e7ff2cb8df56e0808bef,18, #A8A28A
e7ff2cb8df56e0808bef,0, #C8C6B4
e8014031c1576f515037,5, #625E53
e8014031c1576f515037,35, #827B68
e8014031c1576f515037,0,#FEFCEE
e8014031c1576f515037,55, #CFC2A1
e8014031c1576f515037,1, #E8E5D4
e8014031c1576f515037,2, #A99F86
e809927fd24112ca0764,67,#242014
e809927fd24112ca0764,1, #E0D597
e809927fd24112ca0764,1, #9C8D5F
e809927fd24112ca0764,25, #463F2A
e809927fd24112ca0764,3, #74623F
e809927fd24112ca0764,1, #BBA56B
e80bc61329e8e5ab65df,7, #36322A
e80bc61329e8e5ab65df,17, #DFD8C5
e80bc61329e8e5ab65df,3,#F8F5ED
e80bc61329e8e5ab65df,39, #918B7C
e80bc61329e8e5ab65df,14, #C0B8A7
e80bc61329e8e5ab65df,18, #615C50
e8200da4c37f91e87a4a,3,#F9F7EF
e8200da4c37f91e87a4a,2, #4D473B
e8200da4c37f91e87a4a,28, #C4B8A0
e8200da4c37f91e87a4a,10, #766C5B
e8200da4c37f91e87a4a,40, #E7DDC8
e8200da4c37f91e87a4a,14, #968E7D
e8239d21ba44c8ead5a5,19, #313227
e8239d21ba44c8ead5a5,13,#A09C87
e8239d21ba44c8ead5a5,17, #F9F5E1
e8239d21ba44c8ead5a5,2, #090C06
e8239d21ba44c8ead5a5,21, #D0C8AA
e8239d21ba44c8ead5a5,25, #686754
e823ea889b85cbd2daf5,16, #B0A293
e823ea889b85cbd2daf5,4, #968A76
e823ea889b85cbd2daf5,49, #D4C6AD
e823ea889b85cbd2daf5,5, #816D4F
e823ea889b85cbd2daf5,15,#F3EDD5
e823ea889b85cbd2daf5,8, #543C27
e82d7b570b933446e914,2,#6C777F
e82d7b570b933446e914,13, #4E493C
e82d7b570b933446e914,15, #3F392B
e82d7b570b933446e914,23, #5C6263
e82d7b570b933446e914,42, #251F14
e82d7b570b933446e914,2, #837D66
e83ecd549be797d740c7,21, #6A6453
e83ecd549be797d740c7,11, #322F26
e83ecd549be797d740c7,2, #DCD9CF
e83ecd549be797d740c7,3,#F7F6F2
e83ecd549be797d740c7,59, #958F7F
e83ecd549be797d740c7,2, #C1BDAC
e84384cd26eddaf6c914,10, #7E635F
e84384cd26eddaf6c914,11,#E6E3DA
e84384cd26eddaf6c914,13, #A28F86
e84384cd26eddaf6c914,33, #545048
e84384cd26eddaf6c914,20, #5A2425
e84384cd26eddaf6c914,12, #BAB4A6
e846a33e8f2ed0a466e9,15, #BAB3A7
e846a33e8f2ed0a466e9,7, #757164
e846a33e8f2ed0a466e9,48, #DFD8C9
e846a33e8f2ed0a466e9,1, #535046
e846a33e8f2ed0a466e9,12, #948E82
e846a33e8f2ed0a466e9,14,#F8F0E0
e860b1451333987a08e2,5, #21201C
e860b1451333987a08e2,11, #696964
e860b1451333987a08e2,3, #95948F
e860b1451333987a08e2,3, #CFCCC3
e860b1451333987a08e2,2, #AFAEAA
e860b1451333987a08e2,9, #EDECE3
e860b1451333987a08e2,65,#41403B
e86eab3f859eba55bd41,2, #605647
e86eab3f859eba55bd41,46, #DECBA1
e86eab3f859eba55bd41,1, #3E3A33
e86eab3f859eba55bd41,2,#F4F1DF
e86eab3f859eba55bd41,13, #84755C
e86eab3f859eba55bd41,33, #AF9D80
e8763501261742dc5054,0, #637267
e8763501261742dc5054,2, #B2A685
e8763501261742dc5054,1, #D3CEAE
e8763501261742dc5054,9, #12110D
e8763501261742dc5054,30, #6F522D
e8763501261742dc5054,17, #908350
e8763501261742dc5054,38,#3B321B
e8777bfe564480ea39ed,5, #FCFBF7
e8777bfe564480ea39ed,13, #989083
e8777bfe564480ea39ed,29,#EFE7D6
e8777bfe564480ea39ed,22, #CDC4B4
e8777bfe564480ea39ed,7, #45413A
e8777bfe564480ea39ed,7, #B0A697
e8777bfe564480ea39ed,13, #716A5F
e87a25ecd277183ec88d,29,#645D2B
e87a25ecd277183ec88d,7, #C3B164
e87a25ecd277183ec88d,3, #E7D88F
e87a25ecd277183ec88d,9, #1D1D0E
e87a25ecd277183ec88d,24, #8E8142
e87a25ecd277183ec88d,24, #483F1B
e87a25ecd277183ec88d,0, #F9F7C3
e87a78b7b39d9f020dd8,3, #4F4A3C
e87a78b7b39d9f020dd8,21, #797468
e87a78b7b39d9f020dd8,34, #BBAF99
e87a78b7b39d9f020dd8,2,#FAF8EF
e87a78b7b39d9f020dd8,0, #A45645
e87a78b7b39d9f020dd8,37, #E5DBC3
e87cc071ce7479a13abc,14, #888070
e87cc071ce7479a13abc,4, #776955
e87cc071ce7479a13abc,4,#F2F2EE
e87cc071ce7479a13abc,31, #DED8C4
e87cc071ce7479a13abc,16, #9D9583
e87cc071ce7479a13abc,29, #C5B693
e87dbb63f24de74910b7,56, #362B24
e87dbb63f24de74910b7,0,#998566
e87dbb63f24de74910b7,33, #1A1714
e87dbb63f24de74910b7,3, #4F4130
e87dbb63f24de74910b7,3, #817255
e87dbb63f24de74910b7,2, #6D593E
e884423cda4e7d6a4018,1, #B89E5E
e884423cda4e7d6a4018,8, #988653
e884423cda4e7d6a4018,28, #5B4D2D
e884423cda4e7d6a4018,8, #312819
e884423cda4e7d6a4018,31,#C5B790
e884423cda4e7d6a4018,11, #A9A183
e884423cda4e7d6a4018,10, #72653F
e8998481073e9402e070,0,#333028
e8998481073e9402e070,22, #A1987E
e8998481073e9402e070,29, #CEC5A6
e8998481073e9402e070,16, #E8E2C5
e8998481073e9402e070,26, #F9F8E6
e8998481073e9402e070,4, #686252
e89cbd5284bca55c24b1,9, #CAC4B8
e89cbd5284bca55c24b1,6, #4E4B40
e89cbd5284bca55c24b1,38, #EDE7DC
e89cbd5284bca55c24b1,14, #837F71
e89cbd5284bca55c24b1,19, #686557
e89cbd5284bca55c24b1,10,#A49F91
e8a0ecf3c15b4103374e,8, #3B3B3A
e8a0ecf3c15b4103374e,20, #BCBBBF
e8a0ecf3c15b4103374e,4, #171615
e8a0ecf3c15b4103374e,8, #605F5F
e8a0ecf3c15b4103374e,29,#E3E2E6
e8a0ecf3c15b4103374e,17, #97979A
e8a0ecf3c15b4103374e,10, #7B7B7C
e8a176ae374ff9130830,9, #262625
e8a176ae374ff9130830,15, #C8B9A0
e8a176ae374ff9130830,2,#DCD4C1
e8a176ae374ff9130830,9, #776651
e8a176ae374ff9130830,48, #A99476
e8a176ae374ff9130830,13, #473F34
e8a4df40bd6aa5960939,11, #F8F6E8
e8a4df40bd6aa5960939,15, #C8BCA3
e8a4df40bd6aa5960939,14, #E1D8BE
e8a4df40bd6aa5960939,11, #615147
e8a4df40bd6aa5960939,15, #B3A693
e8a4df40bd6aa5960939,13, #847769
e8a4df40bd6aa5960939,17,#9D9385
e8a85d46729c705c1825,18, #ACA499
e8a85d46729c705c1825,11, #C7BEB2
e8a85d46729c705c1825,26,#F4ECDC
e8a85d46729c705c1825,7, #3F3A35
e8a85d46729c705c1825,23, #888177
e8a85d46729c705c1825,12, #625C55
e8a898876b9604989c62,0,#FBF5EA
e8a898876b9604989c62,9, #B9B4A9
e8a898876b9604989c62,61, #DAD4CA
e8a898876b9604989c62,8, #5A5A4F
e8a898876b9604989c62,17, #918770
e8a898876b9604989c62,1, #393931
e8aeb5c6d77c3c6f5d86,18, #797567
e8aeb5c6d77c3c6f5d86,0,#FEFEFD
e8aeb5c6d77c3c6f5d86,37, #D6CFB6
e8aeb5c6d77c3c6f5d86,3, #524F45
e8aeb5c6d77c3c6f5d86,34, #A7A08D
e8aeb5c6d77c3c6f5d86,5, #F0EDDA
e8b09734206a8b9bd462,21, #BFB397
e8b09734206a8b9bd462,11, #756D59
e8b09734206a8b9bd462,16, #98917E
e8b09734206a8b9bd462,27,#D7CDB3
e8b09734206a8b9bd462,10, #444034
e8b09734206a8b9bd462,11, #EBE7D9
e8b09734206a8b9bd462,1, #FEFEFD
e8b3f749bfcc4a5d0e49,75,#DAD5BD
e8b3f749bfcc4a5d0e49,3, #F8F8EC
e8b3f749bfcc4a5d0e49,5, #6D645C
e8b3f749bfcc4a5d0e49,9, #3A332F
e8b3f749bfcc4a5d0e49,4, #B7B09A
e8b3f749bfcc4a5d0e49,1, #918C80
e8b432166998e302c5d7,6, #B8A086
e8b432166998e302c5d7,1, #A96B54
e8b432166998e302c5d7,79,#F5EEDE
e8b432166998e302c5d7,3, #716B5C
e8b432166998e302c5d7,4, #8B8372
e8b432166998e302c5d7,1, #494842
e8b432166998e302c5d7,3, #D8C7B1
e8b5e8b04d161483df79,0, #A49C66
e8b5e8b04d161483df79,14, #16110B
e8b5e8b04d161483df79,23, #949C9B
e8b5e8b04d161483df79,15, #BABAA3
e8b5e8b04d161483df79,13, #665D3E
e8b5e8b04d161483df79,3, #887F50
e8b5e8b04d161483df79,28,#3E3319
e8b7bc1fb0beb8903129,12, #B2A88C
e8b7bc1fb0beb8903129,19, #4F4D3D
e8b7bc1fb0beb8903129,6,#F8F3D7
e8b7bc1fb0beb8903129,17, #15150F
e8b7bc1fb0beb8903129,9, #837D65
e8b7bc1fb0beb8903129,34, #DFD1AF
e8b94ffb6b35d631ca77,10, #BDB0A9
e8b94ffb6b35d631ca77,31,#110E0B
e8b94ffb6b35d631ca77,14, #312922
e8b94ffb6b35d631ca77,10, #756B60
e8b94ffb6b35d631ca77,17, #504B44
e8b94ffb6b35d631ca77,13, #958D83
e8b9778b0235eaeb2c19,14, #5B3F20
e8b9778b0235eaeb2c19,51,#0D0C06
e8b9778b0235eaeb2c19,0, #C0B08D
e8b9778b0235eaeb2c19,1, #7D6141
e8b9778b0235eaeb2c19,26, #2D220D
e8b9778b0235eaeb2c19,2, #AD8F6D
e8b9778b0235eaeb2c19,1, #8F7555
e8bde9b52c3437c9695f,16, #767760
e8bde9b52c3437c9695f,0, #E4D7B2
e8bde9b52c3437c9695f,6, #A9A68B
e8bde9b52c3437c9695f,45,#572B17
e8bde9b52c3437c9695f,11, #605A3B
e8bde9b52c3437c9695f,16, #949177
e8bde9b52c3437c9695f,2, #C4BE9E
e8c1082d5d28b6e973a2,1, #422F26
e8c1082d5d28b6e973a2,3,#F8F8F6
e8c1082d5d28b6e973a2,21, #BAB09C
e8c1082d5d28b6e973a2,4, #675646
e8c1082d5d28b6e973a2,10, #887A79
e8c1082d5d28b6e973a2,59, #E0DDCE
e8c158d52eefecc0ff9e,3, #F8F8F4
e8c158d52eefecc0ff9e,16, #A79D89
e8c158d52eefecc0ff9e,12, #65584C
e8c158d52eefecc0ff9e,6, #C7BEA3
e8c158d52eefecc0ff9e,34,#3C332E
e8c158d52eefecc0ff9e,11, #E2DCC3
e8c158d52eefecc0ff9e,16, #857765
e8c93c10b83f72332bd7,11, #ABA498
e8c93c10b83f72332bd7,2, #CFC5B7
e8c93c10b83f72332bd7,3,#F4EEE3
e8c93c10b83f72332bd7,29, #615B58
e8c93c10b83f72332bd7,35, #353231
e8c93c10b83f72332bd7,17, #89827A
e8ca44c9c413ff541636,20, #DAD5C7
e8ca44c9c413ff541636,18, #8C8B7F
e8ca44c9c413ff541636,9, #3A3B34
e8ca44c9c413ff541636,3,#F8F7F3
e8ca44c9c413ff541636,19, #636358
e8ca44c9c413ff541636,29, #B3AEA3
e8cb48190573533a7c1c,2, #92877B
e8cb48190573533a7c1c,17, #6A594C
e8cb48190573533a7c1c,4,#E0DAC7
e8cb48190573533a7c1c,32, #22120E
e8cb48190573533a7c1c,41, #493228
e8cb48190573533a7c1c,1, #B6AE9F
e8cd662f363b81a8a6e8,1, #9F7F5F
e8cd662f363b81a8a6e8,0, #C4B895
e8cd662f363b81a8a6e8,55,#453C29
e8cd662f363b81a8a6e8,14, #1A1915
e8cd662f363b81a8a6e8,0, #DCD7B9
e8cd662f363b81a8a6e8,0, #B09F7A
e8cd662f363b81a8a6e8,27, #745F43
e8d797316608d6dc0f98,9, #4B351F
e8d797316608d6dc0f98,1, #605433
e8d797316608d6dc0f98,86,#262518
e8d797316608d6dc0f98,0, #6C695C
e8d797316608d6dc0f98,0, #87857B
e8d797316608d6dc0f98,1, #7C6938
e8d797316608d6dc0f98,0, #9C874B
e8dc1f2b68b92622283b,6, #151414
e8dc1f2b68b92622283b,0, #C3503F
e8dc1f2b68b92622283b,25, #474647
e8dc1f2b68b92622283b,19, #BBBABD
e8dc1f2b68b92622283b,34,#EBE9E8
e8dc1f2b68b92622283b,13, #888789
e8e703d18db24d8a02df,11, #D8D2C2
e8e703d18db24d8a02df,13,#BAB6A7
e8e703d18db24d8a02df,9, #9B978A
e8e703d18db24d8a02df,17, #777569
e8e703d18db24d8a02df,10, #47463C
e8e703d18db24d8a02df,38, #F6F2E4
e8f8c1a2177325a9dc82,19, #CAC4B2
e8f8c1a2177325a9dc82,10,#EFE7D4
e8f8c1a2177325a9dc82,18, #3E3C33
e8f8c1a2177325a9dc82,24, #888374
e8f8c1a2177325a9dc82,17, #AFA898
e8f8c1a2177325a9dc82,8, #666355
e8fd876e39381ca27747,12, #837F6C
e8fd876e39381ca27747,50, #E3DCC8
e8fd876e39381ca27747,0,#FBF5DF
e8fd876e39381ca27747,19, #C6C1AD
e8fd876e39381ca27747,1, #585645
e8fd876e39381ca27747,15, #A7A28F
e9095d31cc0dc51d206d,4, #948C7B
e9095d31cc0dc51d206d,8, #5D523C
e9095d31cc0dc51d206d,20, #CCC6BA
e9095d31cc0dc51d206d,8, #A8A195
e9095d31cc0dc51d206d,7, #80765E
e9095d31cc0dc51d206d,39,#F8F6F2
e9095d31cc0dc51d206d,11, #2E231E
e91bfb70a26c1d078608,11, #BCB390
e91bfb70a26c1d078608,15,#9E9B84
e91bfb70a26c1d078608,9, #DDD6BA
e91bfb70a26c1d078608,23, #6E4425
e91bfb70a26c1d078608,25, #8E7D5B
e91bfb70a26c1d078608,13, #45240F
e920d51e02fe83d0c19b,3, #4B4740
e920d51e02fe83d0c19b,13, #898479
e920d51e02fe83d0c19b,24,#F0EBD9
e920d51e02fe83d0c19b,20, #D5CEBE
e920d51e02fe83d0c19b,12, #6F6A61
e920d51e02fe83d0c19b,14, #B7B1A4
e920d51e02fe83d0c19b,10, #A19A8F
e922656494c1bc1cb1b2,7, #B79963
e922656494c1bc1cb1b2,1, #F2EDC8
e922656494c1bc1cb1b2,9,#170C04
e922656494c1bc1cb1b2,46, #543615
e922656494c1bc1cb1b2,17, #886B3E
e922656494c1bc1cb1b2,17, #CFC39A
e9260ac89825a1a76d44,9, #666074
e9260ac89825a1a76d44,16, #C8C7BE
e9260ac89825a1a76d44,53,#F3F2EB
e9260ac89825a1a76d44,14, #452B39
e9260ac89825a1a76d44,3, #9E9D96
e9260ac89825a1a76d44,1, #0E0C0C
e9292157c9c788dc739b,3,#CBCAC9
e9292157c9c788dc739b,17, #48403F
e9292157c9c788dc739b,52, #2B1D1D
e9292157c9c788dc739b,9, #A9A39F
e9292157c9c788dc739b,7, #8D8582
e9292157c9c788dc739b,9, #685E5C
e92a73333acfeccca0e4,8,#DAD4C0
e92a73333acfeccca0e4,80, #F5F1E2
e92a73333acfeccca0e4,1, #7C5744
e92a73333acfeccca0e4,5, #C2B19D
e92a73333acfeccca0e4,1, #2F2C21
e92a73333acfeccca0e4,3, #AD8B6B
e92a7651ca08ccd8581b,35,#F9F7EF
e92a7651ca08ccd8581b,8, #5B5648
e92a7651ca08ccd8581b,17, #827D6D
e92a7651ca08ccd8581b,15, #B2AC9A
e92a7651ca08ccd8581b,3, #3C392F
e92a7651ca08ccd8581b,18, #DCD5C1
e92cc7d68d26f63459dc,8, #393021
e92cc7d68d26f63459dc,23, #635130
e92cc7d68d26f63459dc,9, #847251
e92cc7d68d26f63459dc,24, #A7936A
e92cc7d68d26f63459dc,27,#C0B495
e92cc7d68d26f63459dc,6, #211D16
e93efc9f63a4270a4704,26, #9C8E75
e93efc9f63a4270a4704,29,#F3F0DC
e93efc9f63a4270a4704,5, #444137
e93efc9f63a4270a4704,8, #B7B29E
e93efc9f63a4270a4704,8, #CEC9B5
e93efc9f63a4270a4704,22, #7A654B
e94153504e2506f21388,1, #4D412A
e94153504e2506f21388,26, #DECAA9
e94153504e2506f21388,6, #0F0B06
e94153504e2506f21388,0, #837357
e94153504e2506f21388,61,#ECE9D6
e94153504e2506f21388,0, #A18E73
e94153504e2506f21388,3, #BEAA8D
e94303eb2746820e980c,10, #BFB295
e94303eb2746820e980c,29, #6D614B
e94303eb2746820e980c,0,#FEFEF8
e94303eb2746820e980c,11, #E4DFC9
e94303eb2746820e980c,24, #92846A
e94303eb2746820e980c,23, #3D3B31
e943a324dcd8e20f0481,32,#282515
e943a324dcd8e20f0481,3, #BBA769
e943a324dcd8e20f0481,0, #F8F1BD
e943a324dcd8e20f0481,35, #917643
e943a324dcd8e20f0481,1, #DECB89
e943a324dcd8e20f0481,27, #4F4126
e95233c34b1aba1b61cb,0, #483F2E
e95233c34b1aba1b61cb,0, #685E48
e95233c34b1aba1b61cb,8, #191715
e95233c34b1aba1b61cb,3, #897F63
e95233c34b1aba1b61cb,52,#C5BDA0
e95233c34b1aba1b61cb,4, #D8D5C0
e95233c34b1aba1b61cb,30, #A79F84
e956b5e98944772a7f7e,20, #87745D
e956b5e98944772a7f7e,14, #9C8E7E
e956b5e98944772a7f7e,26, #D5CEB9
e956b5e98944772a7f7e,10, #B7AD99
e956b5e98944772a7f7e,20,#F4F2E6
e956b5e98944772a7f7e,6, #623F3B
e95a63227c9fe8665fa7,34, #D7D1BE
e95a63227c9fe8665fa7,3, #343329
e95a63227c9fe8665fa7,24, #F8F3E1
e95a63227c9fe8665fa7,18, #ABA796
e95a63227c9fe8665fa7,12, #5C5A4C
e95a63227c9fe8665fa7,7,#858271
e96785f3a220283c6f37,12, #BFB9A6
e96785f3a220283c6f37,48,#F6F0DC
e96785f3a220283c6f37,15, #D9D3C0
e96785f3a220283c6f37,3, #535043
e96785f3a220283c6f37,13, #9B9784
e96785f3a220283c6f37,6, #787462
e96945c1ec191ed3f678,7, #6B665D
e96945c1ec191ed3f678,14, #8A857B
e96945c1ec191ed3f678,40,#D1CABC
e96945c1ec191ed3f678,0, #FEFEFA
e96945c1ec191ed3f678,1, #464139
e96945c1ec191ed3f678,15, #EFE8DC
e96945c1ec191ed3f678,20, #ACA69B
e96a53026b9bb9b09635,0, #8A4621
e96a53026b9bb9b09635,29, #776241
e96a53026b9bb9b09635,6, #96855D
e96a53026b9bb9b09635,40, #4F3D26
e96a53026b9bb9b09635,22,#23180C
e96a53026b9bb9b09635,0, #B0A47E
e96c912c6bb2f692aef2,15, #B8B4A1
e96c912c6bb2f692aef2,42,#FAF4E1
e96c912c6bb2f692aef2,12, #808175
e96c912c6bb2f692aef2,18, #DED5BE
e96c912c6bb2f692aef2,1, #101714
e96c912c6bb2f692aef2,9, #484D45
e974fe48db42632c31f4,0, #93854F
e974fe48db42632c31f4,44, #3E371A
e974fe48db42632c31f4,37,#241D0C
e974fe48db42632c31f4,10, #585237
e974fe48db42632c31f4,6, #7E6F3C
e974fe48db42632c31f4,0, #AD9B5B
e9753af9ad9a860962f7,43,#363025
e9753af9ad9a860962f7,2, #C5BE9F
e9753af9ad9a860962f7,12, #805B36
e9753af9ad9a860962f7,7, #928562
e9753af9ad9a860962f7,27, #686756
e9753af9ad9a860962f7,6, #B6A77B
e9753af9ad9a860962f7,0, #D8D3C0
e9756a7558d5af77e6ee,12, #D7CFC1
e9756a7558d5af77e6ee,13, #797467
e9756a7558d5af77e6ee,14, #A29987
e9756a7558d5af77e6ee,7, #535046
e9756a7558d5af77e6ee,11, #BEB5A2
e9756a7558d5af77e6ee,38,#F2EFE8
e9756a7558d5af77e6ee,2, #3B3932
e982959e583a74c388fe,4, #F0EEE6
e982959e583a74c388fe,16, #A9A293
e982959e583a74c388fe,8, #403527
e982959e583a74c388fe,25,#8A8479
e982959e583a74c388fe,8, #26160C
e982959e583a74c388fe,22, #635B4E
e982959e583a74c388fe,16, #CCC7B4
e98356a0ffc2d8d0a6a7,69,#F5F1E4
e98356a0ffc2d8d0a6a7,2, #A29C8A
e98356a0ffc2d8d0a6a7,3, #C4BEAA
e98356a0ffc2d8d0a6a7,24, #DFD8C2
e98356a0ffc2d8d0a6a7,0, #5D5747
e98356a0ffc2d8d0a6a7,0, #817A67
e983cebf78c8688e0a80,0, #482E1A
e983cebf78c8688e0a80,4, #998E7C
e983cebf78c8688e0a80,77,#7A6C5A
e983cebf78c8688e0a80,1, #AAA59A
e983cebf78c8688e0a80,5, #BDBAB0
e983cebf78c8688e0a80,7, #D4D4CC
e983cebf78c8688e0a80,2, #5F462D
e9866996aa34321336d6,17, #D4CEB9
e9866996aa34321336d6,19, #65594F
e9866996aa34321336d6,4, #261D1A
e9866996aa34321336d6,9, #433934
e9866996aa34321336d6,31,#A99F8E
e9866996aa34321336d6,3, #F7F7F5
e9866996aa34321336d6,14, #867B6D
e9894d9bd577af2681af,4, #B3AD9A
e9894d9bd577af2681af,14, #E0D9C6
e9894d9bd577af2681af,72,#F6F4EA
e9894d9bd577af2681af,2, #CEC7B2
e9894d9bd577af2681af,3, #938D7D
e9894d9bd577af2681af,0, #6E6A5B
e9894d9bd577af2681af,0, #484235
e98a0652febf3f5deafa,0, #EADEBA
e98a0652febf3f5deafa,6, #271F11
e98a0652febf3f5deafa,4, #88988A
e98a0652febf3f5deafa,43,#C9B881
e98a0652febf3f5deafa,5, #9F8D55
e98a0652febf3f5deafa,24, #554A30
e98a0652febf3f5deafa,15, #896A2E
e98a375455f602fc6218,7, #665848
e98a375455f602fc6218,61, #C3B7A7
e98a375455f602fc6218,3,#46382F
e98a375455f602fc6218,13, #A8987F
e98a375455f602fc6218,1, #DED4CE
e98a375455f602fc6218,12, #857866
e98e5a0543b118d3e15e,1, #8E381A
e98e5a0543b118d3e15e,20, #987E45
e98e5a0543b118d3e15e,39,#C8BD87
e98e5a0543b118d3e15e,0, #B2AA26
e98e5a0543b118d3e15e,17, #B29569
e98e5a0543b118d3e15e,12, #616B52
e98e5a0543b118d3e15e,6, #373218
e98f0256743cbb52e408,7, #2B1E11
e98f0256743cbb52e408,41,#644E2E
e98f0256743cbb52e408,0, #C2A97A
e98f0256743cbb52e408,0, #6E6D50
e98f0256743cbb52e408,13, #908865
e98f0256743cbb52e408,14, #452F19
e98f0256743cbb52e408,22, #8B693C
e992998c4f3b7233f328,57, #D6C9AA
e992998c4f3b7233f328,16, #897553
e992998c4f3b7233f328,3, #C1B390
e992998c4f3b7233f328,0,#FEFEFE
e992998c4f3b7233f328,7, #ECE6D8
e992998c4f3b7233f328,13, #9F9781
e99611fe49618d93397d,0, #33342E
e99611fe49618d93397d,13, #F2ECDA
e99611fe49618d93397d,13, #8F8C81
e99611fe49618d93397d,26,#C9C4B6
e99611fe49618d93397d,10, #A9A599
e99611fe49618d93397d,15, #727067
e99611fe49618d93397d,19, #4F4F47
e99fff549656d4664f09,19, #716E61
e99fff549656d4664f09,5, #8E8A7B
e99fff549656d4664f09,22, #45433A
e99fff549656d4664f09,10, #D2CDBB
e99fff549656d4664f09,7, #ADA897
e99fff549656d4664f09,34,#F3EFE1
e9a4dda532fe2046b250,4, #29241A
e9a4dda532fe2046b250,9, #7B6846
e9a4dda532fe2046b250,28,#CFCDBB
e9a4dda532fe2046b250,0, #B7A97F
e9a4dda532fe2046b250,9, #988E6C
e9a4dda532fe2046b250,25, #B1B5AF
e9a4dda532fe2046b250,21, #544329
e9ab6b1b2355b34db534,10, #9F9C90
e9ab6b1b2355b34db534,12,#EAE6D5
e9ab6b1b2355b34db534,7, #C0BBAD
e9ab6b1b2355b34db534,30, #605F55
e9ab6b1b2355b34db534,26, #36362E
e9ab6b1b2355b34db534,12, #7C7A6F
e9adbd9b1bb00614be0a,6, #DBD4B8
e9adbd9b1bb00614be0a,26, #241D16
e9adbd9b1bb00614be0a,9, #C4AB6A
e9adbd9b1bb00614be0a,0, #ACAAA1
e9adbd9b1bb00614be0a,42,#554333
e9adbd9b1bb00614be0a,1, #8E8D83
e9adbd9b1bb00614be0a,12, #807155
e9adf2d8893932adb486,27, #D2CAB4
e9adf2d8893932adb486,1,#453F2D
e9adf2d8893932adb486,4, #605944
e9adf2d8893932adb486,9, #AEA48B
e9adf2d8893932adb486,12, #88806A
e9adf2d8893932adb486,45, #F7F4E7
e9beb537772e33b749c2,1, #99805C
e9beb537772e33b749c2,3, #BE9E70
e9beb537772e33b749c2,2, #7E583E
e9beb537772e33b749c2,6, #D9C38B
e9beb537772e33b749c2,53,#4E4134
e9beb537772e33b749c2,30, #13120F
e9beb537772e33b749c2,1, #E5DCA7
e9ce9d96f80c44da2a76,10, #9B7E6D
e9ce9d96f80c44da2a76,2, #4D4A48
e9ce9d96f80c44da2a76,5, #6B6761
e9ce9d96f80c44da2a76,0, #8B614F
e9ce9d96f80c44da2a76,17, #D6C9B8
e9ce9d96f80c44da2a76,23, #BDA896
e9ce9d96f80c44da2a76,40,#F2E2CF
e9d0fb6472a108766608,7, #877B6A
e9d0fb6472a108766608,20, #605140
e9d0fb6472a108766608,17, #342A23
e9d0fb6472a108766608,3,#FAF8F4
e9d0fb6472a108766608,24, #A09789
e9d0fb6472a108766608,26, #CEC8BE
e9d150d931bb94d91e19,8, #64553F
e9d150d931bb94d91e19,27, #A49D8A
e9d150d931bb94d91e19,2,#F8F8F6
e9d150d931bb94d91e19,18, #7F7461
e9d150d931bb94d91e19,39, #C1BEB0
e9d150d931bb94d91e19,3, #DDDCD3
e9d6ef299010682e79fc,83,#F6F1DB
e9d6ef299010682e79fc,0, #696655
e9d6ef299010682e79fc,2, #AEA68C
e9d6ef299010682e79fc,0, #403E33
e9d6ef299010682e79fc,10, #DCD5BE
e9d6ef299010682e79fc,1, #85826F
e9d9fd1650e8237f4d05,32, #493E1E
e9d9fd1650e8237f4d05,0, #D3B278
e9d9fd1650e8237f4d05,63,#120F08
e9d9fd1650e8237f4d05,0, #987944
e9d9fd1650e8237f4d05,1, #765825
e9d9fd1650e8237f4d05,0, #B89556
e9e817c71d61f3d06742,17, #756E50
e9e817c71d61f3d06742,26,#F2F1E1
e9e817c71d61f3d06742,14, #B8B18D
e9e817c71d61f3d06742,16, #4C4A41
e9e817c71d61f3d06742,12, #979071
e9e817c71d61f3d06742,12, #D1CBAE
e9e8d4f6cd0386aaf9c1,4, #968E80
e9e8d4f6cd0386aaf9c1,1, #484039
e9e8d4f6cd0386aaf9c1,8, #7B7266
e9e8d4f6cd0386aaf9c1,6, #D0C8B8
e9e8d4f6cd0386aaf9c1,4, #62594F
e9e8d4f6cd0386aaf9c1,7, #B0A89A
e9e8d4f6cd0386aaf9c1,67,#F3ECDB
e9e974b71ab2925634ec,2, #87621B
e9e974b71ab2925634ec,11,#23201B
e9e974b71ab2925634ec,3, #96824D
e9e974b71ab2925634ec,1, #B69D61
e9e974b71ab2925634ec,81, #504327
e9e974b71ab2925634ec,0, #CCC288
e9e9c1fed686c17fa637,6, #686459
e9e9c1fed686c17fa637,10, #ADA999
e9e9c1fed686c17fa637,23, #E2DDC9
e9e9c1fed686c17fa637,23, #7C7769
e9e9c1fed686c17fa637,2, #504D45
e9e9c1fed686c17fa637,9, #C0BBAB
e9e9c1fed686c17fa637,24,#989383
e9f5984f6422e243fafa,6, #775F4E
e9f5984f6422e243fafa,5, #937F6A
e9f5984f6422e243fafa,41,#DDD0B7
e9f5984f6422e243fafa,27, #C3B39A
e9f5984f6422e243fafa,1, #5D3D30
e9f5984f6422e243fafa,16, #AA967E
e9f5984f6422e243fafa,0, #FBEDCF
e9f5cbe1107ea24082b0,57,#12100A
e9f5cbe1107ea24082b0,1, #DCD7B9
e9f5cbe1107ea24082b0,3, #84724E
e9f5cbe1107ea24082b0,4, #D5BB8C
e9f5cbe1107ea24082b0,27, #54462E
e9f5cbe1107ea24082b0,4, #A79A77
e9f9a3e674be9e261704,29, #FBF4D9
e9f9a3e674be9e261704,14,#928F7D
e9f9a3e674be9e261704,5, #575C4E
e9f9a3e674be9e261704,37, #DDCFB4
e9f9a3e674be9e261704,12, #BAB19C
e9f9a3e674be9e261704,1, #1D271F
e9fce05cab9701e625ed,7, #F2EEE2
e9fce05cab9701e625ed,4, #635345
e9fce05cab9701e625ed,25, #C0B49F
e9fce05cab9701e625ed,43,#DBD1B9
e9fce05cab9701e625ed,8, #796B5C
e9fce05cab9701e625ed,5, #918574
e9fce05cab9701e625ed,5, #9E998E
e9fd8d5e27a871a5f8ff,9, #F2ECDE
e9fd8d5e27a871a5f8ff,11, #958A73
e9fd8d5e27a871a5f8ff,14, #605A4C
e9fd8d5e27a871a5f8ff,6, #ADA490
e9fd8d5e27a871a5f8ff,0, #382D1D
e9fd8d5e27a871a5f8ff,5, #7B725E
e9fd8d5e27a871a5f8ff,51,#CDC6B1
e9fdf579002b179bdfcb,0, #78674A
e9fdf579002b179bdfcb,48, #B2A786
e9fdf579002b179bdfcb,46, #CBC8B4
e9fdf579002b179bdfcb,0, #55422B
e9fdf579002b179bdfcb,2, #867D6A
e9fdf579002b179bdfcb,2,#E1E0DB
ea1bbeaa6b4029bcafde,4, #3D3C36
ea1bbeaa6b4029bcafde,2, #FBFAF0
ea1bbeaa6b4029bcafde,31,#AEA89B
ea1bbeaa6b4029bcafde,8, #CCC6B4
ea1bbeaa6b4029bcafde,28, #868177
ea1bbeaa6b4029bcafde,12, #E8E2D0
ea1bbeaa6b4029bcafde,13, #5E5B52
ea27a482b8e7282159bf,24, #B8B2A4
ea27a482b8e7282159bf,26, #666458
ea27a482b8e7282159bf,0,#F1E9D7
ea27a482b8e7282159bf,19, #DAD2C2
ea27a482b8e7282159bf,17, #8C897C
ea27a482b8e7282159bf,10, #424239
ea320e9db99b9174960b,4, #574D44
ea320e9db99b9174960b,22, #7C6F60
ea320e9db99b9174960b,8,#FCFBF6
ea320e9db99b9174960b,5, #ECE4D0
ea320e9db99b9174960b,40, #CCBB9B
ea320e9db99b9174960b,18, #9A8F7D
ea36000350aa14654d01,4, #6A644D
ea36000350aa14654d01,1, #B7A47F
ea36000350aa14654d01,28, #2D2418
ea36000350aa14654d01,5, #111209
ea36000350aa14654d01,1, #938361
ea36000350aa14654d01,58,#4F412D
ea36000350aa14654d01,0, #CEC296
ea36cb61b109758f9e1b,3, #6A6759
ea36cb61b109758f9e1b,5, #4B4940
ea36cb61b109758f9e1b,0, #928F81
ea36cb61b109758f9e1b,88,#ECE6D3
ea36cb61b109758f9e1b,0, #7E7B6B
ea36cb61b109758f9e1b,0, #AFAB99
ea36cb61b109758f9e1b,0, #D1CCBB
ea386dcf94453984227c,24, #7F6C5A
ea386dcf94453984227c,2, #F7F7F2
ea386dcf94453984227c,2, #DFDBC8
ea386dcf94453984227c,3, #372820
ea386dcf94453984227c,29,#BEB29C
ea386dcf94453984227c,14, #928A7E
ea386dcf94453984227c,22, #59473A
ea388d47dd7b2896193b,3, #6E614F
ea388d47dd7b2896193b,6, #BDA48B
ea388d47dd7b2896193b,5, #A78B71
ea388d47dd7b2896193b,2, #48443C
ea388d47dd7b2896193b,5, #D8C8B4
ea388d47dd7b2896193b,70,#F0E7DA
ea388d47dd7b2896193b,5, #95694D
ea395fbf3a5cb75dc103,15,#AEADB1
ea395fbf3a5cb75dc103,20, #494848
ea395fbf3a5cb75dc103,32, #EBE8E9
ea395fbf3a5cb75dc103,11, #777678
ea395fbf3a5cb75dc103,18, #242323
ea395fbf3a5cb75dc103,0, #C75142
ea3fe0372d19d4b56af1,7,#F2EDDE
ea3fe0372d19d4b56af1,15, #A29D8B
ea3fe0372d19d4b56af1,5, #63604D
ea3fe0372d19d4b56af1,1, #413F32
ea3fe0372d19d4b56af1,12, #807B68
ea3fe0372d19d4b56af1,58, #CCC7B4
ea4a3d6f68dfcd1207b6,44, #DBD3C9
ea4a3d6f68dfcd1207b6,5, #BAAEA3
ea4a3d6f68dfcd1207b6,0, #524D4A
ea4a3d6f68dfcd1207b6,37,#FCF8F6
ea4a3d6f68dfcd1207b6,6, #9B887A
ea4a3d6f68dfcd1207b6,4, #8A675C
ea54cf94807ae6328336,17, #C3BAA3
ea54cf94807ae6328336,15, #DAD2BA
ea54cf94807ae6328336,28, #736E5D
ea54cf94807ae6328336,16, #9E9786
ea54cf94807ae6328336,8, #474339
ea54cf94807ae6328336,13,#F3F0E5
ea56f417fb0ede10db61,10, #857F6E
ea56f417fb0ede10db61,3, #6D685C
ea56f417fb0ede10db61,0, #493F2F
ea56f417fb0ede10db61,0, #2C2111
ea56f417fb0ede10db61,19, #A69D89
ea56f417fb0ede10db61,0, #EDE7D6
ea56f417fb0ede10db61,65,#D2CBB7
ea5dc514e3f90bcccd21,15, #847E6D
ea5dc514e3f90bcccd21,9, #D3CDBB
ea5dc514e3f90bcccd21,19, #B0AB98
ea5dc514e3f90bcccd21,10, #504C3F
ea5dc514e3f90bcccd21,6,#FCFBF7
ea5dc514e3f90bcccd21,38, #EBE7D5
ea62dfad4cb66f9abef4,6,#EEE9DD
ea62dfad4cb66f9abef4,16, #7C796C
ea62dfad4cb66f9abef4,16, #59574D
ea62dfad4cb66f9abef4,41, #CEC9BE
ea62dfad4cb66f9abef4,6, #3E3E37
ea62dfad4cb66f9abef4,12, #A9A498
ea6df3708f72bad2880d,4, #8E836F
ea6df3708f72bad2880d,1, #5D4C38
ea6df3708f72bad2880d,9, #B2A890
ea6df3708f72bad2880d,0, #322615
ea6df3708f72bad2880d,74, #DED7C0
ea6df3708f72bad2880d,10,#FBF9F2
ea6f1122a57e4b140ee0,38,#BCC4B1
ea6f1122a57e4b140ee0,0, #8B9490
ea6f1122a57e4b140ee0,19, #9D926D
ea6f1122a57e4b140ee0,6, #867951
ea6f1122a57e4b140ee0,0, #5F675E
ea6f1122a57e4b140ee0,7, #6A5A35
ea6f1122a57e4b140ee0,27, #A6AA97
ea79cd4ca42858da57cb,17, #41362F
ea79cd4ca42858da57cb,5,#C7AE8A
ea79cd4ca42858da57cb,0, #E6D6B2
ea79cd4ca42858da57cb,42, #7C614A
ea79cd4ca42858da57cb,11, #101117
ea79cd4ca42858da57cb,22, #A18563
ea7b5cc62af108997d58,7, #2E271D
ea7b5cc62af108997d58,22, #9E885D
ea7b5cc62af108997d58,0, #CBBE9C
ea7b5cc62af108997d58,7, #493F2D
ea7b5cc62af108997d58,12, #635B47
ea7b5cc62af108997d58,38,#B6A379
ea7b5cc62af108997d58,11, #8A6744
ea848cb82d406e94fc4e,4, #68655A
ea848cb82d406e94fc4e,62,#F1EDDC
ea848cb82d406e94fc4e,4, #868275
ea848cb82d406e94fc4e,1, #49473E
ea848cb82d406e94fc4e,12, #ABA597
ea848cb82d406e94fc4e,13, #D2CAB7
ea86e33103019fb37480,72,#F0ECDA
ea86e33103019fb37480,11, #D1C7AB
ea86e33103019fb37480,5, #998E77
ea86e33103019fb37480,6, #B6AB90
ea86e33103019fb37480,0, #503C2E
ea86e33103019fb37480,2, #81715D
ea86e33103019fb37480,1, #615142
ea8c12b02d08e62ec269,4, #A99E6B
ea8c12b02d08e62ec269,13, #978A59
ea8c12b02d08e62ec269,20, #7E7042
ea8c12b02d08e62ec269,4, #140F07
ea8c12b02d08e62ec269,1, #BEB585
ea8c12b02d08e62ec269,20, #3A311A
ea8c12b02d08e62ec269,35,#62552E
ea8fa1ac925085a82536,28, #C5BFA1
ea8fa1ac925085a82536,43,#E5E2D2
ea8fa1ac925085a82536,5, #7B7254
ea8fa1ac925085a82536,0, #FEFBF0
ea8fa1ac925085a82536,9, #33322B
ea8fa1ac925085a82536,6, #999275
ea8fa1ac925085a82536,6, #534E3B
ea93cfac2f50756c1fcb,10, #CBC1A8
ea93cfac2f50756c1fcb,3, #8E8776
ea93cfac2f50756c1fcb,6, #A8A28E
ea93cfac2f50756c1fcb,0,#5F5949
ea93cfac2f50756c1fcb,1, #746E5D
ea93cfac2f50756c1fcb,78, #EDE5CC
ea9c1712d2bad4cb4b63,4,#ECDEB2
ea9c1712d2bad4cb4b63,8, #463B2B
ea9c1712d2bad4cb4b63,15, #6C5C42
ea9c1712d2bad4cb4b63,9, #161614
ea9c1712d2bad4cb4b63,23, #9A7D53
ea9c1712d2bad4cb4b63,38, #C5A869
ea9e2f0bdd530a01559b,3, #2B2D2A
ea9e2f0bdd530a01559b,7, #615741
ea9e2f0bdd530a01559b,19, #898060
ea9e2f0bdd530a01559b,0,#0A0C0E
ea9e2f0bdd530a01559b,1, #C2C3C2
ea9e2f0bdd530a01559b,67, #AAA489
eaa2ec5f20c8f7a61f81,15, #90979B
eaa2ec5f20c8f7a61f81,7, #7D6F51
eaa2ec5f20c8f7a61f81,0, #9F9170
eaa2ec5f20c8f7a61f81,11, #262317
eaa2ec5f20c8f7a61f81,28, #B2B3AA
eaa2ec5f20c8f7a61f81,5, #57574E
eaa2ec5f20c8f7a61f81,30,#443E2A
eaa4f807429f528e861e,9, #372E29
eaa4f807429f528e861e,2,#9A8E7A
eaa4f807429f528e861e,13, #B8AC93
eaa4f807429f528e861e,36, #F6F4EA
eaa4f807429f528e861e,7, #746653
eaa4f807429f528e861e,30, #D4CAB3
eaa544801e2126b3892f,16, #D8D2BA
eaa544801e2126b3892f,1, #6B6653
eaa544801e2126b3892f,2, #827C68
eaa544801e2126b3892f,3, #B7B099
eaa544801e2126b3892f,3, #9A9684
eaa544801e2126b3892f,71,#F7F5ED
eaa544801e2126b3892f,1, #504C3C
eaa86145addbe15f49cb,2, #9F9B8E
eaa86145addbe15f49cb,2, #7B786A
eaa86145addbe15f49cb,2, #B7B3A6
eaa86145addbe15f49cb,51,#FAF8F2
eaa86145addbe15f49cb,37, #E7E3D5
eaa86145addbe15f49cb,3, #CFCBBE
eaa86145addbe15f49cb,0, #504E3F
eab1238fe38d429eda52,11, #85754B
eab1238fe38d429eda52,8, #594E36
eab1238fe38d429eda52,4, #D1C7A6
eab1238fe38d429eda52,8, #342C1C
eab1238fe38d429eda52,9, #998F71
eab1238fe38d429eda52,54,#0C0A06
eab1238fe38d429eda52,1, #F8F5E8
eabe3a04cf379d8542df,3, #90885D
eabe3a04cf379d8542df,22, #1A170A
eabe3a04cf379d8542df,26, #474122
eabe3a04cf379d8542df,4, #766C41
eabe3a04cf379d8542df,41, #BDB388
eabe3a04cf379d8542df,0,#DBD3BB
eac5dc458376651306e8,3, #9D9261
eac5dc458376651306e8,33, #3D372A
eac5dc458376651306e8,23,#1B1814
eac5dc458376651306e8,4, #E1DFD0
eac5dc458376651306e8,21, #A8B1AD
eac5dc458376651306e8,13, #5C5F5D
eac898f54cc6dff65ca9,62, #C8C1A9
eac898f54cc6dff65ca9,20, #ACA08C
eac898f54cc6dff65ca9,3,#E9E9E2
eac898f54cc6dff65ca9,10, #8B8275
eac898f54cc6dff65ca9,2, #685C50
eac898f54cc6dff65ca9,0, #3F352E
eace33a7fe3a4ac7bad1,22, #DAD2AB
eace33a7fe3a4ac7bad1,26,#AEB09C
eace33a7fe3a4ac7bad1,20, #3F4134
eace33a7fe3a4ac7bad1,10, #181F17
eace33a7fe3a4ac7bad1,3, #757054
eace33a7fe3a4ac7bad1,17, #8D896F
ead46385119dcccc092d,10, #88877C
ead46385119dcccc092d,4, #A7A598
ead46385119dcccc092d,19, #696960
ead46385119dcccc092d,22, #3E3F38
ead46385119dcccc092d,19,#F8F7F3
ead46385119dcccc092d,22, #D5D2C1
eadfecd37e051eac646c,6, #716E63
eadfecd37e051eac646c,30, #F1EFE1
eadfecd37e051eac646c,12, #B3AE9E
eadfecd37e051eac646c,30,#D2CEBB
eadfecd37e051eac646c,5, #4C4942
eadfecd37e051eac646c,14, #918D81
eaeb9f77fb03be7f6489,0, #D9CCB5
eaeb9f77fb03be7f6489,31, #523824
eaeb9f77fb03be7f6489,0, #C7B697
eaeb9f77fb03be7f6489,24, #A09072
eaeb9f77fb03be7f6489,7,#F3F0E5
eaeb9f77fb03be7f6489,35, #836943
eaefa267fa0cb16fa65e,1, #AB9758
eaefa267fa0cb16fa65e,0,#646C51
eaefa267fa0cb16fa65e,1, #8F7940
eaefa267fa0cb16fa65e,3, #4B4A32
eaefa267fa0cb16fa65e,90, #261D0F
eaefa267fa0cb16fa65e,2, #715D2B
eaf1cd561fba60b42a20,30,#82734C
eaf1cd561fba60b42a20,10, #3B392A
eaf1cd561fba60b42a20,0, #B87456
eaf1cd561fba60b42a20,1, #F0E08E
eaf1cd561fba60b42a20,25, #AF995A
eaf1cd561fba60b42a20,23, #60583D
eaf1cd561fba60b42a20,8, #D4BC6D
eaf9c4c5d9ee83b461df,36,#CCC0AA
eaf9c4c5d9ee83b461df,7, #48403A
eaf9c4c5d9ee83b461df,0, #FEFDF4
eaf9c4c5d9ee83b461df,18, #9B8C75
eaf9c4c5d9ee83b461df,5, #29241E
eaf9c4c5d9ee83b461df,12, #706356
eaf9c4c5d9ee83b461df,19, #ECE5D3
eaff78e2c10df1dfd680,6, #4F4021
eaff78e2c10df1dfd680,1, #65592E
eaff78e2c10df1dfd680,84,#24200D
eaff78e2c10df1dfd680,1, #7F7340
eaff78e2c10df1dfd680,1, #B0A665
eaff78e2c10df1dfd680,3, #D4BC6E
eaff78e2c10df1dfd680,1, #9A884F
eb01536fbf3f4ed6f7eb,2, #8B7D6E
eb01536fbf3f4ed6f7eb,36,#422A20
eb01536fbf3f4ed6f7eb,14, #F4F4EF
eb01536fbf3f4ed6f7eb,2, #6D5A4A
eb01536fbf3f4ed6f7eb,7, #D9D8CE
eb01536fbf3f4ed6f7eb,2, #A59D92
eb01536fbf3f4ed6f7eb,35, #BDB9AC
eb08e07892f174375e65,49,#382F1F
eb08e07892f174375e65,3, #60553D
eb08e07892f174375e65,36, #0E0E0D
eb08e07892f174375e65,1, #A3A38B
eb08e07892f174375e65,5, #8D7F59
eb08e07892f174375e65,4, #929179
eb0e4fd8d4f37293d8b0,0,#413328
eb0e4fd8d4f37293d8b0,18, #7F735D
eb0e4fd8d4f37293d8b0,31, #B5A995
eb0e4fd8d4f37293d8b0,10, #A0937C
eb0e4fd8d4f37293d8b0,32, #D3C9B2
eb0e4fd8d4f37293d8b0,5, #5E4D41
eb1095020c05477dda6a,22, #E0DAC7
eb1095020c05477dda6a,26, #C1BCAA
eb1095020c05477dda6a,0,#F9F5E3
eb1095020c05477dda6a,22, #939081
eb1095020c05477dda6a,13, #3F3E35
eb1095020c05477dda6a,14, #686659
eb19b511b2faac23c9a8,13, #5C5339
eb19b511b2faac23c9a8,20, #887B58
eb19b511b2faac23c9a8,14, #ADA27C
eb19b511b2faac23c9a8,2, #E7E4CA
eb19b511b2faac23c9a8,40, #CDC496
eb19b511b2faac23c9a8,8,#2B271B
eb23142a8540f66a6b93,30, #888469
eb23142a8540f66a6b93,21, #9C9F89
eb23142a8540f66a6b93,17, #726542
eb23142a8540f66a6b93,2, #5B4E2E
eb23142a8540f66a6b93,0,#5A6159
eb23142a8540f66a6b93,28, #ACB09B
eb30e418380a49c3e317,1, #1D1C17
eb30e418380a49c3e317,15, #5D4831
eb30e418380a49c3e317,16, #675C43
eb30e418380a49c3e317,16, #423425
eb30e418380a49c3e317,6, #A9A489
eb30e418380a49c3e317,23,#767258
eb30e418380a49c3e317,19, #998564
eb3a003ba86c3734d29c,16, #141311
eb3a003ba86c3734d29c,14, #614832
eb3a003ba86c3734d29c,28,#ABA48F
eb3a003ba86c3734d29c,10, #C9C1A8
eb3a003ba86c3734d29c,4, #968E7A
eb3a003ba86c3734d29c,12, #342F26
eb3a003ba86c3734d29c,12, #877A5A
eb3d587588e2eb3d1fb5,3, #2F2E28
eb3d587588e2eb3d1fb5,25, #716D64
eb3d587588e2eb3d1fb5,28, #C6C1B5
eb3d587588e2eb3d1fb5,17, #969288
eb3d587588e2eb3d1fb5,19, #4F4D46
eb3d587588e2eb3d1fb5,5,#F4F1E9
eb567af70ef32c0bd34b,15, #201F1A
eb567af70ef32c0bd34b,18, #807A6A
eb567af70ef32c0bd34b,0, #A4A097
eb567af70ef32c0bd34b,11, #ECEAE0
eb567af70ef32c0bd34b,35,#645F51
eb567af70ef32c0bd34b,17, #44413A
eb567af70ef32c0bd34b,1, #C5C2B6
eb5c1215126d75fb8622,4, #716964
eb5c1215126d75fb8622,15, #958E88
eb5c1215126d75fb8622,13, #B9B2AB
eb5c1215126d75fb8622,19,#D6CEC8
eb5c1215126d75fb8622,0, #524B47
eb5c1215126d75fb8622,45, #F7F3F0
eb5f114cbe114fbdf590,14, #585948
eb5f114cbe114fbdf590,42,#F0F0EB
eb5f114cbe114fbdf590,6, #9DA299
eb5f114cbe114fbdf590,17, #DCDBC3
eb5f114cbe114fbdf590,5, #B9BEB0
eb5f114cbe114fbdf590,0, #2D2D1B
eb5f114cbe114fbdf590,13, #828169
eb5feed5fa2fd1f55018,9, #9D9683
eb5feed5fa2fd1f55018,11, #C1B69E
eb5feed5fa2fd1f55018,14, #7A7466
eb5feed5fa2fd1f55018,32,#F6F1DD
eb5feed5fa2fd1f55018,5, #D9D1B8
eb5feed5fa2fd1f55018,3, #393834
eb5feed5fa2fd1f55018,23, #55524B
eb6d645c1f15aa0698cb,29,#F4F1E2
eb6d645c1f15aa0698cb,12, #414037
eb6d645c1f15aa0698cb,2, #AFAC9D
eb6d645c1f15aa0698cb,7, #918E81
eb6d645c1f15aa0698cb,24, #CFCBBA
eb6d645c1f15aa0698cb,24, #6C6A5D
eb70bae451bb18581b28,5, #0A0906
eb70bae451bb18581b28,5, #7F5418
eb70bae451bb18581b28,52,#373121
eb70bae451bb18581b28,4, #A49E7D
eb70bae451bb18581b28,11, #564F37
eb70bae451bb18581b28,0, #C7C1A5
eb70bae451bb18581b28,20, #8C7B54
eb79a62de1b29f6d568d,14, #78746D
eb79a62de1b29f6d568d,5,#F4F0E5
eb79a62de1b29f6d568d,26, #959187
eb79a62de1b29f6d568d,25, #B9B5A8
eb79a62de1b29f6d568d,9, #4B4843
eb79a62de1b29f6d568d,18, #D7D1C2
eb7a160dc4f8cbca83ed,0, #5E655D
eb7a160dc4f8cbca83ed,42,#8B8B77
eb7a160dc4f8cbca83ed,14, #837752
eb7a160dc4f8cbca83ed,29, #AAAE98
eb7a160dc4f8cbca83ed,2, #514224
eb7a160dc4f8cbca83ed,10, #6A5E3A
eb7a160dc4f8cbca83ed,0, #B2BEAF
eb7c7799732f5b568301,54,#E3D2BF
eb7c7799732f5b568301,15, #C1B1A1
eb7c7799732f5b568301,0, #7D6557
eb7c7799732f5b568301,0, #AD7661
eb7c7799732f5b568301,17, #B98E7B
eb7c7799732f5b568301,6, #888078
eb7c7799732f5b568301,5, #FCF4EC
eb7ced8f2cfc73868170,8,#9F9A8F
eb7ced8f2cfc73868170,4, #858075
eb7ced8f2cfc73868170,14, #C4BEB1
eb7ced8f2cfc73868170,9, #645F53
eb7ced8f2cfc73868170,59, #F1EEE5
eb7ced8f2cfc73868170,2, #403D34
eb7e0abf67537506c87d,22, #55391C
eb7e0abf67537506c87d,13, #AEA27B
eb7e0abf67537506c87d,45, #170D06
eb7e0abf67537506c87d,1,#D9CE9E
eb7e0abf67537506c87d,1, #F4F0DA
eb7e0abf67537506c87d,16, #7D6F4D
eb884048cca5dafbd2e8,8, #888779
eb884048cca5dafbd2e8,0, #BAAA8B
eb884048cca5dafbd2e8,2, #D2C19E
eb884048cca5dafbd2e8,5, #6F6A54
eb884048cca5dafbd2e8,71, #454339
eb884048cca5dafbd2e8,11,#F0E9D4
eb9606e178f74136254b,12, #C3B7A2
eb9606e178f74136254b,13, #4F3C30
eb9606e178f74136254b,5, #38271F
eb9606e178f74136254b,17, #A49581
eb9606e178f74136254b,16, #847563
eb9606e178f74136254b,18,#675545
eb9606e178f74136254b,15, #E9E4CE
eb96ad6c5a7611efeff3,32, #393A37
eb96ad6c5a7611efeff3,6, #F9F8F4
eb96ad6c5a7611efeff3,4,#949491
eb96ad6c5a7611efeff3,27, #D3D2C9
eb96ad6c5a7611efeff3,23, #6E6E6D
eb96ad6c5a7611efeff3,5, #AEAEA9
eb9cdb2b276386cae7d6,0,#F3ECDE
eb9cdb2b276386cae7d6,13, #5F4F44
eb9cdb2b276386cae7d6,27, #CABDAA
eb9cdb2b276386cae7d6,17, #AE9E89
eb9cdb2b276386cae7d6,24, #877765
eb9cdb2b276386cae7d6,16, #DDD5C6
eba0a331e81deafc1c0e,7, #685A3C
eba0a331e81deafc1c0e,1, #F7F4E2
eba0a331e81deafc1c0e,6, #D7CBA4
eba0a331e81deafc1c0e,10, #A69C81
eba0a331e81deafc1c0e,8, #97835A
eba0a331e81deafc1c0e,51,#151007
eba0a331e81deafc1c0e,13, #423B22
eba60353179f9d7d20e7,12, #767165
eba60353179f9d7d20e7,15, #A7A296
eba60353179f9d7d20e7,8, #8B867A
eba60353179f9d7d20e7,17, #58544A
eba60353179f9d7d20e7,1, #3A3831
eba60353179f9d7d20e7,27,#F0ECDD
eba60353179f9d7d20e7,17, #CBC6B8
ebb35382e5e4c929bc6a,41,#F1EBD8
ebb35382e5e4c929bc6a,13, #6A6658
ebb35382e5e4c929bc6a,5, #413E34
ebb35382e5e4c929bc6a,10, #D3CCBA
ebb35382e5e4c929bc6a,8, #95907F
ebb35382e5e4c929bc6a,21, #B6B09E
ebb4be831da1f7c2ecd5,5, #6B5F52
ebb4be831da1f7c2ecd5,41,#D8C7B3
ebb4be831da1f7c2ecd5,7, #927B6A
ebb4be831da1f7c2ecd5,0, #54473B
ebb4be831da1f7c2ecd5,42, #F1E2CD
ebb4be831da1f7c2ecd5,3, #BAA693
ebb5d445954e92346ff8,19, #D1CCBB
ebb5d445954e92346ff8,21, #F4F0DF
ebb5d445954e92346ff8,0, #3E3B31
ebb5d445954e92346ff8,22,#ADA798
ebb5d445954e92346ff8,10, #666255
ebb5d445954e92346ff8,3, #514E42
ebb5d445954e92346ff8,21, #868172
ebb7bfc3d81a69877527,0, #897646
ebb7bfc3d81a69877527,6, #9E8D61
ebb7bfc3d81a69877527,0, #70706C
ebb7bfc3d81a69877527,0,#424341
ebb7bfc3d81a69877527,50, #B4AD99
ebb7bfc3d81a69877527,42, #D1C9B7
ebbc1b0aea73c4cdbc5c,0, #E1DACB
ebbc1b0aea73c4cdbc5c,36,#43413F
ebbc1b0aea73c4cdbc5c,12, #AAA291
ebbc1b0aea73c4cdbc5c,4, #FBF9F5
ebbc1b0aea73c4cdbc5c,6, #C5BCA7
ebbc1b0aea73c4cdbc5c,15, #635E58
ebbc1b0aea73c4cdbc5c,23, #847D73
ebc36a19b479253c697c,7, #8C7D69
ebc36a19b479253c697c,16, #C6BBAA
ebc36a19b479253c697c,12, #A39D94
ebc36a19b479253c697c,26, #D9D0C4
ebc36a19b479253c697c,27,#41382D
ebc36a19b479253c697c,6, #6B604F
ebc36a19b479253c697c,2, #0F0F0E
ebc46504dccdde275a6e,1, #F3EBDB
ebc46504dccdde275a6e,23, #747065
ebc46504dccdde275a6e,24,#BDB4A4
ebc46504dccdde275a6e,9, #393630
ebc46504dccdde275a6e,11, #DAD3C5
ebc46504dccdde275a6e,17, #999388
ebc46504dccdde275a6e,12, #545047
ebcf16835fdcbb2fda95,1, #8C7243
ebcf16835fdcbb2fda95,0, #A89767
ebcf16835fdcbb2fda95,46,#463825
ebcf16835fdcbb2fda95,3, #18180E
ebcf16835fdcbb2fda95,41, #2F2316
ebcf16835fdcbb2fda95,0, #978656
ebcf16835fdcbb2fda95,6, #745F34
ebd8e0afd16a26378de6,67,#1C150E
ebd8e0afd16a26378de6,0, #AB9D79
ebd8e0afd16a26378de6,0, #B9AF8E
ebd8e0afd16a26378de6,3, #745C37
ebd8e0afd16a26378de6,26, #5C3521
ebd8e0afd16a26378de6,0, #9C8965
ebd8e0afd16a26378de6,1, #857251
ebdbafd7ae8d5a86de73,6, #E7E5D8
ebdbafd7ae8d5a86de73,29, #C0BCA8
ebdbafd7ae8d5a86de73,0,#FEFEFA
ebdbafd7ae8d5a86de73,16, #312F28
ebdbafd7ae8d5a86de73,29, #9B9178
ebdbafd7ae8d5a86de73,16, #695D49
ebe3c943ec12a379cbc6,5,#968359
ebe3c943ec12a379cbc6,1, #BCA363
ebe3c943ec12a379cbc6,43, #1D180F
ebe3c943ec12a379cbc6,13, #705328
ebe3c943ec12a379cbc6,1, #926C2C
ebe3c943ec12a379cbc6,34, #403A26
ebe60ddc3c9be0c3caf4,17, #6E6B61
ebe60ddc3c9be0c3caf4,7, #F5F1E6
ebe60ddc3c9be0c3caf4,15, #88847A
ebe60ddc3c9be0c3caf4,9, #BCB8AF
ebe60ddc3c9be0c3caf4,14, #A5A097
ebe60ddc3c9be0c3caf4,8, #4B4941
ebe60ddc3c9be0c3caf4,26,#D6D2C8
ebe7d7e0374847f6ad68,23, #3D2C1C
ebe7d7e0374847f6ad68,40, #0F0F0A
ebe7d7e0374847f6ad68,0, #B7A47D
ebe7d7e0374847f6ad68,25, #7B482F
ebe7d7e0374847f6ad68,0, #CEC6A1
ebe7d7e0374847f6ad68,9,#948868
ebeeb3211a6a4f8e216c,57,#6B6257
ebeeb3211a6a4f8e216c,15, #C8C5B5
ebeeb3211a6a4f8e216c,2, #130F0E
ebeeb3211a6a4f8e216c,12, #40382E
ebeeb3211a6a4f8e216c,3, #F2EFE5
ebeeb3211a6a4f8e216c,2, #A19E93
ebeeb3211a6a4f8e216c,6, #838079
ebf713843e928c9c0052,39, #241E17
ebf713843e928c9c0052,4,#D4DACC
ebf713843e928c9c0052,19, #514A2A
ebf713843e928c9c0052,4, #919B80
ebf713843e928c9c0052,23, #A9B6AA
ebf713843e928c9c0052,8, #77774E
ebfb83a2b74dc2158023,25, #807B6A
ebfb83a2b74dc2158023,23, #D7D2BF
ebfb83a2b74dc2158023,9, #655F51
ebfb83a2b74dc2158023,4, #3D3930
ebfb83a2b74dc2158023,37, #A8A290
ebfb83a2b74dc2158023,0,#F4EEDB
ebfd3cbf2f035173b49e,5, #BCB08C
ebfd3cbf2f035173b49e,0,#6C644C
ebfd3cbf2f035173b49e,12, #97917D
ebfd3cbf2f035173b49e,74, #D3CAB0
ebfd3cbf2f035173b49e,1, #E6E5DE
ebfd3cbf2f035173b49e,5, #F8F8F7
ebfea5b3b4fbab306cb8,9, #67665B
ebfea5b3b4fbab306cb8,24, #8D8A7D
ebfea5b3b4fbab306cb8,14, #BAB6A3
ebfea5b3b4fbab306cb8,5, #4A4A43
ebfea5b3b4fbab306cb8,0,#FEFEFE
ebfea5b3b4fbab306cb8,45, #E2DECD
ec0077629b6a97737e2d,1, #3D5649
ec0077629b6a97737e2d,4,#A0824E
ec0077629b6a97737e2d,3, #AFA679
ec0077629b6a97737e2d,11, #6C6F52
ec0077629b6a97737e2d,53, #483523
ec0077629b6a97737e2d,26, #15130D
ec0297d08b4e4e2fb119,1,#F9F8F0
ec0297d08b4e4e2fb119,3, #33302B
ec0297d08b4e4e2fb119,22, #B9B098
ec0297d08b4e4e2fb119,5, #6F6352
ec0297d08b4e4e2fb119,50, #DFD8BF
ec0297d08b4e4e2fb119,15, #988E77
ec084604e1ee0ed099af,48,#EBE3CE
ec084604e1ee0ed099af,2, #FAF8F4
ec084604e1ee0ed099af,5, #B9A28E
ec084604e1ee0ed099af,5, #38362D
ec084604e1ee0ed099af,10, #5E5A4F
ec084604e1ee0ed099af,10, #888377
ec084604e1ee0ed099af,17, #CFC1AD
ec08dce5093528100063,21, #2E2817
ec08dce5093528100063,12, #B2B096
ec08dce5093528100063,2, #9C9977
ec08dce5093528100063,9, #7F774C
ec08dce5093528100063,16, #E5E4D1
ec08dce5093528100063,12, #5C5B4A
ec08dce5093528100063,25,#C4C5B6
ec0bfdad847ac5a99620,0,#FAF7E9
ec0bfdad847ac5a99620,8, #E3DDD1
ec0bfdad847ac5a99620,10, #C1BBB0
ec0bfdad847ac5a99620,24, #989389
ec0bfdad847ac5a99620,40, #646057
ec0bfdad847ac5a99620,16, #393630
ec0c37b96df98d043a1b,22, #90887F
ec0c37b96df98d043a1b,1, #71655C
ec0c37b96df98d043a1b,58, #D9CDB6
ec0c37b96df98d043a1b,7,#F4F0E5
ec0c37b96df98d043a1b,1, #53433B
ec0c37b96df98d043a1b,7, #BBAC96
ec0fa1e332b82a37f3f5,49,#EDEAD7
ec0fa1e332b82a37f3f5,10, #A0977F
ec0fa1e332b82a37f3f5,10, #392E28
ec0fa1e332b82a37f3f5,6, #736B60
ec0fa1e332b82a37f3f5,4, #524840
ec0fa1e332b82a37f3f5,8, #C5BEA9
ec0fa1e332b82a37f3f5,9, #160E0B
ec0fc0a24a342715732f,9, #AAA399
ec0fc0a24a342715732f,5, #3D3D37
ec0fc0a24a342715732f,7,#8F8A80
ec0fc0a24a342715732f,52, #C6C0B6
ec0fc0a24a342715732f,15, #ECE5DB
ec0fc0a24a342715732f,7, #6C6860
ec130f5523f87d5e6945,0, #C7C6C0
ec130f5523f87d5e6945,57,#31312B
ec130f5523f87d5e6945,2, #EEEBE0
ec130f5523f87d5e6945,3, #8A8676
ec130f5523f87d5e6945,7, #756D54
ec130f5523f87d5e6945,10, #AEA88E
ec130f5523f87d5e6945,18, #504C3E
ec19e42589bfefa7bb54,7, #A7A293
ec19e42589bfefa7bb54,19, #33200F
ec19e42589bfefa7bb54,3, #7B8179
ec19e42589bfefa7bb54,40,#473523
ec19e42589bfefa7bb54,3, #554B39
ec19e42589bfefa7bb54,19, #0C0B08
ec19e42589bfefa7bb54,5, #67685F
ec1bec3bb11232e2025a,1, #B5A791
ec1bec3bb11232e2025a,1, #887F6F
ec1bec3bb11232e2025a,0, #D8CAAF
ec1bec3bb11232e2025a,74, #34322A
ec1bec3bb11232e2025a,2, #635B4B
ec1bec3bb11232e2025a,19,#120F0C
ec1dc53bd7270884fc44,0, #F3EEDA
ec1dc53bd7270884fc44,38,#C1B9A3
ec1dc53bd7270884fc44,18, #DAD3BC
ec1dc53bd7270884fc44,4, #A5A08C
ec1dc53bd7270884fc44,2, #38352D
ec1dc53bd7270884fc44,10, #827D6C
ec1dc53bd7270884fc44,25, #585448
ec22b4495726cdb64bda,7, #9C9575
ec22b4495726cdb64bda,6, #847755
ec22b4495726cdb64bda,9, #6E613B
ec22b4495726cdb64bda,7, #E8D9A3
ec22b4495726cdb64bda,61,#3D331E
ec22b4495726cdb64bda,7, #CBB281
ec2e98e3eb4d552d5a23,0, #C5B277
ec2e98e3eb4d552d5a23,1, #A08E58
ec2e98e3eb4d552d5a23,64, #424034
ec2e98e3eb4d552d5a23,2, #848475
ec2e98e3eb4d552d5a23,28, #6C664B
ec2e98e3eb4d552d5a23,1,#272723
ec2fbb97bf67e0abd779,7, #493426
ec2fbb97bf67e0abd779,16, #877866
ec2fbb97bf67e0abd779,8,#EEEDDA
ec2fbb97bf67e0abd779,12, #B1A893
ec2fbb97bf67e0abd779,12, #685341
ec2fbb97bf67e0abd779,43, #D2D0BD
ec305e4d59ca1ee774b4,0, #385360
ec305e4d59ca1ee774b4,21, #A9A595
ec305e4d59ca1ee774b4,0, #E8D9C0
ec305e4d59ca1ee774b4,48,#57402B
ec305e4d59ca1ee774b4,8, #8F8063
ec305e4d59ca1ee774b4,9, #7D5D38
ec305e4d59ca1ee774b4,9, #1C252B
ec3987969a41cb4fd9f9,7, #9A9686
ec3987969a41cb4fd9f9,24, #44433C
ec3987969a41cb4fd9f9,7, #EAEAEA
ec3987969a41cb4fd9f9,1, #B4B4B5
ec3987969a41cb4fd9f9,43,#161615
ec3987969a41cb4fd9f9,10, #76736D
ec3987969a41cb4fd9f9,3, #DBD190
ec3d8db247cb103ae794,14, #5C574C
ec3d8db247cb103ae794,16, #736D61
ec3d8db247cb103ae794,5, #433E35
ec3d8db247cb103ae794,6, #B6AFA2
ec3d8db247cb103ae794,17, #948D80
ec3d8db247cb103ae794,22,#DBD0BD
ec3d8db247cb103ae794,17, #F5EEDE
ec40c81c24fa83bb9539,22, #817663
ec40c81c24fa83bb9539,33, #4B4135
ec40c81c24fa83bb9539,36, #6D5A4F
ec40c81c24fa83bb9539,0, #A9A48C
ec40c81c24fa83bb9539,2, #918E7D
ec40c81c24fa83bb9539,4,#24201C
ec447865dcc22c7fc295,12, #8B877E
ec447865dcc22c7fc295,2, #3F3E37
ec447865dcc22c7fc295,14, #AEAAA2
ec447865dcc22c7fc295,10, #CDC9C0
ec447865dcc22c7fc295,36,#E4E0D3
ec447865dcc22c7fc295,14, #636057
ec447865dcc22c7fc295,8, #FAF8EF
ec527c64f425984f038c,2, #8A8780
ec527c64f425984f038c,5, #D2CCC1
ec527c64f425984f038c,88,#F5F1E9
ec527c64f425984f038c,0, #48463F
ec527c64f425984f038c,1, #656259
ec527c64f425984f038c,2, #B6AEA1
ec5bc0e6b84b8ae3912e,18, #77856F
ec5bc0e6b84b8ae3912e,17, #99966F
ec5bc0e6b84b8ae3912e,10, #CCC2A6
ec5bc0e6b84b8ae3912e,6, #2A2F1E
ec5bc0e6b84b8ae3912e,20,#AAAA91
ec5bc0e6b84b8ae3912e,15, #676E52
ec5bc0e6b84b8ae3912e,9, #4A5034
ec635cc648265c168821,3, #A2A197
ec635cc648265c168821,3, #BFBDB5
ec635cc648265c168821,6, #DBD8D0
ec635cc648265c168821,2, #87877C
ec635cc648265c168821,0, #6E6E63
ec635cc648265c168821,83,#F6F3EC
ec676b83ef4a1b4818de,17, #3D3832
ec676b83ef4a1b4818de,7, #645A50
ec676b83ef4a1b4818de,58, #F5F0E6
ec676b83ef4a1b4818de,6,#CBC2B1
ec676b83ef4a1b4818de,7, #83796E
ec676b83ef4a1b4818de,3, #9E978A
ec6f4f9c3456ac3eda0d,40, #B5ACA0
ec6f4f9c3456ac3eda0d,0,#F8EFE9
ec6f4f9c3456ac3eda0d,22, #615A54
ec6f4f9c3456ac3eda0d,6, #DACFC3
ec6f4f9c3456ac3eda0d,28, #898278
ec6f4f9c3456ac3eda0d,2, #36312E
ec7085132203167bec38,2,#F6F7F4
ec7085132203167bec38,50, #3B322B
ec7085132203167bec38,0, #D5D7D1
ec7085132203167bec38,36, #5F574D
ec7085132203167bec38,7, #888175
ec7085132203167bec38,2, #B7B3A2
ec791028db53423eefc5,11, #BFB7AB
ec791028db53423eefc5,4,#FCF8E8
ec791028db53423eefc5,73, #E5DDCE
ec791028db53423eefc5,2, #4A4442
ec791028db53423eefc5,3, #9A9389
ec791028db53423eefc5,3, #78716A
ec7b07ff60eb34ef1bf1,5, #5E4F47
ec7b07ff60eb34ef1bf1,7, #372923
ec7b07ff60eb34ef1bf1,76, #D2C9B6
ec7b07ff60eb34ef1bf1,1,#EEE7D0
ec7b07ff60eb34ef1bf1,4, #A89F92
ec7b07ff60eb34ef1bf1,5, #7C7167
ec87be2b9e18c3b01ee0,3,#F6EEDD
ec87be2b9e18c3b01ee0,3, #4F4A3F
ec87be2b9e18c3b01ee0,13, #90897B
ec87be2b9e18c3b01ee0,35, #D9D2C1
ec87be2b9e18c3b01ee0,22, #B0A999
ec87be2b9e18c3b01ee0,21, #726C5E
ec8a61e89827a4381990,0,#FCFAEC
ec8a61e89827a4381990,15, #45362E
ec8a61e89827a4381990,11, #A29A8C
ec8a61e89827a4381990,17, #C4BCAA
ec8a61e89827a4381990,32, #E3E0CF
ec8a61e89827a4381990,21, #756A60
ec8ed45c19b9bd1ab453,3, #CFBC98
ec8ed45c19b9bd1ab453,11, #383430
ec8ed45c19b9bd1ab453,42, #7D5838
ec8ed45c19b9bd1ab453,23, #AB936E
ec8ed45c19b9bd1ab453,2,#585954
ec8ed45c19b9bd1ab453,15, #7C7A71
ec9129fb27ec38db6e3a,15, #A89A81
ec9129fb27ec38db6e3a,12, #7D7058
ec9129fb27ec38db6e3a,0, #777A8E
ec9129fb27ec38db6e3a,2, #5D5D6F
ec9129fb27ec38db6e3a,2, #DFCDB0
ec9129fb27ec38db6e3a,43,#1A171C
ec9129fb27ec38db6e3a,22, #524641
ec92a7b2429f3d3bde68,3, #4F3E42
ec92a7b2429f3d3bde68,1, #302325
ec92a7b2429f3d3bde68,18, #8F7B7F
ec92a7b2429f3d3bde68,40, #7C6D72
ec92a7b2429f3d3bde68,22,#0C0A0A
ec92a7b2429f3d3bde68,14, #6B595C
ec9387f07d84c89d1ff9,25, #31251E
ec9387f07d84c89d1ff9,10, #716B64
ec9387f07d84c89d1ff9,7, #A4A29A
ec9387f07d84c89d1ff9,42, #54473B
ec9387f07d84c89d1ff9,5,#C6C7C5
ec9387f07d84c89d1ff9,9, #938B7C
ec968e9a060b93f3b0d6,24, #484536
ec968e9a060b93f3b0d6,1, #C2AE81
ec968e9a060b93f3b0d6,5,#080704
ec968e9a060b93f3b0d6,1, #9D8E6C
ec968e9a060b93f3b0d6,62, #262116
ec968e9a060b93f3b0d6,5, #7F6947
ec9a04d8d5700e566eb1,13, #A2A093
ec9a04d8d5700e566eb1,5, #848172
ec9a04d8d5700e566eb1,5, #C2C0B0
ec9a04d8d5700e566eb1,8, #424034
ec9a04d8d5700e566eb1,3, #D7D5C7
ec9a04d8d5700e566eb1,6, #676455
ec9a04d8d5700e566eb1,57,#F2F1E8
ecac7f2097a07958210d,20, #80766C
ecac7f2097a07958210d,4,#F3EEE3
ecac7f2097a07958210d,33, #C8BDAC
ecac7f2097a07958210d,12, #655D56
ecac7f2097a07958210d,22, #9F9689
ecac7f2097a07958210d,6, #413B37
ecaf556ce202ca1724cc,24, #F6F4EE
ecaf556ce202ca1724cc,8, #656157
ecaf556ce202ca1724cc,13, #7C766C
ecaf556ce202ca1724cc,11, #C1BCB2
ecaf556ce202ca1724cc,2, #49463D
ecaf556ce202ca1724cc,14, #DAD5CA
ecaf556ce202ca1724cc,25,#A09B91
ecb0c4397ad52cfabab2,1, #C9B295
ecb0c4397ad52cfabab2,19, #995738
ecb0c4397ad52cfabab2,6, #AF8A63
ecb0c4397ad52cfabab2,0, #E4D5B9
ecb0c4397ad52cfabab2,52,#503426
ecb0c4397ad52cfabab2,7, #271915
ecb0c4397ad52cfabab2,11, #6A5C49
ecbb84757170157bfaf1,2, #E4D68E
ecbb84757170157bfaf1,23, #905737
ecbb84757170157bfaf1,53, #3C3623
ecbb84757170157bfaf1,2, #C5B777
ecbb84757170157bfaf1,5, #978D62
ecbb84757170157bfaf1,12,#1B170B
ecbe9b18d29a7cfd7ab2,6, #313028
ecbe9b18d29a7cfd7ab2,15, #F3F0E6
ecbe9b18d29a7cfd7ab2,16, #B1AC9D
ecbe9b18d29a7cfd7ab2,16, #8B8779
ecbe9b18d29a7cfd7ab2,35, #636055
ecbe9b18d29a7cfd7ab2,10,#D5D0C0
ecc610fc1337e4df14a1,2, #E9EAE2
ecc610fc1337e4df14a1,19, #57544C
ecc610fc1337e4df14a1,5, #D2D0BA
ecc610fc1337e4df14a1,17, #938E73
ecc610fc1337e4df14a1,9, #B2AE8D
ecc610fc1337e4df14a1,0, #FDFDF5
ecc610fc1337e4df14a1,43,#726D5C
ecd2ce29a499f2a17e47,8, #383833
ecd2ce29a499f2a17e47,14, #828177
ecd2ce29a499f2a17e47,25, #ACA99F
ecd2ce29a499f2a17e47,15, #5A5A51
ecd2ce29a499f2a17e47,5,#F2EFE7
ecd2ce29a499f2a17e47,30, #D1CDC2
ecd57aaf9a58e672bd91,17, #8C8579
ecd57aaf9a58e672bd91,25,#C3BBAB
ecd57aaf9a58e672bd91,3, #3B3933
ecd57aaf9a58e672bd91,19, #E1D9CA
ecd57aaf9a58e672bd91,0, #FCF7E9
ecd57aaf9a58e672bd91,23, #605B52
ecd57aaf9a58e672bd91,9, #A8A093
ecd73cc21e8828a6a4c4,35,#1C1710
ecd73cc21e8828a6a4c4,2, #C4BDA9
ecd73cc21e8828a6a4c4,8, #92856A
ecd73cc21e8828a6a4c4,4, #F3EECF
ecd73cc21e8828a6a4c4,21, #736242
ecd73cc21e8828a6a4c4,25, #433F35
ecd73cc21e8828a6a4c4,2, #C3A869
ecdb6516431eab11c492,58, #D2CBB2
ecdb6516431eab11c492,17, #543E2E
ecdb6516431eab11c492,5, #AFA694
ecdb6516431eab11c492,4,#9F8F75
ecdb6516431eab11c492,5, #725E4A
ecdb6516431eab11c492,7, #867864
ece0e97eecf5ac953752,26, #3D371D
ece0e97eecf5ac953752,3, #714D30
ece0e97eecf5ac953752,5,#E3DCA3
ece0e97eecf5ac953752,44, #CDC17B
ece0e97eecf5ac953752,9, #8C7347
ece0e97eecf5ac953752,11, #A49E72
ece230a4ae66ccec6ae8,16, #B4A696
ece230a4ae66ccec6ae8,55, #F7F2E6
ece230a4ae66ccec6ae8,18,#CDC8C3
ece230a4ae66ccec6ae8,7, #A08874
ece230a4ae66ccec6ae8,1, #655D56
ece230a4ae66ccec6ae8,0, #987058
ece72e2a5ca2b15fc000,3, #15110D
ece72e2a5ca2b15fc000,67,#786F5A
ece72e2a5ca2b15fc000,5, #E4E0D3
ece72e2a5ca2b15fc000,7, #CBC8B8
ece72e2a5ca2b15fc000,7, #AFAEA2
ece72e2a5ca2b15fc000,8, #403934
ece72e2a5ca2b15fc000,0, #FCFAF1
ecfaba398ef600a10659,14, #C7C7C7
ecfaba398ef600a10659,10, #868686
ecfaba398ef600a10659,11, #A6A6A6
ecfaba398ef600a10659,3, #2F2F2F
ecfaba398ef600a10659,12, #595959
ecfaba398ef600a10659,2, #0E0E0E
ecfaba398ef600a10659,46,#F0F0F0
ecfd39c0caca23502c4b,14, #D4D0C6
ecfd39c0caca23502c4b,19,#B6B2A8
ecfd39c0caca23502c4b,17, #969388
ecfd39c0caca23502c4b,10, #7F7C72
ecfd39c0caca23502c4b,19, #F1EDE3
ecfd39c0caca23502c4b,3, #424138
ecfd39c0caca23502c4b,15, #66655A
ecfdca638bed185c5422,39, #D9D0B1
ecfdca638bed185c5422,19, #A0957D
ecfdca638bed185c5422,1,#FEFEED
ecfdca638bed185c5422,22, #7B6A54
ecfdca638bed185c5422,8, #ECE6D3
ecfdca638bed185c5422,9, #C1B495
ed0b839bef9af09a61d2,8, #6B5845
ed0b839bef9af09a61d2,18, #BABEC6
ed0b839bef9af09a61d2,9,#EDECE5
ed0b839bef9af09a61d2,40, #2E272C
ed0b839bef9af09a61d2,6, #A69E96
ed0b839bef9af09a61d2,16, #857E75
ed0d08bb08fa3aa994eb,18, #746943
ed0d08bb08fa3aa994eb,42, #433B24
ed0d08bb08fa3aa994eb,6, #A9914E
ed0d08bb08fa3aa994eb,31,#1A1913
ed0d08bb08fa3aa994eb,0, #D0D3A9
ed0d08bb08fa3aa994eb,0, #CCBB7B
ed10cb7fd1de6ba98322,5, #9E9582
ed10cb7fd1de6ba98322,10, #5D594C
ed10cb7fd1de6ba98322,23, #B8AE99
ed10cb7fd1de6ba98322,32,#DBCFB9
ed10cb7fd1de6ba98322,11, #7C7665
ed10cb7fd1de6ba98322,16, #403F38
ed17ebcf083ae70aaf9e,94,#E9E2CC
ed17ebcf083ae70aaf9e,1, #9D8967
ed17ebcf083ae70aaf9e,1, #C6C0AB
ed17ebcf083ae70aaf9e,0, #484639
ed17ebcf083ae70aaf9e,0, #6F6C5B
ed17ebcf083ae70aaf9e,0, #B9A886
ed1f3e4cdb1adc7d27c1,19, #C3BEAE
ed1f3e4cdb1adc7d27c1,20,#7F7A6A
ed1f3e4cdb1adc7d27c1,15, #989281
ed1f3e4cdb1adc7d27c1,17, #A9A494
ed1f3e4cdb1adc7d27c1,15, #E2DECD
ed1f3e4cdb1adc7d27c1,2, #434138
ed1f3e4cdb1adc7d27c1,9, #5F5B4F
ed1ffee265531f1e33cb,31, #523F26
ed1ffee265531f1e33cb,6, #6F572D
ed1ffee265531f1e33cb,14,#998761
ed1ffee265531f1e33cb,24, #201A10
ed1ffee265531f1e33cb,21, #3A2D1B
ed1ffee265531f1e33cb,1, #7D6E4E
ed219f93cde09ce21f8a,7, #BFBCB0
ed219f93cde09ce21f8a,3, #D9D6C8
ed219f93cde09ce21f8a,11, #9E998D
ed219f93cde09ce21f8a,12, #858378
ed219f93cde09ce21f8a,54,#F3F2EA
ed219f93cde09ce21f8a,7, #6D685B
ed219f93cde09ce21f8a,2, #444239
ed2206121df47ed6fe18,14, #A98F6F
ed2206121df47ed6fe18,6, #C1BDC1
ed2206121df47ed6fe18,1, #67646D
ed2206121df47ed6fe18,45,#512A2A
ed2206121df47ed6fe18,1, #E0E0E2
ed2206121df47ed6fe18,10, #161110
ed2206121df47ed6fe18,19, #835A2F
ed26aeb55cf7807dce31,16, #605E51
ed26aeb55cf7807dce31,19,#F4F2DF
ed26aeb55cf7807dce31,16, #A29F91
ed26aeb55cf7807dce31,3, #403E33
ed26aeb55cf7807dce31,29, #CBC8B5
ed26aeb55cf7807dce31,15, #807E71
ed2be438f1e3a02504e0,13, #817C59
ed2be438f1e3a02504e0,39, #3E2F1B
ed2be438f1e3a02504e0,26, #694729
ed2be438f1e3a02504e0,1, #A8A47C
ed2be438f1e3a02504e0,18,#17130E
ed2be438f1e3a02504e0,0, #CDC59B
ed3688c0374ede1f3d82,4, #3A352C
ed3688c0374ede1f3d82,37, #E2D8C7
ed3688c0374ede1f3d82,17, #C1B9A7
ed3688c0374ede1f3d82,19, #686257
ed3688c0374ede1f3d82,0,#FCF1DD
ed3688c0374ede1f3d82,20, #9A9283
ed389dbd2179e328838d,9, #34322A
ed389dbd2179e328838d,6, #B8B8AA
ed389dbd2179e328838d,37,#D4D3C3
ed389dbd2179e328838d,20, #F6F5E4
ed389dbd2179e328838d,7, #7C7B6E
ed389dbd2179e328838d,10, #9C9B8D
ed389dbd2179e328838d,8, #5F5E52
ed3a106b766557c79ad5,7, #807C62
ed3a106b766557c79ad5,8, #A89A7A
ed3a106b766557c79ad5,6,#3A4739
ed3a106b766557c79ad5,3, #6F3B1B
ed3a106b766557c79ad5,64, #1B150D
ed3a106b766557c79ad5,9, #61624A
ed3b1a7c8afa72b30672,73,#1E170F
ed3b1a7c8afa72b30672,0, #A38D5C
ed3b1a7c8afa72b30672,18, #4D3F26
ed3b1a7c8afa72b30672,5, #6B4D22
ed3b1a7c8afa72b30672,1, #7C6031
ed3b1a7c8afa72b30672,0, #907643
ed3be55c88eb9f06ea7f,0, #9D8E63
ed3be55c88eb9f06ea7f,29, #362513
ed3be55c88eb9f06ea7f,0, #AFA175
ed3be55c88eb9f06ea7f,2, #887C54
ed3be55c88eb9f06ea7f,2, #686241
ed3be55c88eb9f06ea7f,52,#110E07
ed3be55c88eb9f06ea7f,12, #574524
ed3d3a0c226202788e75,31, #A2A497
ed3d3a0c226202788e75,12,#070703
ed3d3a0c226202788e75,12, #292419
ed3d3a0c226202788e75,15, #868472
ed3d3a0c226202788e75,15, #66614F
ed3d3a0c226202788e75,13, #4A4133
ed4a497216cc2f028f5b,23,#D2CBB8
ed4a497216cc2f028f5b,69, #F5F1E2
ed4a497216cc2f028f5b,0, #565147
ed4a497216cc2f028f5b,3, #AAA394
ed4a497216cc2f028f5b,0, #3B3730
ed4a497216cc2f028f5b,2, #797366
ed4aff6676f32903b8b9,5,#FCFBED
ed4aff6676f32903b8b9,48, #9A947B
ed4aff6676f32903b8b9,19, #605D48
ed4aff6676f32903b8b9,14, #353425
ed4aff6676f32903b8b9,5, #111109
ed4aff6676f32903b8b9,6, #DBD2B3
ed4f6a8309c5f2680740,6, #656753
ed4f6a8309c5f2680740,13, #484431
ed4f6a8309c5f2680740,0, #415369
ed4f6a8309c5f2680740,25,#2B2319
ed4f6a8309c5f2680740,22, #B1B6AB
ed4f6a8309c5f2680740,22, #6F8EAF
ed4f6a8309c5f2680740,9, #9A8C69
ed534286edc84414d2dc,48, #3F342B
ed534286edc84414d2dc,4, #E4DECE
ed534286edc84414d2dc,16, #6B5C4E
ed534286edc84414d2dc,1, #C1B9A8
ed534286edc84414d2dc,17, #94897A
ed534286edc84414d2dc,10,#FBF8F2
ed65285db42aded8c2b2,9, #AAA799
ed65285db42aded8c2b2,9, #4B4740
ed65285db42aded8c2b2,14, #292620
ed65285db42aded8c2b2,35,#EBEAD7
ed65285db42aded8c2b2,7, #757169
ed65285db42aded8c2b2,0, #0F0D08
ed65285db42aded8c2b2,23, #CFCCB7
ed695e035f4a64d9538e,18, #716D5F
ed695e035f4a64d9538e,26, #C5BDA7
ed695e035f4a64d9538e,1, #E4DDCB
ed695e035f4a64d9538e,0,#FAF8EF
ed695e035f4a64d9538e,17, #44423A
ed695e035f4a64d9538e,35, #9A9483
ed6c685375f8a911c99b,5, #C8C6B2
ed6c685375f8a911c99b,1, #4C4B40
ed6c685375f8a911c99b,0,#FEFEFD
ed6c685375f8a911c99b,9, #7B7A6D
ed6c685375f8a911c99b,75, #E7E8DA
ed6c685375f8a911c99b,6, #A2A295
ed6f1ced1d4516b1640f,26, #9C9D80
ed6f1ced1d4516b1640f,35,#4A4731
ed6f1ced1d4516b1640f,9, #626A5C
ed6f1ced1d4516b1640f,0, #917E40
ed6f1ced1d4516b1640f,0, #7F631F
ed6f1ced1d4516b1640f,10, #CDCEB3
ed6f1ced1d4516b1640f,16, #211F16
ed7a501cde301af12463,4, #F3F2F0
ed7a501cde301af12463,40, #9B958E
ed7a501cde301af12463,0, #DBD8CA
ed7a501cde301af12463,46,#7E7670
ed7a501cde301af12463,0, #484137
ed7a501cde301af12463,6, #625A52
ed7a501cde301af12463,0, #BFBDB5
ed86c4f3fb0bab90445e,6,#F2EFE3
ed86c4f3fb0bab90445e,17, #8B8677
ed86c4f3fb0bab90445e,26, #6E6B5E
ed86c4f3fb0bab90445e,6, #B7AE98
ed86c4f3fb0bab90445e,37, #504F45
ed86c4f3fb0bab90445e,5, #D4C8AE
ed9a86028fcf8a29ee1b,9, #9E9A8C
ed9a86028fcf8a29ee1b,53,#F3F1EA
ed9a86028fcf8a29ee1b,1, #504E43
ed9a86028fcf8a29ee1b,3, #838071
ed9a86028fcf8a29ee1b,5, #6C695B
ed9a86028fcf8a29ee1b,17, #D2CDBF
ed9a86028fcf8a29ee1b,8, #B8B4A5
eda416b430e893a0d7a8,29, #525B52
eda416b430e893a0d7a8,12, #ADAC9D
eda416b430e893a0d7a8,7,#FCFBEB
eda416b430e893a0d7a8,8, #818579
eda416b430e893a0d7a8,24, #E2D8C2
eda416b430e893a0d7a8,17, #253027
edaf8f2643fa86ab9120,0, #DABF91
edaf8f2643fa86ab9120,84,#0B0B0B
edaf8f2643fa86ab9120,4, #8D7B5B
edaf8f2643fa86ab9120,0, #AFAEAA
edaf8f2643fa86ab9120,6, #534B39
edaf8f2643fa86ab9120,1, #B2986F
edaf8f2643fa86ab9120,4, #2C281E
edbc53a930561a3f8453,5, #57493E
edbc53a930561a3f8453,7, #3B2D23
edbc53a930561a3f8453,2,#F8F4E2
edbc53a930561a3f8453,42, #DBD7C4
edbc53a930561a3f8453,16, #7D7266
edbc53a930561a3f8453,25, #B1A997
edbf12085688930230ba,2, #5D4E41
edbf12085688930230ba,12, #B4AA92
edbf12085688930230ba,9, #928B7E
edbf12085688930230ba,1, #403128
edbf12085688930230ba,44,#D4CFB8
edbf12085688930230ba,3, #7B6E5D
edbf12085688930230ba,25, #F1F1EA
edcaeed4cc7e54c2794d,18, #A1775D
edcaeed4cc7e54c2794d,27, #2D251B
edcaeed4cc7e54c2794d,1,#F1E8D0
edcaeed4cc7e54c2794d,7, #DECDA9
edcaeed4cc7e54c2794d,10, #BBAA8B
edcaeed4cc7e54c2794d,34, #694D38
edcb3f4e8652ea4fbf00,7, #E2D8BD
edcb3f4e8652ea4fbf00,12,#FAF8F1
edcb3f4e8652ea4fbf00,22, #7D6E58
edcb3f4e8652ea4fbf00,25, #A1947B
edcb3f4e8652ea4fbf00,24, #574C41
edcb3f4e8652ea4fbf00,6, #C7B694
edd8554c8c3c512f90fc,59, #D3CEBA
edd8554c8c3c512f90fc,21, #B8AF91
edd8554c8c3c512f90fc,5, #807155
edd8554c8c3c512f90fc,3,#F3F3E9
edd8554c8c3c512f90fc,9, #9B927B
edd8554c8c3c512f90fc,0, #645137
ede368ac4a5611006325,3, #827D6B
ede368ac4a5611006325,69, #DDD9C6
ede368ac4a5611006325,10, #AEAA97
ede368ac4a5611006325,14,#FAF9EC
ede368ac4a5611006325,1, #5D5948
ede368ac4a5611006325,0, #3E3B2D
ede808323bc29ce35a85,8, #3B3933
ede808323bc29ce35a85,13, #A29B90
ede808323bc29ce35a85,16, #5D5850
ede808323bc29ce35a85,19, #7E786F
ede808323bc29ce35a85,18, #C2BAAE
ede808323bc29ce35a85,22,#E0D7C9
ede808323bc29ce35a85,0, #FAF6E7
edebb08a1cb2f309da05,6, #DDDED0
edebb08a1cb2f309da05,16, #2A261F
edebb08a1cb2f309da05,13, #989382
edebb08a1cb2f309da05,0, #DCD498
edebb08a1cb2f309da05,24, #817762
edebb08a1cb2f309da05,3, #B2B0A1
edebb08a1cb2f309da05,34,#605847
edf4d3b014cf6fa205c9,22, #958F7E
edf4d3b014cf6fa205c9,11, #78705E
edf4d3b014cf6fa205c9,27,#B6AD91
edf4d3b014cf6fa205c9,11, #F4F3E8
edf4d3b014cf6fa205c9,25, #D4CDB1
edf4d3b014cf6fa205c9,0, #443528
edf4d3b014cf6fa205c9,1, #5B4E3D
edf4e2b74ce8420084fa,57,#1E1009
edf4e2b74ce8420084fa,1, #B39753
edf4e2b74ce8420084fa,2, #D2BA76
edf4e2b74ce8420084fa,1, #F5EAB0
edf4e2b74ce8420084fa,1, #655034
edf4e2b74ce8420084fa,1, #8D7544
edf4e2b74ce8420084fa,34, #402C1C
edf63482b9872f6318fd,4, #F8F8F6
edf63482b9872f6318fd,5, #90887A
edf63482b9872f6318fd,2, #E1E0DA
edf63482b9872f6318fd,7, #7A6C5B
edf63482b9872f6318fd,64,#C7C3B3
edf63482b9872f6318fd,0, #614E3D
edf63482b9872f6318fd,15, #A49F8F
edfce6434a3f05a3310f,3, #908A80
edfce6434a3f05a3310f,1, #DAD7D4
edfce6434a3f05a3310f,1, #4A4841
edfce6434a3f05a3310f,19, #AFAAA1
edfce6434a3f05a3310f,2, #766F65
edfce6434a3f05a3310f,69,#2A2924
edfce6434a3f05a3310f,1, #F2EEE9
edfec36b00ede9816894,32, #B6BAA6
edfec36b00ede9816894,3,#030201
edfec36b00ede9816894,4, #6E6F59
edfec36b00ede9816894,3, #878F7C
edfec36b00ede9816894,33, #4D4E3D
edfec36b00ede9816894,21, #252314
ee043840347fb31cc8e0,8, #776E68
ee043840347fb31cc8e0,10, #62534D
ee043840347fb31cc8e0,14, #D3BE96
ee043840347fb31cc8e0,42,#12161E
ee043840347fb31cc8e0,0, #F4E7BD
ee043840347fb31cc8e0,8, #A89579
ee043840347fb31cc8e0,14, #33343A
ee08bebe389c86bfb5e2,3, #8F8D82
ee08bebe389c86bfb5e2,0, #464439
ee08bebe389c86bfb5e2,64, #F5F2E3
ee08bebe389c86bfb5e2,24, #D3CFC0
ee08bebe389c86bfb5e2,2, #706E62
ee08bebe389c86bfb5e2,5,#ADAB9E
ee0984fdf402db644d14,12, #AAA49A
ee0984fdf402db644d14,1, #444037
ee0984fdf402db644d14,11, #BFBAB0
ee0984fdf402db644d14,29,#F6F4EF
ee0984fdf402db644d14,26, #D7D1C6
ee0984fdf402db644d14,9, #8D887E
ee0984fdf402db644d14,9, #68635A
ee098cb949f9d928daf5,63,#2A2414
ee098cb949f9d928daf5,1, #827551
ee098cb949f9d928daf5,5, #3E3C2E
ee098cb949f9d928daf5,26, #0E0D07
ee098cb949f9d928daf5,2, #6E5C39
ee098cb949f9d928daf5,0, #99997E
ee0d537a08a577dd2230,5,#FCF9F4
ee0d537a08a577dd2230,2, #45413C
ee0d537a08a577dd2230,30, #E6DDCE
ee0d537a08a577dd2230,18, #948D82
ee0d537a08a577dd2230,26, #BEB6A9
ee0d537a08a577dd2230,16, #6C655D
ee2803dbbae22872b044,19, #AAA895
ee2803dbbae22872b044,6, #5A5849
ee2803dbbae22872b044,8, #20170C
ee2803dbbae22872b044,51,#CDCCBF
ee2803dbbae22872b044,0, #ECEBE8
ee2803dbbae22872b044,5, #3B3629
ee2803dbbae22872b044,8, #848173
ee2fe701a661dd4cb703,5, #A29E91
ee2fe701a661dd4cb703,4,#8D866E
ee2fe701a661dd4cb703,3, #C2BFB7
ee2fe701a661dd4cb703,28, #453E28
ee2fe701a661dd4cb703,16, #706D41
ee2fe701a661dd4cb703,41, #1B1610
ee3145df7c7cb7237dbb,1, #5C5043
ee3145df7c7cb7237dbb,15, #A29274
ee3145df7c7cb7237dbb,0, #251C0E
ee3145df7c7cb7237dbb,36, #E3D9B4
ee3145df7c7cb7237dbb,2, #786955
ee3145df7c7cb7237dbb,43,#CABB96
ee32e71a21647b8bd41f,47,#E5D8C3
ee32e71a21647b8bd41f,4, #6F6E69
ee32e71a21647b8bd41f,5, #595958
ee32e71a21647b8bd41f,3, #F8F3E2
ee32e71a21647b8bd41f,16, #8C8A80
ee32e71a21647b8bd41f,9, #444342
ee32e71a21647b8bd41f,12, #BCB6A6
ee39ea92e6729c1eee05,7, #353137
ee39ea92e6729c1eee05,8, #787577
ee39ea92e6729c1eee05,6, #5A5559
ee39ea92e6729c1eee05,10, #8F8D8E
ee39ea92e6729c1eee05,49, #AAA9A4
ee39ea92e6729c1eee05,17,#D3D0CA
ee3a3bbe865becbdbd8c,8, #8E806F
ee3a3bbe865becbdbd8c,7, #614F40
ee3a3bbe865becbdbd8c,60, #D0C5AE
ee3a3bbe865becbdbd8c,5,#EEE7D7
ee3a3bbe865becbdbd8c,14, #B3A38E
ee3a3bbe865becbdbd8c,4, #7B6B59
ee3ae94aec9c29d82a3a,6, #8F7D67
ee3ae94aec9c29d82a3a,3, #B8B7A8
ee3ae94aec9c29d82a3a,4, #A09B8A
ee3ae94aec9c29d82a3a,0, #D0C579
ee3ae94aec9c29d82a3a,1, #5B5248
ee3ae94aec9c29d82a3a,0, #B7A868
ee3ae94aec9c29d82a3a,82,#EBE7D3
ee3f29b137959c8ce139,22, #736555
ee3f29b137959c8ce139,10, #A59C87
ee3f29b137959c8ce139,12, #8D7F6A
ee3f29b137959c8ce139,0, #D9D4C0
ee3f29b137959c8ce139,48,#463B33
ee3f29b137959c8ce139,2, #C5BCA0
ee3f29b137959c8ce139,3, #F4F3EE
ee44ddf8989d69f3b197,9, #7F715D
ee44ddf8989d69f3b197,32, #E3E0D2
ee44ddf8989d69f3b197,23, #948A75
ee44ddf8989d69f3b197,27, #B3AB91
ee44ddf8989d69f3b197,6, #D5CBB2
ee44ddf8989d69f3b197,0,#FDFAE6
ee50bdf3cd31bfbcf51a,5, #6F684E
ee50bdf3cd31bfbcf51a,3, #9B895F
ee50bdf3cd31bfbcf51a,1, #BBAB7C
ee50bdf3cd31bfbcf51a,34, #1F1E14
ee50bdf3cd31bfbcf51a,28, #464334
ee50bdf3cd31bfbcf51a,27,#050504
ee682ea887cecc7cbe2b,29, #C6C0AA
ee682ea887cecc7cbe2b,1,#F3F2E8
ee682ea887cecc7cbe2b,17, #5E5039
ee682ea887cecc7cbe2b,21, #2E271C
ee682ea887cecc7cbe2b,24, #7D725A
ee682ea887cecc7cbe2b,6, #9F947B
ee70761609281172e741,23, #4F4624
ee70761609281172e741,30,#D3CCA3
ee70761609281172e741,9, #AEA47E
ee70761609281172e741,11, #947D43
ee70761609281172e741,5, #332E17
ee70761609281172e741,4, #9B9062
ee70761609281172e741,16, #6B6446
ee70d660cb7591ad50c1,0, #727C9C
ee70d660cb7591ad50c1,7,#8D6946
ee70d660cb7591ad50c1,2, #CEC39E
ee70d660cb7591ad50c1,13, #A1957A
ee70d660cb7591ad50c1,73, #534A48
ee70d660cb7591ad50c1,1, #EEE4C3
ee7777584c06afdd2a0e,16, #A8A494
ee7777584c06afdd2a0e,13, #908C7D
ee7777584c06afdd2a0e,11, #6C685B
ee7777584c06afdd2a0e,14, #454339
ee7777584c06afdd2a0e,16,#C9C3B1
ee7777584c06afdd2a0e,26, #ECE7D3
ee7fce0bd1717781f954,28,#E9E5D8
ee7fce0bd1717781f954,18, #868378
ee7fce0bd1717781f954,10, #43423B
ee7fce0bd1717781f954,7, #A7A499
ee7fce0bd1717781f954,7, #C3C0B5
ee7fce0bd1717781f954,26, #66645A
ee7fce0bd1717781f954,0, #FEFEFC
ee80454565c9505757cd,37,#99987A
ee80454565c9505757cd,9, #502E13
ee80454565c9505757cd,0, #B4AC90
ee80454565c9505757cd,18, #7D7245
ee80454565c9505757cd,21, #110B03
ee80454565c9505757cd,11, #60542D
ee835bb0c462e27765e0,22, #D1CDB9
ee835bb0c462e27765e0,3, #969386
ee835bb0c462e27765e0,3, #B0AD9F
ee835bb0c462e27765e0,61,#F7F5E5
ee835bb0c462e27765e0,5, #525046
ee835bb0c462e27765e0,3, #767468
ee87dca6e4ce1a6760e7,1, #B5AFA6
ee87dca6e4ce1a6760e7,1,#FDFAF6
ee87dca6e4ce1a6760e7,0, #767167
ee87dca6e4ce1a6760e7,3, #CFC8C1
ee87dca6e4ce1a6760e7,91, #EAE5DE
ee87dca6e4ce1a6760e7,2, #969188
ee915ea8e47cdb721328,7, #73706E
ee915ea8e47cdb721328,37, #261514
ee915ea8e47cdb721328,4, #5B5251
ee915ea8e47cdb721328,9,#BCC7C9
ee915ea8e47cdb721328,15, #4A352F
ee915ea8e47cdb721328,25, #9A9994
ee93826dd253d0466cb3,18, #2A2111
ee93826dd253d0466cb3,65,#0B0906
ee93826dd253d0466cb3,0, #B4A376
ee93826dd253d0466cb3,1, #725E3B
ee93826dd253d0466cb3,1, #9A8356
ee93826dd253d0466cb3,0, #C6B88F
ee93826dd253d0466cb3,11, #4E3F23
ee9e8143fac09c8764c0,3, #3E3A2F
ee9e8143fac09c8764c0,28,#ECE9D6
ee9e8143fac09c8764c0,13, #8C8774
ee9e8143fac09c8764c0,12, #A59F8E
ee9e8143fac09c8764c0,22, #C4BEAA
ee9e8143fac09c8764c0,19, #6E6957
eeaccaa3cf0968fc1e7e,16, #9C9A8E
eeaccaa3cf0968fc1e7e,31, #77766C
eeaccaa3cf0968fc1e7e,9, #B7B5AA
eeaccaa3cf0968fc1e7e,11, #4E4F48
eeaccaa3cf0968fc1e7e,18,#EFECDC
eeaccaa3cf0968fc1e7e,12, #CFCDBF
eeb108ce360beb3d10e0,14, #4C4333
eeb108ce360beb3d10e0,5, #C9C5A7
eeb108ce360beb3d10e0,32,#2F2C23
eeb108ce360beb3d10e0,9, #1A1810
eeb108ce360beb3d10e0,11, #998F72
eeb108ce360beb3d10e0,20, #6E614A
eeb108ce360beb3d10e0,6, #ADA27F
eeb717df89f95964d3c6,16, #413D39
eeb717df89f95964d3c6,2,#F9F6EC
eeb717df89f95964d3c6,15, #B7B0A0
eeb717df89f95964d3c6,15, #958E81
eeb717df89f95964d3c6,17, #DCD4C2
eeb717df89f95964d3c6,31, #6E675F
eeb79696142a1fde5370,17, #C7BCA6
eeb79696142a1fde5370,1, #7E766E
eeb79696142a1fde5370,69, #E8E0D1
eeb79696142a1fde5370,6,#FBFAF7
eeb79696142a1fde5370,4, #9E9584
eeb79696142a1fde5370,0, #58514D
eebab13c143b52a44bd3,14,#F9F6EE
eebab13c143b52a44bd3,21, #8F8A7A
eebab13c143b52a44bd3,9, #464337
eebab13c143b52a44bd3,17, #BBB6A4
eebab13c143b52a44bd3,18, #6A6655
eebab13c143b52a44bd3,17, #DFD9C8
eebafc6f9b2444e8ba5b,9,#D0CCBF
eebafc6f9b2444e8ba5b,8, #8A887A
eebafc6f9b2444e8ba5b,50, #EFEBDD
eebafc6f9b2444e8ba5b,7, #4B4B41
eebafc6f9b2444e8ba5b,14, #ADAA9D
eebafc6f9b2444e8ba5b,9, #706E62
eebcd4f408ac5b774d03,4, #7A7052
eebcd4f408ac5b774d03,1, #9D8D62
eebcd4f408ac5b774d03,12, #433D22
eebcd4f408ac5b774d03,14, #B7A575
eebcd4f408ac5b774d03,58,#CEC297
eebcd4f408ac5b774d03,6, #5F5635
eebcd4f408ac5b774d03,1, #272217
eebd2313c5348f6b8e4d,1, #43413B
eebd2313c5348f6b8e4d,55, #E6DECA
eebd2313c5348f6b8e4d,0,#FEFDE9
eebd2313c5348f6b8e4d,17, #BEB7A7
eebd2313c5348f6b8e4d,10, #969082
eebd2313c5348f6b8e4d,13, #6E6A5E
eebe28ab3ca72ea1fdb7,8, #888573
eebe28ab3ca72ea1fdb7,44,#E5E1CD
eebe28ab3ca72ea1fdb7,1, #FCFAE7
eebe28ab3ca72ea1fdb7,8, #CCC7B3
eebe28ab3ca72ea1fdb7,12, #5F5D4F
eebe28ab3ca72ea1fdb7,14, #ABA793
eebe28ab3ca72ea1fdb7,9, #383730
eeca96ee91cb905a732b,19, #655E5B
eeca96ee91cb905a732b,15,#F4EEDD
eeca96ee91cb905a732b,2, #463F3F
eeca96ee91cb905a732b,31, #8F8880
eeca96ee91cb905a732b,19, #B2AA9E
eeca96ee91cb905a732b,12, #D2CABA
eef4337aa254c09fa481,11, #6D6655
eef4337aa254c09fa481,7,#F9F7ED
eef4337aa254c09fa481,64, #C5B9A3
eef4337aa254c09fa481,9, #E3DCCB
eef4337aa254c09fa481,5, #938C7C
eef4337aa254c09fa481,2, #413B30
ef00813eb50b320612fc,5, #31312F
ef00813eb50b320612fc,12, #797563
ef00813eb50b320612fc,9, #A29E88
ef00813eb50b320612fc,24, #DCD9CA
ef00813eb50b320612fc,7, #F6F6F6
ef00813eb50b320612fc,6, #53534B
ef00813eb50b320612fc,33,#C5C2B4
ef09a14deb59f75003af,1, #96917E
ef09a14deb59f75003af,30,#28221B
ef09a14deb59f75003af,6, #C2AD74
ef09a14deb59f75003af,14, #786F5D
ef09a14deb59f75003af,15, #C8C09F
ef09a14deb59f75003af,7, #A08053
ef09a14deb59f75003af,23, #564E42
ef0d7433ad4893a6daa9,25, #99988C
ef0d7433ad4893a6daa9,2, #54554E
ef0d7433ad4893a6daa9,16, #79796F
ef0d7433ad4893a6daa9,16, #CFCEC2
ef0d7433ad4893a6daa9,25,#F4F2E4
ef0d7433ad4893a6daa9,13, #B5B3A8
ef10ff450f8885a92c83,76,#F4F0DE
ef10ff450f8885a92c83,5, #D3B192
ef10ff450f8885a92c83,0, #969690
ef10ff450f8885a92c83,5, #BC8F71
ef10ff450f8885a92c83,0, #868378
ef10ff450f8885a92c83,11, #E2D1B7
ef10ff450f8885a92c83,0, #A16F59
ef12b8b9c448c1ac3c8d,48,#F5F3E4
ef12b8b9c448c1ac3c8d,9, #888576
ef12b8b9c448c1ac3c8d,9, #C9C3B2
ef12b8b9c448c1ac3c8d,9, #47463E
ef12b8b9c448c1ac3c8d,7, #A6A292
ef12b8b9c448c1ac3c8d,15, #68665A
ef12f6d3ab2acc5a7212,36, #C3B6A2
ef12f6d3ab2acc5a7212,13, #998E81
ef12f6d3ab2acc5a7212,30, #6F665C
ef12f6d3ab2acc5a7212,0, #E7D8BF
ef12f6d3ab2acc5a7212,15, #433E3C
ef12f6d3ab2acc5a7212,3,#F9F4E6
ef155be222f2acac843c,9, #C0B8A7
ef155be222f2acac843c,9, #726450
ef155be222f2acac843c,12, #DDD5BD
ef155be222f2acac843c,5, #9F9680
ef155be222f2acac843c,0, #301E15
ef155be222f2acac843c,7, #49372A
ef155be222f2acac843c,54,#F8F3E9
ef1bcc438cffbf5fe6c8,3, #9C958B
ef1bcc438cffbf5fe6c8,2, #E4E5E2
ef1bcc438cffbf5fe6c8,4, #29180F
ef1bcc438cffbf5fe6c8,38,#554A41
ef1bcc438cffbf5fe6c8,18, #766D66
ef1bcc438cffbf5fe6c8,0, #BCBAB1
ef1bcc438cffbf5fe6c8,33, #3D3025
ef2890970e18d83b329a,35, #BFBEA2
ef2890970e18d83b329a,9, #ABA77E
ef2890970e18d83b329a,5, #8E8E64
ef2890970e18d83b329a,26, #221F15
ef2890970e18d83b329a,5,#D5D5BD
ef2890970e18d83b329a,18, #605A36
ef2a25184af4668f8d0f,7, #3A332E
ef2a25184af4668f8d0f,5, #766E67
ef2a25184af4668f8d0f,70,#D3CDBA
ef2a25184af4668f8d0f,5, #59514B
ef2a25184af4668f8d0f,6, #A0998D
ef2a25184af4668f8d0f,2, #181511
ef2a25184af4668f8d0f,1, #F3EEDD
ef2ce116dd8e2f844bcd,20, #858781
ef2ce116dd8e2f844bcd,5, #F5F5EE
ef2ce116dd8e2f844bcd,3, #DFDCCB
ef2ce116dd8e2f844bcd,15, #BDB4A0
ef2ce116dd8e2f844bcd,40,#3E3D44
ef2ce116dd8e2f844bcd,12, #73635F
ef2ce116dd8e2f844bcd,2, #39576F
ef38cec09478d14c537e,6, #3F5879
ef38cec09478d14c537e,3, #E7E1D6
ef38cec09478d14c537e,0,#FCF8ED
ef38cec09478d14c537e,43, #C6C4B8
ef38cec09478d14c537e,15, #5F7B91
ef38cec09478d14c537e,30, #8D9390
ef3aedb2fe65101096b4,88,#292317
ef3aedb2fe65101096b4,7, #6C5127
ef3aedb2fe65101096b4,0, #5D7793
ef3aedb2fe65101096b4,0, #D6D2B8
ef3aedb2fe65101096b4,1, #8F7948
ef3aedb2fe65101096b4,1, #B0A07A
ef3aedb2fe65101096b4,0, #395264
ef3cd7cce3d57da9c7ac,6, #9F978D
ef3cd7cce3d57da9c7ac,18, #62564C
ef3cd7cce3d57da9c7ac,8, #827A72
ef3cd7cce3d57da9c7ac,4, #C4BFB0
ef3cd7cce3d57da9c7ac,8,#E6E1CF
ef3cd7cce3d57da9c7ac,53, #302721
ef3d89792782ba87c621,17, #585758
ef3d89792782ba87c621,1, #B7B6BA
ef3d89792782ba87c621,47,#171614
ef3d89792782ba87c621,3, #DEDEE2
ef3d89792782ba87c621,3, #9E9DA0
ef3d89792782ba87c621,10, #7A797C
ef3d89792782ba87c621,16, #333231
ef45405a70c4d199ce3e,5, #403329
ef45405a70c4d199ce3e,17, #615446
ef45405a70c4d199ce3e,4, #BAB097
ef45405a70c4d199ce3e,25, #7D7362
ef45405a70c4d199ce3e,30,#E3DABD
ef45405a70c4d199ce3e,16, #9A917F
ef4ac41f6714aea9ebea,24, #CAC3AB
ef4ac41f6714aea9ebea,54, #A29E90
ef4ac41f6714aea9ebea,11, #817E71
ef4ac41f6714aea9ebea,3, #5E5B50
ef4ac41f6714aea9ebea,4,#FBF9F2
ef4ac41f6714aea9ebea,2, #E5E0CB
ef552a292d08fba0bf18,20,#FAF8ED
ef552a292d08fba0bf18,10, #A39D8D
ef552a292d08fba0bf18,26, #757063
ef552a292d08fba0bf18,13, #DAD4C1
ef552a292d08fba0bf18,8, #BDB6A3
ef552a292d08fba0bf18,21, #403D36
ef674b6ca39b9748c2a0,6, #8F877A
ef674b6ca39b9748c2a0,4, #ABA192
ef674b6ca39b9748c2a0,30, #CAC0B1
ef674b6ca39b9748c2a0,54,#F5EEE5
ef674b6ca39b9748c2a0,1, #4F483E
ef674b6ca39b9748c2a0,2, #6F675B
ef6a3ab40118fbe39cfe,5, #414036
ef6a3ab40118fbe39cfe,17, #ABAB90
ef6a3ab40118fbe39cfe,18, #A08C6F
ef6a3ab40118fbe39cfe,22, #657171
ef6a3ab40118fbe39cfe,6, #D7D2C4
ef6a3ab40118fbe39cfe,23,#8D5D4E
ef6a3ab40118fbe39cfe,7, #F7F6EA
ef7022424d5ee80327f5,22, #433D35
ef7022424d5ee80327f5,36, #ADA491
ef7022424d5ee80327f5,13, #696055
ef7022424d5ee80327f5,16, #D2C7B0
ef7022424d5ee80327f5,1,#F5F2E7
ef7022424d5ee80327f5,8, #877E6F
ef73285e1132374e002d,4, #E9DCA1
ef73285e1132374e002d,4, #68837C
ef73285e1132374e002d,72,#585244
ef73285e1132374e002d,2, #2A2A26
ef73285e1132374e002d,5, #AD9764
ef73285e1132374e002d,4, #D3C484
ef73285e1132374e002d,5, #817857
ef74c5cffa990dba9ca6,58,#BFBAAA
ef74c5cffa990dba9ca6,0, #4B362A
ef74c5cffa990dba9ca6,2, #675648
ef74c5cffa990dba9ca6,22, #9A9183
ef74c5cffa990dba9ca6,3, #DAD8CF
ef74c5cffa990dba9ca6,5, #F2F3EF
ef74c5cffa990dba9ca6,6, #807363
ef790c5168045de12e30,5, #97917E
ef790c5168045de12e30,29,#CCC6A2
ef790c5168045de12e30,7, #DEDABE
ef790c5168045de12e30,9, #B0A88A
ef790c5168045de12e30,20, #585044
ef790c5168045de12e30,11, #7D7463
ef790c5168045de12e30,16, #F5F3E3
ef7c84d960f55f86b61c,26, #463724
ef7c84d960f55f86b61c,10, #6F4226
ef7c84d960f55f86b61c,6, #846C44
ef7c84d960f55f86b61c,46,#1E1D16
ef7c84d960f55f86b61c,5, #A17E4B
ef7c84d960f55f86b61c,0, #C5A36A
ef7c84d960f55f86b61c,3, #B68F56
ef7e4ed2ef4dd8f2b2d6,8, #BEB3A3
ef7e4ed2ef4dd8f2b2d6,17, #856D58
ef7e4ed2ef4dd8f2b2d6,10, #9B8D7E
ef7e4ed2ef4dd8f2b2d6,29, #DBD4C6
ef7e4ed2ef4dd8f2b2d6,4,#F2ECDE
ef7e4ed2ef4dd8f2b2d6,29, #5F4C40
ef8e5508477e03a2720e,38, #9B8E7B
ef8e5508477e03a2720e,2, #6A523A
ef8e5508477e03a2720e,8,#FBF9F3
ef8e5508477e03a2720e,14, #816D55
ef8e5508477e03a2720e,2, #DFD8C3
ef8e5508477e03a2720e,33, #BBB19B
ef904cdf6abbc77047c3,20, #827D73
ef904cdf6abbc77047c3,13, #9C968C
ef904cdf6abbc77047c3,21, #5E5A50
ef904cdf6abbc77047c3,12, #DED8CC
ef904cdf6abbc77047c3,0, #F5EEE0
ef904cdf6abbc77047c3,5, #3E3A33
ef904cdf6abbc77047c3,24,#BBB2A3
ef950da627ee5fd2683b,20, #959285
ef950da627ee5fd2683b,12, #B0AD9E
ef950da627ee5fd2683b,8, #CECBB9
ef950da627ee5fd2683b,4, #7C7A6F
ef950da627ee5fd2683b,0,#30342E
ef950da627ee5fd2683b,53, #55564E
ef9f2231465224a53ce0,20, #1C1B1D
ef9f2231465224a53ce0,35,#E4E3E4
ef9f2231465224a53ce0,9, #ABABAD
ef9f2231465224a53ce0,19, #7A7A7B
ef9f2231465224a53ce0,0, #CE5444
ef9f2231465224a53ce0,14, #494849
efab226596db8b81605e,10, #7F7044
efab226596db8b81605e,11, #63532E
efab226596db8b81605e,4, #453C22
efab226596db8b81605e,5, #362A18
efab226596db8b81605e,63,#17110B
efab226596db8b81605e,5, #928658
efab226596db8b81605e,0, #A29667
efb54eb621d2be864583,7, #8A7C5D
efb54eb621d2be864583,43, #BFB79B
efb54eb621d2be864583,2, #6A5839
efb54eb621d2be864583,32, #9A9483
efb54eb621d2be864583,10,#F9F7F1
efb54eb621d2be864583,3, #DED9C9
efc31e98f067c66ad9b0,0, #635144
efc31e98f067c66ad9b0,4, #94876D
efc31e98f067c66ad9b0,41, #CDC3A3
efc31e98f067c66ad9b0,42,#F5F2E7
efc31e98f067c66ad9b0,0, #7B6654
efc31e98f067c66ad9b0,9, #B5A785
efc31e98f067c66ad9b0,1, #DED8C6
efc3260836f00d669fea,25, #A39F95
efc3260836f00d669fea,19, #848178
efc3260836f00d669fea,22, #CBC6BA
efc3260836f00d669fea,25, #5C5A52
efc3260836f00d669fea,3, #393832
efc3260836f00d669fea,3,#F5F2E9
efc3faf0d95e3f817eb5,16, #A29B90
efc3faf0d95e3f817eb5,14, #C5BEB0
efc3faf0d95e3f817eb5,1, #36312E
efc3faf0d95e3f817eb5,6, #5C5652
efc3faf0d95e3f817eb5,40,#E1D9C9
efc3faf0d95e3f817eb5,12, #FBF7EE
efc3faf0d95e3f817eb5,7, #7C756D
efcfa1c1e506456a399b,1, #BDB7AF
efcfa1c1e506456a399b,6,#F3EDE3
efcfa1c1e506456a399b,9, #D9D1C7
efcfa1c1e506456a399b,3, #9D978E
efcfa1c1e506456a399b,60, #645F52
efcfa1c1e506456a399b,17, #847F72
efd5f6a6ca3ec6b221e0,5, #8B7447
efd5f6a6ca3ec6b221e0,0, #AC9967
efd5f6a6ca3ec6b221e0,57,#1D1A15
efd5f6a6ca3ec6b221e0,30, #453F2D
efd5f6a6ca3ec6b221e0,0, #C0B585
efd5f6a6ca3ec6b221e0,5, #6D5430
efd713a40d32c898ae34,3, #E3E3E7
efd713a40d32c898ae34,14, #52687F
efd713a40d32c898ae34,28,#060A0D
efd713a40d32c898ae34,42, #45342B
efd713a40d32c898ae34,9, #B7B1AE
efd713a40d32c898ae34,0, #113B6A
efdd044955890976405f,2, #625E53
efdd044955890976405f,13,#CEC9B7
efdd044955890976405f,49, #EEE9D4
efdd044955890976405f,15, #B3AEA0
efdd044955890976405f,18, #8E897C
efdd044955890976405f,0, #48453A
efe27de046be4f9201df,3, #DDD6AD
efe27de046be4f9201df,11, #37361D
efe27de046be4f9201df,36,#7B6832
efe27de046be4f9201df,30, #50522E
efe27de046be4f9201df,3, #B2AC85
efe27de046be4f9201df,6, #858558
efe27de046be4f9201df,7, #17160F
eff01eb8fe738196c2ba,31, #C1B8A6
eff01eb8fe738196c2ba,13, #AA9E8E
eff01eb8fe738196c2ba,9, #94877B
eff01eb8fe738196c2ba,4, #7D7267
eff01eb8fe738196c2ba,1, #675449
eff01eb8fe738196c2ba,38,#DAD6CB
eff489819774c5f2e332,2, #796244
eff489819774c5f2e332,74, #423828
eff489819774c5f2e332,4, #B89E70
eff489819774c5f2e332,16, #18120A
eff489819774c5f2e332,1, #E1CE92
eff489819774c5f2e332,0,#967D57
f01279c207a6f4d1e6af,15, #7A786A
f01279c207a6f4d1e6af,0, #343329
f01279c207a6f4d1e6af,46, #CFCEBD
f01279c207a6f4d1e6af,20, #A3A193
f01279c207a6f4d1e6af,11,#F7F6E5
f01279c207a6f4d1e6af,4, #4F4E41
f01756e554067b47db90,0, #78603F
f01756e554067b47db90,61,#0C0A07
f01756e554067b47db90,0, #917553
f01756e554067b47db90,2, #523C21
f01756e554067b47db90,0, #A98964
f01756e554067b47db90,0, #644E31
f01756e554067b47db90,35, #2B1E10
f017d06524418b28e9ec,12,#F9F8EF
f017d06524418b28e9ec,1, #41433C
f017d06524418b28e9ec,12, #B6B5AA
f017d06524418b28e9ec,17, #929288
f017d06524418b28e9ec,44, #DAD8CC
f017d06524418b28e9ec,12, #66675E
f0195cb7ab4db6b690b1,7, #8C847B
f0195cb7ab4db6b690b1,60,#F1F1EC
f0195cb7ab4db6b690b1,4, #B2ADA1
f0195cb7ab4db6b690b1,7, #6E635B
f0195cb7ab4db6b690b1,2, #CDCABE
f0195cb7ab4db6b690b1,1, #1D1A19
f0195cb7ab4db6b690b1,14, #473F3A
f01979710d7f7beadc0a,1, #EDE5D4
f01979710d7f7beadc0a,1, #747164
f01979710d7f7beadc0a,83,#DAD1BF
f01979710d7f7beadc0a,2, #414039
f01979710d7f7beadc0a,2, #948F83
f01979710d7f7beadc0a,7, #BAB2A4
f01979710d7f7beadc0a,1, #5C5B4F
f02ee1f46050b8aec942,9, #7B7368
f02ee1f46050b8aec942,11, #A1998B
f02ee1f46050b8aec942,47, #F7F0E1
f02ee1f46050b8aec942,11,#E0D5C3
f02ee1f46050b8aec942,5, #48423C
f02ee1f46050b8aec942,14, #C1B8A8
f02eee0c68311c5f4327,11, #9F927E
f02eee0c68311c5f4327,9, #7F6F5E
f02eee0c68311c5f4327,11, #EDE7D0
f02eee0c68311c5f4327,40,#D1C9B0
f02eee0c68311c5f4327,12, #635143
f02eee0c68311c5f4327,11, #BDB299
f02eee0c68311c5f4327,2, #49362C
f02f53449bde350273ad,0, #37342C
f02f53449bde350273ad,12, #545147
f02f53449bde350273ad,19, #7D796C
f02f53449bde350273ad,7, #B3AE9F
f02f53449bde350273ad,10, #D1CCBC
f02f53449bde350273ad,42,#F0ECDB
f02f53449bde350273ad,7, #9A9588
f04adb1d8afb0693e384,17, #413F39
f04adb1d8afb0693e384,10, #7B756A
f04adb1d8afb0693e384,3,#EBE5D5
f04adb1d8afb0693e384,33, #A09B8D
f04adb1d8afb0693e384,18, #5F5A50
f04adb1d8afb0693e384,16, #C8C1B0
f04aeab83d5cf831f977,21, #A19C8C
f04aeab83d5cf831f977,17,#F7F4EA
f04aeab83d5cf831f977,15, #736F61
f04aeab83d5cf831f977,21, #D7D0BC
f04aeab83d5cf831f977,3, #2E2B20
f04aeab83d5cf831f977,20, #4F4B3F
f04b8292ba1e48bb3796,18, #A3A9A8
f04b8292ba1e48bb3796,11, #736A63
f04b8292ba1e48bb3796,5, #918E89
f04b8292ba1e48bb3796,35,#C0C9CA
f04b8292ba1e48bb3796,10, #57463C
f04b8292ba1e48bb3796,18, #2F211B
f054edf174a3d5ed7a8d,11, #E3DFD3
f054edf174a3d5ed7a8d,6, #5F575A
f054edf174a3d5ed7a8d,28, #AEA99E
f054edf174a3d5ed7a8d,0,#FEFEF8
f054edf174a3d5ed7a8d,6, #42393A
f054edf174a3d5ed7a8d,46, #817C78
f05759423a6dca938cdb,2, #BDB58F
f05759423a6dca938cdb,37,#2D1F19
f05759423a6dca938cdb,3, #E1E6DF
f05759423a6dca938cdb,0, #E8DFA5
f05759423a6dca938cdb,20, #4B453D
f05759423a6dca938cdb,24, #886F56
f05759423a6dca938cdb,10, #959084
f05d4817cc213ee4bd10,55, #E2D7C0
f05d4817cc213ee4bd10,10, #837C6A
f05d4817cc213ee4bd10,6, #5F5B4B
f05d4817cc213ee4bd10,21, #AFA793
f05d4817cc213ee4bd10,0, #3D3A2E
f05d4817cc213ee4bd10,6,#F9F7F2
f06b01aff963ffa88bf2,19, #6B6460
f06b01aff963ffa88bf2,24, #908981
f06b01aff963ffa88bf2,17, #D1C5B5
f06b01aff963ffa88bf2,2,#F5EADD
f06b01aff963ffa88bf2,15, #413D3C
f06b01aff963ffa88bf2,20, #B2A99E
f06ee43f1f75f3d23ac3,52,#BAB499
f06ee43f1f75f3d23ac3,14, #AB9C79
f06ee43f1f75f3d23ac3,15, #6C5B39
f06ee43f1f75f3d23ac3,3, #3B3728
f06ee43f1f75f3d23ac3,5, #8A754B
f06ee43f1f75f3d23ac3,2, #706A55
f06ee43f1f75f3d23ac3,6, #4F4935
f0784df112dd96d91d62,5, #A8965A
f0784df112dd96d91d62,5, #C4B47F
f0784df112dd96d91d62,4, #8A773D
f0784df112dd96d91d62,5,#0E0E0E
f0784df112dd96d91d62,3, #DCDBCD
f0784df112dd96d91d62,75, #534025
f07b8ba0a6ada1eba33f,1, #504F44
f07b8ba0a6ada1eba33f,21,#F2EADA
f07b8ba0a6ada1eba33f,35, #CFC8BB
f07b8ba0a6ada1eba33f,3, #6D6A5F
f07b8ba0a6ada1eba33f,28, #A9A498
f07b8ba0a6ada1eba33f,10, #837F74
f080624fab3b9559f5f5,12, #ACA692
f080624fab3b9559f5f5,0, #FEFEF9
f080624fab3b9559f5f5,18, #CCC6AD
f080624fab3b9559f5f5,9, #928B7A
f080624fab3b9559f5f5,4, #EFEEE4
f080624fab3b9559f5f5,49,#DDDAC8
f080624fab3b9559f5f5,6, #817359
f080eee3e9025981ae36,11, #F1EBD6
f080eee3e9025981ae36,20, #59564B
f080eee3e9025981ae36,22,#C6C0AE
f080eee3e9025981ae36,15, #726D60
f080eee3e9025981ae36,13, #A5A090
f080eee3e9025981ae36,4, #413F37
f080eee3e9025981ae36,13, #8C8778
f093b89cf3dcee2a07e2,9, #6D5A35
f093b89cf3dcee2a07e2,12, #45371F
f093b89cf3dcee2a07e2,1, #E8DB9B
f093b89cf3dcee2a07e2,0, #8F7A47
f093b89cf3dcee2a07e2,2, #B8A262
f093b89cf3dcee2a07e2,74,#18160F
f09789e389345b7d4307,27, #868588
f09789e389345b7d4307,9, #4F4D50
f09789e389345b7d4307,16, #282728
f09789e389345b7d4307,0, #CB5343
f09789e389345b7d4307,34,#EBE9EB
f09789e389345b7d4307,12, #BCBBBF
f09b8506abaac103033b,12, #ACA595
f09b8506abaac103033b,32,#D3C8B1
f09b8506abaac103033b,6, #59544A
f09b8506abaac103033b,0, #46423B
f09b8506abaac103033b,8, #908979
f09b8506abaac103033b,12, #736D5F
f09b8506abaac103033b,27, #F8F1DD
f0a3da9fcce32def0be1,0, #313029
f0a3da9fcce32def0be1,11, #4D4B43
f0a3da9fcce32def0be1,10, #C7C5B7
f0a3da9fcce32def0be1,25,#EBE9D9
f0a3da9fcce32def0be1,24, #A9A69A
f0a3da9fcce32def0be1,28, #7A776D
f0a5c93319410bbf635d,6, #716848
f0a5c93319410bbf635d,0, #A69772
f0a5c93319410bbf635d,50, #44341E
f0a5c93319410bbf635d,0, #D4C79B
f0a5c93319410bbf635d,1, #794B1C
f0a5c93319410bbf635d,40,#23180F
f0aa8eddde6ce5ada280,17, #6B695A
f0aa8eddde6ce5ada280,9, #4E4C3F
f0aa8eddde6ce5ada280,15, #C8C2B1
f0aa8eddde6ce5ada280,16, #8C8979
f0aa8eddde6ce5ada280,1, #322F24
f0aa8eddde6ce5ada280,9, #A29F8F
f0aa8eddde6ce5ada280,29,#F1ECDB
f0ab5ee4818ed357ee76,25, #383014
f0ab5ee4818ed357ee76,0, #BDA53C
f0ab5ee4818ed357ee76,3, #8B835F
f0ab5ee4818ed357ee76,2, #BAAF82
f0ab5ee4818ed357ee76,9, #77693A
f0ab5ee4818ed357ee76,0, #A38C30
f0ab5ee4818ed357ee76,58,#0D0B07
f0bb98809d1b5683aa1a,3, #584831
f0bb98809d1b5683aa1a,1, #927C57
f0bb98809d1b5683aa1a,3, #7A6541
f0bb98809d1b5683aa1a,59, #2F261B
f0bb98809d1b5683aa1a,0, #A39671
f0bb98809d1b5683aa1a,31,#060704
f0be2094a827cefd3818,20, #D7D3C2
f0be2094a827cefd3818,67,#F7F6F0
f0be2094a827cefd3818,1, #7E7B6E
f0be2094a827cefd3818,0, #BBB7A8
f0be2094a827cefd3818,2, #3B3A33
f0be2094a827cefd3818,0, #9E9B8D
f0be2094a827cefd3818,6, #5A584D
f0be256becd540484ae3,2, #59564D
f0be256becd540484ae3,11, #757065
f0be256becd540484ae3,5, #EEE5CE
f0be256becd540484ae3,13, #8C8778
f0be256becd540484ae3,20, #B2AC9B
f0be256becd540484ae3,16, #A09A89
f0be256becd540484ae3,30,#D0C8B4
f0c7f75c5ff009d49e86,54, #E5E1D2
f0c7f75c5ff009d49e86,8, #928E83
f0c7f75c5ff009d49e86,4, #424038
f0c7f75c5ff009d49e86,8,#FBFBF9
f0c7f75c5ff009d49e86,13, #BDB7A7
f0c7f75c5ff009d49e86,9, #6B6559
f0d12974f48a309b8a03,0, #1E281E
f0d12974f48a309b8a03,30, #B1B4A9
f0d12974f48a309b8a03,57,#D4D5C6
f0d12974f48a309b8a03,2, #6C7168
f0d12974f48a309b8a03,0, #515950
f0d12974f48a309b8a03,0, #374037
f0d12974f48a309b8a03,8, #909389
f0d3c599440d7903ffc1,6, #C8C6B6
f0d3c599440d7903ffc1,21, #0F100F
f0d3c599440d7903ffc1,8, #90866E
f0d3c599440d7903ffc1,2, #B4A88A
f0d3c599440d7903ffc1,43,#352D21
f0d3c599440d7903ffc1,12, #645339
f0d3c599440d7903ffc1,5, #7B6C4E
f0d87b2713482cbdb20b,43, #9A9F96
f0d87b2713482cbdb20b,15,#D8D9C1
f0d87b2713482cbdb20b,0, #823A20
f0d87b2713482cbdb20b,2, #7E7D63
f0d87b2713482cbdb20b,29, #231E14
f0d87b2713482cbdb20b,8, #59543A
f0dda30c893e936e6ff6,3, #C2B698
f0dda30c893e936e6ff6,9, #ACA083
f0dda30c893e936e6ff6,22,#F2EDDA
f0dda30c893e936e6ff6,29, #695C48
f0dda30c893e936e6ff6,27, #8C826D
f0dda30c893e936e6ff6,7, #D5CEB3
f0ddecaf1468095351b4,4, #777261
f0ddecaf1468095351b4,10, #5B584C
f0ddecaf1468095351b4,6, #B5A989
f0ddecaf1468095351b4,6, #948D78
f0ddecaf1468095351b4,31,#EFECD8
f0ddecaf1468095351b4,20, #CDC4A5
f0ddecaf1468095351b4,19, #393933
f0e3f44f5e18cd6f6f70,3, #866E47
f0e3f44f5e18cd6f6f70,0, #A3A08A
f0e3f44f5e18cd6f6f70,9, #6E502F
f0e3f44f5e18cd6f6f70,0, #B7B49C
f0e3f44f5e18cd6f6f70,44,#432D19
f0e3f44f5e18cd6f6f70,1, #8F876D
f0e3f44f5e18cd6f6f70,40, #1A160E
f0e8cf4b3c6feac9da98,15, #BDBAAD
f0e8cf4b3c6feac9da98,25, #92918B
f0e8cf4b3c6feac9da98,25, #F5F4E8
f0e8cf4b3c6feac9da98,1, #4F4F4C
f0e8cf4b3c6feac9da98,27, #D5D3C6
f0e8cf4b3c6feac9da98,4,#696966
f0e9265ffb514169e24c,24, #9C9486
f0e9265ffb514169e24c,13, #C7C0B0
f0e9265ffb514169e24c,13, #666153
f0e9265ffb514169e24c,2,#FCFAF3
f0e9265ffb514169e24c,42, #E6DFCF
f0e9265ffb514169e24c,3, #413D32
f0ecc5b0e17d66d33ac6,3, #848171
f0ecc5b0e17d66d33ac6,27, #C7C1A7
f0ecc5b0e17d66d33ac6,5, #A39E8A
f0ecc5b0e17d66d33ac6,2, #69685A
f0ecc5b0e17d66d33ac6,8, #44433B
f0ecc5b0e17d66d33ac6,52,#EFEAD4
f0ef83e115e0f2e6cd92,10,#090905
f0ef83e115e0f2e6cd92,21, #523F2D
f0ef83e115e0f2e6cd92,1, #79553C
f0ef83e115e0f2e6cd92,65, #272317
f0ef83e115e0f2e6cd92,0, #987152
f0ef83e115e0f2e6cd92,0, #B48D6B
f0f1c6040ee663c451b0,6, #D1C2B1
f0f1c6040ee663c451b0,8, #775D49
f0f1c6040ee663c451b0,4, #B9A791
f0f1c6040ee663c451b0,49, #F8F1E6
f0f1c6040ee663c451b0,8, #94826F
f0f1c6040ee663c451b0,22,#E5DBCE
f0f4c4ab2ea96ee6485f,10, #9C9585
f0f4c4ab2ea96ee6485f,3, #6F6657
f0f4c4ab2ea96ee6485f,14, #C7C1B1
f0f4c4ab2ea96ee6485f,3, #473F32
f0f4c4ab2ea96ee6485f,0, #272015
f0f4c4ab2ea96ee6485f,66,#F5F2E7
f0f678fbad84ad1c6088,14, #867659
f0f678fbad84ad1c6088,7, #281D1A
f0f678fbad84ad1c6088,33,#5F3E3A
f0f678fbad84ad1c6088,13, #E6E3D5
f0f678fbad84ad1c6088,8, #A54C4D
f0f678fbad84ad1c6088,19, #AD947E
f0f678fbad84ad1c6088,4, #D0B5AB
f0fe41b03ab7ff110103,6, #413926
f0fe41b03ab7ff110103,1, #A1967B
f0fe41b03ab7ff110103,44,#0D0D08
f0fe41b03ab7ff110103,17, #63573C
f0fe41b03ab7ff110103,25, #272317
f0fe41b03ab7ff110103,0, #C4BFA7
f0fe41b03ab7ff110103,4, #877558
f1002706a006d5842921,11, #181715
f1002706a006d5842921,29, #AAAB94
f1002706a006d5842921,35,#393723
f1002706a006d5842921,8, #878053
f1002706a006d5842921,10, #635C35
f1002706a006d5842921,4, #A99A65
f1002706a006d5842921,0, #5E635D
f105edd915b8b6e4f783,18, #A9A095
f105edd915b8b6e4f783,15, #DAD4C5
f105edd915b8b6e4f783,19, #62554B
f105edd915b8b6e4f783,2,#F9F7F1
f105edd915b8b6e4f783,15, #44382F
f105edd915b8b6e4f783,28, #7D7268
f10de035400e1ecf9a79,23, #908F82
f10de035400e1ecf9a79,11, #D4D1C2
f10de035400e1ecf9a79,17, #B8B7AA
f10de035400e1ecf9a79,22,#F1EDDD
f10de035400e1ecf9a79,23, #64655A
f10de035400e1ecf9a79,1, #3E413A
f115a696df96c491372a,12, #EBE6D7
f115a696df96c491372a,0, #FEFEF7
f115a696df96c491372a,2, #33291B
f115a696df96c491372a,7, #786D58
f115a696df96c491372a,5, #574E3F
f115a696df96c491372a,24, #AB9D81
f115a696df96c491372a,47,#D3C4A5
f119767a8d35710e9ba6,4, #DBD3BB
f119767a8d35710e9ba6,9, #8F785A
f119767a8d35710e9ba6,13, #53422A
f119767a8d35710e9ba6,3, #6A5E42
f119767a8d35710e9ba6,57,#241F15
f119767a8d35710e9ba6,4, #C9BEA1
f119767a8d35710e9ba6,6, #B1A587
f123db65f555814541c7,15, #C9C3AB
f123db65f555814541c7,28,#555548
f123db65f555814541c7,15, #9E9A87
f123db65f555814541c7,6, #FAF9EE
f123db65f555814541c7,13, #E5E1CC
f123db65f555814541c7,9, #7C7A68
f123db65f555814541c7,11, #32322B
f124d845cbcdafd77a39,0, #A2A6A0
f124d845cbcdafd77a39,1, #AF9E72
f124d845cbcdafd77a39,8, #726950
f124d845cbcdafd77a39,14, #14130D
f124d845cbcdafd77a39,27, #322C1D
f124d845cbcdafd77a39,37,#534C39
f124d845cbcdafd77a39,10, #8F8973
f143f6623d66e47e03b9,8, #3A393B
f143f6623d66e47e03b9,39,#EFECEA
f143f6623d66e47e03b9,18, #605F61
f143f6623d66e47e03b9,8, #9D9CA0
f143f6623d66e47e03b9,16, #C1C0C5
f143f6623d66e47e03b9,8, #838286
f1482d284af7d48286fb,14, #736646
f1482d284af7d48286fb,15, #473C29
f1482d284af7d48286fb,41, #A59B7D
f1482d284af7d48286fb,21, #CABC99
f1482d284af7d48286fb,2, #1D1812
f1482d284af7d48286fb,4,#887E61
f148a91230a74f8526d1,18, #BAB7B0
f148a91230a74f8526d1,2, #5B5A53
f148a91230a74f8526d1,64, #DEDBD0
f148a91230a74f8526d1,4, #817F76
f148a91230a74f8526d1,9, #99978F
f148a91230a74f8526d1,0,#FAF6E9
f149df387d5bd0d35fbc,6, #444F3D
f149df387d5bd0d35fbc,21, #43361D
f149df387d5bd0d35fbc,25,#A5A595
f149df387d5bd0d35fbc,17, #6B5B36
f149df387d5bd0d35fbc,20, #8D9385
f149df387d5bd0d35fbc,7, #7F7D5E
f149df387d5bd0d35fbc,0, #0F0E08
f14e6e1015ad61eefd0f,32, #362A19
f14e6e1015ad61eefd0f,10, #B5A67F
f14e6e1015ad61eefd0f,2, #66573C
f14e6e1015ad61eefd0f,49,#140F09
f14e6e1015ad61eefd0f,5, #8A7E61
f14e6e1015ad61eefd0f,0, #D4CBB2
f151cb42a69fb672c01b,54, #F4F0DF
f151cb42a69fb672c01b,2, #A8A495
f151cb42a69fb672c01b,22, #42413B
f151cb42a69fb672c01b,10, #6B6A5E
f151cb42a69fb672c01b,6, #D3CBB4
f151cb42a69fb672c01b,3,#8C8A7C
f153b21f8aa471217259,3, #7E7757
f153b21f8aa471217259,30, #0D0C07
f153b21f8aa471217259,0, #484B43
f153b21f8aa471217259,4, #4A3E23
f153b21f8aa471217259,57,#2B2411
f153b21f8aa471217259,1, #655A3B
f153b21f8aa471217259,1, #998B66
f156a7550b81ccebff67,13, #4E3A30
f156a7550b81ccebff67,26, #B09E8F
f156a7550b81ccebff67,13, #8A7769
f156a7550b81ccebff67,0,#F9F5EC
f156a7550b81ccebff67,7, #6F5648
f156a7550b81ccebff67,37, #D2C9BC
f15ecb26a235006a500e,9, #422D1E
f15ecb26a235006a500e,3, #644D36
f15ecb26a235006a500e,22, #C0B5A0
f15ecb26a235006a500e,26, #978C7B
f15ecb26a235006a500e,6, #806D55
f15ecb26a235006a500e,30,#EAE6D7
f17b7bfece4b3b34c160,12, #D1CEBF
f17b7bfece4b3b34c160,0, #59574E
f17b7bfece4b3b34c160,3, #706D63
f17b7bfece4b3b34c160,7, #B6B4A8
f17b7bfece4b3b34c160,16, #918E84
f17b7bfece4b3b34c160,59,#F5F3E7
f17fbe6504f8c74708d7,2, #D9D6CF
f17fbe6504f8c74708d7,4, #A39783
f17fbe6504f8c74708d7,0, #ECE9E2
f17fbe6504f8c74708d7,9, #827860
f17fbe6504f8c74708d7,11, #C4BDAB
f17fbe6504f8c74708d7,11, #5E5649
f17fbe6504f8c74708d7,60,#3F3C35
f186ba8b360a07a59c56,0, #8F7E55
f186ba8b360a07a59c56,15, #7E6146
f186ba8b360a07a59c56,3, #221E15
f186ba8b360a07a59c56,0, #C0A267
f186ba8b360a07a59c56,1, #A38B5C
f186ba8b360a07a59c56,20, #5C4332
f186ba8b360a07a59c56,57,#3D3023
f19887e90003267dc2d9,1, #82622F
f19887e90003267dc2d9,13, #45381C
f19887e90003267dc2d9,21, #928567
f19887e90003267dc2d9,7, #624A21
f19887e90003267dc2d9,9, #120E06
f19887e90003267dc2d9,12, #2E200C
f19887e90003267dc2d9,33,#686752
f1a4bcb6cb8b7431bc1f,0, #C2B07D
f1a4bcb6cb8b7431bc1f,33, #29251E
f1a4bcb6cb8b7431bc1f,13, #594E37
f1a4bcb6cb8b7431bc1f,26, #948253
f1a4bcb6cb8b7431bc1f,25,#0C0C0B
f1a4bcb6cb8b7431bc1f,0, #D2CBA6
f1b0aab1d92ad6e6e88e,5, #615745
f1b0aab1d92ad6e6e88e,21, #9F9583
f1b0aab1d92ad6e6e88e,49, #F2EDDE
f1b0aab1d92ad6e6e88e,0,#13120A
f1b0aab1d92ad6e6e88e,21, #D0C5AC
f1b0aab1d92ad6e6e88e,1, #332E20
f1b4987b47e31a8ac7dc,17, #3B3415
f1b4987b47e31a8ac7dc,10, #7F7859
f1b4987b47e31a8ac7dc,46, #AFB4B2
f1b4987b47e31a8ac7dc,3,#D3D5CF
f1b4987b47e31a8ac7dc,17, #625933
f1b4987b47e31a8ac7dc,4, #AEA178
f1b7c6272be3acf8f8b8,8,#918E6C
f1b7c6272be3acf8f8b8,51, #1B1A11
f1b7c6272be3acf8f8b8,1, #AAA786
f1b7c6272be3acf8f8b8,9, #5F5C42
f1b7c6272be3acf8f8b8,25, #4D351F
f1b7c6272be3acf8f8b8,3, #777552
f1b96999bb3437ded101,15, #E6D7B3
f1b96999bb3437ded101,2, #171810
f1b96999bb3437ded101,14, #404030
f1b96999bb3437ded101,21, #B7A989
f1b96999bb3437ded101,41, #7C7861
f1b96999bb3437ded101,4,#FDFDE8
f1bd2d973bd1da86d525,7, #363731
f1bd2d973bd1da86d525,14,#EFECE5
f1bd2d973bd1da86d525,31, #C9C4BA
f1bd2d973bd1da86d525,13, #58574F
f1bd2d973bd1da86d525,17, #828077
f1bd2d973bd1da86d525,14, #A9A59C
f1be43f437c29771356b,4, #827E72
f1be43f437c29771356b,4, #5C5A51
f1be43f437c29771356b,3,#A5A192
f1be43f437c29771356b,70, #F2EFDC
f1be43f437c29771356b,10, #C7C4B2
f1be43f437c29771356b,5, #32312B
f1cb58598f62eb9f5b2b,16, #A19989
f1cb58598f62eb9f5b2b,6, #3B3A35
f1cb58598f62eb9f5b2b,6, #F8F6EA
f1cb58598f62eb9f5b2b,0, #E0D9C8
f1cb58598f62eb9f5b2b,19, #C5BBA6
f1cb58598f62eb9f5b2b,9, #837D6E
f1cb58598f62eb9f5b2b,41,#5F5B51
f1d67dbe50b04e5083e8,19, #D6D2C4
f1d67dbe50b04e5083e8,15, #605E53
f1d67dbe50b04e5083e8,16, #F1ECDB
f1d67dbe50b04e5083e8,21, #8B887C
f1d67dbe50b04e5083e8,8, #3A3932
f1d67dbe50b04e5083e8,17,#B3AFA3
f1e01baf55a20714ca53,0, #4F4530
f1e01baf55a20714ca53,11, #A59A83
f1e01baf55a20714ca53,1, #6C5B48
f1e01baf55a20714ca53,1, #887160
f1e01baf55a20714ca53,16, #F8F6E8
f1e01baf55a20714ca53,0, #332613
f1e01baf55a20714ca53,68,#D9D1B9
f1e4f73aeb72e436c46d,72,#F4F3E6
f1e4f73aeb72e436c46d,1, #48463B
f1e4f73aeb72e436c46d,10, #D4CFB4
f1e4f73aeb72e436c46d,2, #696656
f1e4f73aeb72e436c46d,6, #8E8B7A
f1e4f73aeb72e436c46d,6, #B2AE99
f1e6f1edebc59b5a0894,10, #69625C
f1e6f1edebc59b5a0894,11,#CDC5B1
f1e6f1edebc59b5a0894,4, #413C39
f1e6f1edebc59b5a0894,18, #89827A
f1e6f1edebc59b5a0894,8, #ACA393
f1e6f1edebc59b5a0894,46, #F7F2E5
f1e91a613241378be4f9,17, #858177
f1e91a613241378be4f9,16, #5A584E
f1e91a613241378be4f9,12, #A49F95
f1e91a613241378be4f9,21,#D8D2C7
f1e91a613241378be4f9,7, #C0BAAF
f1e91a613241378be4f9,18, #F6F2EA
f1e91a613241378be4f9,5, #3B3932
f1e948aa9b886f8f3409,29,#837E72
f1e948aa9b886f8f3409,20, #5C5751
f1e948aa9b886f8f3409,2, #E9E9D6
f1e948aa9b886f8f3409,2, #211C16
f1e948aa9b886f8f3409,8, #D1CEBA
f1e948aa9b886f8f3409,17, #AFA892
f1e948aa9b886f8f3409,19, #423D38
f1f35d706f89fd55d4c0,6, #BCB3A2
f1f35d706f89fd55d4c0,4, #DED8C5
f1f35d706f89fd55d4c0,16, #988A7A
f1f35d706f89fd55d4c0,10, #544238
f1f35d706f89fd55d4c0,1, #F7EFDD
f1f35d706f89fd55d4c0,49,#77665A
f1f35d706f89fd55d4c0,11, #39271F
f1f55ae8867913a75682,12, #9B9781
f1f55ae8867913a75682,30,#73604D
f1f55ae8867913a75682,3, #C1B291
f1f55ae8867913a75682,0, #B27055
f1f55ae8867913a75682,25, #3F3832
f1f55ae8867913a75682,3, #E7D1A3
f1f55ae8867913a75682,24, #1B1D1F
f1f78e526e83290b5aba,16, #E3DBC8
f1f78e526e83290b5aba,24, #CBBFA7
f1f78e526e83290b5aba,5,#F9F4E2
f1f78e526e83290b5aba,1, #676158
f1f78e526e83290b5aba,23, #867C6D
f1f78e526e83290b5aba,28, #AA9E88
f1f838411be5e536d290,9, #B1AC99
f1f838411be5e536d290,2, #D3CEB8
f1f838411be5e536d290,5, #F9F6E0
f1f838411be5e536d290,4, #424134
f1f838411be5e536d290,19, #8D8979
f1f838411be5e536d290,43,#636052
f1f838411be5e536d290,15, #E7E2CB
f1fca7a7a579ce48a492,0, #726954
f1fca7a7a579ce48a492,77, #0F0D08
f1fca7a7a579ce48a492,2, #554D3D
f1fca7a7a579ce48a492,0,#887F68
f1fca7a7a579ce48a492,0, #A59F8D
f1fca7a7a579ce48a492,19, #432919
f2009b34dfee72f27dd9,68,#F2ECDD
f2009b34dfee72f27dd9,2, #857E6D
f2009b34dfee72f27dd9,7, #BFB7A4
f2009b34dfee72f27dd9,13, #D9D0BA
f2009b34dfee72f27dd9,4, #9F9784
f2009b34dfee72f27dd9,0, #3E3B33
f2009b34dfee72f27dd9,3, #665F4D
f205c22f419eae871db3,28, #DCD8CB
f205c22f419eae871db3,24, #6F6D63
f205c22f419eae871db3,2,#FAF9F6
f205c22f419eae871db3,15, #99968C
f205c22f419eae871db3,21, #BAB6AB
f205c22f419eae871db3,6, #3A3B35
f20c95959b971ed67071,63, #DDD8CA
f20c95959b971ed67071,2, #F9F6E9
f20c95959b971ed67071,2, #434038
f20c95959b971ed67071,14, #B4AFA3
f20c95959b971ed67071,9, #6E6A5F
f20c95959b971ed67071,6,#949084
f2137f42a7ee6dc45d52,0, #E4E6D4
f2137f42a7ee6dc45d52,26,#6A5C3E
f2137f42a7ee6dc45d52,58, #1C1B17
f2137f42a7ee6dc45d52,4, #C9B68F
f2137f42a7ee6dc45d52,5, #9E9173
f2137f42a7ee6dc45d52,3, #767671
f214c760b28047323747,29, #19150D
f214c760b28047323747,0, #BDBAB4
f214c760b28047323747,12, #736E55
f214c760b28047323747,26, #FAFAFA
f214c760b28047323747,0, #E0DFDC
f214c760b28047323747,0, #999379
f214c760b28047323747,30,#433F2D
f233167b88f38be72ced,0,#FEFEF9
f233167b88f38be72ced,9, #747063
f233167b88f38be72ced,19, #9F9B8D
f233167b88f38be72ced,34, #C8C3B4
f233167b88f38be72ced,5, #45433A
f233167b88f38be72ced,30, #E9E6D8
f2351e7a9b5f7b37d558,66, #272217
f2351e7a9b5f7b37d558,0,#9E9E9A
f2351e7a9b5f7b37d558,7, #787968
f2351e7a9b5f7b37d558,0, #E5E3E2
f2351e7a9b5f7b37d558,0, #C4C3C1
f2351e7a9b5f7b37d558,25, #525140
f237784b4784101e4a69,27,#F8F7F2
f237784b4784101e4a69,27, #181712
f237784b4784101e4a69,26, #787365
f237784b4784101e4a69,3, #D7D3C6
f237784b4784101e4a69,14, #3B3830
f237784b4784101e4a69,0, #A6A39A
f23da59b4aacfc91d764,2, #847961
f23da59b4aacfc91d764,16, #524630
f23da59b4aacfc91d764,1, #9D8F75
f23da59b4aacfc91d764,1, #716651
f23da59b4aacfc91d764,23, #0A0C09
f23da59b4aacfc91d764,54,#292517
f23fa83fc4a8ce259241,11,#838378
f23fa83fc4a8ce259241,45, #D7D3C8
f23fa83fc4a8ce259241,7, #393A34
f23fa83fc4a8ce259241,6, #616157
f23fa83fc4a8ce259241,17, #F5F1E7
f23fa83fc4a8ce259241,12, #ACAAA0
f2411152553cedb6449f,3, #979D89
f2411152553cedb6449f,25, #0F0902
f2411152553cedb6449f,7, #BCBCA4
f2411152553cedb6449f,36,#3E2816
f2411152553cedb6449f,0, #DDD5B6
f2411152553cedb6449f,20, #6E533C
f2411152553cedb6449f,6, #957969
f241620f78fe635cba5a,7, #4B4233
f241620f78fe635cba5a,5, #C6A77A
f241620f78fe635cba5a,22,#322C22
f241620f78fe635cba5a,22, #9F9480
f241620f78fe635cba5a,13, #827F77
f241620f78fe635cba5a,16, #736E64
f241620f78fe635cba5a,12, #625B4D
f24611611ecf89791db8,6, #0B0A07
f24611611ecf89791db8,63,#564E4A
f24611611ecf89791db8,24, #2F2821
f24611611ecf89791db8,0, #A19185
f24611611ecf89791db8,0, #EAD6C7
f24611611ecf89791db8,4, #81746F
f24611611ecf89791db8,0, #BCABA1
f2475a8fb05f81638694,5, #FAF8EE
f2475a8fb05f81638694,10, #ACA89E
f2475a8fb05f81638694,23, #68655C
f2475a8fb05f81638694,26,#E3DFD4
f2475a8fb05f81638694,2, #47453D
f2475a8fb05f81638694,14, #C7C3B9
f2475a8fb05f81638694,17, #8E8A80
f24c6d4fc18179a28805,0, #9D5F1F
f24c6d4fc18179a28805,6, #504C42
f24c6d4fc18179a28805,2, #706E62
f24c6d4fc18179a28805,2,#C3B599
f24c6d4fc18179a28805,84, #1B1C1B
f24c6d4fc18179a28805,3, #9D947F
f2582cfe70ae4ca9eccb,25, #241E15
f2582cfe70ae4ca9eccb,12, #889EB0
f2582cfe70ae4ca9eccb,4, #7E7F6A
f2582cfe70ae4ca9eccb,0, #35414A
f2582cfe70ae4ca9eccb,23, #614A2B
f2582cfe70ae4ca9eccb,2, #5C625B
f2582cfe70ae4ca9eccb,30,#B0AC8B
f2629e1e678b77b0e1f1,4, #ADA69A
f2629e1e678b77b0e1f1,8, #837C74
f2629e1e678b77b0e1f1,8, #5F5A54
f2629e1e678b77b0e1f1,1,#F9F2E0
f2629e1e678b77b0e1f1,69, #D5CBBB
f2629e1e678b77b0e1f1,8, #3C3836
f265b2bb583bdb6d2340,11, #849181
f265b2bb583bdb6d2340,8,#000000
f265b2bb583bdb6d2340,10, #63725B
f265b2bb583bdb6d2340,18, #415037
f265b2bb583bdb6d2340,5, #1D2516
f265b2bb583bdb6d2340,45, #AEB4A1
f2667beabc37099fcde7,16, #A19B88
f2667beabc37099fcde7,39, #D1C9B1
f2667beabc37099fcde7,7,#F9F8ED
f2667beabc37099fcde7,16, #817C6A
f2667beabc37099fcde7,2, #3A382F
f2667beabc37099fcde7,18, #5D594A
f272ab14424e12fe128c,45, #E5E2D5
f272ab14424e12fe128c,0,#FFFEFC
f272ab14424e12fe128c,4, #57544C
f272ab14424e12fe128c,21, #BEBAAC
f272ab14424e12fe128c,11, #78756A
f272ab14424e12fe128c,15, #99968A
f278bb9789db73494147,29, #2A2A24
f278bb9789db73494147,37,#7C6049
f278bb9789db73494147,2, #B4AE9D
f278bb9789db73494147,3, #D1D0CC
f278bb9789db73494147,5, #948E7D
f278bb9789db73494147,0, #B59B59
f278bb9789db73494147,21, #0C0D0B
f27f3617a01ea54bd1c0,9, #A79F94
f27f3617a01ea54bd1c0,4, #373430
f27f3617a01ea54bd1c0,39,#ECE6DA
f27f3617a01ea54bd1c0,17, #5F5852
f27f3617a01ea54bd1c0,17, #C5BCAD
f27f3617a01ea54bd1c0,11, #898177
f2825f19956fb39bf8ce,30, #DACFB7
f2825f19956fb39bf8ce,11, #908876
f2825f19956fb39bf8ce,27,#F6EFD9
f2825f19956fb39bf8ce,2, #70695A
f2825f19956fb39bf8ce,2, #4C473E
f2825f19956fb39bf8ce,26, #BAB09B
f284590eb6a1dfd16f81,51, #393329
f284590eb6a1dfd16f81,27,#0D0E0B
f284590eb6a1dfd16f81,5, #635C48
f284590eb6a1dfd16f81,7, #7F7660
f284590eb6a1dfd16f81,4, #C0B69C
f284590eb6a1dfd16f81,3, #A29880
f2865cf6fe1835228d93,4, #B2A78B
f2865cf6fe1835228d93,18, #322F1B
f2865cf6fe1835228d93,8, #9C957C
f2865cf6fe1835228d93,11, #807D67
f2865cf6fe1835228d93,19, #646049
f2865cf6fe1835228d93,19, #4A442C
f2865cf6fe1835228d93,19,#1D1E10
f2a695659a3ea0a14f96,4, #F8F5E9
f2a695659a3ea0a14f96,8, #786E64
f2a695659a3ea0a14f96,22, #9E9588
f2a695659a3ea0a14f96,19, #BEB3A3
f2a695659a3ea0a14f96,43,#DCD3C2
f2a695659a3ea0a14f96,1, #4A433E
f2a695659a3ea0a14f96,1, #5E574E
f2a94cc3b8614886216c,63,#E3DECA
f2a94cc3b8614886216c,7, #6F655A
f2a94cc3b8614886216c,7, #8D806D
f2a94cc3b8614886216c,9, #C8BFA7
f2a94cc3b8614886216c,7, #ADA18B
f2a94cc3b8614886216c,3, #504741
f2a94cc3b8614886216c,0, #F9F4E5
f2b5ab86e7e88f31a940,5, #786B58
f2b5ab86e7e88f31a940,36,#DACCAB
f2b5ab86e7e88f31a940,7, #49392B
f2b5ab86e7e88f31a940,11, #625241
f2b5ab86e7e88f31a940,16, #958975
f2b5ab86e7e88f31a940,11, #B5AA92
f2b5ab86e7e88f31a940,10, #281A11
f2bf6d21c61fdb34c73e,9, #8D7E6C
f2bf6d21c61fdb34c73e,15, #5E4E3F
f2bf6d21c61fdb34c73e,55, #DBD6C1
f2bf6d21c61fdb34c73e,9,#F7F7ED
f2bf6d21c61fdb34c73e,2, #281710
f2bf6d21c61fdb34c73e,6, #B3A994
f2c10afa123e7b4f0013,2, #48453C
f2c10afa123e7b4f0013,0,#F8F5E6
f2c10afa123e7b4f0013,17, #DCD7C8
f2c10afa123e7b4f0013,31, #8A857A
f2c10afa123e7b4f0013,17, #645F54
f2c10afa123e7b4f0013,30, #B7B1A4
f2cea8d863d4646c9858,6, #796B51
f2cea8d863d4646c9858,2,#EAEAE2
f2cea8d863d4646c9858,10, #979078
f2cea8d863d4646c9858,43, #B4AB8F
f2cea8d863d4646c9858,1, #594831
f2cea8d863d4646c9858,35, #CCC7B6
f2d3116ca34365640f65,2, #6E6145
f2d3116ca34365640f65,0, #BEBDBA
f2d3116ca34365640f65,21, #302F23
f2d3116ca34365640f65,1, #A79E88
f2d3116ca34365640f65,4, #918468
f2d3116ca34365640f65,64,#0E0E0D
f2d3116ca34365640f65,5, #4C483C
f2d6f36399daedd75cf3,21, #ECE7DA
f2d6f36399daedd75cf3,16, #A19792
f2d6f36399daedd75cf3,18, #C3BAB2
f2d6f36399daedd75cf3,10, #6A5B56
f2d6f36399daedd75cf3,14, #513F3A
f2d6f36399daedd75cf3,18,#80736F
f2dfaa21c3cf22b9d2f2,19, #91836D
f2dfaa21c3cf22b9d2f2,54, #71634D
f2dfaa21c3cf22b9d2f2,9, #4E402E
f2dfaa21c3cf22b9d2f2,13, #B9AFA1
f2dfaa21c3cf22b9d2f2,0, #312616
f2dfaa21c3cf22b9d2f2,3,#D4D0CA
f2e166a9f0216a960418,32, #F6E5CC
f2e166a9f0216a960418,0, #AD775C
f2e166a9f0216a960418,5, #B6A48F
f2e166a9f0216a960418,0, #463A2E
f2e166a9f0216a960418,54,#DBC7AE
f2e166a9f0216a960418,2, #867A6B
f2e166a9f0216a960418,5, #665B4E
f2e2c7e45161f7bd80f3,40, #333020
f2e2c7e45161f7bd80f3,7, #181711
f2e2c7e45161f7bd80f3,17,#5D5539
f2e2c7e45161f7bd80f3,2, #CFC7A6
f2e2c7e45161f7bd80f3,4, #B6A682
f2e2c7e45161f7bd80f3,25, #967E5B
f2eddbc3444003edb02e,6, #807B70
f2eddbc3444003edb02e,4, #A9A296
f2eddbc3444003edb02e,80, #EAE3D2
f2eddbc3444003edb02e,0,#FFFEF9
f2eddbc3444003edb02e,5, #C8C1B3
f2eddbc3444003edb02e,3, #4D4941
f2efe7df496dbfa316a5,21, #866E5D
f2efe7df496dbfa316a5,19, #B0A08B
f2efe7df496dbfa316a5,0, #252019
f2efe7df496dbfa316a5,27, #CDC5B0
f2efe7df496dbfa316a5,27,#F3EDD7
f2efe7df496dbfa316a5,3, #48453B
f2f2ac34239e8db3b606,10,#F7EFD2
f2f2ac34239e8db3b606,0, #101008
f2f2ac34239e8db3b606,27, #908971
f2f2ac34239e8db3b606,12, #6A6550
f2f2ac34239e8db3b606,6, #3D3B2C
f2f2ac34239e8db3b606,42, #C9BDA0
f301e6b19facf1dfb74c,19, #2F2620
f301e6b19facf1dfb74c,8, #9D9482
f301e6b19facf1dfb74c,18, #52473F
f301e6b19facf1dfb74c,35,#EDEAD7
f301e6b19facf1dfb74c,8, #796E62
f301e6b19facf1dfb74c,10, #C6BFA7
f305fa133ca3d5a620b7,23, #100D06
f305fa133ca3d5a620b7,16, #605932
f305fa133ca3d5a620b7,6, #9C8F63
f305fa133ca3d5a620b7,3, #877238
f305fa133ca3d5a620b7,0, #E0D2A8
f305fa133ca3d5a620b7,47,#423119
f305fa133ca3d5a620b7,1, #C5B385
f30a8671460de587be09,12, #66625B
f30a8671460de587be09,22, #F4F1E8
f30a8671460de587be09,15, #AFAAA0
f30a8671460de587be09,18,#D1CDC1
f30a8671460de587be09,13, #89857D
f30a8671460de587be09,16, #36342E
f30d1b91c174a7d77012,2, #AA9F89
f30d1b91c174a7d77012,57, #3B372F
f30d1b91c174a7d77012,13, #847867
f30d1b91c174a7d77012,0,#D3C7A6
f30d1b91c174a7d77012,17, #5C5449
f30d1b91c174a7d77012,8, #F1EED9
f30d22945d12d7d248ab,12, #8A806A
f30d22945d12d7d248ab,31, #CCC6AA
f30d22945d12d7d248ab,24, #73644B
f30d22945d12d7d248ab,6, #5E4E36
f30d22945d12d7d248ab,0,#E1E4D3
f30d22945d12d7d248ab,24, #ACA184
f30e61d2ca0aa0d134da,0, #304134
f30e61d2ca0aa0d134da,0, #C2B396
f30e61d2ca0aa0d134da,6, #78461E
f30e61d2ca0aa0d134da,91, #161410
f30e61d2ca0aa0d134da,0,#876435
f30e61d2ca0aa0d134da,0, #A59063
f31b4a267d0967769ddd,27,#1A1808
f31b4a267d0967769ddd,20, #786F24
f31b4a267d0967769ddd,12, #5B5213
f31b4a267d0967769ddd,25, #3D320B
f31b4a267d0967769ddd,0, #D2C161
f31b4a267d0967769ddd,12, #998D38
f31b4a267d0967769ddd,0, #B9A94D
f31d487782db1f24f2d4,0, #5C5753
f31d487782db1f24f2d4,2, #76716A
f31d487782db1f24f2d4,21, #D3CCBB
f31d487782db1f24f2d4,65,#EFEBDE
f31d487782db1f24f2d4,5, #B4AC9C
f31d487782db1f24f2d4,3, #958E83
f32364544f4252d84737,35, #55534B
f32364544f4252d84737,14, #CDC4AD
f32364544f4252d84737,0,#E8E0C6
f32364544f4252d84737,0, #FCFAED
f32364544f4252d84737,28, #AAA390
f32364544f4252d84737,21, #837E6E
f32375f63049e5f87cbc,7, #8E7F4B
f32375f63049e5f87cbc,13, #756537
f32375f63049e5f87cbc,32, #272315
f32375f63049e5f87cbc,31, #534522
f32375f63049e5f87cbc,10,#100F0C
f32375f63049e5f87cbc,4, #B2A46B
f323c6be09ee9fc2a352,8,#161F1C
f323c6be09ee9fc2a352,24, #82745D
f323c6be09ee9fc2a352,57, #4C4738
f323c6be09ee9fc2a352,5, #A3967A
f323c6be09ee9fc2a352,1, #E1E0CD
f323c6be09ee9fc2a352,3, #C2BBA1
f329863b8d9dd1674d6b,55,#E4DBC7
f329863b8d9dd1674d6b,3, #A19887
f329863b8d9dd1674d6b,4, #867E6F
f329863b8d9dd1674d6b,9, #635D52
f329863b8d9dd1674d6b,20, #BBB29F
f329863b8d9dd1674d6b,7, #3A3732
f32abff8ac5dc75ae311,17, #473730
f32abff8ac5dc75ae311,13, #8A7C72
f32abff8ac5dc75ae311,7, #DDD0B8
f32abff8ac5dc75ae311,55,#F8F3E6
f32abff8ac5dc75ae311,2, #66564E
f32abff8ac5dc75ae311,3, #B9AD9D
f32bf644694369d66d20,17, #837D70
f32bf644694369d66d20,0,#FDFAEF
f32bf644694369d66d20,23, #59554A
f32bf644694369d66d20,39, #D6CFBF
f32bf644694369d66d20,6, #393730
f32bf644694369d66d20,11, #ABA494
f32db8c17369a38ad15f,0, #929788
f32db8c17369a38ad15f,32, #181209
f32db8c17369a38ad15f,0, #A7AFA3
f32db8c17369a38ad15f,3, #726541
f32db8c17369a38ad15f,58,#4D351E
f32db8c17369a38ad15f,4, #495347
f32db8c17369a38ad15f,0, #80816F
f332459950bd63b39772,7, #CBC4B7
f332459950bd63b39772,4, #807B70
f332459950bd63b39772,2, #555149
f332459950bd63b39772,80,#F4EFE2
f332459950bd63b39772,4, #A39D92
f332459950bd63b39772,0, #3A3730
f340c9c074d595bbdfa6,0, #BFBAA9
f340c9c074d595bbdfa6,18, #6A6860
f340c9c074d595bbdfa6,24, #70432B
f340c9c074d595bbdfa6,11, #7F7F78
f340c9c074d595bbdfa6,41,#282016
f340c9c074d595bbdfa6,0, #8093AB
f340c9c074d595bbdfa6,2, #A59D8D
f356c2af687e33e573ff,0, #CCCAC1
f356c2af687e33e573ff,10, #726345
f356c2af687e33e573ff,4, #89795E
f356c2af687e33e573ff,44,#413A28
f356c2af687e33e573ff,36, #1B1813
f356c2af687e33e573ff,0, #B3AA93
f356c2af687e33e573ff,2, #A1947C
f36720a6f4539f6d9017,9, #A38836
f36720a6f4539f6d9017,2,#CEC095
f36720a6f4539f6d9017,27, #706032
f36720a6f4539f6d9017,4, #B2A06C
f36720a6f4539f6d9017,21, #73310C
f36720a6f4539f6d9017,36, #190803
f36b6c3d3896530a8d10,2, #7F959E
f36b6c3d3896530a8d10,1, #E1D065
f36b6c3d3896530a8d10,34, #BEA676
f36b6c3d3896530a8d10,1,#313230
f36b6c3d3896530a8d10,47, #725854
f36b6c3d3896530a8d10,12, #DFDBC1
f36edc9a8213e015f1a8,34, #DCD7CA
f36edc9a8213e015f1a8,12, #BDB9AE
f36edc9a8213e015f1a8,6, #6C6A60
f36edc9a8213e015f1a8,16, #939086
f36edc9a8213e015f1a8,26,#F5F2E7
f36edc9a8213e015f1a8,4, #4C4A42
f37ab0c279bed67e70ff,7,#FAF6E3
f37ab0c279bed67e70ff,56, #DCD8C6
f37ab0c279bed67e70ff,3, #646455
f37ab0c279bed67e70ff,1, #47473B
f37ab0c279bed67e70ff,19, #AFAC9B
f37ab0c279bed67e70ff,10, #807F70
f39645e08bd3e0b19d29,19, #7F735D
f39645e08bd3e0b19d29,4, #9E957E
f39645e08bd3e0b19d29,10, #706045
f39645e08bd3e0b19d29,16, #3B3226
f39645e08bd3e0b19d29,10, #27221C
f39645e08bd3e0b19d29,37,#4F4332
f39645e08bd3e0b19d29,0, #B7AE96
f398fe30a766bbeb9a51,3, #B8A87E
f398fe30a766bbeb9a51,2, #D5CAA0
f398fe30a766bbeb9a51,47,#150F0C
f398fe30a766bbeb9a51,3, #9A865D
f398fe30a766bbeb9a51,6, #806940
f398fe30a766bbeb9a51,36, #5E4825
f3a34bff0b7345a60f8a,13, #E9E3D2
f3a34bff0b7345a60f8a,0, #2D2314
f3a34bff0b7345a60f8a,21, #6F6755
f3a34bff0b7345a60f8a,9, #8E856D
f3a34bff0b7345a60f8a,42,#CAC2AD
f3a34bff0b7345a60f8a,0, #4A3E2C
f3a34bff0b7345a60f8a,11, #A99D84
f3a463a411146182d3ac,0, #D1C58D
f3a463a411146182d3ac,58,#413D2B
f3a463a411146182d3ac,19, #201F17
f3a463a411146182d3ac,3, #BBA470
f3a463a411146182d3ac,6, #7D704B
f3a463a411146182d3ac,6, #A28960
f3a463a411146182d3ac,6, #5D5237
f3a9b4cae1af237d2502,1, #87734C
f3a9b4cae1af237d2502,0,#0E0E09
f3a9b4cae1af237d2502,0, #C8B895
f3a9b4cae1af237d2502,74, #4D2C16
f3a9b4cae1af237d2502,20, #71552F
f3a9b4cae1af237d2502,1, #AF996F
f3ab1516c5cd81936688,27,#18130B
f3ab1516c5cd81936688,7, #815A31
f3ab1516c5cd81936688,2, #927042
f3ab1516c5cd81936688,31, #3D2917
f3ab1516c5cd81936688,1, #A88D57
f3ab1516c5cd81936688,29, #554734
f3ad6fcee273fbe46848,1,#483E2C
f3ad6fcee273fbe46848,9, #8B8370
f3ad6fcee273fbe46848,50, #EAE9DD
f3ad6fcee273fbe46848,21, #ACA58F
f3ad6fcee273fbe46848,13, #C9C4AC
f3ad6fcee273fbe46848,5, #70654B
f3ae207f298f86cedf20,0,#DDE0D2
f3ae207f298f86cedf20,33, #C1A768
f3ae207f298f86cedf20,8, #4A4F4D
f3ae207f298f86cedf20,0, #D6CA50
f3ae207f298f86cedf20,0, #C6C4A6
f3ae207f298f86cedf20,57, #896A4F
f3afce9e2ec7d8548a46,0, #656053
f3afce9e2ec7d8548a46,10,#DAD2BC
f3afce9e2ec7d8548a46,0, #444036
f3afce9e2ec7d8548a46,80, #F5F0DE
f3afce9e2ec7d8548a46,2, #868071
f3afce9e2ec7d8548a46,5, #B3AD9A
f3b030268d948d3befa4,7, #C5BFAB
f3b030268d948d3befa4,16, #A09B89
f3b030268d948d3befa4,4, #252219
f3b030268d948d3befa4,5, #787362
f3b030268d948d3befa4,43,#EDE7D1
f3b030268d948d3befa4,20, #3F3C31
f3b030268d948d3befa4,3, #5B5747
f3b684a73c5f6534834b,15, #85816D
f3b684a73c5f6534834b,18, #C6C0AA
f3b684a73c5f6534834b,7, #424035
f3b684a73c5f6534834b,14,#EFEAD3
f3b684a73c5f6534834b,21, #666252
f3b684a73c5f6534834b,22, #A49E89
f3b6b09d185b3cc5f93b,21, #6A7757
f3b6b09d185b3cc5f93b,13,#070A06
f3b6b09d185b3cc5f93b,8, #868F80
f3b6b09d185b3cc5f93b,21, #505F39
f3b6b09d185b3cc5f93b,17, #9EA592
f3b6b09d185b3cc5f93b,17, #273622
f3b74cb9d861fa3cbe86,4, #6F6E6A
f3b74cb9d861fa3cbe86,7, #949288
f3b74cb9d861fa3cbe86,47, #E9E4D2
f3b74cb9d861fa3cbe86,7,#FCFBF7
f3b74cb9d861fa3cbe86,20, #D3CEB6
f3b74cb9d861fa3cbe86,13, #BAB5A4
f3b895b5f6d7f7b01df9,26, #3C311B
f3b895b5f6d7f7b01df9,1, #5D4821
f3b895b5f6d7f7b01df9,0, #6E5C35
f3b895b5f6d7f7b01df9,68,#0E0E09
f3b895b5f6d7f7b01df9,0, #47443B
f3b895b5f6d7f7b01df9,1, #8F7642
f3b895b5f6d7f7b01df9,0, #AA9158
f3c6be4f37a74e69d47a,6, #10190F
f3c6be4f37a74e69d47a,14, #A3A693
f3c6be4f37a74e69d47a,7,#FBF7E3
f3c6be4f37a74e69d47a,6, #6F7969
f3c6be4f37a74e69d47a,8, #3E4A3C
f3c6be4f37a74e69d47a,57, #DFCDB1
f3ca7181c88e1f0a40a4,5, #7F776B
f3ca7181c88e1f0a40a4,19, #A19A8A
f3ca7181c88e1f0a40a4,44, #C5BCA5
f3ca7181c88e1f0a40a4,1, #5B534A
f3ca7181c88e1f0a40a4,26,#E3D8C1
f3ca7181c88e1f0a40a4,1, #F9F4E5
f3eb956e22390847f172,12, #64615D
f3eb956e22390847f172,13, #84817B
f3eb956e22390847f172,17, #A39F99
f3eb956e22390847f172,17, #CAC5BB
f3eb956e22390847f172,31,#EFEBE1
f3eb956e22390847f172,4, #43413F
f3eb956e22390847f172,1, #2A2927
f3ec43d7566373c153b2,54, #F6F3E5
f3ec43d7566373c153b2,7, #A29A85
f3ec43d7566373c153b2,1, #7D7867
f3ec43d7566373c153b2,1, #3D3B34
f3ec43d7566373c153b2,34, #DAD0B7
f3ec43d7566373c153b2,1,#656152
f3f0d4147dcf8e08ba55,6, #433E3E
f3f0d4147dcf8e08ba55,7, #DAD1BF
f3f0d4147dcf8e08ba55,21, #867E77
f3f0d4147dcf8e08ba55,9, #635C59
f3f0d4147dcf8e08ba55,24,#F8F2E0
f3f0d4147dcf8e08ba55,29, #B2AA9D
f3f268115f95d48448f3,15, #D4CEC0
f3f268115f95d48448f3,21,#6E6B60
f3f268115f95d48448f3,15, #8F8A7F
f3f268115f95d48448f3,20, #EEEADD
f3f268115f95d48448f3,14, #514F47
f3f268115f95d48448f3,0, #FEFDF0
f3f268115f95d48448f3,11, #B3AEA2
f3f39516e27af85836e9,11, #C9BAA1
f3f39516e27af85836e9,23, #7D7260
f3f39516e27af85836e9,41, #A59987
f3f39516e27af85836e9,13, #504B3D
f3f39516e27af85836e9,0, #DAD1BC
f3f39516e27af85836e9,9,#F1F0E9
f3fa555f6932bbfbba4b,0, #555041
f3fa555f6932bbfbba4b,21, #C0B9A2
f3fa555f6932bbfbba4b,0, #383327
f3fa555f6932bbfbba4b,1, #75705F
f3fa555f6932bbfbba4b,72,#F3ECD1
f3fa555f6932bbfbba4b,4, #938E7B
f3fd486c5817b2cb2eb7,12, #302C27
f3fd486c5817b2cb2eb7,33,#E8E6D3
f3fd486c5817b2cb2eb7,11, #6D6960
f3fd486c5817b2cb2eb7,3, #110E0A
f3fd486c5817b2cb2eb7,10, #B9B49E
f3fd486c5817b2cb2eb7,14, #959083
f3fd486c5817b2cb2eb7,14, #4D4741
f3ff242dff3d8ee60e9c,25, #747167
f3ff242dff3d8ee60e9c,16,#F2F0E1
f3ff242dff3d8ee60e9c,4, #B3AE9E
f3ff242dff3d8ee60e9c,43, #52504A
f3ff242dff3d8ee60e9c,6, #918E81
f3ff242dff3d8ee60e9c,3, #D2CDBB
f40138cc726b6bf9251c,11, #A99A8D
f40138cc726b6bf9251c,27, #29100D
f40138cc726b6bf9251c,11, #857268
f40138cc726b6bf9251c,5,#C8BEAD
f40138cc726b6bf9251c,36, #584038
f40138cc726b6bf9251c,8, #ECE4D2
f405a97b81cc9a93e86e,8, #9A8F75
f405a97b81cc9a93e86e,34, #D6CFBC
f405a97b81cc9a93e86e,10, #817153
f405a97b81cc9a93e86e,6, #6A573D
f405a97b81cc9a93e86e,36, #BFB091
f405a97b81cc9a93e86e,3,#F1F0E8
f407ba17ee98d945acf0,0, #CD5244
f407ba17ee98d945acf0,5, #C5C4C9
f407ba17ee98d945acf0,26, #59595B
f407ba17ee98d945acf0,9, #9C9B9F
f407ba17ee98d945acf0,28,#ECEBEC
f407ba17ee98d945acf0,29, #222223
f40beb7361eeaaa8da8e,3, #D1CFC3
f40beb7361eeaaa8da8e,6,#E6E5DC
f40beb7361eeaaa8da8e,28, #847668
f40beb7361eeaaa8da8e,5, #BDB8AC
f40beb7361eeaaa8da8e,44, #9E9285
f40beb7361eeaaa8da8e,12, #675040
f40d4782b377edeec246,0, #4A4138
f40d4782b377edeec246,14, #8D8071
f40d4782b377edeec246,24, #DDD5C3
f40d4782b377edeec246,12, #F3EDDE
f40d4782b377edeec246,13, #635C51
f40d4782b377edeec246,32,#B5A796
f40d4782b377edeec246,1, #BC8E75
f4180af6c8a93821f7ce,13, #4A423C
f4180af6c8a93821f7ce,22, #130F11
f4180af6c8a93821f7ce,1, #89775F
f4180af6c8a93821f7ce,1, #665B4D
f4180af6c8a93821f7ce,55,#2E292A
f4180af6c8a93821f7ce,4, #BDAB88
f418a6cdf485fcbdfdf7,12, #DCD7C2
f418a6cdf485fcbdfdf7,3, #807363
f418a6cdf485fcbdfdf7,5, #C3BAA4
f418a6cdf485fcbdfdf7,1, #675645
f418a6cdf485fcbdfdf7,0, #473629
f418a6cdf485fcbdfdf7,5, #A19580
f418a6cdf485fcbdfdf7,70,#F6F2DD
f4190ab8a8a1f3ee9061,18, #B7A889
f4190ab8a8a1f3ee9061,6, #F7F6F3
f4190ab8a8a1f3ee9061,58,#D6CEB9
f4190ab8a8a1f3ee9061,2, #403122
f4190ab8a8a1f3ee9061,4, #675741
f4190ab8a8a1f3ee9061,5, #948C7D
f4190ab8a8a1f3ee9061,3, #807058
f41d15e58c84a42bcd25,1, #333129
f41d15e58c84a42bcd25,23, #4E4C42
f41d15e58c84a42bcd25,14, #8A8578
f41d15e58c84a42bcd25,1, #F8F6EE
f41d15e58c84a42bcd25,24,#D7D2C1
f41d15e58c84a42bcd25,14, #6D695C
f41d15e58c84a42bcd25,19, #AEA99A
f423bc2af8399039dfb4,48,#3C241A
f423bc2af8399039dfb4,7, #BCB69B
f423bc2af8399039dfb4,9, #6B614A
f423bc2af8399039dfb4,13, #9C957E
f423bc2af8399039dfb4,8, #8D7E58
f423bc2af8399039dfb4,0, #2A404D
f423bc2af8399039dfb4,12, #584531
f43308c78223ca67c34f,17, #E3DED0
f43308c78223ca67c34f,3,#FBF9F5
f43308c78223ca67c34f,16, #585850
f43308c78223ca67c34f,17, #838277
f43308c78223ca67c34f,11, #393A35
f43308c78223ca67c34f,34, #B5B1A4
f43403e90393e87746b9,0, #C7C7D1
f43403e90393e87746b9,2, #BFB18C
f43403e90393e87746b9,37, #74674F
f43403e90393e87746b9,40, #3C2C2B
f43403e90393e87746b9,6, #F5F5F5
f43403e90393e87746b9,12,#A49671
f4348a8ebb48815b420e,7, #928072
f4348a8ebb48815b420e,4, #6C482C
f4348a8ebb48815b420e,63,#E9E3D4
f4348a8ebb48815b420e,5, #A4978D
f4348a8ebb48815b420e,12, #C0B8AB
f4348a8ebb48815b420e,7, #7F6A57
f436c59c1fc074ea5a1b,46,#C1C2BD
f436c59c1fc074ea5a1b,9, #736E65
f436c59c1fc074ea5a1b,12, #8E8676
f436c59c1fc074ea5a1b,26, #A7A69D
f436c59c1fc074ea5a1b,2, #513F2B
f436c59c1fc074ea5a1b,2, #665741
f43ad4b2ca37ac0cb53e,15, #7D6B4E
f43ad4b2ca37ac0cb53e,16, #D9CFB0
f43ad4b2ca37ac0cb53e,12, #C4B591
f43ad4b2ca37ac0cb53e,19, #574632
f43ad4b2ca37ac0cb53e,21,#2A221A
f43ad4b2ca37ac0cb53e,15, #A39171
f44b4bbdbb54d2052d08,15, #817052
f44b4bbdbb54d2052d08,4, #96866A
f44b4bbdbb54d2052d08,38,#221910
f44b4bbdbb54d2052d08,2, #B5A489
f44b4bbdbb54d2052d08,28, #594A2F
f44b4bbdbb54d2052d08,10, #4C2E19
f454d468f1c07310b028,4, #CDC6B3
f454d468f1c07310b028,0,#FEFEF6
f454d468f1c07310b028,56, #ECE6D7
f454d468f1c07310b028,22, #47463C
f454d468f1c07310b028,6, #A59F8F
f454d468f1c07310b028,10, #777364
f4579b490f92b52035a7,20, #BEB6A3
f4579b490f92b52035a7,8, #4B4941
f4579b490f92b52035a7,12, #9E988A
f4579b490f92b52035a7,17, #787469
f4579b490f92b52035a7,11, #D9D1BB
f4579b490f92b52035a7,28,#F6F2E0
f47dd79d8b6e9f92342a,8, #ADA390
f47dd79d8b6e9f92342a,7, #FAF7E8
f47dd79d8b6e9f92342a,21, #E6DFC8
f47dd79d8b6e9f92342a,10, #918979
f47dd79d8b6e9f92342a,35,#CBC1AA
f47dd79d8b6e9f92342a,2, #3D3932
f47dd79d8b6e9f92342a,13, #6A6356
f47fddfcd9d1370c7662,13, #ABA99B
f47fddfcd9d1370c7662,3, #38372D
f47fddfcd9d1370c7662,15, #D1CDBB
f47fddfcd9d1370c7662,15, #777569
f47fddfcd9d1370c7662,11, #929082
f47fddfcd9d1370c7662,26,#F6F4E0
f47fddfcd9d1370c7662,13, #56554A
f4801591084afaf08227,36, #A09374
f4801591084afaf08227,6,#FBF9F3
f4801591084afaf08227,21, #5C4026
f4801591084afaf08227,30, #806743
f4801591084afaf08227,0, #CDC0A5
f4801591084afaf08227,5, #E4DECB
f489ade2eaa1dee99446,31, #B1A598
f489ade2eaa1dee99446,1,#FBF4E9
f489ade2eaa1dee99446,10, #71685E
f489ade2eaa1dee99446,35, #DACBBA
f489ade2eaa1dee99446,3, #4A413B
f489ade2eaa1dee99446,17, #91867C
f49086ca7195118db743,34, #312815
f49086ca7195118db743,6,#ECE8C4
f49086ca7195118db743,24, #8E8061
f49086ca7195118db743,16, #6E5835
f49086ca7195118db743,10, #B5A56E
f49086ca7195118db743,7, #D3C585
f49557dfa8bcb643ca52,2, #97825B
f49557dfa8bcb643ca52,2, #C1A177
f49557dfa8bcb643ca52,5, #6B3F19
f49557dfa8bcb643ca52,48,#160F08
f49557dfa8bcb643ca52,0, #D0C79A
f49557dfa8bcb643ca52,1, #695D40
f49557dfa8bcb643ca52,37, #3C331E
f49db99dd20f627c0f90,11,#9C998C
f49db99dd20f627c0f90,16, #7F7C70
f49db99dd20f627c0f90,36, #EAE5D3
f49db99dd20f627c0f90,27, #BEB9A8
f49db99dd20f627c0f90,0, #433F35
f49db99dd20f627c0f90,7, #5B584C
f49e33c46ae19dcc6906,11,#C9B382
f49e33c46ae19dcc6906,14, #704A32
f49e33c46ae19dcc6906,62, #1B1816
f49e33c46ae19dcc6906,7, #A88558
f49e33c46ae19dcc6906,2, #2F405D
f49e33c46ae19dcc6906,1, #53677A
f4a00acb9bfe3ce40982,60, #716858
f4a00acb9bfe3ce40982,11, #4D3C2C
f4a00acb9bfe3ce40982,17,#F5F3E7
f4a00acb9bfe3ce40982,2, #B4AB97
f4a00acb9bfe3ce40982,3, #968E7D
f4a00acb9bfe3ce40982,6, #D6D1BE
f4a55f0c1f9cfdfd6654,0, #FAF0DC
f4a55f0c1f9cfdfd6654,3, #92897A
f4a55f0c1f9cfdfd6654,82, #D7CCBA
f4a55f0c1f9cfdfd6654,11, #ABA495
f4a55f0c1f9cfdfd6654,0,#464038
f4a55f0c1f9cfdfd6654,1, #6E6759
f4ae5fadbbcc9716b2ad,5, #EFEADB
f4ae5fadbbcc9716b2ad,10, #4E4C45
f4ae5fadbbcc9716b2ad,3, #393832
f4ae5fadbbcc9716b2ad,21, #D0CBBB
f4ae5fadbbcc9716b2ad,13, #B3AEA1
f4ae5fadbbcc9716b2ad,23,#6D6A60
f4ae5fadbbcc9716b2ad,22, #928D82
f4b79f04ef4c04aea4c2,0, #403E39
f4b79f04ef4c04aea4c2,2, #8C877D
f4b79f04ef4c04aea4c2,6,#C9C4B7
f4b79f04ef4c04aea4c2,4, #B0AA9F
f4b79f04ef4c04aea4c2,2, #615C56
f4b79f04ef4c04aea4c2,83, #EAE4D3
f4b8038aadf78976628c,11, #75693E
f4b8038aadf78976628c,12, #453D25
f4b8038aadf78976628c,12, #19160F
f4b8038aadf78976628c,9, #9E936A
f4b8038aadf78976628c,25,#C8BE96
f4b8038aadf78976628c,7, #8A7E53
f4b8038aadf78976628c,22, #B3AB86
f4c48343e3551b47766a,3,#F8F4E9
f4c48343e3551b47766a,15, #B2AEA0
f4c48343e3551b47766a,24, #656758
f4c48343e3551b47766a,31, #D6D0C1
f4c48343e3551b47766a,20, #8D8C7E
f4c48343e3551b47766a,5, #3D3F34
f4c77dcc7a6675c47ca9,1, #885530
f4c77dcc7a6675c47ca9,19,#0B0F13
f4c77dcc7a6675c47ca9,5, #9A8D59
f4c77dcc7a6675c47ca9,0, #CEC281
f4c77dcc7a6675c47ca9,72, #424342
f4c77dcc7a6675c47ca9,0, #ECDC96
f4cb987c8295983088c4,3, #8E8865
f4cb987c8295983088c4,9, #6F5B2D
f4cb987c8295983088c4,8, #726E4C
f4cb987c8295983088c4,9, #525139
f4cb987c8295983088c4,0, #B7A87B
f4cb987c8295983088c4,23, #201D13
f4cb987c8295983088c4,45,#453922
f4cbf7d41a96cd88a39b,10, #837A6D
f4cbf7d41a96cd88a39b,37,#E3DBC9
f4cbf7d41a96cd88a39b,8, #B1A99B
f4cbf7d41a96cd88a39b,10, #5E5549
f4cbf7d41a96cd88a39b,17, #FAF7EF
f4cbf7d41a96cd88a39b,5, #241810
f4cbf7d41a96cd88a39b,10, #3A342E
f4d143787d14d316b5b8,14, #8D8A77
f4d143787d14d316b5b8,0, #FEFDE7
f4d143787d14d316b5b8,21, #E5E1C8
f4d143787d14d316b5b8,11, #B2AE97
f4d143787d14d316b5b8,22,#43433A
f4d143787d14d316b5b8,14, #CCC8AE
f4d143787d14d316b5b8,14, #6F6D5D
f4d340de882398449a26,5, #100F0B
f4d340de882398449a26,32,#28251B
f4d340de882398449a26,13, #746C53
f4d340de882398449a26,0, #CCB995
f4d340de882398449a26,28, #504735
f4d340de882398449a26,13, #988B65
f4d340de882398449a26,6, #B8A67E
f4dbb6e594a0720d7966,13, #EDEEE7
f4dbb6e594a0720d7966,9, #8C857D
f4dbb6e594a0720d7966,15, #ADA798
f4dbb6e594a0720d7966,10, #564A40
f4dbb6e594a0720d7966,7, #72675D
f4dbb6e594a0720d7966,23,#CFCCB5
f4dbb6e594a0720d7966,18, #35281C
f4df8ec43bf785d585b3,13, #5F5951
f4df8ec43bf785d585b3,15, #ABA395
f4df8ec43bf785d585b3,2, #3D3833
f4df8ec43bf785d585b3,33, #837B6F
f4df8ec43bf785d585b3,22,#F3EBDB
f4df8ec43bf785d585b3,12, #CBC2B3
f4e3830127976b6ec463,2, #AD9666
f4e3830127976b6ec463,50, #564D38
f4e3830127976b6ec463,0, #DAD09D
f4e3830127976b6ec463,41, #201913
f4e3830127976b6ec463,0, #C8B883
f4e3830127976b6ec463,4,#887247
f4e9e2b51b16dcc5fe9a,46,#D9D1BE
f4e9e2b51b16dcc5fe9a,17, #A79F90
f4e9e2b51b16dcc5fe9a,1, #4B4942
f4e9e2b51b16dcc5fe9a,6, #878074
f4e9e2b51b16dcc5fe9a,16, #F3EFE0
f4e9e2b51b16dcc5fe9a,9, #C0B9A8
f4e9e2b51b16dcc5fe9a,1, #6E695E
f4ef621c435ed8de006d,13, #1A1816
f4ef621c435ed8de006d,20, #C7C3B5
f4ef621c435ed8de006d,22, #897055
f4ef621c435ed8de006d,15, #514136
f4ef621c435ed8de006d,21,#F5F4EF
f4ef621c435ed8de006d,5, #AB9A7F
f4efac9ed69dc692930b,4, #342214
f4efac9ed69dc692930b,3, #73654D
f4efac9ed69dc692930b,6, #8B7E64
f4efac9ed69dc692930b,14, #BAAC8D
f4efac9ed69dc692930b,58,#E3D1AC
f4efac9ed69dc692930b,7, #55432F
f4efac9ed69dc692930b,5, #A3967A
f4f010fe0583657a3c51,1, #AE9D79
f4f010fe0583657a3c51,9, #7D5532
f4f010fe0583657a3c51,7, #907D5D
f4f010fe0583657a3c51,33,#231F1B
f4f010fe0583657a3c51,45, #523B29
f4f010fe0583657a3c51,2, #CABE99
f4f45eb3511c879b8bdd,6, #7F7872
f4f45eb3511c879b8bdd,2,#FAF7F3
f4f45eb3511c879b8bdd,2, #ABA49C
f4f45eb3511c879b8bdd,10, #645C58
f4f45eb3511c879b8bdd,62, #3C3835
f4f45eb3511c879b8bdd,15, #DAD1C6
f4f8c022e29079161322,6, #433B37
f4f8c022e29079161322,1,#F9F0E2
f4f8c022e29079161322,33, #9D9287
f4f8c022e29079161322,6, #E5D4C3
f4f8c022e29079161322,19, #70665F
f4f8c022e29079161322,32, #CBBCAC
f4fe85609ff41f3d0675,53, #DBD8CD
f4fe85609ff41f3d0675,6, #AE9E8F
f4fe85609ff41f3d0675,15, #614A3D
f4fe85609ff41f3d0675,0,#F8F4E9
f4fe85609ff41f3d0675,21, #8C7A6B
f4fe85609ff41f3d0675,1, #C4BBAE
f50096bdd427c49cc6d6,18, #935F50
f50096bdd427c49cc6d6,1, #C79340
f50096bdd427c49cc6d6,9, #F4EFDD
f50096bdd427c49cc6d6,67,#B4A587
f50096bdd427c49cc6d6,2, #4B4639
f50096bdd427c49cc6d6,0, #302218
f50096bdd427c49cc6d6,0, #517B8C
f503ef55073f74133dd7,1, #695F52
f503ef55073f74133dd7,0,#BABABD
f503ef55073f74133dd7,1, #867A6A
f503ef55073f74133dd7,2, #9F978B
f503ef55073f74133dd7,78, #171510
f503ef55073f74133dd7,15, #4A453F
f5108401bca0aaf1bd6f,14, #6F726A
f5108401bca0aaf1bd6f,4, #3F4643
f5108401bca0aaf1bd6f,5,#F9F6E5
f5108401bca0aaf1bd6f,25, #A09E8F
f5108401bca0aaf1bd6f,2, #1D2520
f5108401bca0aaf1bd6f,48, #D3CAB4
f518bd07739b889c7ceb,4, #15100E
f518bd07739b889c7ceb,4, #F2F0E5
f518bd07739b889c7ceb,7, #9A968C
f518bd07739b889c7ceb,60,#766C57
f518bd07739b889c7ceb,4, #B7B6AA
f518bd07739b889c7ceb,10, #483D31
f518bd07739b889c7ceb,7, #D2D0C0
f519046f9e8e0b78070a,19, #C5C0A8
f519046f9e8e0b78070a,15, #544D42
f519046f9e8e0b78070a,3, #918B7D
f519046f9e8e0b78070a,2, #ABA490
f519046f9e8e0b78070a,52,#766F62
f519046f9e8e0b78070a,4, #F6F6ED
f519046f9e8e0b78070a,1, #DEDCCC
f525c759327e9673b36d,8, #BDAF7D
f525c759327e9673b36d,0, #D6CB98
f525c759327e9673b36d,21, #5B523E
f525c759327e9673b36d,4,#7F7250
f525c759327e9673b36d,58, #2A2215
f525c759327e9673b36d,6, #9B8C60
f5270319617d8992ebf6,4, #706D4D
f5270319617d8992ebf6,44,#555036
f5270319617d8992ebf6,40, #3A3823
f5270319617d8992ebf6,6, #202016
f5270319617d8992ebf6,2, #7E7D5E
f5270319617d8992ebf6,1, #8C8E6E
f5270319617d8992ebf6,0, #A1A07D
f5283ad371607e31dfd3,6, #8F8978
f5283ad371607e31dfd3,0,#F9EFD6
f5283ad371607e31dfd3,76, #DBD1BB
f5283ad371607e31dfd3,7, #B1AA97
f5283ad371607e31dfd3,6, #696457
f5283ad371607e31dfd3,1, #434036
f52966c57ed4ad80de4f,21, #D0CBBD
f52966c57ed4ad80de4f,1, #424039
f52966c57ed4ad80de4f,18, #8D8A7E
f52966c57ed4ad80de4f,24,#ACA89B
f52966c57ed4ad80de4f,15, #F4F0E7
f52966c57ed4ad80de4f,9, #5E5B52
f52966c57ed4ad80de4f,9, #767368
f529827af226ea7ae189,54, #4B3B26
f529827af226ea7ae189,15, #2C2618
f529827af226ea7ae189,11,#131109
f529827af226ea7ae189,0, #9A8E6D
f529827af226ea7ae189,17, #84704D
f529827af226ea7ae189,0, #313F4D
f52b97ce3ee4ecadd45f,9, #888378
f52b97ce3ee4ecadd45f,2,#D9CFB3
f52b97ce3ee4ecadd45f,0, #535049
f52b97ce3ee4ecadd45f,0, #36332C
f52b97ce3ee4ecadd45f,85, #AFA99A
f52b97ce3ee4ecadd45f,0, #6C6961
f52d7e52819ca8d7cef5,3, #BDAB8E
f52d7e52819ca8d7cef5,12,#6F6149
f52d7e52819ca8d7cef5,6, #8D7C62
f52d7e52819ca8d7cef5,6, #A69377
f52d7e52819ca8d7cef5,48, #603924
f52d7e52819ca8d7cef5,22, #1E1C14
f52ef85fd533a227a669,35, #A49A8D
f52ef85fd533a227a669,0,#F6F4E1
f52ef85fd533a227a669,3, #6D625D
f52ef85fd533a227a669,22, #281E1A
f52ef85fd533a227a669,32, #D6CFBD
f52ef85fd533a227a669,4, #4D413B
f5309e214c78cc5d5c32,23, #EFEBE0
f5309e214c78cc5d5c32,14, #3A3831
f5309e214c78cc5d5c32,9, #A9A498
f5309e214c78cc5d5c32,23,#68655B
f5309e214c78cc5d5c32,13, #C6C0B2
f5309e214c78cc5d5c32,15, #8C877C
f53b37315fd78c232a06,2, #7F6937
f53b37315fd78c232a06,0, #8D814F
f53b37315fd78c232a06,4, #5B5D3F
f53b37315fd78c232a06,35, #4C341F
f53b37315fd78c232a06,49,#232116
f53b37315fd78c232a06,7, #6D4522
f53b37315fd78c232a06,0, #B09C5A
f53c348e91daa1da6891,16, #8D8869
f53c348e91daa1da6891,14, #6C6748
f53c348e91daa1da6891,4, #CAB98C
f53c348e91daa1da6891,8,#1F2016
f53c348e91daa1da6891,0, #9A5734
f53c348e91daa1da6891,56, #424633
f54fe7fcdaa64f24fefe,11, #A3987A
f54fe7fcdaa64f24fefe,11, #413525
f54fe7fcdaa64f24fefe,24, #8C7853
f54fe7fcdaa64f24fefe,8, #BDB497
f54fe7fcdaa64f24fefe,13, #D2D2BC
f54fe7fcdaa64f24fefe,1, #23211A
f54fe7fcdaa64f24fefe,30,#63543B
f5512af320d71953d8fc,9, #494541
f5512af320d71953d8fc,4, #DBD1C5
f5512af320d71953d8fc,14, #C7AD99
f5512af320d71953d8fc,56,#F3ECE1
f5512af320d71953d8fc,13, #8F675E
f5512af320d71953d8fc,0, #D3885C
f551ce389e5f98bfdb90,0, #8D7A51
f551ce389e5f98bfdb90,4, #4A3C29
f551ce389e5f98bfdb90,76, #19150C
f551ce389e5f98bfdb90,0,#AEA075
f551ce389e5f98bfdb90,1, #76603C
f551ce389e5f98bfdb90,17, #30281C
f5564d051ce450ff046a,13, #A08A4C
f5564d051ce450ff046a,1, #C7B268
f5564d051ce450ff046a,1, #E0CF8B
f5564d051ce450ff046a,8, #62532E
f5564d051ce450ff046a,1, #A85932
f5564d051ce450ff046a,47,#101112
f5564d051ce450ff046a,24, #66241B
f5591140520756d067df,68,#E9E0CA
f5591140520756d067df,7, #949182
f5591140520756d067df,17, #B3B09F
f5591140520756d067df,0, #37352D
f5591140520756d067df,4, #777566
f5591140520756d067df,2, #565448
f56138ead1ac0d5d0fc0,11, #867B5D
f56138ead1ac0d5d0fc0,70, #CFC5AC
f56138ead1ac0d5d0fc0,6,#635A42
f56138ead1ac0d5d0fc0,0, #3E3727
f56138ead1ac0d5d0fc0,3, #F5F0DA
f56138ead1ac0d5d0fc0,7, #A99F89
f564e5154157de4c4346,1, #555448
f564e5154157de4c4346,69, #F7F5E8
f564e5154157de4c4346,2, #9E9B8E
f564e5154157de4c4346,20,#CFCBBB
f564e5154157de4c4346,1, #313127
f564e5154157de4c4346,3, #78766B
f56bd13f20748cbe290f,26, #35352B
f56bd13f20748cbe290f,19, #85816E
f56bd13f20748cbe290f,31, #5C594A
f56bd13f20748cbe290f,10,#F3EED7
f56bd13f20748cbe290f,8, #CEC8B1
f56bd13f20748cbe290f,4, #AEA994
f5735966f155a6bde67f,11, #C2B6A0
f5735966f155a6bde67f,12, #9B8F81
f5735966f155a6bde67f,3,#F3F1E9
f5735966f155a6bde67f,0, #68503E
f5735966f155a6bde67f,3, #826F5D
f5735966f155a6bde67f,68, #DDD6C3
f574d6cd83cf2e7bda4d,35, #5C5A51
f574d6cd83cf2e7bda4d,5, #F1EEE1
f574d6cd83cf2e7bda4d,17, #878377
f574d6cd83cf2e7bda4d,16, #AEA99B
f574d6cd83cf2e7bda4d,2,#D5CFBE
f574d6cd83cf2e7bda4d,22, #2F2F2A
f575e62dbebeb8d7bbfa,1, #231C15
f575e62dbebeb8d7bbfa,38, #9C908C
f575e62dbebeb8d7bbfa,13, #483B31
f575e62dbebeb8d7bbfa,27, #6B5C53
f575e62dbebeb8d7bbfa,16, #81756D
f575e62dbebeb8d7bbfa,3,#080603
f57c2dfad92eaf847197,33, #56563D
f57c2dfad92eaf847197,12, #83908C
f57c2dfad92eaf847197,10, #ADB0A3
f57c2dfad92eaf847197,9, #2F3533
f57c2dfad92eaf847197,0,#1B1A13
f57c2dfad92eaf847197,33, #6A7569
f5830f68e2ee920c2b2d,45, #545348
f5830f68e2ee920c2b2d,1,#F7F6F0
f5830f68e2ee920c2b2d,30, #858174
f5830f68e2ee920c2b2d,3, #211E17
f5830f68e2ee920c2b2d,8, #DDD9C6
f5830f68e2ee920c2b2d,10, #B0AE9E
f5864b52729c137be58a,2, #B99E56
f5864b52729c137be58a,4, #8A723C
f5864b52729c137be58a,5, #6A552C
f5864b52729c137be58a,1, #DFC676
f5864b52729c137be58a,34, #45371F
f5864b52729c137be58a,52,#16100A
f588e5a0ab21408d36c2,8, #ACA88D
f588e5a0ab21408d36c2,11, #837753
f588e5a0ab21408d36c2,36,#564228
f588e5a0ab21408d36c2,33, #221C10
f588e5a0ab21408d36c2,1, #C7C8B2
f588e5a0ab21408d36c2,8, #818E89
f588e5a0ab21408d36c2,0, #985942
f58e3f43152cbc31c7d0,14, #B0AB94
f58e3f43152cbc31c7d0,12, #F8F7EA
f58e3f43152cbc31c7d0,3, #31312A
f58e3f43152cbc31c7d0,15, #DBD6BE
f58e3f43152cbc31c7d0,16, #666555
f58e3f43152cbc31c7d0,20,#49483D
f58e3f43152cbc31c7d0,16, #878472
f592bf7f5ae108346a53,1, #4D3122
f592bf7f5ae108346a53,74, #CDC1AD
f592bf7f5ae108346a53,4,#F4F1E6
f592bf7f5ae108346a53,6, #BAA887
f592bf7f5ae108346a53,3, #6E4F37
f592bf7f5ae108346a53,8, #907C64
f595eef2348d3c05d36a,2, #37281F
f595eef2348d3c05d36a,10, #55463A
f595eef2348d3c05d36a,48, #C8C0AB
f595eef2348d3c05d36a,11, #978D7B
f595eef2348d3c05d36a,25,#EFEAD8
f595eef2348d3c05d36a,3, #736657
f596277a9dd1cd8f8a9f,9, #3C3936
f596277a9dd1cd8f8a9f,16, #BBB19B
f596277a9dd1cd8f8a9f,14, #878176
f596277a9dd1cd8f8a9f,15, #5E5A52
f596277a9dd1cd8f8a9f,9, #D6CFBD
f596277a9dd1cd8f8a9f,31,#EFE8D5
f596277a9dd1cd8f8a9f,0, #FEFEF8
f596cb97217d6311d2e6,4, #CBBDA8
f596cb97217d6311d2e6,27, #65533D
f596cb97217d6311d2e6,6, #E5DCC7
f596cb97217d6311d2e6,0, #493D30
f596cb97217d6311d2e6,9, #9F8D76
f596cb97217d6311d2e6,2, #B5A590
f596cb97217d6311d2e6,49,#816E57
f597931ce7f85c4bbe71,24, #54472E
f597931ce7f85c4bbe71,12, #7E6F4F
f597931ce7f85c4bbe71,19, #423728
f597931ce7f85c4bbe71,2, #968662
f597931ce7f85c4bbe71,14, #251F18
f597931ce7f85c4bbe71,1, #A79772
f597931ce7f85c4bbe71,25,#695C3D
f59b2f9362d3109466ac,1,#5D5A4A
f59b2f9362d3109466ac,3, #BBA68F
f59b2f9362d3109466ac,84, #F4F1DE
f59b2f9362d3109466ac,7, #D4C8AF
f59b2f9362d3109466ac,3, #928471
f59b2f9362d3109466ac,0, #363527
f5a2bf59ff874f60b1dc,0, #AD9F7C
f5a2bf59ff874f60b1dc,5, #90845E
f5a2bf59ff874f60b1dc,40,#2E2213
f5a2bf59ff874f60b1dc,37, #0A0906
f5a2bf59ff874f60b1dc,3, #665B3B
f5a2bf59ff874f60b1dc,10, #514527
f5a2bf59ff874f60b1dc,2, #776C49
f5ae23220ccb15638ae4,6, #837849
f5ae23220ccb15638ae4,44,#60512D
f5ae23220ccb15638ae4,7, #AA924D
f5ae23220ccb15638ae4,15, #3B3622
f5ae23220ccb15638ae4,9, #CEBE71
f5ae23220ccb15638ae4,15, #1A180F
f5ae23220ccb15638ae4,1, #E7E093
f5b2e771351c59fdbc2b,2, #7D6224
f5b2e771351c59fdbc2b,90,#141208
f5b2e771351c59fdbc2b,1, #4F4426
f5b2e771351c59fdbc2b,1, #A48846
f5b2e771351c59fdbc2b,1, #C0B16F
f5b2e771351c59fdbc2b,2, #322C16
f5bca420a6e54cfbd229,0, #FEFEF6
f5bca420a6e54cfbd229,25, #E7E1D1
f5bca420a6e54cfbd229,16, #80735B
f5bca420a6e54cfbd229,22, #D4C6AB
f5bca420a6e54cfbd229,29,#B7AA8F
f5bca420a6e54cfbd229,5, #4E4231
f5bca420a6e54cfbd229,0, #291E11
f5bca48db9cf85275b78,27, #1E1B12
f5bca48db9cf85275b78,23, #5C5439
f5bca48db9cf85275b78,1, #B3A67F
f5bca48db9cf85275b78,41,#3F3924
f5bca48db9cf85275b78,0, #C8B98C
f5bca48db9cf85275b78,3, #7F7452
f5bca48db9cf85275b78,2, #998E69
f5bd25b68254d742a718,6, #857568
f5bd25b68254d742a718,24, #CBC1B5
f5bd25b68254d742a718,6, #97897C
f5bd25b68254d742a718,14, #ECE7D2
f5bd25b68254d742a718,13, #6F5E54
f5bd25b68254d742a718,5, #B2A496
f5bd25b68254d742a718,28,#513F38
f5c46a1286d4dab18088,24, #DAD1C9
f5c46a1286d4dab18088,8,#F5F0E7
f5c46a1286d4dab18088,14, #9E998E
f5c46a1286d4dab18088,11, #C0B8AF
f5c46a1286d4dab18088,15, #4A4941
f5c46a1286d4dab18088,25, #767368
f5cb12bcc937984ec375,0, #BFBB8C
f5cb12bcc937984ec375,0, #B29D54
f5cb12bcc937984ec375,1, #987C35
f5cb12bcc937984ec375,73,#130F08
f5cb12bcc937984ec375,0, #D2D3C1
f5cb12bcc937984ec375,23, #585541
f5cb12bcc937984ec375,0, #8B8F83
f5cf75fee5ed9f0461f1,38,#F4F1E1
f5cf75fee5ed9f0461f1,18, #9B9182
f5cf75fee5ed9f0461f1,19, #D5CDB4
f5cf75fee5ed9f0461f1,8, #B7AD9B
f5cf75fee5ed9f0461f1,6, #665648
f5cf75fee5ed9f0461f1,7, #7E7061
f5cf75fee5ed9f0461f1,1, #48372B
f5d7157f3b3bb80da06f,31, #7C7A6D
f5d7157f3b3bb80da06f,14, #D1CDBD
f5d7157f3b3bb80da06f,10, #AAA798
f5d7157f3b3bb80da06f,7, #32322C
f5d7157f3b3bb80da06f,33, #515147
f5d7157f3b3bb80da06f,2,#F6F3E5
f5db97a21ff18809decd,48,#F5EED9
f5db97a21ff18809decd,27, #D7CDB9
f5db97a21ff18809decd,2, #685C54
f5db97a21ff18809decd,1, #53463F
f5db97a21ff18809decd,7, #B3A898
f5db97a21ff18809decd,1, #372B26
f5db97a21ff18809decd,12, #887D71
f5e3e77bbdf364ee8cb2,13, #B2AFA1
f5e3e77bbdf364ee8cb2,17, #8E8A7D
f5e3e77bbdf364ee8cb2,2, #454238
f5e3e77bbdf364ee8cb2,14, #CCC9BB
f5e3e77bbdf364ee8cb2,10, #676357
f5e3e77bbdf364ee8cb2,41,#E9E5D8
f5e3e77bbdf364ee8cb2,0, #FEFEF3
f5ea4323eb21b152b5db,6, #CFC5AB
f5ea4323eb21b152b5db,27,#806E5B
f5ea4323eb21b152b5db,25, #685345
f5ea4323eb21b152b5db,3, #473329
f5ea4323eb21b152b5db,4, #E5DFC6
f5ea4323eb21b152b5db,15, #A69C8A
f5ea4323eb21b152b5db,16, #F9F8F3
f5f2a86eb60c81452a8d,36, #615F53
f5f2a86eb60c81452a8d,3, #999585
f5f2a86eb60c81452a8d,33, #403C37
f5f2a86eb60c81452a8d,1, #C6C0AF
f5f2a86eb60c81452a8d,17, #7B796B
f5f2a86eb60c81452a8d,8,#F0ECDE
f5f4bb201652c5206f8b,22, #543F1E
f5f4bb201652c5206f8b,14,#1F1B08
f5f4bb201652c5206f8b,6, #7F8377
f5f4bb201652c5206f8b,26, #9DA492
f5f4bb201652c5206f8b,9, #A69957
f5f4bb201652c5206f8b,21, #786F44
f5f9892f41ac3e100552,14, #B49B79
f5f9892f41ac3e100552,4, #6F553E
f5f9892f41ac3e100552,37, #8F795D
f5f9892f41ac3e100552,10, #CAB597
f5f9892f41ac3e100552,0,#FCF0DA
f5f9892f41ac3e100552,31, #E1D2BB
f60002a073eceb8b72e6,8, #B9AA8A
f60002a073eceb8b72e6,35,#E4E2D5
f60002a073eceb8b72e6,10, #9C9078
f60002a073eceb8b72e6,6, #F9F8F6
f60002a073eceb8b72e6,35, #CAC2AA
f60002a073eceb8b72e6,0, #5D442A
f60002a073eceb8b72e6,2, #7E694D
f604dd34fab944846bb4,2, #B4AEA5
f604dd34fab944846bb4,1, #CCC9C5
f604dd34fab944846bb4,0,#DDDCDE
f604dd34fab944846bb4,0, #7E3239
f604dd34fab944846bb4,62, #87685A
f604dd34fab944846bb4,32, #9F927C
f60ebe53f8f4b59ac85d,2, #806E41
f60ebe53f8f4b59ac85d,6, #62553B
f60ebe53f8f4b59ac85d,0, #BFAB74
f60ebe53f8f4b59ac85d,1, #998859
f60ebe53f8f4b59ac85d,31, #3F3324
f60ebe53f8f4b59ac85d,0, #AF9C68
f60ebe53f8f4b59ac85d,57,#19150F
f60f923f58166b256382,0, #000000
f60f923f58166b256382,10, #8B7C68
f60f923f58166b256382,37,#CBC2A4
f60f923f58166b256382,11, #4E3D32
f60f923f58166b256382,11, #736250
f60f923f58166b256382,13, #E9E4D1
f60f923f58166b256382,14, #A89C84
f60fe94296cddd74bf02,17, #5E5433
f60fe94296cddd74bf02,3,#EFECD8
f60fe94296cddd74bf02,7, #A69F7D
f60fe94296cddd74bf02,55, #19160D
f60fe94296cddd74bf02,6, #C8C2A1
f60fe94296cddd74bf02,9, #857F61
f61ad2dee5c91b24a8d7,2, #C8B594
f61ad2dee5c91b24a8d7,2, #B39C77
f61ad2dee5c91b24a8d7,12, #4D321E
f61ad2dee5c91b24a8d7,4, #907F60
f61ad2dee5c91b24a8d7,5,#655B45
f61ad2dee5c91b24a8d7,72, #19110B
f61bf12357a528854a0b,11, #F8F1D6
f61bf12357a528854a0b,11, #4C4A3B
f61bf12357a528854a0b,18, #C4BEA7
f61bf12357a528854a0b,10, #D9D1BD
f61bf12357a528854a0b,14, #85816B
f61bf12357a528854a0b,12, #6B6853
f61bf12357a528854a0b,20,#A6A08A
f62dddfc1ec6ebadf557,1, #1A1916
f62dddfc1ec6ebadf557,2, #CFCEC5
f62dddfc1ec6ebadf557,71, #403F39
f62dddfc1ec6ebadf557,13, #717069
f62dddfc1ec6ebadf557,3,#ACABA2
f62dddfc1ec6ebadf557,8, #F0EFE8
f630e34d0adc5a5fb26b,6, #190B05
f630e34d0adc5a5fb26b,11,#82796A
f630e34d0adc5a5fb26b,10, #645749
f630e34d0adc5a5fb26b,25, #DAD4C1
f630e34d0adc5a5fb26b,10, #3D2C21
f630e34d0adc5a5fb26b,36, #ACA48E
f631c476a438ef4d1301,7, #BCAD7A
f631c476a438ef4d1301,3, #F2EBC3
f631c476a438ef4d1301,12, #E0D38B
f631c476a438ef4d1301,27, #453528
f631c476a438ef4d1301,39, #945D3E
f631c476a438ef4d1301,9,#998859
f63cb8bb9069a93b7599,77,#F4F2E2
f63cb8bb9069a93b7599,0, #49483E
f63cb8bb9069a93b7599,9, #D7D4C1
f63cb8bb9069a93b7599,3, #6F6C62
f63cb8bb9069a93b7599,4, #959286
f63cb8bb9069a93b7599,3, #B4B1A4
f63d21fcd322afa33e10,2, #897D63
f63d21fcd322afa33e10,25, #15100E
f63d21fcd322afa33e10,35,#2D231A
f63d21fcd322afa33e10,8, #665A44
f63d21fcd322afa33e10,7, #522F16
f63d21fcd322afa33e10,21, #4E422E
f63d21fcd322afa33e10,0, #A29A80
f640f1e7bccabdb6cd5c,2, #D6D8D8
f640f1e7bccabdb6cd5c,5, #868686
f640f1e7bccabdb6cd5c,5, #AAAAAA
f640f1e7bccabdb6cd5c,10, #5D5C5C
f640f1e7bccabdb6cd5c,71, #222221
f640f1e7bccabdb6cd5c,4,#F5F7F6
f643adbd88a01aeadb72,60,#FBF9F3
f643adbd88a01aeadb72,1, #675C4A
f643adbd88a01aeadb72,6, #C4BAA5
f643adbd88a01aeadb72,0, #4B3F2D
f643adbd88a01aeadb72,1, #82745E
f643adbd88a01aeadb72,4, #A09683
f643adbd88a01aeadb72,26, #E7DDC9
f646b19fae051083ffe4,3, #716A59
f646b19fae051083ffe4,0, #B7AF99
f646b19fae051083ffe4,19, #434138
f646b19fae051083ffe4,1, #958E7A
f646b19fae051083ffe4,64,#F5F0DF
f646b19fae051083ffe4,10, #DDD5BE
f64ecb175d3000e47a35,9, #B69C63
f64ecb175d3000e47a35,30, #917143
f64ecb175d3000e47a35,15,#000000
f64ecb175d3000e47a35,2, #DBC481
f64ecb175d3000e47a35,42, #4F2E20
f64ecb175d3000e47a35,0, #F6E9A8
f65c2ea384e9102c0bc1,3, #B5A77E
f65c2ea384e9102c0bc1,0, #F4F0C9
f65c2ea384e9102c0bc1,2, #E0D2A5
f65c2ea384e9102c0bc1,38,#202018
f65c2ea384e9102c0bc1,53, #593F2A
f65c2ea384e9102c0bc1,2, #7D6E51
f65fabef1d0770e0fc47,20, #CBC2AA
f65fabef1d0770e0fc47,16, #908977
f65fabef1d0770e0fc47,21,#E6DFC8
f65fabef1d0770e0fc47,8, #FAF9F2
f65fabef1d0770e0fc47,2, #3D392F
f65fabef1d0770e0fc47,10, #B0A68F
f65fabef1d0770e0fc47,18, #68614F
f6679a96975564f1f94d,0, #9B9479
f6679a96975564f1f94d,0, #867D65
f6679a96975564f1f94d,12,#1B190E
f6679a96975564f1f94d,14, #504A3B
f6679a96975564f1f94d,1, #6E634E
f6679a96975564f1f94d,70, #302B1D
f67e4eedecee88340d10,6, #9D9789
f67e4eedecee88340d10,3, #BEB8AB
f67e4eedecee88340d10,18, #726D60
f67e4eedecee88340d10,50, #DED8CA
f67e4eedecee88340d10,1,#FAF8F4
f67e4eedecee88340d10,19, #3F3D37
f67e95a3c495ef867ee9,4, #E3D9B8
f67e95a3c495ef867ee9,9, #AF9E71
f67e95a3c495ef867ee9,32,#130D07
f67e95a3c495ef867ee9,0, #FDFCF0
f67e95a3c495ef867ee9,9, #CDBF94
f67e95a3c495ef867ee9,25, #53391F
f67e95a3c495ef867ee9,17, #725F47
f67f91aff9c69bb61109,21, #9F988B
f67f91aff9c69bb61109,6, #5E4C3C
f67f91aff9c69bb61109,16, #D4D2C7
f67f91aff9c69bb61109,29,#BBB6A6
f67f91aff9c69bb61109,10, #F2F2EF
f67f91aff9c69bb61109,1, #432E20
f67f91aff9c69bb61109,14, #847766
f68489706f0c9832221a,5, #907954
f68489706f0c9832221a,1, #B6AE89
f68489706f0c9832221a,5, #6B4F31
f68489706f0c9832221a,4, #7C6344
f68489706f0c9832221a,43,#1F1D15
f68489706f0c9832221a,32, #463623
f68489706f0c9832221a,6, #A2906B
f687760876d2db14b100,1, #212316
f687760876d2db14b100,8, #998D7D
f687760876d2db14b100,3, #474237
f687760876d2db14b100,62,#DCD2BC
f687760876d2db14b100,1, #F9F6ED
f687760876d2db14b100,9, #BCAE94
f687760876d2db14b100,13, #7A6B57
f6971a9614369b5bbbad,0,#F6F1E1
f6971a9614369b5bbbad,23, #43433B
f6971a9614369b5bbbad,18, #717064
f6971a9614369b5bbbad,23, #C0BBAA
f6971a9614369b5bbbad,27, #9C998A
f6971a9614369b5bbbad,7, #DCD7C4
f6997aa5ac06526cf3bb,2,#FCFBF7
f6997aa5ac06526cf3bb,20, #C2B8A8
f6997aa5ac06526cf3bb,23, #7E7B6E
f6997aa5ac06526cf3bb,36, #E3DCCD
f6997aa5ac06526cf3bb,1, #58564B
f6997aa5ac06526cf3bb,14, #A19C90
f69f55264783c5c3ea09,5, #B3AE9E
f69f55264783c5c3ea09,9, #545247
f69f55264783c5c3ea09,11, #9A9687
f69f55264783c5c3ea09,2, #3A3930
f69f55264783c5c3ea09,23, #716E61
f69f55264783c5c3ea09,31,#F1EDD9
f69f55264783c5c3ea09,16, #CCC7B5
f6a49e0247f171210ac1,0, #B19A6E
f6a49e0247f171210ac1,2, #8C6E48
f6a49e0247f171210ac1,30, #402F1A
f6a49e0247f171210ac1,56,#1A1409
f6a49e0247f171210ac1,0, #492109
f6a49e0247f171210ac1,6, #5B4124
f6a49e0247f171210ac1,4, #755835
f6a68016dbf3a47a618e,22, #E1DCCB
f6a68016dbf3a47a618e,8, #4C4742
f6a68016dbf3a47a618e,19, #A19B8F
f6a68016dbf3a47a618e,8, #69645C
f6a68016dbf3a47a618e,26,#C3BCAB
f6a68016dbf3a47a618e,2, #322F2C
f6a68016dbf3a47a618e,11, #827C72
f6a9ba5034e1a7634ece,6, #5E5134
f6a9ba5034e1a7634ece,31, #110D08
f6a9ba5034e1a7634ece,3, #756642
f6a9ba5034e1a7634ece,41,#292116
f6a9ba5034e1a7634ece,14, #573B1B
f6a9ba5034e1a7634ece,0, #9B8D6A
f6a9ba5034e1a7634ece,1, #8C7E5A
f6ae01e590471989f28c,34, #775544
f6ae01e590471989f28c,39, #382F30
f6ae01e590471989f28c,13, #C7A867
f6ae01e590471989f28c,9,#15171B
f6ae01e590471989f28c,0, #938C82
f6ae01e590471989f28c,2, #E8D59B
f6ae7320483b0d1d6f85,64, #F4F3EA
f6ae7320483b0d1d6f85,9, #77736C
f6ae7320483b0d1d6f85,2, #585657
f6ae7320483b0d1d6f85,10, #9F9886
f6ae7320483b0d1d6f85,7, #BEB7A1
f6ae7320483b0d1d6f85,6,#D7D1BF
f6b119d3e9cd5dfb57f9,5,#A19B77
f6b119d3e9cd5dfb57f9,4, #18180C
f6b119d3e9cd5dfb57f9,33, #55502E
f6b119d3e9cd5dfb57f9,42, #746E4D
f6b119d3e9cd5dfb57f9,9, #353217
f6b119d3e9cd5dfb57f9,4, #B9B591
f6c8086ebac1f2724a57,0, #1A2A67
f6c8086ebac1f2724a57,0, #3A497A
f6c8086ebac1f2724a57,0, #221B17
f6c8086ebac1f2724a57,47,#B1B0A8
f6c8086ebac1f2724a57,14, #74757E
f6c8086ebac1f2724a57,25, #E9E6D2
f6c8086ebac1f2724a57,13, #4C433E
f6caf631674d39e7f3e3,6, #7A674A
f6caf631674d39e7f3e3,0, #989179
f6caf631674d39e7f3e3,70, #27231E
f6caf631674d39e7f3e3,0, #A5804E
f6caf631674d39e7f3e3,22, #5A4A34
f6caf631674d39e7f3e3,0,#B3AD91
f6ccf215d94d49afa167,18, #7D6E5F
f6ccf215d94d49afa167,21, #988C7A
f6ccf215d94d49afa167,5, #432F24
f6ccf215d94d49afa167,17,#D3CDB5
f6ccf215d94d49afa167,14, #614F41
f6ccf215d94d49afa167,22, #B3AB94
f6d88953976f507c4bfe,16, #AA8950
f6d88953976f507c4bfe,20,#6B5831
f6d88953976f507c4bfe,4, #F5E2AE
f6d88953976f507c4bfe,0, #D5AF5D
f6d88953976f507c4bfe,47, #2D2616
f6d88953976f507c4bfe,10, #CEB382
f6dc10a6c8ccc2ad72f0,12, #ACA799
f6dc10a6c8ccc2ad72f0,3, #47453C
f6dc10a6c8ccc2ad72f0,0, #2E2C25
f6dc10a6c8ccc2ad72f0,16, #858175
f6dc10a6c8ccc2ad72f0,29,#F7F3E3
f6dc10a6c8ccc2ad72f0,20, #D4CFBD
f6dc10a6c8ccc2ad72f0,15, #646056
f6de41e3088fa084c61b,2, #39352D
f6de41e3088fa084c61b,4, #554F43
f6de41e3088fa084c61b,9, #7B7367
f6de41e3088fa084c61b,10, #BFB8A9
f6de41e3088fa084c61b,37,#F9F7F1
f6de41e3088fa084c61b,7, #9C9587
f6de41e3088fa084c61b,28, #E1DAC9
f6de5429703d38022a90,19, #DFDCD7
f6de5429703d38022a90,20, #7A6C51
f6de5429703d38022a90,4, #21201D
f6de5429703d38022a90,6, #4A4131
f6de5429703d38022a90,9, #AA9C82
f6de5429703d38022a90,39,#C6BAA2
f6e15dc84c6f97df21cc,10, #1B1A18
f6e15dc84c6f97df21cc,4, #3E3D3D
f6e15dc84c6f97df21cc,22, #ADACB0
f6e15dc84c6f97df21cc,26,#838385
f6e15dc84c6f97df21cc,8, #EAE9ED
f6e15dc84c6f97df21cc,11, #5B5B5B
f6e15dc84c6f97df21cc,16, #CCCBCF
f6e624ca9896572d725d,21, #67605A
f6e624ca9896572d725d,24, #91897F
f6e624ca9896572d725d,23, #B7AFA0
f6e624ca9896572d725d,18,#F4EBD7
f6e624ca9896572d725d,8, #D2C9B8
f6e624ca9896572d725d,3, #453F3C
f6e73306a1220c1ae3b8,6, #949289
f6e73306a1220c1ae3b8,4, #B5B3A9
f6e73306a1220c1ae3b8,7, #D5CAAF
f6e73306a1220c1ae3b8,66,#F1EDDC
f6e73306a1220c1ae3b8,4, #54544D
f6e73306a1220c1ae3b8,8, #706F67
f6e73306a1220c1ae3b8,2, #3F3F39
f6e7aa6f9b08a25fa65a,68,#27160C
f6e7aa6f9b08a25fa65a,2, #A49687
f6e7aa6f9b08a25fa65a,6, #5F4D37
f6e7aa6f9b08a25fa65a,2, #838178
f6e7aa6f9b08a25fa65a,10, #49321D
f6e7aa6f9b08a25fa65a,4, #BBB9B1
f6e7aa6f9b08a25fa65a,3, #886E57
f6e8a260d6fb663c804d,7, #48443D
f6e8a260d6fb663c804d,20,#F8F6E7
f6e8a260d6fb663c804d,22, #B9AF91
f6e8a260d6fb663c804d,28, #DFD9BE
f6e8a260d6fb663c804d,14, #706958
f6e8a260d6fb663c804d,7, #999077
f6ee5878c8fc98ae6506,10, #2C1B10
f6ee5878c8fc98ae6506,0,#DEDBD3
f6ee5878c8fc98ae6506,8, #88847A
f6ee5878c8fc98ae6506,13, #706452
f6ee5878c8fc98ae6506,58, #B1B0A8
f6ee5878c8fc98ae6506,8, #494238
f6f01a18bab0519b2725,45,#E1D9C0
f6f01a18bab0519b2725,12, #C8BB9F
f6f01a18bab0519b2725,7, #B6A889
f6f01a18bab0519b2725,13, #7E6D51
f6f01a18bab0519b2725,14, #97907F
f6f01a18bab0519b2725,1, #FDFCEF
f6f01a18bab0519b2725,4, #554835
f6f75e940bfc541e5a5a,45, #251B0C
f6f75e940bfc541e5a5a,15, #675938
f6f75e940bfc541e5a5a,1, #B5A77D
f6f75e940bfc541e5a5a,0,#D1C7A2
f6f75e940bfc541e5a5a,14, #513E20
f6f75e940bfc541e5a5a,23, #867F5C
f6f9786913b867d30be2,21, #E5DFD2
f6f9786913b867d30be2,63,#F9F7F2
f6f9786913b867d30be2,2, #A8A193
f6f9786913b867d30be2,4, #867F73
f6f9786913b867d30be2,3, #C7C0B3
f6f9786913b867d30be2,3, #6B6559
f6f9786913b867d30be2,1, #4F493F
f6fb13951b61799f96d4,22,#EBE3CB
f6fb13951b61799f96d4,24, #BCB7A7
f6fb13951b61799f96d4,9, #78766A
f6fb13951b61799f96d4,15, #605F54
f6fb13951b61799f96d4,12, #404039
f6fb13951b61799f96d4,15, #928F81
f70074c9e55f8967809c,33,#804531
f70074c9e55f8967809c,25, #AA9A6D
f70074c9e55f8967809c,6, #877449
f70074c9e55f8967809c,14, #D3C594
f70074c9e55f8967809c,0, #C56456
f70074c9e55f8967809c,13, #F2EAC8
f70074c9e55f8967809c,5, #291B0B
f71003c1feae57dea620,13, #696458
f71003c1feae57dea620,19, #948F81
f71003c1feae57dea620,2, #47443B
f71003c1feae57dea620,0, #B68464
f71003c1feae57dea620,31,#DFD9C7
f71003c1feae57dea620,16, #C6AF97
f71003c1feae57dea620,16, #F6F4EA
f714fbcc571f8be369c0,5,#F9F6E6
f714fbcc571f8be369c0,4, #434339
f714fbcc571f8be369c0,9, #8F8E7F
f714fbcc571f8be369c0,11, #BBB7A8
f714fbcc571f8be369c0,7, #69695C
f714fbcc571f8be369c0,63, #DFD9C9
f71bc23b6b992e2ce143,19, #48351E
f71bc23b6b992e2ce143,74,#1F180D
f71bc23b6b992e2ce143,0, #8E8158
f71bc23b6b992e2ce143,3, #604F2D
f71bc23b6b992e2ce143,0, #AC9E73
f71bc23b6b992e2ce143,0, #773D17
f71bc23b6b992e2ce143,0, #7C6A3F
f71cb15e78a38c52e861,10, #A19780
f71cb15e78a38c52e861,15, #BDB398
f71cb15e78a38c52e861,27, #817562
f71cb15e78a38c52e861,9, #3C2C20
f71cb15e78a38c52e861,27, #605140
f71cb15e78a38c52e861,9,#DED6BC
f72335916772f877e6fc,8, #59534C
f72335916772f877e6fc,6, #E2D6CA
f72335916772f877e6fc,48, #B0A798
f72335916772f877e6fc,17, #7B7368
f72335916772f877e6fc,15, #383430
f72335916772f877e6fc,3,#FBF6F4
f725ec3de899128473a0,1,#18110A
f725ec3de899128473a0,44, #A0A7A6
f725ec3de899128473a0,13, #5A5343
f725ec3de899128473a0,8, #342D21
f725ec3de899128473a0,16, #8A8365
f725ec3de899128473a0,14, #BEC2B8
f7293bec2fc77279ebfd,6, #7D725D
f7293bec2fc77279ebfd,0, #261D13
f7293bec2fc77279ebfd,18, #BAB09C
f7293bec2fc77279ebfd,3, #504334
f7293bec2fc77279ebfd,17, #F7F6EA
f7293bec2fc77279ebfd,52,#DBD4C0
f7293bec2fc77279ebfd,0, #0A0501
f72b39957515f3e92d59,44, #ADA188
f72b39957515f3e92d59,18, #D3CAAE
f72b39957515f3e92d59,2, #5F513F
f72b39957515f3e92d59,0,#EEE6CC
f72b39957515f3e92d59,19, #938873
f72b39957515f3e92d59,13, #7C705D
f72d8124db0cebacb45d,47,#F0EBDE
f72d8124db0cebacb45d,8, #7D786E
f72d8124db0cebacb45d,9, #524F46
f72d8124db0cebacb45d,21, #32302A
f72d8124db0cebacb45d,3, #A5A094
f72d8124db0cebacb45d,10, #CCC6B9
f73988b6366abffd4ca7,9, #8D8175
f73988b6366abffd4ca7,51, #D7C7B6
f73988b6366abffd4ca7,18, #ADA192
f73988b6366abffd4ca7,10, #6E645A
f73988b6366abffd4ca7,5, #453C36
f73988b6366abffd4ca7,4,#F8EFE4
f73a2625133b8fb55512,0, #60493A
f73a2625133b8fb55512,3, #76665E
f73a2625133b8fb55512,85, #E2DAC0
f73a2625133b8fb55512,0,#FDFAEE
f73a2625133b8fb55512,3, #C2B794
f73a2625133b8fb55512,5, #9F9175
f73c378d0e23d87fbff2,4, #BEB6A7
f73c378d0e23d87fbff2,0,#726D64
f73c378d0e23d87fbff2,1, #FBFAF2
f73c378d0e23d87fbff2,85, #EBE2CF
f73c378d0e23d87fbff2,1, #9F998C
f73c378d0e23d87fbff2,7, #D0C8B7
f73c6c63c2484013140c,2, #383730
f73c6c63c2484013140c,11, #F4F2E5
f73c6c63c2484013140c,18,#A39E8E
f73c6c63c2484013140c,19, #7F7B6D
f73c6c63c2484013140c,17, #535147
f73c6c63c2484013140c,30, #C9C2AE
f740b8f10575401b0e28,13,#333020
f740b8f10575401b0e28,0, #E5E2C7
f740b8f10575401b0e28,11, #BAA76E
f740b8f10575401b0e28,32, #837D52
f740b8f10575401b0e28,16, #D7CEA2
f740b8f10575401b0e28,24, #5F5C3A
f740cfd2ade5d0461fcb,56,#332313
f740cfd2ade5d0461fcb,0, #8A7865
f740cfd2ade5d0461fcb,0, #BFAE7D
f740cfd2ade5d0461fcb,12, #554228
f740cfd2ade5d0461fcb,21, #120E09
f740cfd2ade5d0461fcb,2, #A38E5C
f740cfd2ade5d0461fcb,6, #786243
f74e5ff9413244aa0df5,2, #5A5D5A
f74e5ff9413244aa0df5,13, #988872
f74e5ff9413244aa0df5,34, #DDD5BE
f74e5ff9413244aa0df5,42, #BAAF96
f74e5ff9413244aa0df5,0, #3A2C16
f74e5ff9413244aa0df5,7,#FAF9F5
f750316ab33d52a52f90,3, #6D6862
f750316ab33d52a52f90,7, #C0BAB0
f750316ab33d52a52f90,6, #9D988F
f750316ab33d52a52f90,58,#FAF7F1
f750316ab33d52a52f90,0, #3D3A37
f750316ab33d52a52f90,22, #DFD9CE
f752463217debd917995,0, #413E3B
f752463217debd917995,43, #EEEBE0
f752463217debd917995,16,#928E88
f752463217debd917995,1, #5D5A56
f752463217debd917995,33, #C2BCB3
f752463217debd917995,4, #77736F
f752f7acbdd58c96b2b3,24, #B5B69B
f752f7acbdd58c96b2b3,6, #100D0B
f752f7acbdd58c96b2b3,3, #C64E3B
f752f7acbdd58c96b2b3,13, #9E936B
f752f7acbdd58c96b2b3,20, #443323
f752f7acbdd58c96b2b3,4, #EDE4C7
f752f7acbdd58c96b2b3,26,#746241
f7590bfa60bbe21f9ccb,0, #231F1C
f7590bfa60bbe21f9ccb,54,#E1D5B9
f7590bfa60bbe21f9ccb,10, #4E402F
f7590bfa60bbe21f9ccb,12, #8D8166
f7590bfa60bbe21f9ccb,12, #C0AF85
f7590bfa60bbe21f9ccb,10, #7B6542
f75aa2bb3a8e71b17be4,45, #352F23
f75aa2bb3a8e71b17be4,29, #59442B
f75aa2bb3a8e71b17be4,1,#A6A289
f75aa2bb3a8e71b17be4,11, #181813
f75aa2bb3a8e71b17be4,6, #796644
f75aa2bb3a8e71b17be4,5, #8A846A
f762fd972aed257e1f02,30, #B5B5B7
f762fd972aed257e1f02,6, #23232A
f762fd972aed257e1f02,26, #D2D3D7
f762fd972aed257e1f02,13,#EEF1F6
f762fd972aed257e1f02,7, #585655
f762fd972aed257e1f02,16, #8A8989
f76dd03dfcb2fd3dcfc2,10, #92876E
f76dd03dfcb2fd3dcfc2,9, #AB9F81
f76dd03dfcb2fd3dcfc2,2, #4D3D30
f76dd03dfcb2fd3dcfc2,56, #C8C0A5
f76dd03dfcb2fd3dcfc2,12,#F0EBD4
f76dd03dfcb2fd3dcfc2,7, #72634E
f77876076655b246a24b,0, #8A878B
f77876076655b246a24b,22, #251F17
f77876076655b246a24b,0, #E1CD73
f77876076655b246a24b,0, #E9E2A8
f77876076655b246a24b,66,#473C2D
f77876076655b246a24b,2, #BF9D4B
f77876076655b246a24b,7, #786441
f785d069e0bac1d29018,17, #8D6F2D
f785d069e0bac1d29018,11, #B19C40
f785d069e0bac1d29018,0, #E3D78E
f785d069e0bac1d29018,3, #C7B767
f785d069e0bac1d29018,19, #6D5C19
f785d069e0bac1d29018,26,#672609
f785d069e0bac1d29018,22, #221A0C
f79220916eaaf302724e,7, #908678
f79220916eaaf302724e,4, #AFA89E
f79220916eaaf302724e,43, #CDCAC3
f79220916eaaf302724e,7,#F3F0E7
f79220916eaaf302724e,32, #3F3024
f79220916eaaf302724e,5, #6D5C48
f79be24b367b1f1c5a77,3, #C0B69F
f79be24b367b1f1c5a77,2,#686352
f79be24b367b1f1c5a77,7, #958E7B
f79be24b367b1f1c5a77,14, #FCFAE8
f79be24b367b1f1c5a77,1, #3D3B32
f79be24b367b1f1c5a77,70, #DBD4BE
f79beece889d114ffcc8,13, #0F1B18
f79beece889d114ffcc8,14, #B8AB90
f79beece889d114ffcc8,19, #414B44
f79beece889d114ffcc8,45, #E6DBB8
f79beece889d114ffcc8,4, #A07763
f79beece889d114ffcc8,2,#FCF5D7
f79bf8f03e1789c2ec55,3, #7E766F
f79bf8f03e1789c2ec55,1,#CBC1B5
f79bf8f03e1789c2ec55,4, #615853
f79bf8f03e1789c2ec55,2, #A39C94
f79bf8f03e1789c2ec55,58, #393431
f79bf8f03e1789c2ec55,28, #F2EBE1
f79d6cca47211cedef92,13, #9C8A54
f79d6cca47211cedef92,27, #67643E
f79d6cca47211cedef92,3, #D2C58D
f79d6cca47211cedef92,30, #653F23
f79d6cca47211cedef92,4,#374531
f79d6cca47211cedef92,20, #29281B
f7b242955c61bbe6aaef,3,#CDBE97
f7b242955c61bbe6aaef,4, #A5916B
f7b242955c61bbe6aaef,77, #1A130B
f7b242955c61bbe6aaef,5, #776343
f7b242955c61bbe6aaef,1, #E0D6B8
f7b242955c61bbe6aaef,8, #4E3928
f7bfd38327f3248cf397,0, #17110A
f7bfd38327f3248cf397,2, #3C3123
f7bfd38327f3248cf397,62,#F4F1E5
f7bfd38327f3248cf397,3, #5D5546
f7bfd38327f3248cf397,6, #A99F88
f7bfd38327f3248cf397,5, #877D6A
f7bfd38327f3248cf397,19, #C8BFAA
f7c95f7eb2aa7509a788,12, #AEAA9B
f7c95f7eb2aa7509a788,23,#5F5D51
f7c95f7eb2aa7509a788,8, #908C7E
f7c95f7eb2aa7509a788,3, #38372E
f7c95f7eb2aa7509a788,19, #F7F4E2
f7c95f7eb2aa7509a788,9, #7A7769
f7c95f7eb2aa7509a788,23, #D6D1C1
f7cac97ab86d7ff52586,17, #655F4A
f7cac97ab86d7ff52586,6, #E0D7AD
f7cac97ab86d7ff52586,38, #160D06
f7cac97ab86d7ff52586,21, #A0987C
f7cac97ab86d7ff52586,15, #3D3421
f7cac97ab86d7ff52586,1,#F9F6E3
f7df0feaa15f14797f40,8, #E6E0CE
f7df0feaa15f14797f40,12, #9AADA3
f7df0feaa15f14797f40,16, #849189
f7df0feaa15f14797f40,16, #3F5966
f7df0feaa15f14797f40,22, #5A7278
f7df0feaa15f14797f40,23,#C5C8B0
f7df0feaa15f14797f40,0, #FFFEF3
f7e4619e58b8206315c7,15, #7D7066
f7e4619e58b8206315c7,3, #F4F2DE
f7e4619e58b8206315c7,13, #1E1111
f7e4619e58b8206315c7,8, #D0C9AC
f7e4619e58b8206315c7,39,#4B3F35
f7e4619e58b8206315c7,7, #A98F70
f7e4619e58b8206315c7,13, #CBB471
f7e681b8d1325e01a38f,2, #866F4A
f7e681b8d1325e01a38f,23, #764D33
f7e681b8d1325e01a38f,36,#4B402D
f7e681b8d1325e01a38f,0, #90835E
f7e681b8d1325e01a38f,7, #221F17
f7e681b8d1325e01a38f,0, #A89A6B
f7e681b8d1325e01a38f,28, #322F21
f7ea95652d69827e541f,34, #110F09
f7ea95652d69827e541f,32,#454034
f7ea95652d69827e541f,15, #979282
f7ea95652d69827e541f,11, #C2BBAC
f7ea95652d69827e541f,0, #EBEAE5
f7ea95652d69827e541f,6, #716D61
f7eb3f997eeea2c4b304,2, #B2A993
f7eb3f997eeea2c4b304,41, #625237
f7eb3f997eeea2c4b304,16, #372315
f7eb3f997eeea2c4b304,0,#FDFBF5
f7eb3f997eeea2c4b304,35, #9B8E69
f7eb3f997eeea2c4b304,3, #DCD8CD
f7eb8c32b660cbe6d851,1, #4B493D
f7eb8c32b660cbe6d851,2, #B1AEA3
f7eb8c32b660cbe6d851,1, #CAC7BC
f7eb8c32b660cbe6d851,4, #726F62
f7eb8c32b660cbe6d851,87,#E7E3D5
f7eb8c32b660cbe6d851,2, #949186
f7fe5f550de22d2f471b,13, #715C4E
f7fe5f550de22d2f471b,16, #958373
f7fe5f550de22d2f471b,5, #583C30
f7fe5f550de22d2f471b,13, #F0E8DA
f7fe5f550de22d2f471b,39, #CFC6B6
f7fe5f550de22d2f471b,11,#B6A593
f80492ec6af23d2b7311,19, #B7B1A3
f80492ec6af23d2b7311,0, #70549A
f80492ec6af23d2b7311,0,#E7EBE4
f80492ec6af23d2b7311,53, #CFCEBD
f80492ec6af23d2b7311,15, #958995
f80492ec6af23d2b7311,10, #6C5A50
f806eb63e0b1fc80b88f,1, #4D301C
f806eb63e0b1fc80b88f,22, #C1B89F
f806eb63e0b1fc80b88f,8,#A79A7F
f806eb63e0b1fc80b88f,7, #82725A
f806eb63e0b1fc80b88f,4, #674E34
f806eb63e0b1fc80b88f,54, #E5DBBA
f80f5b3b74a94450111f,6, #69503B
f80f5b3b74a94450111f,10, #B29C7D
f80f5b3b74a94450111f,1,#F1E6CF
f80f5b3b74a94450111f,19, #DBCFB8
f80f5b3b74a94450111f,10, #C7B598
f80f5b3b74a94450111f,50, #8C765C
f81c3e51a0605fe5717b,10, #77756A
f81c3e51a0605fe5717b,13, #918E83
f81c3e51a0605fe5717b,29, #CECBBF
f81c3e51a0605fe5717b,20,#F2EFE5
f81c3e51a0605fe5717b,19, #4E4D44
f81c3e51a0605fe5717b,5, #B0ACA0
f82a3ef096c5f708d755,4,#F6F3E3
f82a3ef096c5f708d755,19, #CEC9B8
f82a3ef096c5f708d755,23, #A09B8E
f82a3ef096c5f708d755,19, #625D53
f82a3ef096c5f708d755,15, #7C776A
f82a3ef096c5f708d755,17, #444038
f82ef54b6768e3a4b868,64, #B9AB82
f82ef54b6768e3a4b868,10, #877B54
f82ef54b6768e3a4b868,1, #2A251B
f82ef54b6768e3a4b868,15,#E0D3AE
f82ef54b6768e3a4b868,0, #0B0A08
f82ef54b6768e3a4b868,7, #58543B
f838fbabd411b3d39f67,25, #42352D
f838fbabd411b3d39f67,8, #897F74
f838fbabd411b3d39f67,1, #C7BCA7
f838fbabd411b3d39f67,44,#E4DECB
f838fbabd411b3d39f67,2, #665950
f838fbabd411b3d39f67,10, #ACA498
f838fbabd411b3d39f67,7, #FAFAF5
f83c116a24a0371de879,0, #5C7781
f83c116a24a0371de879,50, #2C2A22
f83c116a24a0371de879,0, #415C65
f83c116a24a0371de879,3, #C9C0A6
f83c116a24a0371de879,4, #A39474
f83c116a24a0371de879,40,#6C5E43
f8534444f8382baca08a,7, #6F6B74
f8534444f8382baca08a,8, #BFB9AB
f8534444f8382baca08a,9, #51493F
f8534444f8382baca08a,19, #97908D
f8534444f8382baca08a,53,#EAE3D3
f8534444f8382baca08a,0, #FEFDF4
f8534444f8382baca08a,2, #28291B
f85fcbfc156086ac1b10,0, #E5E0C3
f85fcbfc156086ac1b10,15, #2E2B1F
f85fcbfc156086ac1b10,46, #070B0B
f85fcbfc156086ac1b10,5, #A4905E
f85fcbfc156086ac1b10,2, #CAB98B
f85fcbfc156086ac1b10,30,#6A5B31
f862560c2e701cfc3564,5, #968C6D
f862560c2e701cfc3564,0, #C8C5BC
f862560c2e701cfc3564,56,#2F271A
f862560c2e701cfc3564,30, #645438
f862560c2e701cfc3564,2, #B3A888
f862560c2e701cfc3564,4, #7B7152
f866cdc285c84af64b9d,3, #302723
f866cdc285c84af64b9d,1, #D6D2C1
f866cdc285c84af64b9d,16, #8F8979
f866cdc285c84af64b9d,28, #F3F2EB
f866cdc285c84af64b9d,38,#675F5A
f866cdc285c84af64b9d,9, #463D38
f866cdc285c84af64b9d,2, #B6B19A
f872cb7831bf4f6ed7bf,37, #44472F
f872cb7831bf4f6ed7bf,18,#0F0E05
f872cb7831bf4f6ed7bf,0, #F9FCEE
f872cb7831bf4f6ed7bf,10, #B2CDC3
f872cb7831bf4f6ed7bf,14, #6E785F
f872cb7831bf4f6ed7bf,17, #8FA091
f8796c1f98eb89f35e85,2, #A0988D
f8796c1f98eb89f35e85,31,#E7DFCE
f8796c1f98eb89f35e85,17, #7C776D
f8796c1f98eb89f35e85,0, #C2BAAD
f8796c1f98eb89f35e85,24, #3C3932
f8796c1f98eb89f35e85,23, #625C53
f8890150b56777f39fdf,7, #604E3C
f8890150b56777f39fdf,3, #7D6E5C
f8890150b56777f39fdf,5, #A29885
f8890150b56777f39fdf,3, #CEC6B0
f8890150b56777f39fdf,24, #3A2B22
f8890150b56777f39fdf,56,#EEEBDE
f88f7c45265bf55d6775,0, #9E6843
f88f7c45265bf55d6775,8, #B59E88
f88f7c45265bf55d6775,65,#EDE3D4
f88f7c45265bf55d6775,7, #A08267
f88f7c45265bf55d6775,11, #695C52
f88f7c45265bf55d6775,2, #413F3B
f88f7c45265bf55d6775,3, #D4C6B5
f8953cb3971a75720a2a,8, #948B78
f8953cb3971a75720a2a,21, #372E2A
f8953cb3971a75720a2a,30,#F0F0F2
f8953cb3971a75720a2a,3, #CAB88E
f8953cb3971a75720a2a,0, #CDCECF
f8953cb3971a75720a2a,13, #635A51
f8953cb3971a75720a2a,21, #161312
f89955128f95996aca53,0, #413F3C
f89955128f95996aca53,13, #9E9B95
f89955128f95996aca53,15, #D6D1C7
f89955128f95996aca53,4, #797571
f89955128f95996aca53,48,#F3F0E5
f89955128f95996aca53,0, #595653
f89955128f95996aca53,17, #BFBBB3
f8b69a0ad2c36fcd01c3,0, #9E997F
f8b69a0ad2c36fcd01c3,5, #6B4D25
f8b69a0ad2c36fcd01c3,78,#161009
f8b69a0ad2c36fcd01c3,2, #807457
f8b69a0ad2c36fcd01c3,0, #B4B096
f8b69a0ad2c36fcd01c3,12, #3A2B18
f8c0e7bc0029af9bce8f,5, #4E4036
f8c0e7bc0029af9bce8f,2, #372821
f8c0e7bc0029af9bce8f,14, #EAE5CE
f8c0e7bc0029af9bce8f,10, #968C78
f8c0e7bc0029af9bce8f,11, #B4AC95
f8c0e7bc0029af9bce8f,8, #695C4C
f8c0e7bc0029af9bce8f,46,#C9C4AC
f8c10a9d7245d2c6d1f9,3, #928656
f8c10a9d7245d2c6d1f9,2, #AB9F6F
f8c10a9d7245d2c6d1f9,22, #72683F
f8c10a9d7245d2c6d1f9,6, #363422
f8c10a9d7245d2c6d1f9,11, #9DA796
f8c10a9d7245d2c6d1f9,31,#D8D2A8
f8c10a9d7245d2c6d1f9,22, #4F4B32
f8c166f9c5fd2e2396d1,19, #DAD2C3
f8c166f9c5fd2e2396d1,7,#F9F6F0
f8c166f9c5fd2e2396d1,16, #B6AEA0
f8c166f9c5fd2e2396d1,14, #47453E
f8c166f9c5fd2e2396d1,28, #696459
f8c166f9c5fd2e2396d1,13, #90897D
f8c34b015ac40a0621bb,15, #9E9B88
f8c34b015ac40a0621bb,6, #817D6A
f8c34b015ac40a0621bb,6, #676453
f8c34b015ac40a0621bb,12, #F6F6ED
f8c34b015ac40a0621bb,16, #CBBF9A
f8c34b015ac40a0621bb,38,#E0DBBD
f8c34b015ac40a0621bb,3, #474539
f8cc1ba63e488e97d699,8, #A29883
f8cc1ba63e488e97d699,2, #7D7564
f8cc1ba63e488e97d699,0, #1D160D
f8cc1ba63e488e97d699,51,#F7F6ED
f8cc1ba63e488e97d699,2, #3C3124
f8cc1ba63e488e97d699,3, #5C5344
f8cc1ba63e488e97d699,31, #C8C0AD
f8d12937e1f03e59efc7,14, #828183
f8d12937e1f03e59efc7,9,#EFECEC
f8d12937e1f03e59efc7,23, #343333
f8d12937e1f03e59efc7,10, #585758
f8d12937e1f03e59efc7,31, #171617
f8d12937e1f03e59efc7,9, #BCBBBE
f8d29ea557ea8012dd25,24, #9F9990
f8d29ea557ea8012dd25,41,#CCC3B7
f8d29ea557ea8012dd25,6, #3F3A37
f8d29ea557ea8012dd25,13, #867F76
f8d29ea557ea8012dd25,3, #EAE7E2
f8d29ea557ea8012dd25,0, #FEFEFC
f8d29ea557ea8012dd25,9, #665F57
f8d51172d91561b9a249,15, #A7A08E
f8d51172d91561b9a249,1,#FBFAF5
f8d51172d91561b9a249,14, #7C7769
f8d51172d91561b9a249,37, #EAE0CC
f8d51172d91561b9a249,28, #C8BFA9
f8d51172d91561b9a249,3, #444238
f8e9202ca061de7cbdcd,0, #F4EFC7
f8e9202ca061de7cbdcd,3, #E5DBAB
f8e9202ca061de7cbdcd,12, #79745D
f8e9202ca061de7cbdcd,16, #2E2D28
f8e9202ca061de7cbdcd,3, #A09675
f8e9202ca061de7cbdcd,56,#4D4D41
f8e9202ca061de7cbdcd,5, #C6B78B
f8ed6ca699a7103bb5ad,5, #938C7E
f8ed6ca699a7103bb5ad,65, #E4DDCA
f8ed6ca699a7103bb5ad,6, #696258
f8ed6ca699a7103bb5ad,0, #36322B
f8ed6ca699a7103bb5ad,12, #BAB3A3
f8ed6ca699a7103bb5ad,8,#FCF9E8
f8f3d480e0d482a83636,1, #753715
f8f3d480e0d482a83636,1, #5B4422
f8f3d480e0d482a83636,1, #84521C
f8f3d480e0d482a83636,0, #8D845C
f8f3d480e0d482a83636,8, #402811
f8f3d480e0d482a83636,86,#130F07
f8f3d480e0d482a83636,0, #77673F
f915b9577cc0c586fc0a,5, #B7B1A6
f915b9577cc0c586fc0a,10, #D1CCC0
f915b9577cc0c586fc0a,22, #E8E2D1
f915b9577cc0c586fc0a,0,#7D7971
f915b9577cc0c586fc0a,60, #F8F3E4
f915b9577cc0c586fc0a,0, #9A958B
f91c96e3f72225731a19,11, #A49C8D
f91c96e3f72225731a19,5, #523C2C
f91c96e3f72225731a19,7, #817160
f91c96e3f72225731a19,61,#C9C6B7
f91c96e3f72225731a19,4, #695544
f91c96e3f72225731a19,8, #EDEDE8
f91c96e3f72225731a19,1, #3D271A
f91f00307d5dda21d421,16, #615E51
f91f00307d5dda21d421,65, #2F2C25
f91f00307d5dda21d421,4, #928D7C
f91f00307d5dda21d421,5, #FBF9F4
f91f00307d5dda21d421,4,#E6E0CC
f91f00307d5dda21d421,4, #C3B99D
f9270bf0757a006cedfd,13, #79725E
f9270bf0757a006cedfd,30,#F4F0E6
f9270bf0757a006cedfd,7, #4A4338
f9270bf0757a006cedfd,15, #958E7E
f9270bf0757a006cedfd,15, #B2A892
f9270bf0757a006cedfd,18, #D3C9B5
f92d10b5d96c6f6bd2ed,9, #524329
f92d10b5d96c6f6bd2ed,2, #BC8855
f92d10b5d96c6f6bd2ed,68,#1E1F13
f92d10b5d96c6f6bd2ed,12, #927331
f92d10b5d96c6f6bd2ed,1, #65664F
f92d10b5d96c6f6bd2ed,5, #B1A98E
f92d10b5d96c6f6bd2ed,1, #828572
f93164ca4e0812c6c612,3, #F6F1D4
f93164ca4e0812c6c612,25,#DFD8A6
f93164ca4e0812c6c612,24, #5C5130
f93164ca4e0812c6c612,8, #C5BC85
f93164ca4e0812c6c612,9, #99956A
f93164ca4e0812c6c612,19, #302B1C
f93164ca4e0812c6c612,8, #7F794D
f9320505b78d4e269597,12, #847256
f9320505b78d4e269597,26,#45372B
f9320505b78d4e269597,4, #E0DFD8
f9320505b78d4e269597,11, #1A191A
f9320505b78d4e269597,21, #C0BCAE
f9320505b78d4e269597,11, #ABA28C
f9320505b78d4e269597,12, #6D5643
f93559fbf5410437e9ca,2, #ABA597
f93559fbf5410437e9ca,6,#D0C9B8
f93559fbf5410437e9ca,0, #575146
f93559fbf5410437e9ca,90, #EFEADE
f93559fbf5410437e9ca,0, #6E675B
f93559fbf5410437e9ca,0, #8B8577
f938d4d355a1d147d90a,30, #3E332A
f938d4d355a1d147d90a,5,#D4CDB7
f938d4d355a1d147d90a,28, #6E6458
f938d4d355a1d147d90a,10, #968F82
f938d4d355a1d147d90a,4, #B6AE9C
f938d4d355a1d147d90a,21, #EFEEE4
f93938751145d8e6ad43,28, #837E5A
f93938751145d8e6ad43,20, #3C3B30
f93938751145d8e6ad43,15, #5C5A40
f93938751145d8e6ad43,13, #A9A07A
f93938751145d8e6ad43,1, #C4B997
f93938751145d8e6ad43,19,#E5D9C1
f93d253baac43b889963,33, #675536
f93d253baac43b889963,5, #857653
f93d253baac43b889963,14, #C5B898
f93d253baac43b889963,5, #95886A
f93d253baac43b889963,35,#A7A28C
f93d253baac43b889963,6, #382E22
f9443e4ef7b966dc4c6c,5, #9F9A89
f9443e4ef7b966dc4c6c,75, #DBD4C2
f9443e4ef7b966dc4c6c,1, #434036
f9443e4ef7b966dc4c6c,4,#FBF8F1
f9443e4ef7b966dc4c6c,4, #BDB7A3
f9443e4ef7b966dc4c6c,8, #716C5C
f945335607df1361d560,2,#FAF9F1
f945335607df1361d560,23, #AAA697
f945335607df1361d560,3, #434038
f945335607df1361d560,16, #676459
f945335607df1361d560,16, #8A877A
f945335607df1361d560,38, #D5D0BD
f950dce2ee5d4538084e,20, #EDE7D6
f950dce2ee5d4538084e,26,#45443C
f950dce2ee5d4538084e,20, #CAC4B4
f950dce2ee5d4538084e,8, #8B867A
f950dce2ee5d4538084e,18, #666256
f950dce2ee5d4538084e,0, #FDFAEE
f950dce2ee5d4538084e,4, #A7A498
f955102738b16b41a5f0,3, #595746
f955102738b16b41a5f0,5, #747160
f955102738b16b41a5f0,70,#F9F5E0
f955102738b16b41a5f0,2, #A7A291
f955102738b16b41a5f0,3, #BDB8A5
f955102738b16b41a5f0,8, #D9D4C0
f955102738b16b41a5f0,6, #8E8A79
f956ed3bceb9c74af1cf,7, #A99D89
f956ed3bceb9c74af1cf,2, #CABB9F
f956ed3bceb9c74af1cf,2, #524C42
f956ed3bceb9c74af1cf,78, #E5D6C0
f956ed3bceb9c74af1cf,5, #817767
f956ed3bceb9c74af1cf,3,#F9F4EA
f96b0a7a0ac190558ce3,39, #38352A
f96b0a7a0ac190558ce3,0, #B29D6F
f96b0a7a0ac190558ce3,44,#13120F
f96b0a7a0ac190558ce3,8, #6B4C2E
f96b0a7a0ac190558ce3,0, #656550
f96b0a7a0ac190558ce3,3, #8C7541
f96b0a7a0ac190558ce3,3, #928868
f96d964c5197ab77d5f5,3, #716657
f96d964c5197ab77d5f5,5, #261C0B
f96d964c5197ab77d5f5,5, #383117
f96d964c5197ab77d5f5,74,#574D3B
f96d964c5197ab77d5f5,7, #070401
f96d964c5197ab77d5f5,2, #847A68
f96d964c5197ab77d5f5,0, #3E3935
f97b9de52760bab66be2,5, #A3775F
f97b9de52760bab66be2,6, #DECEBE
f97b9de52760bab66be2,3, #C8AF9A
f97b9de52760bab66be2,0, #8C5842
f97b9de52760bab66be2,79,#F5EFE8
f97b9de52760bab66be2,3, #A59384
f97fd2edb1b668d65fde,4, #AA9E87
f97fd2edb1b668d65fde,6, #BCB29B
f97fd2edb1b668d65fde,20, #90836B
f97fd2edb1b668d65fde,0, #EFEADA
f97fd2edb1b668d65fde,29, #6D5F50
f97fd2edb1b668d65fde,31,#D7CFBA
f97fd2edb1b668d65fde,7, #544132
f983852df5602cd80501,7, #3B3932
f983852df5602cd80501,10, #5B584B
f983852df5602cd80501,17, #C2BDA7
f983852df5602cd80501,13,#817D6B
f983852df5602cd80501,13, #A29D89
f983852df5602cd80501,36, #EDE8D1
f986b0f417597eb3061d,63,#3B3227
f986b0f417597eb3061d,0, #856744
f986b0f417597eb3061d,28, #191916
f986b0f417597eb3061d,0, #B3976F
f986b0f417597eb3061d,4, #5E503E
f986b0f417597eb3061d,0, #CBC0A3
f986b0f417597eb3061d,1, #987D59
f987243c58df50c0c859,24, #211B18
f987243c58df50c0c859,6, #F0EED0
f987243c58df50c0c859,1,#ABACA4
f987243c58df50c0c859,44, #5F553C
f987243c58df50c0c859,3, #CDBB74
f987243c58df50c0c859,19, #9B9064
f98852b15b8b5d211742,8, #786E6A
f98852b15b8b5d211742,44, #524543
f98852b15b8b5d211742,14, #C9C4BC
f98852b15b8b5d211742,1,#F5F3F0
f98852b15b8b5d211742,18, #2A1919
f98852b15b8b5d211742,13, #978F8A
f98ec31f0b018385fa69,2, #625943
f98ec31f0b018385fa69,15, #7C7256
f98ec31f0b018385fa69,13, #342A19
f98ec31f0b018385fa69,42,#9A8E73
f98ec31f0b018385fa69,12, #B4AB95
f98ec31f0b018385fa69,11, #4A412B
f98ec31f0b018385fa69,2, #1B170F
f996896683f5e7d62eab,5, #B8AD95
f996896683f5e7d62eab,42,#CBC4AE
f996896683f5e7d62eab,8, #9C937F
f996896683f5e7d62eab,14, #EBE6D7
f996896683f5e7d62eab,0, #382E1D
f996896683f5e7d62eab,14, #544E41
f996896683f5e7d62eab,13, #747266
f9969c47175b22d1127f,8, #7E7780
f9969c47175b22d1127f,37,#F1ECD7
f9969c47175b22d1127f,1, #CDC9BE
f9969c47175b22d1127f,20, #544C55
f9969c47175b22d1127f,20, #A29C9F
f9969c47175b22d1127f,12, #282021
f996d2c606a42aaf22c3,9, #3B3A26
f996d2c606a42aaf22c3,4, #1F1D12
f996d2c606a42aaf22c3,44, #626353
f996d2c606a42aaf22c3,5,#010100
f996d2c606a42aaf22c3,13, #4A4C37
f996d2c606a42aaf22c3,22, #848574
f99b13e8fc2b90060bb6,7, #848064
f99b13e8fc2b90060bb6,18, #C4C5B6
f99b13e8fc2b90060bb6,8, #E6E4D8
f99b13e8fc2b90060bb6,6, #0D0E05
f99b13e8fc2b90060bb6,25, #58553A
f99b13e8fc2b90060bb6,6, #A6A58E
f99b13e8fc2b90060bb6,26,#2E2D19
f9a4aa122f6c9737b1ce,16, #5D594A
f9a4aa122f6c9737b1ce,26, #928C79
f9a4aa122f6c9737b1ce,3, #38352B
f9a4aa122f6c9737b1ce,22, #C5BEA7
f9a4aa122f6c9737b1ce,14,#F9F5E3
f9a4aa122f6c9737b1ce,16, #E3DBC3
f9b0ba81c832fd614a46,3, #504639
f9b0ba81c832fd614a46,14, #A59881
f9b0ba81c832fd614a46,5, #766B59
f9b0ba81c832fd614a46,1, #302619
f9b0ba81c832fd614a46,29, #F7F5E9
f9b0ba81c832fd614a46,37,#DFD6C1
f9b0ba81c832fd614a46,7, #C7BFAA
f9b31beed7e39d99cace,5, #847561
f9b31beed7e39d99cace,0, #594D40
f9b31beed7e39d99cace,0,#FFFFFD
f9b31beed7e39d99cace,9, #F0ECDD
f9b31beed7e39d99cace,70, #D1C3A5
f9b31beed7e39d99cace,13, #A39986
f9c8f16eb98b857b1025,5, #3E3729
f9c8f16eb98b857b1025,12, #6E6856
f9c8f16eb98b857b1025,25, #B4B69D
f9c8f16eb98b857b1025,0, #E3E4D4
f9c8f16eb98b857b1025,7, #654A33
f9c8f16eb98b857b1025,14, #CBCEBB
f9c8f16eb98b857b1025,34,#93907C
f9d18ac0bfd2c7f85580,0, #A09371
f9d18ac0bfd2c7f85580,1, #9E8636
f9d18ac0bfd2c7f85580,77, #221C14
f9d18ac0bfd2c7f85580,0, #CABB92
f9d18ac0bfd2c7f85580,0,#6B6762
f9d18ac0bfd2c7f85580,20, #634326
f9d1f563d031f969d115,14, #706C60
f9d1f563d031f969d115,10, #A49F93
f9d1f563d031f969d115,23,#565349
f9d1f563d031f969d115,1, #38352E
f9d1f563d031f969d115,11, #C4BEB1
f9d1f563d031f969d115,15, #898478
f9d1f563d031f969d115,22, #EAE4D6
f9d7aadbc449523c296d,1, #514D47
f9d7aadbc449523c296d,8, #7C7266
f9d7aadbc449523c296d,5,#FBF7EC
f9d7aadbc449523c296d,5, #B5A38E
f9d7aadbc449523c296d,73, #E5DBCE
f9d7aadbc449523c296d,5, #D8C6AF
f9d8512a333438eadcfc,12, #7D7248
f9d8512a333438eadcfc,5, #CEC29B
f9d8512a333438eadcfc,8, #A8835F
f9d8512a333438eadcfc,54,#654B2F
f9d8512a333438eadcfc,1, #2D251A
f9d8512a333438eadcfc,5, #E5DFBF
f9d8512a333438eadcfc,11, #B5AA83
f9d9e9e370a8343c93a1,6,#F9F5E2
f9d9e9e370a8343c93a1,15, #49524B
f9d9e9e370a8343c93a1,35, #818476
f9d9e9e370a8343c93a1,9, #E0D7C1
f9d9e9e370a8343c93a1,1, #283431
f9d9e9e370a8343c93a1,30, #B8B4A2
f9e72023e37e2dbc21f3,41, #525D58
f9e72023e37e2dbc21f3,1, #C7C4B7
f9e72023e37e2dbc21f3,10,#F2EFDE
f9e72023e37e2dbc21f3,25, #223131
f9e72023e37e2dbc21f3,6, #A2A49A
f9e72023e37e2dbc21f3,12, #7F857E
f9ed167500a6bef3938f,0, #DACFA5
f9ed167500a6bef3938f,49,#4B4029
f9ed167500a6bef3938f,1, #BEB186
f9ed167500a6bef3938f,24, #8E5831
f9ed167500a6bef3938f,3, #A59566
f9ed167500a6bef3938f,19, #1E170E
f9f7dae1435992713ad5,16, #4B3B31
f9f7dae1435992713ad5,6, #8A7151
f9f7dae1435992713ad5,30,#221F25
f9f7dae1435992713ad5,7, #AD9675
f9f7dae1435992713ad5,29, #080A0F
f9f7dae1435992713ad5,9, #6C563D
f9f7dae1435992713ad5,1, #D7CAAC
f9fa69b0150bd9f98932,7, #A89879
f9fa69b0150bd9f98932,13, #B9AF96
f9fa69b0150bd9f98932,50,#EFEBD7
f9fa69b0150bd9f98932,10, #887E6A
f9fa69b0150bd9f98932,15, #D6D0BA
f9fa69b0150bd9f98932,2, #7F684C
fa054570720f23a3a79a,24,#B6B6AB
fa054570720f23a3a79a,14, #6B664D
fa054570720f23a3a79a,17, #A29D83
fa054570720f23a3a79a,4, #837E62
fa054570720f23a3a79a,7, #2B2618
fa054570720f23a3a79a,8, #100E08
fa054570720f23a3a79a,21, #4D4832
fa0ca6004f381f956104,17, #BDAB7E
fa0ca6004f381f956104,4, #5C5E63
fa0ca6004f381f956104,36,#8D6329
fa0ca6004f381f956104,4, #E7D8A3
fa0ca6004f381f956104,0, #F6EFCC
fa0ca6004f381f956104,25, #97835E
fa0ca6004f381f956104,11, #393433
fa1915fcd6ff7818dac4,14, #A7A08D
fa1915fcd6ff7818dac4,22, #807A6A
fa1915fcd6ff7818dac4,6,#F0E6CB
fa1915fcd6ff7818dac4,15, #59564A
fa1915fcd6ff7818dac4,29, #C9C2AA
fa1915fcd6ff7818dac4,11, #3F3D35
fa198c49bed63fefcc4c,34, #B4BAB3
fa198c49bed63fefcc4c,0,#C8D2D3
fa198c49bed63fefcc4c,13, #2B2018
fa198c49bed63fefcc4c,28, #979A90
fa198c49bed63fefcc4c,5, #4E3F31
fa198c49bed63fefcc4c,17, #6A665D
fa1ad6cc7684b3096d1e,29, #F9F9EF
fa1ad6cc7684b3096d1e,3, #5C5A4D
fa1ad6cc7684b3096d1e,16, #BEBBAA
fa1ad6cc7684b3096d1e,3, #7C796B
fa1ad6cc7684b3096d1e,8, #9C998A
fa1ad6cc7684b3096d1e,2, #37352C
fa1ad6cc7684b3096d1e,35,#E1DECB
fa1f0ede18489ca8bcec,8, #0A0703
fa1f0ede18489ca8bcec,8, #7F795E
fa1f0ede18489ca8bcec,50,#9F987F
fa1f0ede18489ca8bcec,15, #524C38
fa1f0ede18489ca8bcec,6, #3C3322
fa1f0ede18489ca8bcec,6, #6B5E47
fa1f0ede18489ca8bcec,4, #261D11
fa206bf8c5873c6cefa4,21, #9F9891
fa206bf8c5873c6cefa4,2, #F6F7F6
fa206bf8c5873c6cefa4,9, #7B716B
fa206bf8c5873c6cefa4,3, #5C524B
fa206bf8c5873c6cefa4,1, #43382F
fa206bf8c5873c6cefa4,55,#C2BDAF
fa206bf8c5873c6cefa4,5, #DBDAD2
fa21557821de57fbd72d,5, #979089
fa21557821de57fbd72d,40,#B5B0A4
fa21557821de57fbd72d,4, #F4F5F1
fa21557821de57fbd72d,7, #877C70
fa21557821de57fbd72d,19, #4C3930
fa21557821de57fbd72d,14, #D7D6CD
fa21557821de57fbd72d,8, #6C5D52
fa2f03d72d4063ab27d0,75,#F9EED0
fa2f03d72d4063ab27d0,3, #B1A993
fa2f03d72d4063ab27d0,10, #D6C7AD
fa2f03d72d4063ab27d0,2, #434236
fa2f03d72d4063ab27d0,4, #8C8673
fa2f03d72d4063ab27d0,2, #646152
fa397ef72a5c0234d541,34,#F4F4F4
fa397ef72a5c0234d541,1, #565656
fa397ef72a5c0234d541,16, #141414
fa397ef72a5c0234d541,18, #363636
fa397ef72a5c0234d541,4, #A0A0A0
fa397ef72a5c0234d541,5, #7A7A7A
fa397ef72a5c0234d541,18, #CCCCCC
fa44c52a59f3526302f9,58,#F2EFE1
fa44c52a59f3526302f9,3, #827D6B
fa44c52a59f3526302f9,6, #9F9A88
fa44c52a59f3526302f9,8, #BCB7A5
fa44c52a59f3526302f9,18, #D6D1BF
fa44c52a59f3526302f9,4, #5A5649
fa4884d0781ecf8ead76,11,#B5B1A7
fa4884d0781ecf8ead76,42, #484134
fa4884d0781ecf8ead76,8, #D0CBBC
fa4884d0781ecf8ead76,10, #9B9891
fa4884d0781ecf8ead76,21, #69645B
fa4884d0781ecf8ead76,5, #857F71
fa4bc82cb08ee13bfbe6,1, #B99F40
fa4bc82cb08ee13bfbe6,36, #141212
fa4bc82cb08ee13bfbe6,6,#F0EFE8
fa4bc82cb08ee13bfbe6,8, #443832
fa4bc82cb08ee13bfbe6,28, #BEB9BD
fa4bc82cb08ee13bfbe6,18, #736A56
fa50903d07cef34202ea,33,#E5DEC8
fa50903d07cef34202ea,10, #433E31
fa50903d07cef34202ea,5, #5F5A4A
fa50903d07cef34202ea,11, #7B7664
fa50903d07cef34202ea,16, #A39D8C
fa50903d07cef34202ea,4, #CAC3AD
fa50903d07cef34202ea,17, #F7F6EE
fa520b83891b5bf018ac,11, #6C675A
fa520b83891b5bf018ac,13, #A39D91
fa520b83891b5bf018ac,11, #C8C3B5
fa520b83891b5bf018ac,11, #444138
fa520b83891b5bf018ac,7, #888376
fa520b83891b5bf018ac,44,#F0EDE2
fa56f44515c8b520e4da,11, #11110F
fa56f44515c8b520e4da,7, #68635D
fa56f44515c8b520e4da,3, #594D39
fa56f44515c8b520e4da,8, #2E2D2C
fa56f44515c8b520e4da,8, #EDEAE3
fa56f44515c8b520e4da,6, #8F8775
fa56f44515c8b520e4da,54,#BDB6A4
fa574db6ba2b47596efc,12, #E4E2D4
fa574db6ba2b47596efc,1,#F6F3E6
fa574db6ba2b47596efc,27, #D2CEBA
fa574db6ba2b47596efc,7, #766A63
fa574db6ba2b47596efc,30, #B2AA9B
fa574db6ba2b47596efc,20, #918981
fa667f66d19015f532bb,47,#262523
fa667f66d19015f532bb,10, #464545
fa667f66d19015f532bb,16, #6D6C6D
fa667f66d19015f532bb,7, #AFAEB1
fa667f66d19015f532bb,14, #909092
fa667f66d19015f532bb,3, #DDDCDF
fa6c5fee5fe2d7cf0fc9,2, #927A58
fa6c5fee5fe2d7cf0fc9,34, #211A13
fa6c5fee5fe2d7cf0fc9,11, #665036
fa6c5fee5fe2d7cf0fc9,2, #806A4A
fa6c5fee5fe2d7cf0fc9,48,#413224
fa6c5fee5fe2d7cf0fc9,0, #B5A180
fa6c5fee5fe2d7cf0fc9,0, #A58D6B
fa6c66ba0ddb39fb821c,31, #6B685D
fa6c66ba0ddb39fb821c,20, #C9C6B9
fa6c66ba0ddb39fb821c,4, #3B392F
fa6c66ba0ddb39fb821c,21,#908D82
fa6c66ba0ddb39fb821c,8, #F4F2E5
fa6c66ba0ddb39fb821c,13, #AAA79B
fa721b617d8db9339fe6,6, #E4E9B6
fa721b617d8db9339fe6,16, #8A7031
fa721b617d8db9339fe6,11, #40411C
fa721b617d8db9339fe6,23, #CCC978
fa721b617d8db9339fe6,32,#A5A054
fa721b617d8db9339fe6,0, #FCFCFA
fa721b617d8db9339fe6,7, #5B592C
fa72e8798c8db7e2fc47,66,#1F160B
fa72e8798c8db7e2fc47,3, #664A1F
fa72e8798c8db7e2fc47,0, #B7A471
fa72e8798c8db7e2fc47,0, #A58E55
fa72e8798c8db7e2fc47,1, #91763E
fa72e8798c8db7e2fc47,1, #7E5C27
fa72e8798c8db7e2fc47,27, #492F17
fa755036cece2ba57f2f,10, #6A613E
fa755036cece2ba57f2f,10, #837D5B
fa755036cece2ba57f2f,22, #221B07
fa755036cece2ba57f2f,0, #C8C3AB
fa755036cece2ba57f2f,29,#99957A
fa755036cece2ba57f2f,9, #B7B295
fa755036cece2ba57f2f,16, #483E1C
fa780a2f61d5441cc0ea,19, #ADA493
fa780a2f61d5441cc0ea,7, #8E877C
fa780a2f61d5441cc0ea,59, #DFD5C0
fa780a2f61d5441cc0ea,5,#FBFAF4
fa780a2f61d5441cc0ea,7, #686058
fa780a2f61d5441cc0ea,1, #48413C
fa78805ff51b36fc81e0,23, #CAC4AD
fa78805ff51b36fc81e0,3, #A19681
fa78805ff51b36fc81e0,27, #E3E0CB
fa78805ff51b36fc81e0,3,#B2AC98
fa78805ff51b36fc81e0,9, #817360
fa78805ff51b36fc81e0,33, #654E3B
fa8317b3073b936bcf96,1, #F4E79F
fa8317b3073b936bcf96,13, #A17B39
fa8317b3073b936bcf96,5, #D3B86A
fa8317b3073b936bcf96,48,#44361D
fa8317b3073b936bcf96,5, #775C27
fa8317b3073b936bcf96,4, #C29E51
fa8317b3073b936bcf96,19, #14130F
fa97f23302e0dd963167,2, #4C4734
fa97f23302e0dd963167,51,#191910
fa97f23302e0dd963167,1, #676043
fa97f23302e0dd963167,41, #413323
fa97f23302e0dd963167,0, #AEA47F
fa97f23302e0dd963167,0, #9B916D
fa97f23302e0dd963167,1, #7F7758
fa9ab142a52e18c32f1b,5, #7C8879
fa9ab142a52e18c32f1b,27, #816A58
fa9ab142a52e18c32f1b,4,#C3B79D
fa9ab142a52e18c32f1b,7, #5B4E49
fa9ab142a52e18c32f1b,11, #626E79
fa9ab142a52e18c32f1b,44, #A69E7E
faa0d7d489b57cc406b2,1, #A49681
faa0d7d489b57cc406b2,2, #904D28
faa0d7d489b57cc406b2,3, #977160
faa0d7d489b57cc406b2,0, #BBB2A1
faa0d7d489b57cc406b2,13, #4A3F37
faa0d7d489b57cc406b2,78,#1F1610
faa0f226740ee4dbfd16,8, #918874
faa0f226740ee4dbfd16,9, #635D4F
faa0f226740ee4dbfd16,35, #D6C8AE
faa0f226740ee4dbfd16,14, #413F37
faa0f226740ee4dbfd16,27, #B5A891
faa0f226740ee4dbfd16,4,#797261
faa1abc796e1ac701283,1, #1F160D
faa1abc796e1ac701283,55,#C1BEAD
faa1abc796e1ac701283,0, #FAFAF8
faa1abc796e1ac701283,10, #8E887D
faa1abc796e1ac701283,3, #5F584D
faa1abc796e1ac701283,1, #40372C
faa1abc796e1ac701283,25, #E0E0D9
faa39292077a78327288,0, #FDFAF8
faa39292077a78327288,4, #4B473E
faa39292077a78327288,9, #6F6A63
faa39292077a78327288,11, #DCD9D0
faa39292077a78327288,56,#B3AEA0
faa39292077a78327288,8, #918C84
faa39292077a78327288,8, #282219
faa92e4a3d157baf2ebc,16, #E0D8C3
faa92e4a3d157baf2ebc,49, #C5BBA1
faa92e4a3d157baf2ebc,0,#675943
faa92e4a3d157baf2ebc,13, #9B8971
faa92e4a3d157baf2ebc,10, #B5A68C
faa92e4a3d157baf2ebc,9, #7B6D59
faaf92a7624c471f7f9d,10, #B6AD93
faaf92a7624c471f7f9d,9, #9B927D
faaf92a7624c471f7f9d,0, #F1DEB6
faaf92a7624c471f7f9d,51,#D8CBAA
faaf92a7624c471f7f9d,3, #35281E
faaf92a7624c471f7f9d,17, #766B5A
faaf92a7624c471f7f9d,7, #574B3D
face6cda8bc76513d20b,30,#C4BFB0
face6cda8bc76513d20b,16, #EEEADC
face6cda8bc76513d20b,15, #6D6A5F
face6cda8bc76513d20b,1, #2F2D26
face6cda8bc76513d20b,12, #4A473E
face6cda8bc76513d20b,12, #A39F94
face6cda8bc76513d20b,10, #888479
fad2db15a403909df026,0, #B09951
fad2db15a403909df026,5, #D3CEB0
fad2db15a403909df026,21, #7A8070
fad2db15a403909df026,6, #9DA492
fad2db15a403909df026,42, #6B5F37
fad2db15a403909df026,23,#231B0A
fad51b7225c1c9e31fa8,30,#73604A
fad51b7225c1c9e31fa8,0, #939392
fad51b7225c1c9e31fa8,8, #958367
fad51b7225c1c9e31fa8,7, #F4F4F2
fad51b7225c1c9e31fa8,19, #503D2F
fad51b7225c1c9e31fa8,18, #B9A989
fad51b7225c1c9e31fa8,14, #DBD3BB
fad6cab4f2f9ba3748ef,38, #C5BEAF
fad6cab4f2f9ba3748ef,2, #38372F
fad6cab4f2f9ba3748ef,2,#EEE7D6
fad6cab4f2f9ba3748ef,22, #959183
fad6cab4f2f9ba3748ef,16, #716F63
fad6cab4f2f9ba3748ef,16, #514F45
fad7b689f034861aecd3,23,#3B3721
fad7b689f034861aecd3,11, #8A7F4D
fad7b689f034861aecd3,8, #6C653E
fad7b689f034861aecd3,5, #222115
fad7b689f034861aecd3,16, #534E31
fad7b689f034861aecd3,20, #AB9B5A
fad7b689f034861aecd3,14, #C7BD7C
fad91479d9ac99c82eec,9, #7995D8
fad91479d9ac99c82eec,5, #949594
fad91479d9ac99c82eec,14, #D5D9D9
fad91479d9ac99c82eec,34,#B4BBCA
fad91479d9ac99c82eec,9, #726D51
fad91479d9ac99c82eec,15, #1C1B17
fad91479d9ac99c82eec,10, #484B4E
fade31b51e9815f9ccd2,14, #D8D1C6
fade31b51e9815f9ccd2,21, #F4EFE3
fade31b51e9815f9ccd2,4, #2C2A25
fade31b51e9815f9ccd2,26,#7C7870
fade31b51e9815f9ccd2,24, #524E49
fade31b51e9815f9ccd2,3, #BCB6AD
fade31b51e9815f9ccd2,5, #A19C93
fae25960e7389b468699,21,#554C35
fae25960e7389b468699,33, #2B261A
fae25960e7389b468699,1, #DED6AC
fae25960e7389b468699,5, #BCB089
fae25960e7389b468699,7, #998B6C
fae25960e7389b468699,29, #726955
fae3aca49f155f13ff96,6,#EFECE1
fae3aca49f155f13ff96,1, #060604
fae3aca49f155f13ff96,56, #72695E
fae3aca49f155f13ff96,12, #9F9C97
fae3aca49f155f13ff96,10, #C4C3B8
fae3aca49f155f13ff96,12, #332B26
fae7574e0dd222336bc9,15, #52433A
fae7574e0dd222336bc9,13, #958569
fae7574e0dd222336bc9,6, #B0A48B
fae7574e0dd222336bc9,44, #CAC1A6
fae7574e0dd222336bc9,9, #32251F
fae7574e0dd222336bc9,10,#77664D
faedc0e887d486140b48,2, #F9ECA8
faedc0e887d486140b48,9, #735436
faedc0e887d486140b48,2, #C5A86C
faedc0e887d486140b48,2, #A78A55
faedc0e887d486140b48,21, #352C27
faedc0e887d486140b48,57,#141313
faedc0e887d486140b48,5, #E2C682
faeeb7728c58b79bd48f,0, #D8D5C6
faeeb7728c58b79bd48f,9, #7E6A50
faeeb7728c58b79bd48f,51,#61523B
faeeb7728c58b79bd48f,0, #B0AA9A
faeeb7728c58b79bd48f,3, #F5F4E5
faeeb7728c58b79bd48f,33, #393025
faeeb7728c58b79bd48f,0, #8B8576
fafdbfc19c8c7b01fd63,0, #425763
fafdbfc19c8c7b01fd63,45,#120F09
fafdbfc19c8c7b01fd63,43, #4E402C
fafdbfc19c8c7b01fd63,1, #ABA892
fafdbfc19c8c7b01fd63,2, #9F8E6A
fafdbfc19c8c7b01fd63,5, #856E47
fafdbfc19c8c7b01fd63,0, #C7C5B1
fb0517fbb4c01e0287fd,7, #D5CDB8
fb0517fbb4c01e0287fd,73,#1C1A13
fb0517fbb4c01e0287fd,13, #51483B
fb0517fbb4c01e0287fd,1, #8F8069
fb0517fbb4c01e0287fd,1, #ACA085
fb0517fbb4c01e0287fd,0, #6E624F
fb0964ca1cc5acce7128,0, #929783
fb0964ca1cc5acce7128,59, #181910
fb0964ca1cc5acce7128,30, #2F362D
fb0964ca1cc5acce7128,2, #4D5B54
fb0964ca1cc5acce7128,5,#030402
fb0964ca1cc5acce7128,1, #6C7563
fb09f50619f8e5954da9,0, #4E463C
fb09f50619f8e5954da9,8, #A8A091
fb09f50619f8e5954da9,1,#665E52
fb09f50619f8e5954da9,4, #867E71
fb09f50619f8e5954da9,62, #F3EBD6
fb09f50619f8e5954da9,23, #CAC3B1
fb1046abc926576f87c5,32, #1E180B
fb1046abc926576f87c5,1, #6D3718
fb1046abc926576f87c5,49,#473015
fb1046abc926576f87c5,3, #81692F
fb1046abc926576f87c5,0, #978343
fb1046abc926576f87c5,8, #52431E
fb1046abc926576f87c5,3, #645528
fb1302131630da188181,23, #E8E3D0
fb1302131630da188181,24, #908C7F
fb1302131630da188181,4, #403F37
fb1302131630da188181,19,#615E53
fb1302131630da188181,24, #C0B9A7
fb1302131630da188181,3, #FCFBEF
fb13b0b5cbee810e6df8,27, #242721
fb13b0b5cbee810e6df8,0, #B7B086
fb13b0b5cbee810e6df8,22, #8C5941
fb13b0b5cbee810e6df8,0, #C3A952
fb13b0b5cbee810e6df8,39,#4A4636
fb13b0b5cbee810e6df8,10, #968559
fb13b0b5cbee810e6df8,0, #E1DBAA
fb1b43a754ec0e54c28a,27, #807B64
fb1b43a754ec0e54c28a,47,#9D9D8E
fb1b43a754ec0e54c28a,5, #3B382B
fb1b43a754ec0e54c28a,18, #605741
fb1b43a754ec0e54c28a,1, #29281F
fb1b43a754ec0e54c28a,0, #B6B29B
fb1bdc8b3fcd4b72b88f,18, #615A52
fb1bdc8b3fcd4b72b88f,15, #C2BAB2
fb1bdc8b3fcd4b72b88f,4,#403A33
fb1bdc8b3fcd4b72b88f,21, #A39A93
fb1bdc8b3fcd4b72b88f,23, #827A72
fb1bdc8b3fcd4b72b88f,15, #E1DAD2
fb2917ba429b57dee6c6,41, #1C180D
fb2917ba429b57dee6c6,29,#444944
fb2917ba429b57dee6c6,10, #808074
fb2917ba429b57dee6c6,0, #6B3116
fb2917ba429b57dee6c6,15, #6A6653
fb2917ba429b57dee6c6,2, #A8A795
fb2fbd279e3050e4be50,8, #949080
fb2fbd279e3050e4be50,11, #444137
fb2fbd279e3050e4be50,16, #C6C0AA
fb2fbd279e3050e4be50,25,#F9F7EE
fb2fbd279e3050e4be50,22, #E3DDC5
fb2fbd279e3050e4be50,5, #ADA792
fb2fbd279e3050e4be50,9, #706B5B
fb304a89d1ce2bcb2173,7, #77746F
fb304a89d1ce2bcb2173,57,#B0B8B8
fb304a89d1ce2bcb2173,3, #3D281C
fb304a89d1ce2bcb2173,20, #8A8E8E
fb304a89d1ce2bcb2173,1, #20110D
fb304a89d1ce2bcb2173,9, #5F5144
fb33988b5937390db0bd,41, #A8A69A
fb33988b5937390db0bd,4, #C2C1B3
fb33988b5937390db0bd,17, #817F77
fb33988b5937390db0bd,25,#56584F
fb33988b5937390db0bd,7, #3C3D37
fb33988b5937390db0bd,3, #DDDBCC
fb36cbeb7f49cc78e8ae,6, #B5AB92
fb36cbeb7f49cc78e8ae,7,#191514
fb36cbeb7f49cc78e8ae,1, #908164
fb36cbeb7f49cc78e8ae,1, #725E44
fb36cbeb7f49cc78e8ae,3, #4A3621
fb36cbeb7f49cc78e8ae,79, #DEDBD0
fb37ee3aef91140b152d,0, #B79561
fb37ee3aef91140b152d,0, #A4A08A
fb37ee3aef91140b152d,27, #342A19
fb37ee3aef91140b152d,2, #867454
fb37ee3aef91140b152d,52,#0B0A07
fb37ee3aef91140b152d,15, #5D5139
fb37ee3aef91140b152d,0, #C3BEA7
fb43e0480162b62aeda3,0, #595742
fb43e0480162b62aeda3,3, #827D66
fb43e0480162b62aeda3,4, #D3D5C8
fb43e0480162b62aeda3,4, #0E0D07
fb43e0480162b62aeda3,43,#BBBCAE
fb43e0480162b62aeda3,42, #A69F8D
fb43e0480162b62aeda3,0, #353523
fb4777472aa2d9054cf4,29, #8C837B
fb4777472aa2d9054cf4,15, #70665E
fb4777472aa2d9054cf4,1,#FAF6EF
fb4777472aa2d9054cf4,0, #4E4440
fb4777472aa2d9054cf4,30, #D6CABC
fb4777472aa2d9054cf4,22, #AAA093
fb4b2035bb743ca599a1,28, #6F6C60
fb4b2035bb743ca599a1,11, #46443C
fb4b2035bb743ca599a1,23,#F0EBD8
fb4b2035bb743ca599a1,11, #AEAA9A
fb4b2035bb743ca599a1,13, #908D7F
fb4b2035bb743ca599a1,10, #C9C4B3
fb4d8a1bdb743f46a9af,25, #62594A
fb4d8a1bdb743f46a9af,18, #877861
fb4d8a1bdb743f46a9af,4, #433E36
fb4d8a1bdb743f46a9af,9,#F8F7F2
fb4d8a1bdb743f46a9af,40, #B3A289
fb4d8a1bdb743f46a9af,1, #DCD4C0
fb502b932ca277540c39,2, #A5A08B
fb502b932ca277540c39,1, #8C8674
fb502b932ca277540c39,0, #5A5547
fb502b932ca277540c39,29, #EFE9D4
fb502b932ca277540c39,0, #726D5C
fb502b932ca277540c39,8, #C5BDA5
fb502b932ca277540c39,58,#DFD8BE
fb56bb43d79613ec71be,80, #EDE6D4
fb56bb43d79613ec71be,0, #3D3930
fb56bb43d79613ec71be,6, #A7A08F
fb56bb43d79613ec71be,2,#857E6E
fb56bb43d79613ec71be,7, #C9C1B0
fb56bb43d79613ec71be,2, #655E50
fb571249110d4d3bbcbe,22,#F4F4EE
fb571249110d4d3bbcbe,7, #BBB39E
fb571249110d4d3bbcbe,31, #493E37
fb571249110d4d3bbcbe,14, #857B63
fb571249110d4d3bbcbe,9, #201610
fb571249110d4d3bbcbe,13, #DFDBC7
fb5e28e2c0b4123c3d55,28, #836343
fb5e28e2c0b4123c3d55,17, #0C1621
fb5e28e2c0b4123c3d55,1, #C3BC99
fb5e28e2c0b4123c3d55,8, #A89E6E
fb5e28e2c0b4123c3d55,30,#333938
fb5e28e2c0b4123c3d55,5, #878461
fb5e28e2c0b4123c3d55,8, #DED59F
fb73badb3aea536cd149,25, #D6D3BF
fb73badb3aea536cd149,9, #BFB99D
fb73badb3aea536cd149,5,#EFF1E3
fb73badb3aea536cd149,40, #3D3627
fb73badb3aea536cd149,9, #989176
fb73badb3aea536cd149,9, #716549
fb75d99d09f150c2e603,9, #B59E81
fb75d99d09f150c2e603,22,#F3ECDA
fb75d99d09f150c2e603,9, #E0D1BA
fb75d99d09f150c2e603,10, #674F3C
fb75d99d09f150c2e603,21, #CBB69A
fb75d99d09f150c2e603,13, #A68C6E
fb75d99d09f150c2e603,12, #8C745B
fb7a58a3e2cad5ae387b,1, #917A3F
fb7a58a3e2cad5ae387b,0, #A59455
fb7a58a3e2cad5ae387b,9, #503C20
fb7a58a3e2cad5ae387b,5, #70552D
fb7a58a3e2cad5ae387b,38,#13130C
fb7a58a3e2cad5ae387b,44, #312717
fb83bb0d281dd07eb222,12, #7F7970
fb83bb0d281dd07eb222,5, #413D36
fb83bb0d281dd07eb222,31,#F5F0E4
fb83bb0d281dd07eb222,26, #5E5950
fb83bb0d281dd07eb222,13, #D2CBBB
fb83bb0d281dd07eb222,0, #28241E
fb83bb0d281dd07eb222,9, #AAA497
fb85e82dbdf48160a8a8,17, #D3D0C5
fb85e82dbdf48160a8a8,2, #080706
fb85e82dbdf48160a8a8,3, #A39E97
fb85e82dbdf48160a8a8,66, #6A5E4B
fb85e82dbdf48160a8a8,3,#F6F4EA
fb85e82dbdf48160a8a8,6, #2E2822
fb86fe842c6d17cfde15,21, #A9A391
fb86fe842c6d17cfde15,16, #6C695E
fb86fe842c6d17cfde15,1, #48473F
fb86fe842c6d17cfde15,26, #C2BBA8
fb86fe842c6d17cfde15,15,#EBE4D1
fb86fe842c6d17cfde15,18, #8C887A
fb891a6fa090478156f3,53,#C5BFC3
fb891a6fa090478156f3,8, #625748
fb891a6fa090478156f3,15, #1C1E1C
fb891a6fa090478156f3,0, #F4EEED
fb891a6fa090478156f3,5, #6F6E6C
fb891a6fa090478156f3,10, #3B3831
fb891a6fa090478156f3,5, #928D89
fb8b59ca465a6f5f7bfa,0, #A08F69
fb8b59ca465a6f5f7bfa,3, #736648
fb8b59ca465a6f5f7bfa,1, #887B5A
fb8b59ca465a6f5f7bfa,58, #322B25
fb8b59ca465a6f5f7bfa,32,#151410
fb8b59ca465a6f5f7bfa,4, #554833
fb8e9cbe7d0afef57b98,4,#FCFAF6
fb8e9cbe7d0afef57b98,2, #D3C6A6
fb8e9cbe7d0afef57b98,36, #ADA188
fb8e9cbe7d0afef57b98,33, #534130
fb8e9cbe7d0afef57b98,20, #8C7655
fb8e9cbe7d0afef57b98,2, #EBE4D2
fb91c86a26ab62b6fbde,0, #BCBAB5
fb91c86a26ab62b6fbde,25, #37342B
fb91c86a26ab62b6fbde,4, #817559
fb91c86a26ab62b6fbde,2, #A09680
fb91c86a26ab62b6fbde,0, #E2D09D
fb91c86a26ab62b6fbde,60,#131212
fb91c86a26ab62b6fbde,6, #544D3A
fb92d3643a3d84858bb7,14, #A18960
fb92d3643a3d84858bb7,4, #ECE2B5
fb92d3643a3d84858bb7,36,#24201B
fb92d3643a3d84858bb7,5, #B8AE92
fb92d3643a3d84858bb7,1, #FEFDF8
fb92d3643a3d84858bb7,21, #5C4E37
fb92d3643a3d84858bb7,15, #826136
fb93b0b300d7385bcd39,9, #A6906E
fb93b0b300d7385bcd39,25, #7D6543
fb93b0b300d7385bcd39,19, #927A56
fb93b0b300d7385bcd39,7, #6D5636
fb93b0b300d7385bcd39,23, #523E27
fb93b0b300d7385bcd39,14,#2F2419
fb95287753a62dc9b151,1, #7A6E56
fb95287753a62dc9b151,70, #362C1F
fb95287753a62dc9b151,0, #B9AD91
fb95287753a62dc9b151,3, #9B9077
fb95287753a62dc9b151,21,#0A0A07
fb95287753a62dc9b151,2, #5D4F36
fbabd25ce231028e27ed,8,#F5F5E9
fbabd25ce231028e27ed,14, #89846E
fbabd25ce231028e27ed,10, #65624F
fbabd25ce231028e27ed,44, #DAD1B2
fbabd25ce231028e27ed,21, #BAB294
fbabd25ce231028e27ed,1, #494739
fbb4be7aef5a59ca7244,30, #624630
fbb4be7aef5a59ca7244,8, #7F6D57
fbb4be7aef5a59ca7244,0,#FEFEFE
fbb4be7aef5a59ca7244,10, #A89C82
fbb4be7aef5a59ca7244,8, #CCC6AB
fbb4be7aef5a59ca7244,41, #E6E2CC
fbb7eaa3739f17303914,41,#4C3A18
fbb7eaa3739f17303914,7, #8B723C
fbb7eaa3739f17303914,6, #211809
fbb7eaa3739f17303914,7, #765C2A
fbb7eaa3739f17303914,15, #A7915D
fbb7eaa3739f17303914,0, #525444
fbb7eaa3739f17303914,21, #8F9E9C
fbb8a4bd3600d6d9bdf6,13, #434439
fbb8a4bd3600d6d9bdf6,52,#292018
fbb8a4bd3600d6d9bdf6,4, #7D6F58
fbb8a4bd3600d6d9bdf6,6, #100F09
fbb8a4bd3600d6d9bdf6,9, #545E59
fbb8a4bd3600d6d9bdf6,5, #6A4F30
fbb8a4bd3600d6d9bdf6,8, #592E1A
fbbb0efc2ab0973b0f4a,15, #65614E
fbbb0efc2ab0973b0f4a,13, #9B9882
fbbb0efc2ab0973b0f4a,6, #5F4922
fbbb0efc2ab0973b0f4a,27, #392C17
fbbb0efc2ab0973b0f4a,4, #B6AF93
fbbb0efc2ab0973b0f4a,3, #19110A
fbbb0efc2ab0973b0f4a,28,#817F6E
fbbfbc61eed15e26208a,7, #7F7968
fbbfbc61eed15e26208a,9, #FDFBF2
fbbfbc61eed15e26208a,8, #A09A89
fbbfbc61eed15e26208a,13, #C8C1AD
fbbfbc61eed15e26208a,5, #403D32
fbbfbc61eed15e26208a,6, #5E594B
fbbfbc61eed15e26208a,48,#E7E1CD
fbbfc88767d07b3968d1,25,#E8E4D0
fbbfc88767d07b3968d1,2, #4F3820
fbbfc88767d07b3968d1,29, #C3BEA1
fbbfc88767d07b3968d1,14, #6B583A
fbbfc88767d07b3968d1,10, #ABA383
fbbfc88767d07b3968d1,16, #8A8064
fbc3d6adfe7d157bedb4,2, #403C34
fbc3d6adfe7d157bedb4,11, #635F53
fbc3d6adfe7d157bedb4,32,#F3EDD7
fbc3d6adfe7d157bedb4,16, #DAD3BE
fbc3d6adfe7d157bedb4,17, #8D8879
fbc3d6adfe7d157bedb4,19, #B9B4A2
fbcd1c6e06fbdb540430,1, #463225
fbcd1c6e06fbdb540430,23,#F6F2E0
fbcd1c6e06fbdb540430,11, #C4B296
fbcd1c6e06fbdb540430,3, #746353
fbcd1c6e06fbdb540430,32, #D8CFC1
fbcd1c6e06fbdb540430,27, #9D8569
fbe24576cc16fbb5b099,33, #B3A695
fbe24576cc16fbb5b099,20, #978A7E
fbe24576cc16fbb5b099,36,#C8C4B5
fbe24576cc16fbb5b099,2, #726052
fbe24576cc16fbb5b099,5, #7D766C
fbe24576cc16fbb5b099,0, #5A4437
fbe2f7fde863160cbe23,7, #3D3831
fbe2f7fde863160cbe23,19,#F6EDD9
fbe2f7fde863160cbe23,13, #807768
fbe2f7fde863160cbe23,27, #D2C8B3
fbe2f7fde863160cbe23,6, #625B4F
fbe2f7fde863160cbe23,25, #A69C8B
fbebf087e82a9c3e4da2,3, #726C5F
fbebf087e82a9c3e4da2,10, #473E32
fbebf087e82a9c3e4da2,2, #D2CEC0
fbebf087e82a9c3e4da2,54, #131312
fbebf087e82a9c3e4da2,3, #A7A38F
fbebf087e82a9c3e4da2,24,#F4F2ED
fbed901197b922083ac6,12, #505045
fbed901197b922083ac6,29, #E0DCC9
fbed901197b922083ac6,1,#FBF8E2
fbed901197b922083ac6,23, #807F70
fbed901197b922083ac6,22, #BEBBA7
fbed901197b922083ac6,10, #A19F8D
fbfdfc3eaf8a5c540e81,13, #B5B1A1
fbfdfc3eaf8a5c540e81,0, #38382C
fbfdfc3eaf8a5c540e81,7, #715E46
fbfdfc3eaf8a5c540e81,9, #848273
fbfdfc3eaf8a5c540e81,52,#F1ECDC
fbfdfc3eaf8a5c540e81,15, #D3CFBF
fc034a8f6f41e9d830ea,19, #A3A197
fc034a8f6f41e9d830ea,22,#E7E5DA
fc034a8f6f41e9d830ea,10, #C6C4B9
fc034a8f6f41e9d830ea,13, #66645B
fc034a8f6f41e9d830ea,20, #828077
fc034a8f6f41e9d830ea,11, #43423B
fc034a8f6f41e9d830ea,0, #FEFEF9
fc06330635629b099401,15, #B0A694
fc06330635629b099401,52,#D2C8B6
fc06330635629b099401,0, #F6EDD9
fc06330635629b099401,18, #8B8478
fc06330635629b099401,2, #534E47
fc06330635629b099401,8, #69645B
fc06330635629b099401,1, #393630
fc08be6c5d6edb74b79c,1, #76726B
fc08be6c5d6edb74b79c,86, #E9E2CC
fc08be6c5d6edb74b79c,7, #B6B1A2
fc08be6c5d6edb74b79c,2, #9B907D
fc08be6c5d6edb74b79c,2, #4C4B4B
fc08be6c5d6edb74b79c,0,#2C2B27
fc0fbecd935919d47d1e,3, #A89D85
fc0fbecd935919d47d1e,36,#1A150B
fc0fbecd935919d47d1e,9, #847E68
fc0fbecd935919d47d1e,22, #5F4C34
fc0fbecd935919d47d1e,27, #4E2519
fc0fbecd935919d47d1e,0, #C1B499
fc1053fee94fe4de9ea2,1, #624026
fc1053fee94fe4de9ea2,8, #796149
fc1053fee94fe4de9ea2,8, #928576
fc1053fee94fe4de9ea2,45,#EDE7D6
fc1053fee94fe4de9ea2,21, #C3BBAB
fc1053fee94fe4de9ea2,14, #A89C90
fc1c8a73567e771726dd,56, #31261B
fc1c8a73567e771726dd,7, #A78D5A
fc1c8a73567e771726dd,1, #5A5B56
fc1c8a73567e771726dd,10, #C1AD87
fc1c8a73567e771726dd,16, #824225
fc1c8a73567e771726dd,8,#90703A
fc28c4c9a65941016725,4,#140F0B
fc28c4c9a65941016725,23, #463018
fc28c4c9a65941016725,23, #BDA359
fc28c4c9a65941016725,13, #E4CE77
fc28c4c9a65941016725,26, #834828
fc28c4c9a65941016725,8, #958949
fc2b38b39e5c3ce38dc7,2, #403E35
fc2b38b39e5c3ce38dc7,7, #F8F8F4
fc2b38b39e5c3ce38dc7,17, #7F7A69
fc2b38b39e5c3ce38dc7,11, #989385
fc2b38b39e5c3ce38dc7,29,#DEDAC9
fc2b38b39e5c3ce38dc7,8, #5F5C4D
fc2b38b39e5c3ce38dc7,22, #BCB7A5
fc30edefda89b7087a51,5, #837C60
fc30edefda89b7087a51,14, #B6B7A6
fc30edefda89b7087a51,36,#5F5B47
fc30edefda89b7087a51,17, #9E9778
fc30edefda89b7087a51,0, #667984
fc30edefda89b7087a51,14, #453D2A
fc30edefda89b7087a51,11, #241E11
fc3ad6fb52fbadce1a17,1, #C2B796
fc3ad6fb52fbadce1a17,0,#887652
fc3ad6fb52fbadce1a17,80, #090609
fc3ad6fb52fbadce1a17,12, #4A3A28
fc3ad6fb52fbadce1a17,3, #6D603F
fc3ad6fb52fbadce1a17,1, #9C9173
fc3b17580aa445b6df81,9, #968970
fc3b17580aa445b6df81,12, #736650
fc3b17580aa445b6df81,45,#C3B89E
fc3b17580aa445b6df81,26, #F4F1E8
fc3b17580aa445b6df81,6, #443C2E
fc3b17580aa445b6df81,0, #1B140D
fc40c9daf17fed97c485,19, #403E35
fc40c9daf17fed97c485,11, #AAA696
fc40c9daf17fed97c485,11, #F5F1E0
fc40c9daf17fed97c485,13, #CEC7B1
fc40c9daf17fed97c485,20, #5F5C52
fc40c9daf17fed97c485,22,#847F73
fc44547311af4da35212,22, #86786B
fc44547311af4da35212,20, #B3AB9E
fc44547311af4da35212,7, #513C31
fc44547311af4da35212,12, #6D5C50
fc44547311af4da35212,26, #D7D4C8
fc44547311af4da35212,10,#F3F0E3
fc450a6f82b4ad4d8bbd,12, #CBC0AF
fc450a6f82b4ad4d8bbd,2, #35302F
fc450a6f82b4ad4d8bbd,30, #B09989
fc450a6f82b4ad4d8bbd,0, #B3684C
fc450a6f82b4ad4d8bbd,3, #574C44
fc450a6f82b4ad4d8bbd,33,#EEE4D2
fc450a6f82b4ad4d8bbd,17, #6F6761
fc512847b9c348bf21df,3, #B8B5AF
fc512847b9c348bf21df,29, #797572
fc512847b9c348bf21df,29, #554C4B
fc512847b9c348bf21df,3, #999694
fc512847b9c348bf21df,11,#E6E3D9
fc512847b9c348bf21df,21, #2D2421
fc515e307eb9ab63eafc,13, #585E52
fc515e307eb9ab63eafc,7, #7C6433
fc515e307eb9ab63eafc,2, #6C7871
fc515e307eb9ab63eafc,37,#554729
fc515e307eb9ab63eafc,8, #382D19
fc515e307eb9ab63eafc,20, #B09A66
fc515e307eb9ab63eafc,9, #8C7F5B
fc527a2084373380dc05,4, #979287
fc527a2084373380dc05,16, #36342F
fc527a2084373380dc05,4, #C1BAAD
fc527a2084373380dc05,60, #E6DED1
fc527a2084373380dc05,0,#FEFDF5
fc527a2084373380dc05,13, #676257
fc5c85b81128e0d9c672,66,#FAF5E9
fc5c85b81128e0d9c672,1, #676057
fc5c85b81128e0d9c672,9, #B9B1A2
fc5c85b81128e0d9c672,4, #A0998C
fc5c85b81128e0d9c672,1, #888075
fc5c85b81128e0d9c672,15, #D9D0C0
fc5c85b81128e0d9c672,0, #4A433D
fc625f102cda7cb6ae71,4, #45403D
fc625f102cda7cb6ae71,22, #B7B0A0
fc625f102cda7cb6ae71,10, #645F58
fc625f102cda7cb6ae71,11, #847F73
fc625f102cda7cb6ae71,3,#F8F0DE
fc625f102cda7cb6ae71,47, #DCD1BB
fc66d5bfabfc68e9fe67,19, #171005
fc66d5bfabfc68e9fe67,25, #A98653
fc66d5bfabfc68e9fe67,3,#5F5030
fc66d5bfabfc68e9fe67,3, #463819
fc66d5bfabfc68e9fe67,42, #C9B388
fc66d5bfabfc68e9fe67,4, #E7D7AA
fc68157c36c44a12ea85,4, #383731
fc68157c36c44a12ea85,21, #A39F94
fc68157c36c44a12ea85,21, #5A5951
fc68157c36c44a12ea85,20, #7D7A70
fc68157c36c44a12ea85,3,#FCFAF6
fc68157c36c44a12ea85,28, #D3CEC2
fc6a110d0ee60e2f1b52,22, #F3F2E5
fc6a110d0ee60e2f1b52,21, #D2CDC1
fc6a110d0ee60e2f1b52,14, #A09C96
fc6a110d0ee60e2f1b52,1, #383634
fc6a110d0ee60e2f1b52,5, #575451
fc6a110d0ee60e2f1b52,23,#797571
fc6a110d0ee60e2f1b52,10, #B7B2AA
fc6db1c51fe41d0b8777,5, #7E7751
fc6db1c51fe41d0b8777,0, #CDC69D
fc6db1c51fe41d0b8777,10, #988E66
fc6db1c51fe41d0b8777,4, #AEA57F
fc6db1c51fe41d0b8777,54,#40331C
fc6db1c51fe41d0b8777,7, #1E1509
fc6db1c51fe41d0b8777,18, #665A36
fc7facab260222257533,13,#C4C1B1
fc7facab260222257533,20, #ACA290
fc7facab260222257533,2, #45362D
fc7facab260222257533,30, #EBECDD
fc7facab260222257533,23, #8E7D6B
fc7facab260222257533,8, #6D5C4C
fc8883f6f461a48ffbec,21, #403026
fc8883f6f461a48ffbec,29, #A09A8C
fc8883f6f461a48ffbec,17, #CBC5B2
fc8883f6f461a48ffbec,1,#F2F0E7
fc8883f6f461a48ffbec,14, #847969
fc8883f6f461a48ffbec,15, #665749
fc8d6473922d673f0f27,2, #7B551D
fc8d6473922d673f0f27,25, #4B3217
fc8d6473922d673f0f27,2, #A78B4F
fc8d6473922d673f0f27,60,#160D09
fc8d6473922d673f0f27,2, #554E3E
fc8d6473922d673f0f27,0, #C8B784
fc8d6473922d673f0f27,5, #7F6C49
fc94d7ed9e0f3094876d,39, #CACBC6
fc94d7ed9e0f3094876d,4, #6F6F69
fc94d7ed9e0f3094876d,8,#433224
fc94d7ed9e0f3094876d,5, #89847B
fc94d7ed9e0f3094876d,6, #5C4E3F
fc94d7ed9e0f3094876d,35, #A0A6A4
fc9e3b061ec3dd602365,45, #515231
fc9e3b061ec3dd602365,4, #C9BC9B
fc9e3b061ec3dd602365,7, #A08F6B
fc9e3b061ec3dd602365,8,#020200
fc9e3b061ec3dd602365,0, #ECE6D6
fc9e3b061ec3dd602365,34, #34230A
fcb80b0d2ecd45617d89,13, #EBE1C9
fcb80b0d2ecd45617d89,11, #867A69
fcb80b0d2ecd45617d89,50,#CABFA3
fcb80b0d2ecd45617d89,9, #645647
fcb80b0d2ecd45617d89,2, #473529
fcb80b0d2ecd45617d89,12, #A39985
fcb80b0d2ecd45617d89,0, #311F15
fcbb4de485e982496a35,17, #777566
fcbb4de485e982496a35,13, #C3BDAB
fcbb4de485e982496a35,7, #414037
fcbb4de485e982496a35,21, #605E51
fcbb4de485e982496a35,13,#EEE5D1
fcbb4de485e982496a35,26, #9C9787
fcbe7d26fb0daadc3c47,0, #776C5A
fcbe7d26fb0daadc3c47,9,#F4F4EA
fcbe7d26fb0daadc3c47,1, #B4B09D
fcbe7d26fb0daadc3c47,9, #D0CAB2
fcbe7d26fb0daadc3c47,1, #978E79
fcbe7d26fb0daadc3c47,76, #E8E4CE
fcc3eefd39cb93119024,14, #C3BCB0
fcc3eefd39cb93119024,28, #A39C8B
fcc3eefd39cb93119024,16, #302922
fcc3eefd39cb93119024,12, #EEEAD8
fcc3eefd39cb93119024,18,#786E66
fcc3eefd39cb93119024,10, #564B44
fcc47782e4ad8f40522f,4, #49433B
fcc47782e4ad8f40522f,5, #766D60
fcc47782e4ad8f40522f,78, #E2D8C3
fcc47782e4ad8f40522f,1, #C4BBA8
fcc47782e4ad8f40522f,7, #9B9383
fcc47782e4ad8f40522f,3,#FCF9E5
fcca1ebfb36d127ddc5a,20, #E9E4CD
fcca1ebfb36d127ddc5a,8, #999484
fcca1ebfb36d127ddc5a,8, #49473F
fcca1ebfb36d127ddc5a,18, #6D6960
fcca1ebfb36d127ddc5a,1,#FFFEED
fcca1ebfb36d127ddc5a,43, #BFB79F
fccd740619798a110f69,15, #ADA38C
fccd740619798a110f69,34, #F9F8F3
fccd740619798a110f69,11, #857964
fccd740619798a110f69,26, #DFD5BF
fccd740619798a110f69,1, #292017
fccd740619798a110f69,9,#5A4D3A
fcd5342fb39b1f1c9d80,28, #ADA99B
fcd5342fb39b1f1c9d80,10, #808073
fcd5342fb39b1f1c9d80,25, #DAD5C9
fcd5342fb39b1f1c9d80,3,#FBF9F6
fcd5342fb39b1f1c9d80,22, #353731
fcd5342fb39b1f1c9d80,9, #5E5F53
fcd81e252aba4220220c,8, #7C7B6F
fcd81e252aba4220220c,21, #BAB8AA
fcd81e252aba4220220c,18,#373833
fcd81e252aba4220220c,2, #DFDDCD
fcd81e252aba4220220c,37, #595A52
fcd81e252aba4220220c,10, #969489
fcdc8393eab2a0a2f904,22,#C6BFA9
fcdc8393eab2a0a2f904,3, #363E30
fcdc8393eab2a0a2f904,25, #878878
fcdc8393eab2a0a2f904,6, #585E4F
fcdc8393eab2a0a2f904,1, #131D10
fcdc8393eab2a0a2f904,40, #F0E8D2
fcdf6dd7d21af24cb5c3,17, #ACA898
fcdf6dd7d21af24cb5c3,20, #7E7B6D
fcdf6dd7d21af24cb5c3,12, #353329
fcdf6dd7d21af24cb5c3,6, #D3CEB9
fcdf6dd7d21af24cb5c3,24, #585548
fcdf6dd7d21af24cb5c3,18,#F5F1DD
fce3da1c81fd12ec78f8,15, #978B6C
fce3da1c81fd12ec78f8,19, #4D3B27
fce3da1c81fd12ec78f8,2, #D4CDA6
fce3da1c81fd12ec78f8,34,#74634A
fce3da1c81fd12ec78f8,7, #C2B88C
fce3da1c81fd12ec78f8,6, #2B2015
fce3da1c81fd12ec78f8,13, #ABA07D
fce4dade1304c97bbf18,6, #585748
fce4dade1304c97bbf18,19, #989686
fce4dade1304c97bbf18,0, #FDFBE5
fce4dade1304c97bbf18,23,#B7B3A1
fce4dade1304c97bbf18,18, #828170
fce4dade1304c97bbf18,19, #DEDAC5
fce4dade1304c97bbf18,12, #716F60
fce930d49243910b2a10,0, #E0DFDC
fce930d49243910b2a10,0, #BAA78E
fce930d49243910b2a10,8, #605B4E
fce930d49243910b2a10,2, #3E392E
fce930d49243910b2a10,63, #867E6D
fce930d49243910b2a10,25,#14110A
fcee437e3f16c3344a96,38, #C6BFAF
fcee437e3f16c3344a96,17, #EBE5D5
fcee437e3f16c3344a96,3,#FBFAF7
fcee437e3f16c3344a96,19, #7E786B
fcee437e3f16c3344a96,7, #4B463D
fcee437e3f16c3344a96,14, #A49E91
fcefcb22532564c67da7,15, #55514A
fcefcb22532564c67da7,7, #8E8779
fcefcb22532564c67da7,12, #756F64
fcefcb22532564c67da7,10, #EDE4D3
fcefcb22532564c67da7,11, #B9B09F
fcefcb22532564c67da7,10, #A29A8B
fcefcb22532564c67da7,31,#D3C9B8
fcf0b9ae3eda8b6d4339,1, #9F9F97
fcf0b9ae3eda8b6d4339,24, #888883
fcf0b9ae3eda8b6d4339,29, #5E4E47
fcf0b9ae3eda8b6d4339,11,#0E0E0C
fcf0b9ae3eda8b6d4339,23, #6E6C68
fcf0b9ae3eda8b6d4339,9, #3C372E
fcf664551db8cc418538,3, #655233
fcf664551db8cc418538,0, #C1AD79
fcf664551db8cc418538,0, #7F6A41
fcf664551db8cc418538,83,#191209
fcf664551db8cc418538,0, #9B865C
fcf664551db8cc418538,6, #3C2C17
fcf664551db8cc418538,5, #4F4026
fcfcadca3e7c3c0f555d,7, #F7F5EA
fcfcadca3e7c3c0f555d,13, #9F9886
fcfcadca3e7c3c0f555d,10, #5D5A4E
fcfcadca3e7c3c0f555d,14, #3F3F35
fcfcadca3e7c3c0f555d,11, #C2B9A1
fcfcadca3e7c3c0f555d,18, #7A7566
fcfcadca3e7c3c0f555d,25,#DDD3BB
fcfee288e5619c75d580,0, #97947B
fcfee288e5619c75d580,10,#524A31
fcfee288e5619c75d580,1, #BAB69C
fcfee288e5619c75d580,7, #927E54
fcfee288e5619c75d580,72, #24170B
fcfee288e5619c75d580,7, #7E3C1D
fd00a6500a19e8b00fcf,6, #B7A35E
fd00a6500a19e8b00fcf,42,#584C23
fd00a6500a19e8b00fcf,7, #987922
fd00a6500a19e8b00fcf,0, #7D785A
fd00a6500a19e8b00fcf,12, #E0D5A2
fd00a6500a19e8b00fcf,1, #F5F1CB
fd00a6500a19e8b00fcf,29, #29261A
fd073c81fa01aa1ec530,8, #C3A37B
fd073c81fa01aa1ec530,30, #A8855F
fd073c81fa01aa1ec530,32, #836346
fd073c81fa01aa1ec530,0, #EAD7B5
fd073c81fa01aa1ec530,23, #543D2D
fd073c81fa01aa1ec530,4,#D9BD97
fd0dae5a97f900a4fba7,21, #8A897E
fd0dae5a97f900a4fba7,12, #6A6B61
fd0dae5a97f900a4fba7,29,#EEECDE
fd0dae5a97f900a4fba7,23, #C8C7BA
fd0dae5a97f900a4fba7,11, #A8A79B
fd0dae5a97f900a4fba7,2, #4E4F47
fd16d963caaba1f02d2b,0, #C6C1B2
fd16d963caaba1f02d2b,1, #454239
fd16d963caaba1f02d2b,85,#F9F8F4
fd16d963caaba1f02d2b,1, #AEA99B
fd16d963caaba1f02d2b,6, #E2DBC7
fd16d963caaba1f02d2b,1, #908B7E
fd16d963caaba1f02d2b,2, #726E60
fd1869abea2fcaade264,11, #847D70
fd1869abea2fcaade264,30,#F7F4E4
fd1869abea2fcaade264,7, #ADA592
fd1869abea2fcaade264,5, #3C3935
fd1869abea2fcaade264,31, #D4CAB3
fd1869abea2fcaade264,13, #5F5A51
fd200058aace25f800b5,4, #E4DECC
fd200058aace25f800b5,9, #6E5C46
fd200058aace25f800b5,16, #897C64
fd200058aace25f800b5,16, #403027
fd200058aace25f800b5,26,#C4B99E
fd200058aace25f800b5,10, #594735
fd200058aace25f800b5,15, #A89C80
fd25a642874a156e6be6,18, #2C2410
fd25a642874a156e6be6,69,#0E0B07
fd25a642874a156e6be6,1, #4F3D15
fd25a642874a156e6be6,2, #967F48
fd25a642874a156e6be6,1, #5C4E28
fd25a642874a156e6be6,2, #A99866
fd25a642874a156e6be6,3, #846931
fd31264d957606682f0c,19, #DBD3B9
fd31264d957606682f0c,12, #BEB7A1
fd31264d957606682f0c,29,#F7F2D6
fd31264d957606682f0c,10, #96917F
fd31264d957606682f0c,11, #726E5F
fd31264d957606682f0c,16, #4D4B42
fd314f8aeb7dab98a810,13, #87826F
fd314f8aeb7dab98a810,40,#EDE7D0
fd314f8aeb7dab98a810,14, #5B584B
fd314f8aeb7dab98a810,15, #A5A08B
fd314f8aeb7dab98a810,4, #33322C
fd314f8aeb7dab98a810,12, #C3BDA7
fd336933e77a7296fcd7,5, #93887D
fd336933e77a7296fcd7,10, #6F635C
fd336933e77a7296fcd7,11, #2A1E18
fd336933e77a7296fcd7,3, #B2A99A
fd336933e77a7296fcd7,15, #4B3D36
fd336933e77a7296fcd7,53,#DFD8C5
fd3c45294580af5d7831,11, #C8BEA8
fd3c45294580af5d7831,21, #5E5D4D
fd3c45294580af5d7831,12, #424137
fd3c45294580af5d7831,21, #A09986
fd3c45294580af5d7831,4,#F1E5CD
fd3c45294580af5d7831,27, #7D7967
fd3fd8d4aa84c2cd7f39,12, #1F110D
fd3fd8d4aa84c2cd7f39,25, #38261B
fd3fd8d4aa84c2cd7f39,0, #D5AD65
fd3fd8d4aa84c2cd7f39,28, #836231
fd3fd8d4aa84c2cd7f39,27, #B08E51
fd3fd8d4aa84c2cd7f39,5,#5A4122
fd4af86dbf052a06e388,8, #F2EDDE
fd4af86dbf052a06e388,2, #C3B9A4
fd4af86dbf052a06e388,15, #332E2B
fd4af86dbf052a06e388,1, #AD9C80
fd4af86dbf052a06e388,11, #5F5753
fd4af86dbf052a06e388,10, #7D746B
fd4af86dbf052a06e388,49,#D8D4C3
fd4d601f210d4eaf07e2,25, #6F583A
fd4d601f210d4eaf07e2,7, #998C6D
fd4d601f210d4eaf07e2,0, #D2CEBC
fd4d601f210d4eaf07e2,49, #3D2A23
fd4d601f210d4eaf07e2,15,#F4F2E8
fd4d601f210d4eaf07e2,0, #BCB292
fd52628ad87c038d1441,2, #39372D
fd52628ad87c038d1441,12, #5E5B4D
fd52628ad87c038d1441,2,#FCFAEE
fd52628ad87c038d1441,37, #E0DAC5
fd52628ad87c038d1441,17, #858171
fd52628ad87c038d1441,27, #AFAB9A
fd52a0e602c8108bf28f,1,#FBF9F5
fd52a0e602c8108bf28f,7, #837E69
fd52a0e602c8108bf28f,2, #26271F
fd52a0e602c8108bf28f,22, #ACA48E
fd52a0e602c8108bf28f,19, #545242
fd52a0e602c8108bf28f,46, #E0D6BE
fd6379f7e2a30bbf4c0d,30,#171507
fd6379f7e2a30bbf4c0d,14, #ECEBCD
fd6379f7e2a30bbf4c0d,8, #979674
fd6379f7e2a30bbf4c0d,31, #484120
fd6379f7e2a30bbf4c0d,10, #706240
fd6379f7e2a30bbf4c0d,5, #C2C59F
fd6b14fa0aee31d3980b,33, #8E8773
fd6b14fa0aee31d3980b,18, #B3AC92
fd6b14fa0aee31d3980b,5, #443B2D
fd6b14fa0aee31d3980b,4,#F7F7EF
fd6b14fa0aee31d3980b,25, #75664C
fd6b14fa0aee31d3980b,12, #D2D0BF
fd6b4c3bc7082eb088da,6, #0F0F0D
fd6b4c3bc7082eb088da,5, #F0EAC9
fd6b4c3bc7082eb088da,0, #ABA48E
fd6b4c3bc7082eb088da,26, #5F4E38
fd6b4c3bc7082eb088da,18, #D6C181
fd6b4c3bc7082eb088da,3, #382F22
fd6b4c3bc7082eb088da,39,#91785D
fd6e0bad2a13d5acdc34,17, #787568
fd6e0bad2a13d5acdc34,5, #3A3831
fd6e0bad2a13d5acdc34,15, #9E9A8A
fd6e0bad2a13d5acdc34,33,#EAE4D0
fd6e0bad2a13d5acdc34,10, #58554A
fd6e0bad2a13d5acdc34,17, #C2BCAB
fd6e83a0e80afd0b2f31,0, #676C53
fd6e83a0e80afd0b2f31,0, #BBA55C
fd6e83a0e80afd0b2f31,35,#1C1812
fd6e83a0e80afd0b2f31,44, #4D4936
fd6e83a0e80afd0b2f31,11, #7F652E
fd6e83a0e80afd0b2f31,7, #928650
fd793327f6fdf670dba6,21, #7B7061
fd793327f6fdf670dba6,7, #D6CEB4
fd793327f6fdf670dba6,25, #9E9886
fd793327f6fdf670dba6,18, #BCB39A
fd793327f6fdf670dba6,22,#F5F2E6
fd793327f6fdf670dba6,3, #57493D
fd7f7d84a0878cabd670,6, #E6D9BB
fd7f7d84a0878cabd670,15, #8C7E6A
fd7f7d84a0878cabd670,28, #483629
fd7f7d84a0878cabd670,9, #726150
fd7f7d84a0878cabd670,2, #F5F3EA
fd7f7d84a0878cabd670,37,#B7A990
fd87c5293d9192cea2c9,31, #524E41
fd87c5293d9192cea2c9,5,#F9F6ED
fd87c5293d9192cea2c9,14, #E0D6BF
fd87c5293d9192cea2c9,3, #BDB6A2
fd87c5293d9192cea2c9,9, #A19B8C
fd87c5293d9192cea2c9,35, #7F796A
fd88f8969b3167ac7fbb,17, #59574C
fd88f8969b3167ac7fbb,10, #A29E8F
fd88f8969b3167ac7fbb,1, #302E26
fd88f8969b3167ac7fbb,9, #848174
fd88f8969b3167ac7fbb,35,#E0DAC8
fd88f8969b3167ac7fbb,14, #F9F6E5
fd88f8969b3167ac7fbb,10, #C0BBAB
fd9179c7380bd489cdcb,30,#5C522E
fd9179c7380bd489cdcb,0, #F5EEB3
fd9179c7380bd489cdcb,9, #7A734A
fd9179c7380bd489cdcb,12, #C3B878
fd9179c7380bd489cdcb,18, #A5924B
fd9179c7380bd489cdcb,11, #E1D591
fd9179c7380bd489cdcb,16, #2C2B19
fd91b6fa9a065ca0dce8,20, #8A6348
fd91b6fa9a065ca0dce8,32, #9B8B5A
fd91b6fa9a065ca0dce8,5, #261D16
fd91b6fa9a065ca0dce8,14, #60583D
fd91b6fa9a065ca0dce8,6, #403527
fd91b6fa9a065ca0dce8,20,#A59E86
fd95bd58940653767729,16, #4B421D
fd95bd58940653767729,0, #CFC580
fd95bd58940653767729,29,#120F05
fd95bd58940653767729,10, #8B7636
fd95bd58940653767729,1, #AD9C58
fd95bd58940653767729,28, #2D2813
fd95bd58940653767729,14, #6D5C24
fd9a4c3f28907c27f575,20, #605D52
fd9a4c3f28907c27f575,4, #3C3B32
fd9a4c3f28907c27f575,15, #B5B09F
fd9a4c3f28907c27f575,36,#F8F6E8
fd9a4c3f28907c27f575,10, #DDD8C2
fd9a4c3f28907c27f575,12, #888374
fda26ba62afa6ef01ca9,20, #878171
fda26ba62afa6ef01ca9,15, #676253
fda26ba62afa6ef01ca9,15, #433F34
fda26ba62afa6ef01ca9,21, #D7D1BD
fda26ba62afa6ef01ca9,11, #ABA593
fda26ba62afa6ef01ca9,14,#FAF8EF
fda2b2698ba556819e74,6, #B6B695
fda2b2698ba556819e74,29, #908A63
fda2b2698ba556819e74,11, #7C5E25
fda2b2698ba556819e74,44, #493918
fda2b2698ba556819e74,3, #859A9E
fda2b2698ba556819e74,5,#1D190C
fda72df6ecdbeea69222,18, #BEB4A3
fda72df6ecdbeea69222,4, #2C2725
fda72df6ecdbeea69222,17, #8B8377
fda72df6ecdbeea69222,21, #4D4641
fda72df6ecdbeea69222,23,#F2E9D6
fda72df6ecdbeea69222,15, #6B635B
fdad2ab9f111041be488,12, #D6D0BF
fdad2ab9f111041be488,13, #6F6D5D
fdad2ab9f111041be488,18, #BBB6A4
fdad2ab9f111041be488,26, #4A4A3D
fdad2ab9f111041be488,26, #949080
fdad2ab9f111041be488,2,#F4F1E6
fdb030c438706067d23b,57,#2B2A25
fdb030c438706067d23b,2, #E4E0D9
fdb030c438706067d23b,0, #C5C4C1
fdb030c438706067d23b,2, #B4B0A1
fdb030c438706067d23b,1, #68665B
fdb030c438706067d23b,2, #9C967F
fdb030c438706067d23b,33, #413F38
fdc11dcee9642c15b72a,0, #1C150A
fdc11dcee9642c15b72a,34, #A08168
fdc11dcee9642c15b72a,0, #3F341E
fdc11dcee9642c15b72a,48,#C5BBA2
fdc11dcee9642c15b72a,5, #F6F6EF
fdc11dcee9642c15b72a,5, #61645D
fdc11dcee9642c15b72a,6, #E5DEC9
fdda4df2e07e9e5d7072,0, #C1C6B7
fdda4df2e07e9e5d7072,32, #26291A
fdda4df2e07e9e5d7072,39, #545744
fdda4df2e07e9e5d7072,17, #838371
fdda4df2e07e9e5d7072,4,#080904
fdda4df2e07e9e5d7072,5, #A5A899
fdda6763c43dcf66c161,4, #B3AF91
fdda6763c43dcf66c161,0, #12100A
fdda6763c43dcf66c161,10, #9A8144
fdda6763c43dcf66c161,17, #D2D1C9
fdda6763c43dcf66c161,3, #B8AE6E
fdda6763c43dcf66c161,52,#4E321B
fdda6763c43dcf66c161,9, #7B532E
fde1098541e6c2a09a1f,2, #F9F6E7
fde1098541e6c2a09a1f,20, #625F55
fde1098541e6c2a09a1f,8, #A29E93
fde1098541e6c2a09a1f,2, #393730
fde1098541e6c2a09a1f,20, #868277
fde1098541e6c2a09a1f,24,#E1DCCF
fde1098541e6c2a09a1f,20, #C1BDB0
fdf78dc1c1c384f26728,28, #E7E0CA
fdf78dc1c1c384f26728,11, #9E947D
fdf78dc1c1c384f26728,6,#FAF9F4
fdf78dc1c1c384f26728,14, #C7BA9B
fdf78dc1c1c384f26728,24, #4B463C
fdf78dc1c1c384f26728,15, #736B5A
fdfecee8f9dfd40048f8,7, #A79D85
fdfecee8f9dfd40048f8,6, #C4BBA6
fdfecee8f9dfd40048f8,60,#F7F5EC
fdfecee8f9dfd40048f8,16, #DDD6C4
fdfecee8f9dfd40048f8,4, #7F7665
fdfecee8f9dfd40048f8,3, #342A1E
fdfecee8f9dfd40048f8,1, #605546
fe04a5710f22eceae250,30, #716F68
fe04a5710f22eceae250,19, #4D4C45
fe04a5710f22eceae250,7, #C8C5BC
fe04a5710f22eceae250,28, #939089
fe04a5710f22eceae250,4,#F4F3E8
fe04a5710f22eceae250,9, #AAA7A0
fe0839c7ea3319468f9f,7, #61534B
fe0839c7ea3319468f9f,25, #ADA292
fe0839c7ea3319468f9f,36, #D2CAB8
fe0839c7ea3319468f9f,21, #887B71
fe0839c7ea3319468f9f,2, #31241E
fe0839c7ea3319468f9f,6,#F6F3DE
fe10cb21dec2b27fef4e,27, #9E978B
fe10cb21dec2b27fef4e,7,#F1EDDF
fe10cb21dec2b27fef4e,9, #302F2C
fe10cb21dec2b27fef4e,6, #C6BEAA
fe10cb21dec2b27fef4e,28, #534E49
fe10cb21dec2b27fef4e,21, #766F66
fe1655b59416d7694f6b,3, #A28D64
fe1655b59416d7694f6b,19, #4C3E31
fe1655b59416d7694f6b,25,#80796C
fe1655b59416d7694f6b,5, #22201B
fe1655b59416d7694f6b,5, #D3D0C2
fe1655b59416d7694f6b,23, #6F5040
fe1655b59416d7694f6b,17, #B7AC8D
fe175c7f087e8d5c03aa,5, #E4D0A2
fe175c7f087e8d5c03aa,37,#52432F
fe175c7f087e8d5c03aa,6, #BEA470
fe175c7f087e8d5c03aa,39, #19232E
fe175c7f087e8d5c03aa,10, #937042
fe175c7f087e8d5c03aa,0, #FBF8D1
fe179d277a0eb62e6aa2,55,#1A190E
fe179d277a0eb62e6aa2,5, #867351
fe179d277a0eb62e6aa2,7, #CCC1A4
fe179d277a0eb62e6aa2,10, #7F431A
fe179d277a0eb62e6aa2,6, #AF9062
fe179d277a0eb62e6aa2,6, #4D503A
fe179d277a0eb62e6aa2,8, #EAE4D3
fe19367475f6ece4708f,9,#908B7F
fe19367475f6ece4708f,34, #D7CFC5
fe19367475f6ece4708f,24, #6C695E
fe19367475f6ece4708f,20, #3E3C34
fe19367475f6ece4708f,0, #FEF8EC
fe19367475f6ece4708f,10, #ACA69A
fe19646df114b931b826,28, #D6D4CA
fe19646df114b931b826,5, #98968E
fe19646df114b931b826,5, #737269
fe19646df114b931b826,50,#F6F4EC
fe19646df114b931b826,8, #B5B2AA
fe19646df114b931b826,1, #505048
fe26c025c95d1d75f025,26, #363025
fe26c025c95d1d75f025,31,#8F8161
fe26c025c95d1d75f025,16, #5F533C
fe26c025c95d1d75f025,8, #111413
fe26c025c95d1d75f025,2, #9EA7AA
fe26c025c95d1d75f025,3, #C1AE7A
fe26c025c95d1d75f025,10, #D5CEAE
fe2d8ab04871c85b2a7f,16, #686D6B
fe2d8ab04871c85b2a7f,40, #1C190C
fe2d8ab04871c85b2a7f,19, #5D351D
fe2d8ab04871c85b2a7f,21, #A1A093
fe2d8ab04871c85b2a7f,2, #C3BEB3
fe2d8ab04871c85b2a7f,0,#3D4A5C
fe304def32fa01c75521,38, #C0B390
fe304def32fa01c75521,7, #968C73
fe304def32fa01c75521,1,#E9E2D0
fe304def32fa01c75521,9, #D5CDB6
fe304def32fa01c75521,2, #FAF8EF
fe304def32fa01c75521,40, #AFA07A
fe363edd807361988eec,2, #615240
fe363edd807361988eec,10,#FAFAF9
fe363edd807361988eec,46, #C3BFAF
fe363edd807361988eec,18, #9F9987
fe363edd807361988eec,4, #E1E0D8
fe363edd807361988eec,16, #7B6E59
fe374ea6f5dc1fe2bf8f,6, #4D4B41
fe374ea6f5dc1fe2bf8f,9, #6A665A
fe374ea6f5dc1fe2bf8f,9, #F9F8F1
fe374ea6f5dc1fe2bf8f,45,#D3CEBE
fe374ea6f5dc1fe2bf8f,10, #8A8478
fe374ea6f5dc1fe2bf8f,2, #32312A
fe374ea6f5dc1fe2bf8f,16, #AEA899
fe441f6dc34e89beb022,2, #3E3A38
fe441f6dc34e89beb022,3, #EBE1D0
fe441f6dc34e89beb022,19,#969088
fe441f6dc34e89beb022,21, #7D7670
fe441f6dc34e89beb022,22, #BEB8AA
fe441f6dc34e89beb022,30, #5C5652
fe4b0c8b1a2f7337ae0e,16, #372E2A
fe4b0c8b1a2f7337ae0e,4, #C0B6A7
fe4b0c8b1a2f7337ae0e,50,#F7F5EF
fe4b0c8b1a2f7337ae0e,10, #7A7472
fe4b0c8b1a2f7337ae0e,4, #A79C8E
fe4b0c8b1a2f7337ae0e,9, #5A5251
fe4b0c8b1a2f7337ae0e,4, #DDD6C7
fe4cd101e43669a81e10,18, #949187
fe4cd101e43669a81e10,14, #B3B0A5
fe4cd101e43669a81e10,40, #DCD8CE
fe4cd101e43669a81e10,18, #716F66
fe4cd101e43669a81e10,0,#FEFEFA
fe4cd101e43669a81e10,6, #52524A
fe4e35fca90fc648a4a4,7, #443E30
fe4e35fca90fc648a4a4,82, #252017
fe4e35fca90fc648a4a4,2, #8F8671
fe4e35fca90fc648a4a4,3,#7C7059
fe4e35fca90fc648a4a4,1, #A8A18F
fe4e35fca90fc648a4a4,2, #5E5443
fe4e8aa2c3cc9a682f62,14, #26221E
fe4e8aa2c3cc9a682f62,6, #514E46
fe4e8aa2c3cc9a682f62,48,#BEBBA5
fe4e8aa2c3cc9a682f62,4, #D9D7C3
fe4e8aa2c3cc9a682f62,6, #F2F1E6
fe4e8aa2c3cc9a682f62,10, #939081
fe4e8aa2c3cc9a682f62,8, #726E5F
fe55a96e7581fcb5d3cf,13, #574B35
fe55a96e7581fcb5d3cf,4, #CCB26A
fe55a96e7581fcb5d3cf,2,#ACAD9E
fe55a96e7581fcb5d3cf,6, #E5DBB7
fe55a96e7581fcb5d3cf,10, #887D6A
fe55a96e7581fcb5d3cf,63, #121F22
fe57b1913ddd1bea2cb0,48,#3F2B1D
fe57b1913ddd1bea2cb0,7, #836F4C
fe57b1913ddd1bea2cb0,3, #A29681
fe57b1913ddd1bea2cb0,22, #0E0F0E
fe57b1913ddd1bea2cb0,12, #544E3C
fe57b1913ddd1bea2cb0,2, #D0C5B8
fe57b1913ddd1bea2cb0,3, #7D4F20
fe6269ed635baa5397f1,5, #A19B89
fe6269ed635baa5397f1,58, #C8C0A8
fe6269ed635baa5397f1,5, #807B6B
fe6269ed635baa5397f1,8, #5F5A4E
fe6269ed635baa5397f1,17,#F4F1E3
fe6269ed635baa5397f1,3, #3F3C34
fe6540c5d55e4b3cd7a2,16, #B5AB95
fe6540c5d55e4b3cd7a2,70,#DFD7C2
fe6540c5d55e4b3cd7a2,0, #291F14
fe6540c5d55e4b3cd7a2,4, #4A3E2F
fe6540c5d55e4b3cd7a2,1, #625A4D
fe6540c5d55e4b3cd7a2,0, #FEFDF3
fe6540c5d55e4b3cd7a2,6, #8C826D
fe656feabc56b5d702f3,22, #352D1B
fe656feabc56b5d702f3,12, #91845A
fe656feabc56b5d702f3,32, #080603
fe656feabc56b5d702f3,10, #615A39
fe656feabc56b5d702f3,20, #C5BC94
fe656feabc56b5d702f3,1,#F6F4E2
fe65a1ebff871d360829,22, #787467
fe65a1ebff871d360829,24, #DBD6C3
fe65a1ebff871d360829,17, #9E9A8B
fe65a1ebff871d360829,12, #BCB8A7
fe65a1ebff871d360829,8,#F9F6E8
fe65a1ebff871d360829,15, #4D4B40
fe6ebb2bf1b68accfca2,27, #8A8067
fe6ebb2bf1b68accfca2,13, #6C5A32
fe6ebb2bf1b68accfca2,6, #453319
fe6ebb2bf1b68accfca2,3,#EAE6E0
fe6ebb2bf1b68accfca2,1, #CEC5AE
fe6ebb2bf1b68accfca2,47, #B0A37D
fe7042a2a342776737ff,9, #44433A
fe7042a2a342776737ff,33, #706C61
fe7042a2a342776737ff,10, #969185
fe7042a2a342776737ff,27, #CFC9BE
fe7042a2a342776737ff,9,#F3ECE1
fe7042a2a342776737ff,10, #AEA89D
fe705e2f89b2046c41da,1, #A6956D
fe705e2f89b2046c41da,0, #373F36
fe705e2f89b2046c41da,20, #7A7357
fe705e2f89b2046c41da,0, #46544C
fe705e2f89b2046c41da,26, #5D462A
fe705e2f89b2046c41da,17, #725E36
fe705e2f89b2046c41da,32,#2A291F
fe70b452a9e870e73408,10, #49443E
fe70b452a9e870e73408,14, #F3E9D3
fe70b452a9e870e73408,32,#CDC5B0
fe70b452a9e870e73408,1, #FEFEFA
fe70b452a9e870e73408,18, #787266
fe70b452a9e870e73408,9, #928C7D
fe70b452a9e870e73408,12, #A9A291
fe7611fc066ad3350801,3, #9B9489
fe7611fc066ad3350801,7, #B7AEA0
fe7611fc066ad3350801,41,#F0E6D7
fe7611fc066ad3350801,33, #D5CBBC
fe7611fc066ad3350801,5, #5A564D
fe7611fc066ad3350801,0, #3A3732
fe7611fc066ad3350801,7, #7F796F
fe841e269d71d5c4081f,21, #B6B7AF
fe841e269d71d5c4081f,16, #91928A
fe841e269d71d5c4081f,17, #DCDDD4
fe841e269d71d5c4081f,21, #6A6C63
fe841e269d71d5c4081f,15,#F7F8F0
fe841e269d71d5c4081f,6, #40423B
fe8cf267e34d3394d00f,39,#79766E
fe8cf267e34d3394d00f,11, #ACB0B0
fe8cf267e34d3394d00f,7, #22211F
fe8cf267e34d3394d00f,0, #D8D5C0
fe8cf267e34d3394d00f,23, #454037
fe8cf267e34d3394d00f,17, #969790
fe8ee77ba843f4aa0a48,21, #EDE0D3
fe8ee77ba843f4aa0a48,19, #A49484
fe8ee77ba843f4aa0a48,33, #CDBDA8
fe8ee77ba843f4aa0a48,3,#FDF9F7
fe8ee77ba843f4aa0a48,4, #63605A
fe8ee77ba843f4aa0a48,17, #867667
fea5150be743c2f57e5f,9,#F8F5E3
fea5150be743c2f57e5f,1, #474637
fea5150be743c2f57e5f,44, #D3D1BC
fea5150be743c2f57e5f,16, #686653
fea5150be743c2f57e5f,16, #85826F
fea5150be743c2f57e5f,10, #A9A590
fea6b4e51b1a97763a74,3, #F1F1EB
fea6b4e51b1a97763a74,24, #766B60
fea6b4e51b1a97763a74,29,#5A5149
fea6b4e51b1a97763a74,0, #D3D2C9
fea6b4e51b1a97763a74,17, #8C8477
fea6b4e51b1a97763a74,9, #B2A992
fea6b4e51b1a97763a74,15, #362F29
feaf6f8c6a89d600a3c4,31,#F8F8EF
feaf6f8c6a89d600a3c4,1, #48473F
feaf6f8c6a89d600a3c4,5, #646359
feaf6f8c6a89d600a3c4,18, #AAA697
feaf6f8c6a89d600a3c4,20, #D6D3C0
feaf6f8c6a89d600a3c4,22, #888375
febc6cb5a72b465ec14c,6, #A7A6A9
febc6cb5a72b465ec14c,11, #CCCBCF
febc6cb5a72b465ec14c,32, #131212
febc6cb5a72b465ec14c,22, #454444
febc6cb5a72b465ec14c,11,#F6F4F3
febc6cb5a72b465ec14c,15, #7C7B7D
febf4c617d2900e785ad,8, #9D9D8E
febf4c617d2900e785ad,4, #72766B
febf4c617d2900e785ad,0, #252C27
febf4c617d2900e785ad,79,#F2EEDB
febf4c617d2900e785ad,3, #4E534C
febf4c617d2900e785ad,4, #C9C4B1
fec11fead8fbf4e9fcc5,40, #6A4C32
fec11fead8fbf4e9fcc5,0, #D6CDAB
fec11fead8fbf4e9fcc5,39,#2C2A27
fec11fead8fbf4e9fcc5,10, #7F7355
fec11fead8fbf4e9fcc5,3, #A89774
fec11fead8fbf4e9fcc5,5, #C3B492
fecd8c60c2db4d1bdafa,17, #817561
fecd8c60c2db4d1bdafa,27, #605349
fecd8c60c2db4d1bdafa,19, #433631
fecd8c60c2db4d1bdafa,6,#EFECDA
fecd8c60c2db4d1bdafa,8, #CBC4A7
fecd8c60c2db4d1bdafa,21, #A39981
fed781ab1f316709d486,16, #19130D
fed781ab1f316709d486,4, #5A4D2F
fed781ab1f316709d486,9, #4A381A
fed781ab1f316709d486,3, #A69369
fed781ab1f316709d486,7, #332412
fed781ab1f316709d486,57,#907D4E
fed781ab1f316709d486,1, #75653B
fed8fdbc02ae6e73837e,2, #E8E2D5
fed8fdbc02ae6e73837e,30, #9F9A8F
fed8fdbc02ae6e73837e,1,#FCFBF8
fed8fdbc02ae6e73837e,26, #4D4C46
fed8fdbc02ae6e73837e,21, #76736A
fed8fdbc02ae6e73837e,16, #CAC2B2
feeb7c7913d05a896369,10, #B3AA97
feeb7c7913d05a896369,3, #5C5345
feeb7c7913d05a896369,36, #D6CDB8
feeb7c7913d05a896369,10, #7F7664
feeb7c7913d05a896369,0, #19120A
feeb7c7913d05a896369,2, #3E3224
feeb7c7913d05a896369,36,#F7F5EB
fef3d14f735a6a21a3b6,10, #C2BFB0
fef3d14f735a6a21a3b6,7, #959389
fef3d14f735a6a21a3b6,8, #6B6861
fef3d14f735a6a21a3b6,18, #494640
fef3d14f735a6a21a3b6,40,#F8F7F0
fef3d14f735a6a21a3b6,15, #DCD8C7
fef97f57b6415ac4d116,5, #C3BD8D
fef97f57b6415ac4d116,10, #A39960
fef97f57b6415ac4d116,3, #1F1D16
fef97f57b6415ac4d116,43,#DDDABD
fef97f57b6415ac4d116,18, #433D25
fef97f57b6415ac4d116,18, #70693D
ff0c8edadd4073bef49b,7,#F4EDDB
ff0c8edadd4073bef49b,3, #44413A
ff0c8edadd4073bef49b,18, #B4AD9D
ff0c8edadd4073bef49b,16, #958E7F
ff0c8edadd4073bef49b,26, #6F6A5D
ff0c8edadd4073bef49b,28, #D7CFBE
ff130687fabfb01d2cdd,8, #897C66
ff130687fabfb01d2cdd,3,#FCFAF4
ff130687fabfb01d2cdd,8, #6E5B44
ff130687fabfb01d2cdd,1, #4D3725
ff130687fabfb01d2cdd,68, #D6CEB3
ff130687fabfb01d2cdd,9, #A79E86
ff1b1a340e84613e8d42,7, #A28F7B
ff1b1a340e84613e8d42,2, #E3E0D7
ff1b1a340e84613e8d42,72, #C7BBA3
ff1b1a340e84613e8d42,6, #5B412F
ff1b1a340e84613e8d42,7,#F9F8F6
ff1b1a340e84613e8d42,3, #977359
ff1f4ee59b3bb3975842,14, #BBB9A8
ff1f4ee59b3bb3975842,11,#D7D4C1
ff1f4ee59b3bb3975842,24, #595853
ff1f4ee59b3bb3975842,16, #F7F6E6
ff1f4ee59b3bb3975842,14, #9D9B8D
ff1f4ee59b3bb3975842,19, #797870
ff253b51d28197cb1a6c,0, #C9C7C7
ff253b51d28197cb1a6c,60, #231C14
ff253b51d28197cb1a6c,0,#A19F9E
ff253b51d28197cb1a6c,34, #605544
ff253b51d28197cb1a6c,0, #F9F9F9
ff253b51d28197cb1a6c,3, #928767
ff2a7cbae965ff9946d1,62,#18150C
ff2a7cbae965ff9946d1,6, #60451F
ff2a7cbae965ff9946d1,0, #B09D69
ff2a7cbae965ff9946d1,2, #7B653B
ff2a7cbae965ff9946d1,27, #392D18
ff2a7cbae965ff9946d1,0, #928051
ff3023f69e669b92efba,3, #C1B189
ff3023f69e669b92efba,21, #6C5B45
ff3023f69e669b92efba,8, #938E7C
ff3023f69e669b92efba,7, #AB8B4F
ff3023f69e669b92efba,29,#532820
ff3023f69e669b92efba,21, #111010
ff3023f69e669b92efba,8, #D5CDB1
ff332af9fddaf7cc2cad,15, #413624
ff332af9fddaf7cc2cad,11, #221D12
ff332af9fddaf7cc2cad,3,#9B9679
ff332af9fddaf7cc2cad,15, #7C7255
ff332af9fddaf7cc2cad,15, #58503B
ff332af9fddaf7cc2cad,38, #BEB69A
ff356faf4a36768394cb,3, #52483C
ff356faf4a36768394cb,15,#C7C1B2
ff356faf4a36768394cb,1, #AC735A
ff356faf4a36768394cb,23, #797265
ff356faf4a36768394cb,30, #EBE5D5
ff356faf4a36768394cb,24, #B19E8A
ff35d89cf213289dc7af,15, #D1CBB9
ff35d89cf213289dc7af,8, #444238
ff35d89cf213289dc7af,14, #6E695C
ff35d89cf213289dc7af,37, #F1E9D3
ff35d89cf213289dc7af,10, #958F80
ff35d89cf213289dc7af,13,#B4AE9D
ff3a9a2239d22a2cb7b2,5,#020100
ff3a9a2239d22a2cb7b2,55, #BBA17D
ff3a9a2239d22a2cb7b2,18, #846A47
ff3a9a2239d22a2cb7b2,8, #624C30
ff3a9a2239d22a2cb7b2,11, #9D8661
ff3a9a2239d22a2cb7b2,1, #312513
ff3c19020531a27defab,5, #8F7F67
ff3c19020531a27defab,14, #EDEBDA
ff3c19020531a27defab,14, #4D3424
ff3c19020531a27defab,21, #695441
ff3c19020531a27defab,8,#B1A992
ff3c19020531a27defab,35, #D3CFB9
ff4822c3c95b121223b5,29, #EDEAE0
ff4822c3c95b121223b5,13, #C3BEB1
ff4822c3c95b121223b5,10, #403F37
ff4822c3c95b121223b5,12,#A09B90
ff4822c3c95b121223b5,19, #5F5C51
ff4822c3c95b121223b5,15, #7E7A6F
ff4c23353a7fa7d6831b,63, #E0DAC7
ff4c23353a7fa7d6831b,2, #A29E90
ff4c23353a7fa7d6831b,2, #BDB7A8
ff4c23353a7fa7d6831b,16, #424039
ff4c23353a7fa7d6831b,9, #666357
ff4c23353a7fa7d6831b,4,#888477
ff4e08fb9e8887bbe1a3,31, #63605A
ff4e08fb9e8887bbe1a3,8, #8C8983
ff4e08fb9e8887bbe1a3,30,#E6E5E0
ff4e08fb9e8887bbe1a3,19, #36342F
ff4e08fb9e8887bbe1a3,6, #B4B0AA
ff4e08fb9e8887bbe1a3,3, #141410
ff5d1508fa866b4abab9,2,#F9F6E9
ff5d1508fa866b4abab9,22, #3C3B30
ff5d1508fa866b4abab9,15, #958F7C
ff5d1508fa866b4abab9,39, #BEB6A0
ff5d1508fa866b4abab9,5, #DED6C1
ff5d1508fa866b4abab9,13, #6A6757
ff64cac1b8346ce9ce6c,0, #B4BB63
ff64cac1b8346ce9ce6c,17, #68604F
ff64cac1b8346ce9ce6c,23, #968A7B
ff64cac1b8346ce9ce6c,19, #C2B4A9
ff64cac1b8346ce9ce6c,22,#0C0905
ff64cac1b8346ce9ce6c,16, #3B352C
ff67596411f076cfd471,9, #3E322A
ff67596411f076cfd471,1, #ECE6DE
ff67596411f076cfd471,7, #918A7C
ff67596411f076cfd471,5, #1B1A18
ff67596411f076cfd471,9, #D3D0C4
ff67596411f076cfd471,6, #B8AE9A
ff67596411f076cfd471,60,#5F5C57
ff68d0208ad94bf18f4b,0, #2F2E26
ff68d0208ad94bf18f4b,9, #4B493D
ff68d0208ad94bf18f4b,16, #8D8775
ff68d0208ad94bf18f4b,11, #686555
ff68d0208ad94bf18f4b,21, #BBB39F
ff68d0208ad94bf18f4b,40,#E5DCC5
ff68d9d02889ac340746,72,#11110A
ff68d9d02889ac340746,1, #BEB58D
ff68d9d02889ac340746,0, #847753
ff68d9d02889ac340746,19, #3D3728
ff68d9d02889ac340746,4, #715730
ff68d9d02889ac340746,0, #9E9674
ff7027124a7de63a895f,0, #CDCDC9
ff7027124a7de63a895f,7, #5D4F3C
ff7027124a7de63a895f,1, #C0B3A5
ff7027124a7de63a895f,40, #191612
ff7027124a7de63a895f,45,#383229
ff7027124a7de63a895f,3, #7D6C59
ff7027124a7de63a895f,2, #A89682
ff731b1b9340f4a20183,10, #A59C8A
ff731b1b9340f4a20183,7, #BCB29E
ff731b1b9340f4a20183,15, #D5CBB7
ff731b1b9340f4a20183,0, #5C5547
ff731b1b9340f4a20183,5, #7D7462
ff731b1b9340f4a20183,60,#F5EFDC
ff79ed00bd26ea4b2b1d,20, #D9D0BB
ff79ed00bd26ea4b2b1d,25, #867965
ff79ed00bd26ea4b2b1d,6, #715B3C
ff79ed00bd26ea4b2b1d,30, #B2A58D
ff79ed00bd26ea4b2b1d,7,#F6F3E8
ff79ed00bd26ea4b2b1d,9, #533B23
ff7b9c0a4a4cbaa7f7db,2, #4C4E46
ff7b9c0a4a4cbaa7f7db,45,#F6F5E7
ff7b9c0a4a4cbaa7f7db,16, #9F9E90
ff7b9c0a4a4cbaa7f7db,12, #68695D
ff7b9c0a4a4cbaa7f7db,10, #838476
ff7b9c0a4a4cbaa7f7db,13, #C4C2B6
ff85c95c149a975aa3c5,82, #F1EEE2
ff85c95c149a975aa3c5,3, #625E56
ff85c95c149a975aa3c5,4,#A9A49B
ff85c95c149a975aa3c5,3, #89847C
ff85c95c149a975aa3c5,6, #CFCABF
ff85c95c149a975aa3c5,0, #3D3A34
ff88316c935c3787cef2,2, #CCC5A1
ff88316c935c3787cef2,3, #E4DCB6
ff88316c935c3787cef2,7, #0A0803
ff88316c935c3787cef2,28, #5C5538
ff88316c935c3787cef2,21, #B59F80
ff88316c935c3787cef2,32,#827455
ff88316c935c3787cef2,4, #362E19
ff89ebd48a2bba35b7a9,14, #797668
ff89ebd48a2bba35b7a9,19, #46453B
ff89ebd48a2bba35b7a9,6, #B4AF9B
ff89ebd48a2bba35b7a9,42,#EFE8D0
ff89ebd48a2bba35b7a9,11, #D3CCB6
ff89ebd48a2bba35b7a9,6, #959180
ff8c3eb760d5ec8617dc,0, #C7C197
ff8c3eb760d5ec8617dc,6, #ACA67E
ff8c3eb760d5ec8617dc,36,#5F543B
ff8c3eb760d5ec8617dc,29, #2A2A24
ff8c3eb760d5ec8617dc,0, #DCD6AF
ff8c3eb760d5ec8617dc,0, #EFECD1
ff8c3eb760d5ec8617dc,24, #857F5C
ff8dc87d3da9f8eff30d,8, #7B6740
ff8dc87d3da9f8eff30d,5, #A9925B
ff8dc87d3da9f8eff30d,67,#332713
ff8dc87d3da9f8eff30d,16, #5E4728
ff8dc87d3da9f8eff30d,2, #C5B781
ff8dc87d3da9f8eff30d,0, #D8CD9F
ff9241fea0580797a3ee,1, #393836
ff9241fea0580797a3ee,27,#F0EDE6
ff9241fea0580797a3ee,21, #CEC9BF
ff9241fea0580797a3ee,19, #B5AEA2
ff9241fea0580797a3ee,6, #5E5B57
ff9241fea0580797a3ee,23, #827E77
ff95a6e514b9715c9849,0, #CDAC7C
ff95a6e514b9715c9849,0, #E6D19F
ff95a6e514b9715c9849,2, #A08B68
ff95a6e514b9715c9849,14, #82593E
ff95a6e514b9715c9849,78, #462F22
ff95a6e514b9715c9849,4,#1B1610
ff9822b357bb323f573b,4, #E7E8E3
ff9822b357bb323f573b,2, #4E4537
ff9822b357bb323f573b,33, #C9C6AD
ff9822b357bb323f573b,0, #271B12
ff9822b357bb323f573b,4, #6A6355
ff9822b357bb323f573b,11, #807B6D
ff9822b357bb323f573b,43,#A49E8A
ff9b618915ca4a0d9209,17, #444339
ff9b618915ca4a0d9209,0, #FFFFF8
ff9b618915ca4a0d9209,13, #CBC8B1
ff9b618915ca4a0d9209,43,#EDEAD6
ff9b618915ca4a0d9209,7, #8E8B7A
ff9b618915ca4a0d9209,13, #6D6B5C
ff9b618915ca4a0d9209,4, #A9A692
ff9e7c75a0359d7f2fac,4, #E8E8E5
ff9e7c75a0359d7f2fac,3, #40372B
ff9e7c75a0359d7f2fac,9, #979286
ff9e7c75a0359d7f2fac,74,#C4C2B1
ff9e7c75a0359d7f2fac,1, #1B110A
ff9e7c75a0359d7f2fac,3, #787162
ff9e7c75a0359d7f2fac,3, #61584A
ffa2002dd04b33b01a6e,8, #A99E83
ffa2002dd04b33b01a6e,17, #D8D5C9
ffa2002dd04b33b01a6e,0, #3B2611
ffa2002dd04b33b01a6e,2, #674224
ffa2002dd04b33b01a6e,7, #938467
ffa2002dd04b33b01a6e,52,#C1BBA4
ffa2002dd04b33b01a6e,11, #79674E
ffa9764e5816bd9c3d8e,1,#FAF6EA
ffa9764e5816bd9c3d8e,44, #A49D8F
ffa9764e5816bd9c3d8e,3, #353129
ffa9764e5816bd9c3d8e,10, #7B7568
ffa9764e5816bd9c3d8e,25, #D6CFBD
ffa9764e5816bd9c3d8e,14, #5E594F
ffaae17ef2691cb2c369,7, #A0978C
ffaae17ef2691cb2c369,29, #352A25
ffaae17ef2691cb2c369,28, #F0ECDA
ffaae17ef2691cb2c369,10, #CCC3B3
ffaae17ef2691cb2c369,13, #5D524C
ffaae17ef2691cb2c369,11,#7D736B
ffb571b0908bc97af655,2, #2A221F
ffb571b0908bc97af655,11, #ADA499
ffb571b0908bc97af655,1, #4B403F
ffb571b0908bc97af655,72,#D8CEB4
ffb571b0908bc97af655,5, #675D5B
ffb571b0908bc97af655,6, #8B8280
ffb58ed118b972eab275,43, #E8E4D1
ffb58ed118b972eab275,7, #A9A493
ffb58ed118b972eab275,0,#FFFEF7
ffb58ed118b972eab275,19, #49483F
ffb58ed118b972eab275,11, #7F7B6D
ffb58ed118b972eab275,16, #C9C4B1
ffbc759953ba40c2820a,16, #DDD8C6
ffbc759953ba40c2820a,13, #908C80
ffbc759953ba40c2820a,13, #B3AFA0
ffbc759953ba40c2820a,16,#FBF8E8
ffbc759953ba40c2820a,17, #4A483E
ffbc759953ba40c2820a,21, #706D61
ffbf71ed8d4bffec7d8f,2, #49463D
ffbf71ed8d4bffec7d8f,7, #EDE5D0
ffbf71ed8d4bffec7d8f,53,#D1C7B0
ffbf71ed8d4bffec7d8f,9, #9F9888
ffbf71ed8d4bffec7d8f,4, #6E685B
ffbf71ed8d4bffec7d8f,10, #B4AB96
ffbf71ed8d4bffec7d8f,11, #8A8373
ffbfae9dc07b91d9f557,0, #A19E8C
ffbfae9dc07b91d9f557,1, #8D8972
ffbfae9dc07b91d9f557,6, #697164
ffbfae9dc07b91d9f557,0, #B7B3A2
ffbfae9dc07b91d9f557,9, #535444
ffbfae9dc07b91d9f557,49,#58371C
ffbfae9dc07b91d9f557,33, #1D160A
ffc97bdc4c3bab1d253a,6, #665F57
ffc97bdc4c3bab1d253a,13, #B7AD9D
ffc97bdc4c3bab1d253a,21,#F6F3E7
ffc97bdc4c3bab1d253a,36, #D4CBBA
ffc97bdc4c3bab1d253a,19, #8F8679
ffc97bdc4c3bab1d253a,1, #4C4742
ffcbec77a5092649c2bd,9, #777667
ffcbec77a5092649c2bd,45, #F3EEDB
ffcbec77a5092649c2bd,7, #46463B
ffcbec77a5092649c2bd,6, #999786
ffcbec77a5092649c2bd,6, #B4B19F
ffcbec77a5092649c2bd,24,#D3CEBB
ffcf9a6e8aabcc9b66c1,12, #3C3A33
ffcf9a6e8aabcc9b66c1,10, #928E87
ffcf9a6e8aabcc9b66c1,27, #6D6B64
ffcf9a6e8aabcc9b66c1,25,#F8F5EE
ffcf9a6e8aabcc9b66c1,14, #D6D1C9
ffcf9a6e8aabcc9b66c1,8, #B2ADA7
ffd1caecfa69245fb533,3, #7C6D57
ffd1caecfa69245fb533,9,#FAF9F6
ffd1caecfa69245fb533,6, #8A787A
ffd1caecfa69245fb533,23, #ADA08A
ffd1caecfa69245fb533,56, #D3C7AE
ffd1caecfa69245fb533,0, #E7E2D9
ffd47dd5b6daff2cce12,2, #AAA69A
ffd47dd5b6daff2cce12,3, #C0BCAF
ffd47dd5b6daff2cce12,4, #918E83
ffd47dd5b6daff2cce12,8, #6D6B60
ffd47dd5b6daff2cce12,12, #42423A
ffd47dd5b6daff2cce12,68,#DEDACC
ffd47dd5b6daff2cce12,0, #FBF7E7
ffd9732014519c41b95d,2, #D1C57C
ffd9732014519c41b95d,13,#2B2814
ffd9732014519c41b95d,31, #765E34
ffd9732014519c41b95d,11, #9C8A52
ffd9732014519c41b95d,6, #B7A761
ffd9732014519c41b95d,34, #494122
ffd9abcaceb1438c0399,0, #91894A
ffd9abcaceb1438c0399,33, #211D06
ffd9abcaceb1438c0399,47,#573E16
ffd9abcaceb1438c0399,16, #8F6D2F
ffd9abcaceb1438c0399,0, #9B501E
ffd9abcaceb1438c0399,1, #C1A855
ffd9abcaceb1438c0399,0, #DBC974
ffd9d234251060c24143,4, #1A1816
ffd9d234251060c24143,5,#EEEAE2
ffd9d234251060c24143,2, #A8A49B
ffd9d234251060c24143,67, #4C4037
ffd9d234251060c24143,4, #C3BEB5
ffd9d234251060c24143,14, #7B7973
ffda0df9ec746ae17e1b,22, #898674
ffda0df9ec746ae17e1b,12,#F6F6EB
ffda0df9ec746ae17e1b,18, #D4D1B8
ffda0df9ec746ae17e1b,17, #645F51
ffda0df9ec746ae17e1b,13, #BAB397
ffda0df9ec746ae17e1b,14, #37342B
ffe3ae465daa7235368c,17, #A39F93
ffe3ae465daa7235368c,1,#FEFDF6
ffe3ae465daa7235368c,40, #E7E3D2
ffe3ae465daa7235368c,13, #CAC5B3
ffe3ae465daa7235368c,18, #787468
ffe3ae465daa7235368c,8, #46443D
ffe538884bc4deab969e,0, #D4D0AF
ffe538884bc4deab969e,1, #937C55
ffe538884bc4deab969e,4, #AE9B6F
ffe538884bc4deab969e,16, #211F16
ffe538884bc4deab969e,59,#593B27
ffe538884bc4deab969e,2, #C4B78A
ffe538884bc4deab969e,15, #725C3D
ffe646a5514da84e9864,19, #C0BBA6
ffe646a5514da84e9864,16, #9B9683
ffe646a5514da84e9864,1, #32312A
ffe646a5514da84e9864,34,#EAE5CE
ffe646a5514da84e9864,6, #4C4A40
ffe646a5514da84e9864,21, #747160
ffeb384305262f3500f5,1,#F6F3E1
ffeb384305262f3500f5,5, #302F34
ffeb384305262f3500f5,0, #060200
ffeb384305262f3500f5,24, #C7C1AD
ffeb384305262f3500f5,4, #5F5C58
ffeb384305262f3500f5,64, #958971
ffee34705ea44e1a0f79,0, #392C18
ffee34705ea44e1a0f79,8, #958975
ffee34705ea44e1a0f79,78, #EDE8D5
ffee34705ea44e1a0f79,1, #7B5A4D
ffee34705ea44e1a0f79,0, #584C34
ffee34705ea44e1a0f79,11,#C4BAA0
fff08e76cbb969eaddc7,11, #817862
fff08e76cbb969eaddc7,31,#E9E0C8
fff08e76cbb969eaddc7,21, #CFC3A9
fff08e76cbb969eaddc7,7, #615A47
fff08e76cbb969eaddc7,3, #494437
fff08e76cbb969eaddc7,3, #FCFBF5
fff08e76cbb969eaddc7,21, #AAA08B
fff1d87d79953ddab2c6,1, #CBC6A9
fff1d87d79953ddab2c6,2, #8B601F
fff1d87d79953ddab2c6,11, #9D9F91
fff1d87d79953ddab2c6,3, #595338
fff1d87d79953ddab2c6,16, #6E7669
fff1d87d79953ddab2c6,60,#3A1F11
fff1d87d79953ddab2c6,4, #A7875C
